siruta,"nr sectie","nume sectie",localitate,county,"pe lista",LP_06_10,LS_06_10,UM_06_10,LT_06_10,LP_06_16,LS_06_16,UM_06_16,LT_06_16,LP_06_21,LS_06_21,UM_06_21,LT_06_21,LP_07_10,LS_07_10,UM_07_10,LT_07_10,LP_07_16,LS_07_16,UM_07_16,LT_07_16,LP_07_21,LS_07_21,UM_07_21,LT_07_21
1026,1,"CENTRUL DE ZI PENTRU PERSOANE VÂRSTNICE","ALBA IULIA",AB,1593,25,5,0,30,80,10,0,90,111,12,0,123,136,12,0,148,284,15,0,299,373,22,0,395
1026,2,"ŞCOALA GIMNAZIALĂ „VASILE GOLDIŞ”","ALBA IULIA",AB,1056,9,0,0,9,48,10,0,58,67,12,0,79,94,12,0,106,186,18,0,204,230,27,0,257
1026,3,"ŞCOALA GIMNAZIALĂ „VASILE GOLDIŞ”","ALBA IULIA",AB,1402,9,6,0,15,52,13,0,65,83,17,0,100,108,17,0,125,196,21,0,217,251,24,0,275
1026,4,"ŞCOALĂ GIMNAZIALĂ „AVRAM IANCU”","ALBA IULIA",AB,1337,9,0,0,9,43,4,0,47,61,4,0,65,99,4,0,103,230,9,0,239,295,14,0,309
1026,5,"ŞCOALĂ GIMNAZIALĂ „AVRAM IANCU”","ALBA IULIA",AB,916,20,2,0,22,60,8,0,68,75,11,0,86,87,12,0,99,145,21,0,166,193,22,0,215
1026,6,"CASA DE CULTURĂ A STUDENŢILOR","ALBA IULIA",AB,625,6,4,0,10,17,8,0,25,33,9,0,42,48,9,0,57,100,19,0,119,127,38,0,165
1026,7,"COLEGIUL ECONOMIC”DIONISIE POP MARŢIAN”","ALBA IULIA",AB,1311,20,1,0,21,74,5,0,79,103,9,0,112,141,11,0,152,276,24,0,300,357,29,0,386
1026,8,"COLEGIUL NAŢIONAL „HOREA CLOŞCA ŞI CRIŞAN”","ALBA IULIA",AB,1060,16,3,0,19,83,7,0,90,114,9,0,123,124,9,0,133,222,25,1,248,279,27,1,307
1026,9,"COLEGIUL NAŢIONAL „HOREA CLOŞCA ŞI CRIŞAN”","ALBA IULIA",AB,1691,13,0,0,13,71,7,0,78,118,15,0,133,140,17,0,157,307,29,0,336,426,35,3,464
1026,10,"COLEGIUL NAŢIONAL „HOREA CLOŞCA ŞI CRIŞAN”","ALBA IULIA",AB,1465,10,4,0,14,49,29,0,78,102,52,0,154,111,54,0,165,209,94,0,303,291,126,0,417
1026,11,"COLEGIUL NAŢIONAL „HOREA CLOŞCA ŞI CRIŞAN”","ALBA IULIA",AB,1027,3,1,0,4,46,3,0,49,61,14,0,75,62,16,0,78,104,36,0,140,148,43,0,191
1026,12,"COLEGIUL TEHNIC ""APULUM""","ALBA IULIA",AB,1226,15,0,0,15,33,3,0,36,58,4,0,62,66,5,0,71,133,6,0,139,185,9,0,194
1026,13,"COLEGIUL TEHNIC „APULUM”","ALBA IULIA",AB,1018,8,6,0,14,35,8,0,43,60,8,0,68,63,9,0,72,139,11,0,150,165,15,0,180
1026,14,"COLEGIUL TEHNIC „APULUM”","ALBA IULIA",AB,1101,9,0,0,9,42,0,0,42,73,0,0,73,76,1,0,77,127,11,0,138,184,17,0,201
1026,15,"GRĂDINIŢA CU PROGRAM PRELUNGIT NR.9","ALBA IULIA",AB,1398,8,4,0,12,43,28,0,71,80,44,0,124,87,45,0,132,170,57,0,227,224,73,0,297
1026,16,"SEMINARUL TEOLOGIC ORTODOX „SFÂNTUL SIMION ŞTEFAN“","ALBA IULIA",AB,1345,3,0,0,3,44,16,53,113,83,20,53,156,92,28,53,173,197,42,88,327,251,47,88,386
1026,17,"ŞCOALA GIMNAZIALĂ„ION AGÂRBICEANU”","ALBA IULIA",AB,957,15,3,0,18,53,6,0,59,94,11,0,105,95,14,0,109,171,26,0,197,216,36,0,252
1026,18,"ŞCOALA GIMNAZIALĂ„ION AGÂRBICEANU”","ALBA IULIA",AB,916,10,1,0,11,54,7,0,61,77,8,0,85,91,8,0,99,168,12,0,180,202,13,0,215
1026,19,"GRĂDINIŢA CU PROGRAM PRELUNGIT NR.11","ALBA IULIA",AB,1334,14,0,0,14,57,6,0,63,77,15,0,92,83,16,0,99,147,22,0,169,203,31,0,234
1026,20,"GRĂDINIŢA CU PROGRAM PRELUNGIT STEP BY STEP NR.12","ALBA IULIA",AB,1089,9,1,0,10,65,3,0,68,91,5,0,96,107,6,0,113,197,8,0,205,245,15,0,260
1026,21,"GRĂDINIŢA CU PROGRAM PRELUNGIT STEP BY STEP NR.12","ALBA IULIA",AB,1097,14,2,0,16,65,4,0,69,103,8,0,111,127,10,0,137,225,15,0,240,272,19,0,291
1026,22,"ŞCOALA GIMNAZIALĂ „MIHAI EMINESCU”","ALBA IULIA",AB,1276,15,6,0,21,84,21,0,105,116,29,0,145,142,29,0,171,260,40,0,300,307,49,0,356
1026,23,"ŞCOALA GIMNAZIALĂ „MIHAI EMINESCU”","ALBA IULIA",AB,1648,15,0,0,15,54,7,0,61,90,9,0,99,106,10,0,116,219,21,0,240,334,25,0,359
1026,24,"GRĂDINIŢA CU PROGRAM PRELUNGIT NR.13","ALBA IULIA",AB,1119,26,4,0,30,72,9,0,81,99,12,0,111,110,16,0,126,183,18,0,201,235,25,0,260
1026,25,"GRĂDINIŢA CU PROGRAM PRELUNGIT NR.13","ALBA IULIA",AB,1254,9,0,0,9,65,3,0,68,95,7,0,102,110,7,0,117,218,15,0,233,276,16,0,292
1026,26,"LICEUL CU PROGRAM SPORTIV","ALBA IULIA",AB,1415,6,0,0,6,39,13,0,52,66,17,0,83,76,22,0,98,172,40,0,212,248,57,0,305
1026,27,"LICEUL CU PROGRAM SPORTIV","ALBA IULIA",AB,1388,15,0,0,15,56,4,0,60,106,7,0,113,120,11,0,131,206,14,0,220,300,18,0,318
1026,28,"LICEUL CU PROGRAM SPORTIV","ALBA IULIA",AB,1395,26,3,0,29,104,5,0,109,145,8,0,153,153,8,0,161,270,15,0,285,352,25,0,377
1026,29,"LICEUL CU PROGRAM SPORTIV","ALBA IULIA",AB,1103,7,4,0,11,33,4,0,37,52,4,0,56,63,4,0,67,126,5,0,131,184,9,0,193
1026,30,"BAZIN OLIMPIC","ALBA IULIA",AB,1181,13,0,0,13,50,8,0,58,63,8,0,71,74,9,0,83,154,11,1,166,200,12,1,213
1026,31,"BAZIN OLIMPIC","ALBA IULIA",AB,1429,3,6,0,9,27,7,0,34,48,13,0,61,58,14,0,72,138,26,0,164,190,32,0,222
1026,32,"STADION MUNICIPAL „CETATE”","ALBA IULIA",AB,1430,11,2,0,13,54,3,0,57,89,11,0,100,99,11,0,110,189,23,0,212,264,28,0,292
1026,33,"GRADINITA CU PROGRAM NORMAL NR. 10","ALBA IULIA",AB,1773,10,6,0,16,44,6,0,50,69,9,0,78,88,9,0,97,198,12,0,210,266,25,0,291
1026,34,"GRĂDINIŢA CU PROGRAM NORMAL NR. 10","ALBA IULIA",AB,1487,8,6,0,14,41,7,0,48,69,11,0,80,77,12,0,89,172,16,0,188,253,19,0,272
1026,35,"COLEGIUL TEHNIC „DORIN PAVEL” SCOALA GENERALA NR. 9","ALBA IULIA",AB,1456,9,2,0,11,60,6,0,66,94,9,0,103,106,9,0,115,243,13,0,256,321,19,0,340
1026,36,"COLEGIUL TEHNIC „DORIN PAVEL”","ALBA IULIA",AB,1102,6,3,0,9,29,8,0,37,65,16,0,81,74,21,0,95,141,26,0,167,192,39,0,231
1026,37,"GRĂDINIŢA CU PROGRAM PRELUNGIT NR.16","ALBA IULIA",AB,1605,11,4,0,15,35,10,0,45,73,17,0,90,87,20,0,107,168,44,0,212,239,55,0,294
1026,38,"COLEGIUL TEHNIC „ALEXANDRU DOMSA”","ALBA IULIA",AB,1075,12,1,0,13,32,1,0,33,45,1,0,46,55,1,0,56,116,12,0,128,192,18,0,210
1026,39,"COLEGIUL TEHNIC „ALEXANDRU DOMSA”","ALBA IULIA",AB,1633,8,4,0,12,49,5,0,54,80,5,0,85,91,5,0,96,184,9,0,193,268,13,0,281
1026,40,"COLEGIUL TEHNIC „ALEXANDRU DOMSA”","ALBA IULIA",AB,1390,9,6,0,15,33,8,0,41,59,9,0,68,69,9,0,78,131,10,0,141,197,11,0,208
1026,41,"SC FLORIDA IMPEXSRL","ALBA IULIA",AB,1782,8,2,0,10,50,9,0,59,97,14,0,111,106,15,0,121,290,21,0,311,395,29,1,425
1026,42,"GRĂDINIŢA CU PROGRAM NORMAL NR.5PARTOŞ","ALBA IULIA",AB,815,6,0,0,6,43,4,0,47,68,7,0,75,81,8,0,89,160,12,0,172,189,13,0,202
1026,43,"CĂMINUL PENTRU PERSOANE VÂRSTNICE","ALBA IULIA",AB,996,16,0,0,16,55,3,0,58,101,4,0,105,117,5,0,122,195,22,0,217,254,30,0,284
1035,44,"GRĂDINIŢA CU PROGRAM NORMAL BĂRĂBANŢ",BĂRĂBANŢ,AB,1028,7,0,0,7,34,3,0,37,59,3,0,62,75,3,0,78,146,3,0,149,198,7,0,205
1035,45,"GRĂDINIŢA CU PROGRAM NORMAL BĂRĂBANŢ",BĂRĂBANŢ,AB,1231,14,3,0,17,41,5,0,46,55,6,0,61,76,6,0,82,149,11,0,160,229,12,0,241
1044,46,"ŞCOALA GIMNAZIALĂ MICEŞTI - SALA DE SPORT",MICEŞTI,AB,1016,11,2,0,13,32,3,0,35,52,3,0,55,74,5,0,79,150,13,0,163,231,17,0,248
1044,47,"ŞCOALA GIMNAZIALĂ MICEŞTI",MICEŞTI,AB,1247,11,3,0,14,38,4,0,42,62,5,0,67,101,6,0,107,206,12,0,218,302,22,0,324
1053,48,"CĂMINUL CULTURAL OARDA DE JOS",OARDA,AB,1270,10,0,0,10,49,0,0,49,83,2,0,85,138,5,0,143,253,7,1,261,333,12,1,346
1053,49,"GRĂDINIŢA CU PROGRAM NORMAL OARDA DE SUS",OARDA,AB,718,7,1,0,8,32,3,0,35,49,9,0,58,63,9,0,72,123,22,0,145,175,31,0,206
1062,50,"ŞCOALA PRIMARĂ PÂCLIŞA",PÎCLIŞA,AB,865,5,0,0,5,14,2,0,16,35,3,0,38,65,3,0,68,159,4,0,163,221,7,0,228
1222,51,"ȘCOALA GIMNAZIALĂ ”OVIDIU HULEA” AIUD",AIUD,AB,1425,23,5,0,28,59,5,0,64,93,7,0,100,108,8,0,116,202,9,0,211,263,14,0,277
1222,52,"GRĂDINIŢA CU PROGRAM PRELUNGIT ""PRIMII PAŞI"" AIUD",AIUD,AB,956,9,0,0,9,27,1,181,209,45,4,181,230,62,4,181,247,125,5,181,311,162,16,181,359
1222,53,"GRĂDINIŢA CU PROGRAM PRELUNGIT ""PRIMII PAŞI"" AIUD",AIUD,AB,1060,3,0,0,3,28,1,188,217,61,2,188,251,77,3,188,268,278,4,188,470,222,8,188,418
1222,54,"CREŞA AIUD",AIUD,AB,1318,19,5,0,24,55,8,0,63,82,11,0,93,104,11,0,115,165,12,0,177,219,17,0,236
1222,55,"GRĂDINIŢA CU PROGRAM PRELUNGIT NR. 2 AIUD",AIUD,AB,1325,10,3,0,13,47,5,0,52,71,5,0,76,94,5,0,99,197,10,0,207,300,17,0,317
1222,56,"ŞCOALA GIMNAZIALĂ “AXENTE SEVER” AIUD",AIUD,AB,1264,2,0,0,2,35,1,0,36,45,1,0,46,53,3,0,56,135,7,1,143,180,13,1,194
1222,57,"ŞCOALA GIMNAZIALĂ “AXENTE SEVER” AIUD",AIUD,AB,1220,20,0,0,20,50,0,0,50,75,1,0,76,86,1,0,87,177,4,0,181,232,6,0,238
1222,58,"ŞCOALA GIMNAZIALĂ “AXENTE SEVER” AIUD",AIUD,AB,1160,21,3,0,24,64,3,0,67,85,5,0,90,93,5,0,98,170,13,0,183,234,24,0,258
1222,59,"COLEGIUL NAŢIONAL “TITU MAIORESCU“ AIUD",AIUD,AB,1439,7,0,0,7,28,3,0,31,43,3,0,46,57,3,0,60,136,12,37,185,215,16,37,268
1222,60,"COLEGIUL TEHNIC AIUD",AIUD,AB,801,6,0,0,6,21,6,0,27,30,6,0,36,41,6,0,47,90,10,0,100,130,11,0,141
1222,61,"COLEGIUL TEHNIC AIUD",AIUD,AB,727,3,0,0,3,22,4,0,26,28,4,0,32,36,4,0,40,74,5,0,79,111,7,0,118
1222,62,"FOSTA GRĂDINIŢĂ NR. 1 AIUD",AIUD,AB,1466,6,1,0,7,37,3,0,40,78,7,0,85,122,7,0,129,229,11,0,240,296,12,0,308
1222,63,"ŞCOALA GIMNAZIALĂ “OVIDIU HULEA” AIUD",AIUD,AB,1038,11,7,0,18,20,8,0,28,31,10,0,41,51,11,0,62,110,19,0,129,149,28,0,177
1222,64,"ŞCOALA GIMNAZIALĂ “OVIDIU HULEA” AIUD",AIUD,AB,1198,5,0,0,5,26,4,0,30,51,6,0,57,63,6,0,69,151,9,0,160,208,24,0,232
1231,65,"ŞCOALA GIMNAZIALĂ ""LIVIU REBREANU"" AIUDUL DE SUS","AIUDUL DE SUS",AB,921,8,0,0,8,23,0,0,23,44,0,0,44,59,0,0,59,138,1,0,139,207,6,0,213
1231,66,"ŞCOALA GIMNAZIALĂ ""LIVIU REBREANU"" AIUDUL DE SUS","AIUDUL DE SUS",AB,1111,9,0,0,9,34,2,1,37,57,4,1,62,90,5,1,96,145,12,2,159,243,17,2,262
1277,67,"LICEUL TEHNOLOGIC AGRICOL ""ALEXANDRU BORZA"" CIUMBRUD",CIUMBRUD,AB,1074,3,4,0,7,16,4,0,20,27,5,0,32,37,5,0,42,77,9,0,86,143,13,0,156
1240,68,"FOSTA ŞCOALĂ GENERALĂ GÎMBAŞ",GÎMBAŞ,AB,414,2,3,0,5,5,4,0,9,6,4,0,10,12,4,0,16,22,6,0,28,31,9,0,40
1286,69,"ŞCOALA PRIMARĂ GÎRBOVA DE JOS","GÎRBOVA DE JOS",AB,418,4,0,0,4,9,2,0,11,15,2,0,17,16,3,0,19,53,11,0,64,107,24,0,131
1295,70,"FOSTA ŞCOALĂ GENERALĂ GÎRBOVA DE SUS","GÎRBOVA DE SUS",AB,233,2,0,0,2,3,2,0,5,8,2,0,10,16,2,0,18,37,7,0,44,59,8,0,67
1302,71,"FOSTA ŞCOALĂ GENERALĂ GÎRBOVIŢA",GÎRBOVIŢA,AB,99,0,0,0,0,1,0,0,1,1,3,0,4,4,3,0,7,6,8,0,14,23,12,0,35
1259,72,"GRĂDINIŢA CU PROGRAM NORMAL MĂGINA",MĂGINA,AB,464,3,2,0,5,13,4,0,17,24,5,0,29,42,5,0,47,112,9,0,121,168,14,0,182
1268,73,"CĂMINUL CULTURAL PĂGIDA",PĂGIDA,AB,93,0,2,0,2,0,4,0,4,1,4,0,5,1,4,0,5,6,4,0,10,15,6,0,21
1311,74,"SALA DE FESTIVITĂŢI DIN SÎNCRAI",SÎNCRAI,AB,572,1,0,0,1,20,3,0,23,23,7,0,30,31,8,0,39,77,10,0,87,124,13,0,137
1357,75,"PIAŢA AGROALIMENTARĂ",BLAJ,AB,1012,8,5,0,13,28,6,0,34,58,7,0,65,60,7,0,67,108,7,0,115,153,10,0,163
1357,76,"PIAŢA AGROALIMENTARĂ",BLAJ,AB,621,5,1,0,6,28,2,0,30,47,4,0,51,62,5,0,67,103,11,0,114,126,13,0,139
1357,77,"BAZA DE AGREMENT A MUNICIPIULUI BLAJ",BLAJ,AB,685,0,3,0,3,0,3,0,3,0,3,0,3,3,3,0,6,9,4,0,13,17,10,0,27
1357,78,"GRADINIŢA CU PROGRAM PRELUNGIT ""LUMEA COPIILOR""",BLAJ,AB,1264,5,2,0,7,38,3,0,41,61,3,0,64,67,3,0,70,135,7,0,142,190,9,0,199
1357,79,"ŞCOALA GIMNAZIALĂ ""TOMA COCIŞIU"" BLAJ",BLAJ,AB,1246,7,0,0,7,42,2,0,44,62,3,0,65,67,3,0,70,119,6,0,125,167,10,0,177
1357,80,"CENTRUL CULTURAL ""IACOB MUREŞIANU’’",BLAJ,AB,853,5,1,0,6,32,12,0,44,45,12,0,57,53,12,0,65,137,13,0,150,182,20,0,202
1357,81,"LICEUL TEHNOLOGIC ""ŞTEFAN MANCIULEA"" BLAJ",BLAJ,AB,631,2,0,0,2,16,4,0,20,23,7,0,30,32,15,0,47,79,17,0,96,100,21,0,121
1357,82,"SERVICIUL PUBLIC DE ASISTENŢĂ SOCIALĂ BLAJ",BLAJ,AB,511,1,2,0,3,8,12,0,20,24,12,0,36,27,12,0,39,74,13,0,87,103,16,0,119
1357,83,"ASOCIAŢIA JUDEŢEANĂ A VÂNĂTORILOR SI PESCARILOR SPORTIVI ALBA - CLUBUL BLAJ",BLAJ,AB,343,0,1,0,1,5,1,0,6,9,2,0,11,10,2,0,12,34,2,0,36,50,4,0,54
1357,84,"LICEUL TEHNOLOGIC ""TIMOTEI CIPARIU""",BLAJ,AB,1468,27,1,0,28,42,2,0,44,70,5,0,75,99,8,0,107,233,11,1,245,301,14,1,316
1357,85,"COLEGIUL NAŢIONAL ""INOCHENTIE MICU CLAIN’’",BLAJ,AB,1366,8,2,0,10,31,7,0,38,50,10,0,60,81,11,0,92,181,12,0,193,232,14,0,246
1357,86,"ŞCOALA GIMNAZIALĂ ""PETRU PAVEL ARON"" BLAJ",BLAJ,AB,1599,6,2,0,8,35,2,0,37,58,9,0,67,74,9,0,83,193,9,0,202,279,10,0,289
1357,87,"ŞCOALA GIMNAZIALĂ ""ION MICU MOLDOVAN"" BLAJ",BLAJ,AB,1434,3,0,0,3,24,0,0,24,33,0,0,33,42,4,0,46,108,8,0,116,121,9,0,130
1357,88,"GRĂDINIŢA CU PROGRAM NORMAL ""IZVOARELE"" BLAJ",BLAJ,AB,1329,7,3,0,10,32,5,0,37,52,6,0,58,60,6,0,66,148,6,0,154,206,6,0,212
1428,89,"ŞCOALA GIMNAZIALĂ ""AXENTE SEVER"" MĂNĂRADE",MĂNĂRADE,AB,900,7,6,0,13,9,6,0,15,17,7,0,24,21,8,0,29,77,12,0,89,122,12,0,134
1393,90,"ŞCOALA PRIMARĂ PETRISAT",PETRISAT,AB,480,0,0,0,0,1,0,0,1,5,0,0,5,5,0,0,5,8,0,0,8,20,0,0,20
1400,91,"ŞCOALA GIMNAZIALĂ ""SIMION BĂRNUŢIU"" TIUR",TIUR,AB,1301,9,0,0,9,25,0,0,25,41,0,0,41,66,0,0,66,155,0,0,155,204,1,0,205
1883,92,"SERVICIUL PUBLIC DE ADMINISTRARE A PATRIMONIULUI SEBEŞ",SEBEŞ,AB,1633,16,0,0,16,75,4,0,79,113,7,0,120,125,7,0,132,273,8,0,281,358,10,0,368
1883,93,"LICEUL TEHNOLOGIC SEBEŞ",SEBEŞ,AB,1400,2,0,0,2,7,5,0,12,7,5,0,12,9,8,0,17,20,9,0,29,34,15,0,49
1883,94,"LICEUL TEHNOLOGIC SEBEŞ",SEBEŞ,AB,1622,16,0,0,16,65,5,0,70,102,5,0,107,121,5,0,126,212,9,0,221,310,13,0,323
1883,95,"LICEUL TEHNOLOGIC SEBEŞ",SEBEŞ,AB,1035,7,0,0,7,44,0,0,44,73,0,0,73,87,0,0,87,179,0,0,179,244,11,0,255
1883,96,"LICEUL TEHNOLOGIC SEBEŞ",SEBEŞ,AB,981,3,5,0,8,28,5,0,33,34,9,0,43,47,9,0,56,100,11,1,112,140,14,1,155
1883,97,"LICEUL CU PROGRAM SPORTIV SEBEŞ",SEBEŞ,AB,1549,24,1,0,25,71,4,0,75,115,5,0,120,121,5,0,126,229,6,0,235,288,6,0,294
1883,98,"LICEUL CU PROGRAM SPORTIV SEBEŞ",SEBEŞ,AB,1517,11,1,0,12,42,2,0,44,68,7,0,75,84,8,0,92,227,19,0,246,310,25,1,336
1883,99,"LICEUL CU PROGRAM SPORTIV SEBEŞ",SEBEŞ,AB,1433,6,2,0,8,27,6,0,33,56,8,0,64,68,8,0,76,145,14,0,159,202,20,0,222
1883,100,"ŞCOALA GIMNAZIALĂNR. 2 SEBEŞ",SEBEŞ,AB,1415,5,2,0,7,45,5,0,50,65,7,4,76,94,8,4,106,202,15,7,224,259,19,7,285
1883,101,"COLEGIUL NAŢIONAL ""LUCIAN BLAGA"" SEBEŞ",SEBEŞ,AB,1306,15,3,0,18,57,11,0,68,96,11,0,107,113,11,0,124,200,17,0,217,255,23,0,278
1883,102,"COLEGIUL NAŢIONAL ""LUCIAN BLAGA"" SEBEŞ",SEBEŞ,AB,1345,10,4,0,14,30,6,0,36,43,6,0,49,57,6,0,63,174,8,0,182,243,15,0,258
1883,103,"ŞCOALA GIMNAZIALĂ ""MIHAIL KOGĂLNICEANU"" SEBEŞ",SEBEŞ,AB,1151,5,5,0,10,29,6,0,35,57,12,0,69,69,13,0,82,147,14,0,161,190,18,0,208
1883,104,"ŞCOALA GIMNAZIALĂ ""MIHAIL KOGĂLNICEANU"" SEBEŞ",SEBEŞ,AB,1083,8,3,0,11,24,5,0,29,45,5,0,50,54,5,0,59,131,7,0,138,162,9,0,171
1883,105,"ŞCOALA GIMNAZIALĂ ""MIHAIL KOGĂLNICEANU"" SEBEŞ",SEBEŞ,AB,1156,12,0,0,12,33,0,0,33,50,3,0,53,59,3,0,62,107,5,0,112,147,10,0,157
1883,106,"ŞCOALA GIMNAZIALĂ ""MIHAIL KOGĂLNICEANU"" SEBEŞ",SEBEŞ,AB,1115,10,0,0,10,41,2,0,43,57,2,0,59,62,6,0,68,123,6,0,129,154,7,0,161
1892,107,"ŞCOALA GIMNAZIALĂ LANCRĂM",LANCRĂM,AB,1416,17,2,0,19,51,3,0,54,78,5,0,83,105,6,0,111,238,20,0,258,332,30,0,362
1909,108,"ŞCOALA GIMNAZIALĂ PETREŞTI",PETREŞTI,AB,1419,15,0,0,15,66,6,0,72,105,6,0,111,126,6,0,132,269,17,1,287,347,19,1,367
1909,109,"ŞCOALA GIMNAZIALĂ PETREŞTI",PETREŞTI,AB,1402,8,0,0,8,30,2,0,32,62,3,0,65,78,4,0,82,209,11,0,220,284,15,0,299
1909,110,"ŞCOALA GIMNAZIALĂ PETREŞTI",PETREŞTI,AB,1412,6,1,0,7,25,2,0,27,41,3,0,44,65,4,0,69,175,5,0,180,241,8,0,249
1918,111,"ŞCOALA GIMNAZIALĂRĂHĂU",RĂHĂU,AB,850,5,0,0,5,13,2,0,15,17,2,0,19,34,5,0,39,77,10,0,87,118,12,0,130
1160,112,"ŞCOALA GIMNAZIALĂ ,,AVRAM IANCU'' ABRUD",ABRUD,AB,1151,13,3,0,16,30,6,0,36,37,10,0,47,52,13,0,65,225,25,0,250,308,30,0,338
1160,113,"ŞCOALA GIMNAZIALĂ ""AVRAM IANCU"" GRADINIȚA CU PROGRAM NORMAL NR. 1 ABRUD",ABRUD,AB,1102,6,0,0,6,34,0,0,34,48,2,0,50,80,7,0,87,197,12,0,209,249,14,0,263
1160,114,"ȘCOALA GIMNAZIALĂ ""AVRAM IANCU""GRĂDINIŢA CU PROGRAM PRELUNGIT NR.1 ABRUD",ABRUD,AB,1322,14,0,0,14,41,1,0,42,66,1,0,67,84,3,0,87,193,19,3,215,262,24,3,289
1160,115,"LICEUL ,,HOREA, CLOŞCA ŞI CRIŞAN"" ABRUD",ABRUD,AB,1091,6,4,0,10,23,8,0,31,39,12,0,51,48,16,0,64,153,30,0,183,227,34,0,261
2924,116,"ŞCOALA GENERALĂ CU CLASELE I-VIII","BAIA DE ARIEŞ",AB,914,6,0,0,6,19,1,17,37,21,2,17,40,40,2,17,59,101,4,17,122,158,5,17,180
2924,117,"ŞCOALA GENERALĂ CU CLASELE I-VIII","BAIA DE ARIEŞ",AB,881,12,0,0,12,34,2,0,36,50,3,0,53,55,3,0,58,100,12,0,112,147,17,0,164
2924,118,"LICEUL ""DR. LAZĂR CHIRILĂ""","BAIA DE ARIEŞ",AB,644,4,4,0,8,14,7,0,21,23,7,0,30,32,7,0,39,77,8,0,85,114,10,0,124
2933,119,"ŞCOALA PRIMARĂ BRĂZEŞTI",BRĂZEŞTI,AB,212,2,0,0,2,5,0,0,5,8,1,0,9,10,2,0,12,29,6,0,35,49,7,0,56
2942,120,"CĂMINUL CULTURAL CIOARA DE SUS","CIOARA DE SUS",AB,191,3,0,0,3,5,3,0,8,7,3,0,10,9,3,0,12,33,3,0,36,40,5,0,45
2951,121,"CĂMINUL CULTURAL MUNCELU",MUNCELU,AB,304,1,2,0,3,4,5,0,9,10,5,0,15,22,7,0,29,58,9,0,67,81,11,0,92
2960,122,"CĂMINUL CULTURAL SARTĂŞ",SARTĂŞ,AB,320,4,0,0,4,7,0,0,7,10,0,0,10,17,0,0,17,34,2,0,36,320,6,0,326
1464,123,"PRIMĂRIA ORAŞULUI CÎMPENI",CÎMPENI,AB,1263,18,0,0,18,69,28,0,97,94,36,0,130,121,36,0,157,348,57,0,405,453,75,0,528
1464,124,"ŞCOALA GIMNAZIALĂ CÎMPENI",CÎMPENI,AB,897,10,0,0,10,35,5,0,40,57,6,0,63,79,9,0,88,190,25,0,215,288,32,0,320
1464,125,"ȘCOALA GIMNAZIALĂ CÎMPENI",CÎMPENI,AB,845,12,5,0,17,39,6,0,45,65,9,0,74,87,9,0,96,223,10,0,233,306,15,0,321
1464,126,"COLEGIUL NAŢIONAL ”AVRAM IANCU” CÎMPENI",CÎMPENI,AB,899,21,1,0,22,42,6,0,48,97,8,41,146,113,10,41,164,235,20,42,297,307,29,42,378
1464,127,"COLEGIUL NAŢIONAL ”AVRAM IANCU” CÎMPENI",CÎMPENI,AB,879,7,0,0,7,47,3,0,50,78,6,0,84,99,7,0,106,233,15,0,248,321,21,0,342
1464,128,"ŞCOALA PRIMARĂ VÎRŞI",CÎMPENI,AB,559,4,4,0,8,12,6,0,18,23,7,0,30,26,7,0,33,103,10,0,113,156,12,0,168
1507,129,"ŞCOALAPRIMARĂ CERTEGE",CERTEGE,AB,384,5,0,0,5,24,0,0,24,40,0,0,40,47,5,0,52,103,9,0,112,128,9,0,137
1598,130,"ŞCOALA PRIMARĂ MIHOEŞTI",MIHOEŞTI,AB,274,4,3,0,7,15,5,0,20,18,5,0,23,20,5,0,25,67,9,0,76,98,10,0,108
1650,131,"ŞCOALA PRIMARĂ VALEA BISTRII","VALEA BISTRII",AB,378,4,4,0,8,24,5,0,29,28,5,0,33,35,5,0,40,79,5,0,84,113,12,0,125
1703,132,"ŞCOALA GIMNAZIALĂ NR. 3 - CUGIR",CUGIR,AB,1081,15,3,0,18,57,6,0,63,80,6,0,86,97,6,0,103,186,9,0,195,233,10,0,243
1703,133,"ŞCOALA GIMNAZIALĂ NR. 3 - CUGIR",CUGIR,AB,1419,20,1,0,21,63,4,0,67,92,4,0,96,119,6,0,125,217,7,0,224,287,9,0,296
1703,134,"ŞCOALA GIMNAZIALĂ NR. 3 - CUGIR",CUGIR,AB,1278,16,1,0,17,59,4,0,63,76,7,0,83,92,7,0,99,192,10,0,202,241,12,0,253
1703,135,"ŞCOALA GIMNAZIALĂ NR. 3 - CUGIR",CUGIR,AB,1153,17,3,0,20,55,5,0,60,69,5,0,74,80,5,0,85,179,5,0,184,227,7,0,234
1703,136,"GRĂDINIŢA CU PROGRAM NORMAL NR. 5 - CUGIR",CUGIR,AB,1049,16,5,0,21,49,6,0,55,63,6,0,69,79,6,0,85,165,9,1,175,217,12,1,230
1703,137,"COLEGIUL NAŢIONAL ""DAVID PRODAN"" CUGIR",CUGIR,AB,1106,11,3,0,14,38,3,0,41,56,6,0,62,66,7,0,73,132,11,0,143,173,13,0,186
1703,138,"COLEGIUL NAŢIONAL ""DAVID PRODAN"" CUGIR",CUGIR,AB,1079,15,0,0,15,42,5,0,47,70,5,0,75,85,5,0,90,175,9,0,184,219,12,0,231
1703,139,"ŞCOALA GIMNAZIALĂ ""SINGIDAVA"" CUGIR",CUGIR,AB,1215,11,0,0,11,47,0,0,47,63,0,0,63,74,1,0,75,167,2,0,169,213,10,0,223
1703,140,"ŞCOALA GIMNAZIALĂ ""SINGIDAVA"" CUGIR",CUGIR,AB,1387,20,0,0,20,63,4,0,67,94,6,0,100,109,6,0,115,217,12,1,230,288,18,1,307
1703,141,"ŞCOALA GIMNAZIALĂ ""SINGIDAVA"" CUGIR",CUGIR,AB,1154,3,2,0,5,17,2,0,19,26,4,0,30,32,5,0,37,82,10,0,92,145,13,0,158
1703,142,"GRĂDINIŢA CU PROGRAM NORMAL ""VOINICEL"" CUGIR",CUGIR,AB,1246,21,0,0,21,69,0,0,69,84,6,0,90,101,6,0,107,224,13,0,237,294,17,0,311
1703,143,"COLEGIUL TEHNIC ""I.D.LĂZĂRESCU"" CUGIR",CUGIR,AB,1072,7,0,0,7,35,0,0,35,57,0,0,57,76,0,0,76,151,6,0,157,180,9,0,189
1703,144,"CASA DE CULTURĂ A ORAŞULUI CUGIR",CUGIR,AB,1322,8,5,0,13,48,8,0,56,69,13,0,82,84,13,0,97,186,15,0,201,242,16,1,259
1703,145,"GRĂDINIŢA CU PROGRAM NORMAL NR. 2 - CUGIR",CUGIR,AB,1215,6,3,0,9,21,4,0,25,30,5,0,35,58,6,0,64,175,8,0,183,229,11,0,240
1703,146,"ŞCOALA GIMNAZIALĂ ""IOSIF PERVAIN"" CUGIR",CUGIR,AB,1094,12,0,0,12,32,0,0,32,52,6,0,58,84,7,0,91,204,9,0,213,265,11,1,277
1703,147,"ŞCOALA GIMNAZIALĂ ""IOSIF PERVAIN"" CUGIR",CUGIR,AB,1134,8,0,0,8,42,0,0,42,62,2,0,64,99,3,0,102,225,7,0,232,280,9,0,289
1703,148,"GRĂDINIŢA CU PROGRAM NORMAL NR. 1 - CUGIR",CUGIR,AB,1155,7,2,0,9,24,4,0,28,42,4,0,46,54,5,0,59,169,7,1,177,214,7,1,222
1721,149,"ŞCOALA PRIMARĂ - BUCURU",BUCURU,AB,104,0,0,0,0,0,0,0,0,0,2,0,2,4,4,0,8,10,5,0,15,14,7,0,21
1730,150,"ŞCOALA PRIMARĂ - CĂLENE",CĂLENE,AB,48,0,5,0,5,4,5,0,9,5,5,0,10,5,5,0,10,12,6,0,18,15,6,0,21
1767,151,"ŞCOALA PRIMARĂ - MUGEŞTI",MUGEŞTI,AB,93,0,0,0,0,0,2,0,2,0,4,0,4,0,4,0,4,5,5,0,10,6,5,0,11
1776,152,"ŞCOALA GIMNAZIALĂ ""IOAN MIHU"" VINEREA",VINEREA,AB,1062,5,0,0,5,13,2,0,15,26,5,0,31,75,7,0,82,168,19,0,187,222,21,0,243
1776,153,"ŞCOALA GIMNAZIALĂ ""IOAN MIHU"" VINEREA",VINEREA,AB,909,9,0,0,9,23,6,0,29,43,6,0,49,64,7,0,71,145,9,0,154,208,12,0,220
1801,154,"GRĂDINIŢA CU PROGRAM NORMALNR. 5","OCNA MUREŞ",AB,1398,7,0,0,7,34,0,0,34,62,0,0,62,67,1,0,68,136,5,0,141,180,7,0,187
1801,155,"ȘCOALA GIMNAZIALĂ""LUCIAN BLAGA""","OCNA MUREŞ",AB,1160,7,0,0,7,40,0,0,40,61,1,0,62,71,2,0,73,139,5,0,144,203,14,0,217
1801,156,"CASA DE CULTURĂ""ION SÂNGEREANU""","OCNA MUREŞ",AB,1260,9,0,0,9,27,8,0,35,49,10,0,59,60,10,0,70,190,19,0,209,187,21,0,208
1801,157,"DIRECŢIA SANITAR-VETERINARĂ ŞI PENTRU SIGURANŢA ALIMENTELOR OCNA MUREŞ","OCNA MUREŞ",AB,1118,3,4,0,7,16,5,0,21,29,6,0,35,42,6,0,48,114,8,0,122,151,9,0,160
1801,158,"LICEUL TEORETIC ""PETRU MAIOR""","OCNA MUREŞ",AB,1363,5,0,0,5,24,1,0,25,46,1,0,47,57,3,0,60,149,11,0,160,177,11,0,188
1801,159,"GRĂDINIŢA CU PROGRAM NORMAL NR. 3","OCNA MUREŞ",AB,1489,7,0,0,7,38,2,0,40,55,5,0,60,74,5,0,79,165,10,0,175,219,16,0,235
1810,160,"ŞCOALA PRIMARĂUIOARA DE JOS","UIOARA DE JOS",AB,902,5,1,0,6,22,4,0,26,31,6,0,37,52,8,0,60,123,11,0,134,171,15,0,186
1829,161,"GRĂDINIŢA CU PROGRAM NORMAL NR. 6 UIOARA DE SUS","UIOARA DE SUS",AB,1392,4,0,0,4,16,0,0,16,22,0,0,22,37,2,0,39,106,4,0,110,141,5,0,146
1838,162,"ŞCOALA GENERALĂ CISTEIU DE MUREŞ","CISTEIU DE MUREŞ",AB,542,2,0,0,2,5,0,0,5,9,1,0,10,10,1,0,11,29,3,0,32,36,5,0,41
1847,163,"GRĂDINIŢA CU PROGRAM NORMAL MICOŞLACA",MICOŞLACA,AB,245,0,0,0,0,0,0,0,0,1,2,0,3,5,4,0,9,17,7,0,24,22,10,0,32
1856,164,"CĂMINUL CULTURAL RĂZBOIENI-CETATE",RĂZBOIENI-CETATE,AB,1104,11,2,0,13,26,4,0,30,40,6,0,46,68,6,0,74,143,10,0,153,203,13,0,216
8103,165,"CASA DE CULTURĂ TEIUŞ",TEIUŞ,AB,1551,22,3,0,25,45,5,0,50,57,5,0,62,95,9,0,104,194,15,0,209,257,18,0,275
8103,166,"ŞCOALA GIMNAZIALĂ TEIUŞ",TEIUŞ,AB,1355,7,3,0,10,22,8,0,30,32,8,0,40,48,8,0,56,95,8,0,103,145,10,0,155
8103,167,"LICEUL TEORETIC TEIUŞ",TEIUŞ,AB,1507,13,0,0,13,49,0,0,49,78,4,0,82,107,6,0,113,210,15,0,225,273,25,0,298
8103,168,"GARA CFR TEIUŞ",TEIUŞ,AB,1039,4,10,0,14,17,12,0,29,35,15,0,50,44,16,0,60,120,25,0,145,159,33,0,192
8112,169,"ŞCOALA PRIMARĂ BELDIU",BELDIU,AB,201,0,1,0,1,5,1,0,6,5,1,0,6,7,1,0,8,16,15,0,31,29,22,0,51
8149,170,"ŞCOALA PRIMARĂ PEŢELCA",PEŢELCA,AB,122,1,0,0,1,3,0,0,3,3,0,0,3,6,3,0,9,15,7,0,22,31,7,0,38
8121,171,"CĂMIN CULTURAL CĂPUD",CĂPUD,AB,264,3,0,0,3,5,0,0,5,22,5,0,27,32,5,0,37,61,9,0,70,101,13,0,114
1945,172,"ŞCOALA GIMNAZIALĂ„ AVRAM IANCU” ZLATNA",ZLATNA,AB,1218,13,1,0,14,56,8,0,64,67,10,0,77,83,10,0,93,165,12,0,177,213,18,0,231
1945,173,"ŞCOALA GIMNAZIALĂ„ AVRAM IANCU” ZLATNA",ZLATNA,AB,960,15,1,0,16,34,1,0,35,41,1,0,42,64,1,0,65,123,12,0,135,153,15,0,168
1945,174,"LICEUL CORNELIU MEDREA ZLATNA",ZLATNA,AB,1359,16,0,0,16,44,2,0,46,63,4,0,67,75,5,0,80,146,13,0,159,196,15,0,211
2005,175,"ŞCOALA GIMNAZIALĂ "" SAVA ALBESCU "" SAT FENEŞ",FENEŞ,AB,765,4,0,0,4,14,2,0,16,26,5,0,31,46,5,0,51,154,15,0,169,272,24,0,296
2014,176,"ŞCOALA PRIMARĂ , SAT GALAŢI",GALAŢI,AB,311,2,0,0,2,4,1,0,5,5,1,0,6,8,6,0,14,32,13,0,45,37,14,0,51
2023,177,"CĂMIN CULTURAL, SAT IZVORUL AMPOIULUI","IZVORU AMPOIULUI",AB,419,1,0,0,1,2,0,0,2,5,0,0,5,16,4,0,20,47,8,0,55,60,11,0,71
2032,178,"ŞCOALA PRIMARĂ , SAT PĂTRÂNGENI",PĂTRÎNGENI,AB,508,2,0,0,2,9,0,0,9,17,2,0,19,23,2,0,25,81,8,0,89,110,8,0,118
2041,179,"ŞCOALA PRIMARĂ , SAT PIRITA",PIRITA,AB,369,0,0,0,0,0,0,0,0,10,1,0,11,10,1,0,11,20,3,0,23,39,5,0,44
2103,180,"ŞCOALA PRIMARĂ , SAT TRÎMPOIELE",TRÎMPOIELE,AB,338,1,0,0,1,15,1,0,16,19,1,0,20,19,1,0,20,32,4,0,36,66,8,0,74
2112,181,"ŞCOALA PRIMARĂ , SAT VALEA MICĂ","VALEA MICĂ",AB,342,5,0,0,5,21,0,0,21,34,6,0,40,44,6,0,50,108,7,0,115,137,8,0,145
2121,182,"CĂMIN CULTURAL, SAT VÎLTORI",VÎLTORI,AB,178,0,0,0,0,5,0,0,5,10,0,0,10,11,0,0,11,22,0,0,22,23,5,0,28
2149,183,"CĂMINUL CULTURAL ALBAC",ALBAC,AB,751,5,5,0,10,31,13,0,44,48,60,0,108,55,65,0,120,236,94,9,339,328,112,9,449
2176,184,"ŞCOALA PRIMARĂ CIONEŞTI",CIONEŞTI,AB,541,0,1,0,1,5,2,0,7,9,7,0,16,16,7,0,23,140,13,3,156,198,20,3,221
2185,185,"ŞCOALA PRIMARĂ COSTEŞTI",COSTEŞTI,AB,86,0,0,0,0,1,2,0,3,2,2,0,4,3,2,0,5,31,4,0,35,36,5,0,41
2247,186,"ŞCOALA PRIMARĂ POTIONCI",POTIONCI,AB,68,1,0,0,1,11,1,0,12,11,3,0,14,17,3,0,20,31,3,0,34,36,7,0,43
2256,187,"ŞCOALA PRIMARĂ ROGOZ",ROGOZ,AB,242,1,0,0,1,18,10,0,28,29,10,0,39,32,10,0,42,98,16,0,114,113,20,0,133
2318,188,"PRIMARIA COMUNEI ALMSU MARE","ALMAŞU MARE",AB,318,4,0,0,4,12,0,0,12,20,0,0,20,30,0,0,30,64,4,0,68,91,9,0,100
2318,189,"SCOALA PRIMARA ALMASU MARE - SUSENI","ALMAŞU MARE",AB,217,0,0,0,0,8,0,0,8,11,0,0,11,11,1,0,12,30,5,0,35,47,7,0,54
2327,190,"ŞCOALA PRIMARA ALMAŞU DE MIJLOC","ALMAŞU DE MIJLOC",AB,127,0,0,0,0,5,1,0,6,6,2,0,8,7,2,0,9,35,8,0,43,45,9,0,54
2354,191,"ŞCOALA PRIMARA CIB",CIB,AB,240,0,0,0,0,1,0,0,1,1,0,0,1,1,0,0,1,15,3,0,18,27,5,0,32
2363,192,"ŞCOALA PRIMARA GLOD",GLOD,AB,154,0,0,0,0,4,3,0,7,7,4,0,11,8,4,0,12,40,10,0,50,78,16,0,94
2390,193,"GRUP ȘCOLAR DE TURISM ARIEȘENI",ARIEŞENI,AB,587,0,0,0,0,6,4,0,10,22,13,0,35,29,14,0,43,141,32,0,173,190,42,0,232
2390,194,"GRUP ȘCOLAR DE TURISM ARIEȘENI",ARIEŞENI,AB,537,6,0,0,6,9,0,0,9,11,8,0,19,19,8,0,27,155,16,0,171,196,18,0,214
2425,195,"ȘCOALAPRIMARĂ CASA DE PIATRĂ","CASA DE PIATRĂ",AB,90,0,0,0,0,0,0,0,0,1,0,0,1,1,0,0,1,15,0,0,15,19,1,0,20
2434,196,"ȘCOALA PRIMARĂ COBLEȘ",COBLEŞ,AB,199,4,0,0,4,11,1,0,12,12,2,0,14,14,2,0,16,62,4,0,66,85,7,0,92
2586,197,"ŞCOALA GIMNAZIALĂAVRAM IANCU","AVRAM IANCU",AB,624,1,0,0,1,7,6,0,13,15,7,0,22,25,9,0,34,80,20,0,100,137,25,0,162
2853,198,"ŞCOALA PRIMARĂ I-IV TÎRSA",TÎRSA,AB,628,1,0,0,1,7,0,0,7,7,2,0,9,8,2,0,10,87,13,0,100,119,15,0,134
3011,199,"CLĂDIRE CĂMIN CULTURAL HENIG",HENIG,AB,236,2,0,0,2,9,1,0,10,12,2,0,14,17,4,0,21,37,16,1,54,64,19,1,84
2997,200,"CLĂDIRE CĂMIN CULTURAL BERGHIN",BERGHIN,AB,707,9,2,0,11,28,4,0,32,44,7,0,51,65,8,0,73,125,22,0,147,178,27,0,205
3002,201,"CLĂDIRE CĂMIN CULTURAL GHIRBOM",GHIRBOM,AB,425,3,0,0,3,7,2,0,9,17,3,0,20,24,6,0,30,105,18,0,123,152,21,0,173
3020,202,"CLĂDIRE CĂMIN CULTURAL STRAJA",STRAJA,AB,292,5,2,0,7,12,4,0,16,15,4,0,19,15,4,0,19,47,4,0,51,64,5,0,69
3048,203,"ŞCOALA GIMNAZIALĂ "" NICODIM GANEA""BISTRA",BISTRA,AB,810,5,0,0,5,10,0,0,10,18,2,0,20,32,2,0,34,114,6,0,120,145,10,0,155
3048,204,"ŞCOALA GIMNAZIALĂ ""NICODIM GANEA""BISTRA",BISTRA,AB,1031,3,0,0,3,14,0,0,14,24,0,0,24,36,2,0,38,141,9,0,150,197,12,0,209
3048,205,"ŞCOALA GIMNAZIALĂ ""NICODIM GANEA""BISTRA",BISTRA,AB,836,3,0,0,3,11,0,0,11,12,0,0,12,22,3,0,25,98,6,0,104,115,8,0,123
3100,206,"ŞCOALA PRIMARĂ CIULDEŞTI - COMUNA BISTRA",CIULDEŞTI,AB,626,2,3,0,5,7,5,0,12,8,5,0,13,12,6,0,18,64,6,0,70,94,7,0,101
3164,207,"ŞCOALA GIMNAZIALĂ GÎRDE I - COMUNA BISTRA",GÎRDE,AB,654,4,2,0,6,10,3,0,13,14,3,0,17,17,5,0,22,84,9,0,93,113,13,0,126
3404,208,"PRIMARIA COMUNEI BLANDIANA",BLANDIANA,AB,470,1,1,0,2,4,5,0,9,6,6,0,12,11,6,0,17,44,18,0,62,65,19,0,84
3413,209,"ŞCOALA PRIMARĂ ACMARIU",ACMARIU,AB,293,0,5,0,5,4,7,0,11,8,10,0,18,12,10,0,22,57,21,0,78,84,26,0,110
3440,210,"ŞCOALA CU CLASELE I-IV RĂCĂTĂU",RĂCĂTĂU,AB,27,1,0,0,1,1,0,0,1,1,0,0,1,2,0,0,2,7,1,0,8,10,6,0,16
4204,211,"CĂMINUL CULTURAL BUCERDEA GRÂNOASĂ","BUCERDEA GRÂNOASĂ",AB,1066,3,0,0,3,11,0,0,11,21,0,0,21,27,3,0,30,87,3,0,90,150,7,0,157
4204,212,"ŞCOALA GIMNAZIALĂ IOAN MAIORESCU BUCERDEA GRANOASĂ","BUCERDEA GRÂNOASĂ",AB,780,0,0,0,0,0,0,0,0,4,0,0,4,5,0,0,5,24,0,0,24,72,1,0,73
3510,213,"ŞCOALA PRIMARĂ CIUCULEŞTI",CIUCULEŞTI,AB,361,4,0,0,4,9,0,0,9,14,3,0,17,17,3,0,20,58,12,0,70,82,15,0,97
3495,214,"ŞCOALA PRIMARĂ BUCIUM-SAT",BUCIUM-SAT,AB,416,1,0,0,1,10,0,0,10,20,1,0,21,28,1,0,29,88,10,0,98,136,16,0,152
3501,215,"ŞCOALA PRIMARĂ CERBU",CERBU,AB,272,0,0,0,0,5,0,0,5,9,0,0,9,13,4,0,17,48,6,0,54,69,8,0,77
3663,216,"ŞCOALA PRIMARĂ POIENI",POIENI,AB,275,6,0,0,6,20,1,0,21,21,1,0,22,26,2,0,28,64,16,0,80,93,20,0,113
3770,217,"PRIMĂRIA CENADE",CENADE,AB,759,3,1,0,4,8,2,1,11,12,2,1,15,19,2,1,22,51,7,2,60,94,8,2,104
3814,218,"ŞCOALA GIMNAZIALĂ ""ARONCOTRUŞ"" CERGĂU MARE","CERGĂU MARE",AB,813,5,2,0,7,10,2,0,12,13,2,0,15,24,3,0,27,80,3,0,83,139,8,0,147
3823,219,"GRĂDINIȚA CU PROGRAM NORMAL CERGĂU MIC","CERGĂU MIC",AB,259,3,0,0,3,13,1,0,14,22,2,0,24,29,4,0,33,59,13,0,72,78,19,0,97
3832,220,"CLĂDIRE CĂMIN CULTURAL LUPU",LUPU,AB,206,4,4,0,8,11,6,0,17,20,9,0,29,23,11,0,34,47,13,0,60,71,18,0,89
3850,221,"CĂMINUL CULTURAL",CERU-BĂCĂINŢI,AB,213,4,0,0,4,5,1,0,6,9,1,0,10,14,1,0,15,33,6,0,39,38,11,0,49
3967,222,"CĂMIN CULTURAL","CETATEA DE BALTĂ",AB,603,11,0,0,11,20,1,0,21,22,1,0,23,27,1,0,28,40,3,0,43,52,5,0,57
3967,223,"CĂMIN CULTURAL","CETATEA DE BALTĂ",AB,878,7,0,0,7,14,0,0,14,22,0,0,22,23,0,0,23,59,3,0,62,73,7,0,80
3976,224,"SCOALA GENERALACRĂCIUNELU DE SUS","CRACIUNELU DE SUS",AB,83,1,2,0,3,8,4,0,12,13,6,0,19,18,6,0,24,29,9,0,38,32,11,0,43
3985,225,"SCOALA GENERALA SÎNTĂMĂRIE",SÎNTĂMĂRIE,AB,243,2,0,0,2,3,0,0,3,5,0,0,5,6,1,0,7,12,3,0,15,20,3,0,23
3994,226,"CĂMIN CULTURAL TĂTÎRLAUA SALANR.1",TĂTÎRLAUA,AB,619,4,0,0,4,9,1,0,10,18,2,0,20,23,2,0,25,77,8,0,85,118,11,0,129
1080,227,"ŞCOALĂ GIMNAZIALĂ CIUGUD",CIUGUD,AB,480,6,0,0,6,19,8,0,27,29,12,0,41,35,15,0,50,79,24,4,107,123,29,4,156
1099,228,"CĂMIN CULTURAL DRÎMBAR",DRÎMBAR,AB,327,1,1,0,2,7,1,0,8,17,2,0,19,35,6,0,41,75,24,4,103,113,26,4,143
1115,229,"CĂMIN CULTURAL HĂPRIA",HĂPRIA,AB,488,10,0,0,10,40,6,0,46,73,9,0,82,89,13,0,102,142,32,12,186,185,38,12,235
1106,230,"CĂMIN CULTURAL LIMBA",LIMBA,AB,321,5,1,0,6,32,5,0,37,41,6,0,47,51,7,0,58,92,14,0,106,115,17,11,143
1124,231,"CĂMIN CULTURAL ȘEUȘA",ŞEUŞA,AB,636,2,2,13,17,28,4,15,47,69,6,15,90,78,7,15,100,134,14,15,163,219,21,26,266
1133,232,"CĂMIN CULTURAL TELEAC",TELEAC,AB,335,9,1,0,10,27,4,0,31,44,7,0,51,52,9,0,61,103,15,8,126,140,19,8,167
4053,233,"ŞCOALA PRIMARĂ BUNINGINEA",BUNINGINEA,AB,371,1,1,0,2,12,4,0,16,19,4,0,23,30,5,0,35,93,9,5,107,141,13,5,159
4017,234,"PRIMĂRIA COMUNEI CIURULEASA",CIURULEASA,AB,596,4,2,0,6,17,7,0,24,24,9,0,33,33,11,0,44,145,27,12,184,249,42,12,303
4115,235,"PRIMĂRIA COMUNEI CÎLNIC",CÎLNIC,AB,1127,13,0,0,13,29,1,0,30,54,2,0,56,63,3,0,66,197,13,0,210,286,24,0,310
4133,236,"ŞCOALA PRIMARĂ DEAL",DEAL,AB,311,5,0,0,5,17,9,0,26,33,9,0,42,62,16,0,78,116,26,0,142,148,39,0,187
4197,237,"PRIMĂRIACOMUNEICRĂCIUNELU DE JOS","CRĂCIUNELU DE JOS",AB,876,6,5,0,11,19,6,0,25,24,6,0,30,31,6,0,37,81,8,0,89,126,11,0,137
4197,238,"ŞCOALA GIMNAZIALĂ - CRĂCIUNELU DE JOS","CRĂCIUNELU DE JOS",AB,854,5,0,0,5,14,3,0,17,21,4,0,25,26,5,0,31,73,8,0,81,117,11,0,128
4151,239,"BIBLIOTECA COMUNALĂ",CRICĂU,AB,1106,8,1,0,9,34,2,0,36,53,4,0,57,69,6,0,75,140,13,1,154,206,19,1,226
4160,240,"ȘCOALA PRIMARĂ CRAIVA",CRAIVA,AB,297,4,0,0,4,13,1,0,14,20,1,0,21,26,3,0,29,68,8,0,76,97,12,0,109
4179,241,"SALA DE ÎNTRUNIRI",TIBRU,AB,324,3,0,0,3,7,1,0,8,10,1,0,11,17,1,0,18,55,7,0,62,82,8,0,90
4124,242,"ŞCOALA GIMNAZIALĂ ,,SEPTIMIU ALBINI""",CUT,AB,1062,7,0,0,7,18,1,0,19,30,1,0,31,54,2,0,56,170,13,0,183,283,20,0,303
4259,243,"PRIMĂRIA DAIA ROMÂNĂ","DAIA ROMÂNĂ",AB,1060,9,0,0,9,26,2,0,28,31,2,0,33,49,2,0,51,125,9,0,134,220,14,0,234
4259,244,"PRIMĂRIA DAIA ROMÂNĂ","DAIA ROMÂNĂ",AB,1511,9,1,0,10,37,4,0,41,51,10,0,61,89,10,0,99,271,15,0,286,381,22,0,403
4277,245,"ŞCOALA GIMNAZIALĂ DOŞTAT",DOŞTAT,AB,402,3,0,0,3,12,2,0,14,14,2,0,16,23,7,0,30,51,19,0,70,82,23,0,105
4286,246,"ŞCOALA PRIMARĂ BOZ",BOZ,AB,368,3,1,0,4,10,3,0,13,17,4,0,21,22,5,0,27,47,7,0,54,63,8,0,71
4311,247,"GRĂDINIŢA CU PROGRAM NORMAL FĂRĂU",FĂRĂU,AB,478,3,2,0,5,12,3,0,15,23,9,0,32,43,11,0,54,110,21,0,131,143,25,0,168
4320,248,"GRĂDINIŢA CU PROGRAM NORMAL HERIA",HERIA,AB,219,4,0,0,4,11,2,0,13,13,2,0,15,22,3,0,25,59,9,0,68,85,13,0,98
4348,249,"ŞCOALA PRIMARĂ SÎNBENEDIC",SÎNBENEDIC,AB,200,1,0,0,1,3,2,0,5,3,5,0,8,5,6,0,11,21,7,0,28,29,13,0,42
4339,250,"ŞCOALA PRIMARĂ MEDVEŞ",MEDVEŞ,AB,147,1,3,0,4,1,3,0,4,2,3,0,5,3,4,0,7,8,6,0,14,12,6,0,18
4357,251,"CLĂDIRE ,, PUNCT DE INFORMARE,,",ŞILEA,AB,252,5,0,0,5,9,0,0,9,10,0,0,10,16,0,0,16,41,3,0,44,52,9,0,61
4375,252,"CĂMINUL CULTURAL GALDA DE JOS","GALDA DE JOS",AB,1566,9,1,0,10,38,4,0,42,53,5,0,58,73,6,0,79,215,15,0,230,326,27,0,353
4384,253,"ŞCOALAGIMNAZIALĂ BENIC",BENIC,AB,431,0,0,0,0,6,2,0,8,10,2,0,12,19,5,0,24,36,10,0,46,53,15,0,68
4393,254,"ŞCOALAPRIMARĂ CETEA",CETEA,AB,360,0,0,0,0,4,3,0,7,8,7,0,15,11,9,0,20,33,17,0,50,49,24,0,73
4400,255,"ŞCOALA PRIMARĂGALDA DE SUS","GALDA DE SUS",AB,342,7,0,0,7,16,3,0,19,21,10,0,31,27,12,0,39,54,16,0,70,76,24,0,100
4437,256,SALADEFESTIVITĂŢIMESENTEA,MESENTEA,AB,198,2,3,0,5,3,3,0,6,6,6,0,12,9,8,0,17,35,12,0,47,47,20,0,67
4446,257,"CĂMINUL CULTURAL OIEJDEA",OIEJDEA,AB,717,1,1,0,2,7,2,0,9,11,3,0,14,16,3,0,19,31,3,0,34,65,4,0,69
4455,258,"CLĂDIRE ADMINISTRATIVĂ(FOSTĂ ŞCOALA GENERALĂ POIANA GALDEI)","POIANA GALDEI",AB,129,1,0,0,1,3,0,0,3,4,0,0,4,6,0,0,6,15,1,0,16,19,4,0,23
4491,259,"PRIMĂRIA COMUNEI GÎRBOVA",GÎRBOVA,AB,1178,6,3,0,9,14,5,0,19,38,5,0,43,64,6,0,70,145,15,0,160,220,16,0,236
4507,260,"PRIMĂRIA COMUNEI GÎRBOVA (CLĂDIREA FOSTULUI CAP)",CĂRPINIŞ,AB,206,7,0,0,7,11,1,0,12,14,10,0,24,24,10,0,34,44,16,0,60,52,23,0,75
4516,261,"PRIMĂRIA COMUNEI GÎRBOVA (CLĂDIREA FOSTULUI CAP)",RECIU,AB,267,0,0,0,0,4,2,0,6,19,5,0,24,23,9,0,32,66,16,0,82,86,20,0,106
4534,262,"ŞCOALA GIMNAZIALĂ ""EMIL RACOVIŢĂ"" GÎRDA DE SUS","GÎRDA DE SUS",AB,829,3,0,0,3,25,4,0,29,39,4,0,43,55,5,0,60,146,27,0,173,199,40,1,240
4543,263,"ŞCOALA PRIMARĂBIHARIA",BIHARIA,AB,131,0,0,0,0,1,0,0,1,1,0,0,1,1,0,0,1,11,1,0,12,21,7,0,28
4589,264,"ŞCOALA GIMNAZIALĂ GHEŢARI",GHEŢARI,AB,426,0,0,0,0,1,0,0,1,1,0,0,1,7,2,0,9,85,8,0,93,109,8,0,117
4712,265,"CĂMIN CULTURAL HOPÎRTA",HOPÎRTA,AB,231,3,1,0,4,15,5,0,20,18,5,0,23,23,5,0,28,69,8,0,77,81,11,0,92
4721,266,"CĂMIN CULTURAL SILIVAŞ",SILIVAŞ,AB,219,2,2,0,4,10,2,0,12,12,2,0,14,12,4,0,16,34,4,0,38,46,5,0,51
4730,267,"CĂMIN CULTURAL ŞPĂLNACA",ŞPĂLNACA,AB,160,4,0,0,4,7,2,0,9,12,7,0,19,15,8,0,23,24,13,0,37,39,16,0,55
4749,268,"CĂMIN CULTURAL TURDAŞ",TURDAŞ,AB,142,4,1,0,5,7,4,0,11,8,7,0,15,11,8,0,19,23,17,0,40,39,23,0,62
4758,269,"CĂMIN CULTURAL VAMA SEACĂ","VAMA SEACĂ",AB,149,2,0,0,2,4,4,0,8,7,4,0,11,8,5,0,13,23,14,0,37,31,18,0,49
4776,270,"ȘCOALA GIMNAZIALĂHOREA",HOREA,AB,628,4,0,0,4,16,2,0,18,20,2,0,22,27,4,0,31,130,9,0,139,192,16,0,208
4801,271,"ȘCOALA PRIMARĂ TRIFEȘTI",DÎRLEŞTI,AB,391,3,0,5,8,8,2,8,18,29,4,8,41,37,5,8,50,194,10,8,212,246,13,8,267
4829,272,"ȘCOALA PRIMARĂ GIURGIUȚ",GIURGIUŢ,AB,123,0,0,0,0,0,0,0,0,0,2,0,2,1,5,0,6,16,6,0,22,46,9,0,55
4847,273,"CĂMIN CULTURAL MĂTIȘEȘTI",MĂTIŞEŞTI,AB,356,0,0,0,0,2,1,0,3,8,1,0,9,27,3,0,30,100,5,0,105,163,7,0,170
4865,274,"ȘCOALA PRIMARĂ PĂTRUȘEȘTI",PĂTRUŞEŞTI,AB,133,0,1,0,1,3,1,0,4,9,4,0,13,12,4,0,16,39,5,0,44,65,12,0,77
4883,275,"ȘCOALA PRIMARĂ PRELUCA",PRELUCA,AB,61,2,1,0,3,10,1,0,11,11,3,0,14,11,5,0,16,17,5,0,22,18,5,0,23
4936,276,"PRIMĂRIA COMUNEI IGHIU",IGHIU,AB,1154,31,3,0,34,62,5,0,67,87,8,0,95,107,8,0,115,225,30,0,255,300,41,0,341
4945,277,"ȘCOALA PRIMARĂ BUCERDEA VINOASĂ","BUCERDEA VINOASĂ",AB,753,8,2,0,10,17,4,0,21,25,5,0,30,54,5,0,59,141,18,0,159,195,23,0,218
4954,278,"ȘCOALA GIMNAZIALĂ IGHIEL",IGHIEL,AB,821,9,2,0,11,21,2,0,23,58,2,0,60,73,2,0,75,257,5,0,262,328,12,0,340
4963,279,"ŞCOALA GIMNAZIALĂ ŞARD",ŞARD,AB,925,10,1,0,11,18,6,0,24,28,6,0,34,50,6,0,56,100,9,0,109,137,17,0,154
4963,280,"ŞCOALA GIMNAZIALĂ ŞARD",ŞARD,AB,1076,2,0,0,2,8,3,0,11,23,4,0,27,34,4,0,38,98,9,0,107,135,18,0,153
4972,281,"ȘCOALĂ GIMNAZIALĂȚELNA",ŢELNA,AB,886,8,0,0,8,12,0,0,12,25,0,0,25,38,0,0,38,105,5,0,110,236,6,0,242
4990,282,"ȘCOALA GIMNAZIALĂÎNTREGALDE",ÎNTREGALDE,AB,234,1,0,0,1,4,0,0,4,6,0,0,6,6,0,0,6,17,4,0,21,26,6,0,32
5005,283,"ȘCOALA CU CLASELE I-IV DEALUGEOAGIULUI","DEALU GEOAGIULUI",AB,87,0,0,0,0,5,2,0,7,5,2,0,7,5,2,0,7,8,5,0,13,8,5,0,13
5014,284,"ȘCOALA CU CLASELE I-IVGHIONCANI",GHIONCANI,AB,58,1,0,0,1,1,1,0,2,1,4,0,5,1,4,0,5,7,5,0,12,8,8,0,16
5069,285,"CĂMINUL CULTURAL NECRILEȘTI",NECRILEŞTI,AB,145,0,0,0,0,2,2,0,4,5,3,0,8,9,5,0,14,25,5,0,30,37,5,0,42
5112,286,"CĂMINUL CULTURAL JIDVEI",JIDVEI,AB,1098,6,1,0,7,8,1,0,9,14,1,0,15,29,2,0,31,58,6,0,64,90,11,0,101
5121,287,"ŞCOALA GIMNAZIALĂBĂLCACIU",BĂLCACIU,AB,1107,6,0,0,6,12,0,0,12,19,2,0,21,33,2,0,35,63,9,0,72,81,12,0,93
5130,288,"CĂMINUL CULTURAL CĂPÎLNA DE JOS","CĂPÎLNA DE JOS",AB,648,0,0,0,0,11,0,0,11,30,1,0,31,35,1,0,36,78,8,0,86,100,9,0,109
5149,289,"ȘCOALAGENERALĂ FEISA",FEISA,AB,659,10,2,0,12,15,3,0,18,24,6,0,30,39,6,0,45,100,7,0,107,131,9,0,140
5158,290,"CĂMINUL CULTURAL VESEUŞ",VESEUŞ,AB,750,6,1,0,7,13,1,0,14,17,2,0,19,18,2,0,20,59,4,0,63,79,5,0,84
5176,291,"ȘCOALA GIMNAZIALĂ LIVEZILE",LIVEZILE,AB,597,9,0,0,9,25,5,0,30,43,11,0,54,53,14,0,67,105,15,0,120,188,21,16,225
5194,292,"CĂMIN CULTURAL","POIANA AIUDULUI",AB,276,3,0,0,3,14,0,0,14,21,1,0,22,34,5,0,39,83,12,0,95,113,18,10,141
5185,293,"CĂMIN CULTURAL IZVOARELE",IZVOARELE,AB,106,0,6,0,6,24,18,0,42,30,27,0,57,39,28,0,67,59,40,10,109,59,41,10,110
5201,294,"CĂMIN CULTURAL VĂLIȘOARA",VĂLIŞOARA,AB,116,0,0,0,0,1,1,0,2,5,6,0,11,7,7,0,14,24,10,0,34,39,24,0,63
5229,295,"PRIMĂRIA LOPADEA NOUĂ","LOPADEA NOUĂ",AB,820,2,0,0,2,4,1,0,5,4,2,0,6,5,3,0,8,14,4,0,18,54,6,0,60
5238,296,CĂMINCULTURAL,ASINIP,AB,87,0,0,0,0,1,1,0,2,2,1,0,3,3,9,0,12,26,19,0,45,28,26,0,54
5256,297,"CLĂDIRE ANEXĂ PRIMĂRIA LOPADEA NOUĂ",BĂGĂU,AB,438,9,1,0,10,15,1,0,16,22,1,0,23,35,1,0,36,57,12,0,69,91,16,0,107
5247,298,"ȘCOALA PRIMARĂ BEȚA",BEŢA,AB,312,1,1,0,2,2,2,0,4,3,3,0,6,3,3,0,6,5,3,0,8,7,4,0,11
5274,299,"CLĂDIRE ANEXĂ PRIMĂRIA LOPADEA NOUĂ",CIUGUZEL,AB,549,2,0,0,2,11,4,0,15,25,10,0,35,64,10,0,74,133,21,0,154,192,26,0,218
5292,300,"CLĂDIRE ANEXĂ PRIMĂRIA LOPADEA NOUĂ",ODVEREM,AB,46,1,1,0,2,2,2,0,4,3,7,0,10,8,8,0,16,15,9,0,24,15,13,0,28
5318,301,"ŞCOALA GIMNAZIALĂ ""SIMION LAZĂR"" LUNCA MUREŞULUI, NR. 241A","LUNCA MUREŞULUI",AB,803,7,1,0,8,9,5,0,14,14,7,0,21,23,8,0,31,73,15,0,88,95,16,0,111
5318,302,"ŞCOALA GIMNAZIALĂ ""SIMION LAZĂR"" LUNCA MUREŞULUI, NR. 241A","LUNCA MUREŞULUI",AB,879,4,0,0,4,12,1,0,13,14,1,0,15,26,1,0,27,70,1,0,71,100,2,0,102
5327,303,"ŞCOALA PRIMARĂGURA ARIEŞULUI, NR. 84","GURA ARIEŞULUI",AB,388,7,1,0,8,27,1,0,28,39,2,0,41,51,6,0,57,82,10,0,92,96,16,0,112
5345,304,"CĂMINUL CULTURAL LUPȘA",LUPŞA,AB,692,9,4,0,13,36,7,0,43,40,7,0,47,48,9,0,57,142,22,0,164,225,30,0,255
5407,305,"ŞCOALA PRIMARĂ HĂDĂRĂU",HĂDĂRĂU,AB,313,2,6,0,8,8,8,0,16,8,8,0,16,9,9,0,18,46,16,0,62,83,25,0,108
5531,306,"ŞCOALA PRIMARĂ VALEA LUPȘII","VALEA LUPŞII",AB,734,6,0,0,6,12,0,0,12,26,5,0,31,27,6,0,33,105,8,0,113,163,19,0,182
5461,307,"SEDIUL FOSTEI PRIMĂRII MUȘCA",MUŞCA,AB,960,7,0,0,7,19,0,0,19,38,2,0,40,48,3,0,51,137,11,0,148,203,16,0,219
5611,308,"ŞCOALA CU CLASELE I-IV","LUNCA AMPOIŢEI",AB,212,0,0,0,0,0,2,0,2,4,5,0,9,18,5,0,23,25,7,0,32,48,11,0,59
5666,309,"ŞCOALA PRIMARĂ PRESACA AMPOIULUI","PRESACA AMPOIULUI",AB,294,2,0,0,2,9,0,0,9,12,0,0,12,20,1,0,21,53,5,0,58,91,14,0,105
5586,310,"ŞCOALA GIMNAZIALĂ METEŞ",METEŞ,AB,532,1,3,0,4,11,6,0,17,23,9,0,32,48,14,0,62,104,19,0,123,164,22,0,186
5595,311,"ŞCOALA GIMNAZIALĂ AMPOIŢA",AMPOIŢA,AB,588,6,3,0,9,14,3,0,17,24,5,0,29,61,6,0,67,130,21,0,151,162,26,0,188
5684,312,"ŞCOALA PRIMARĂ ""DIONISIU POPOVICIU"" TĂUŢI",TĂUŢI,AB,545,5,0,0,5,9,0,0,9,11,1,0,12,14,1,0,15,53,8,0,61,95,11,1,107
5648,313,"CĂMINUL CULTURAL POIANA AMPOIULUI","POIANA AMPOIULUI",AB,220,7,1,0,8,10,6,0,16,14,6,0,20,16,7,0,23,43,14,0,57,58,16,0,74
5719,314,"ŞCOALA GIMNAZIALĂ ""ION BREAZU"" MIHALŢ",MIHALŢ,AB,1031,3,1,0,4,10,4,0,14,20,5,0,25,46,8,0,54,111,12,0,123,178,20,0,198
5719,315,"ŞCOALA GIMNAZIALĂ ""ION BREAZU"" MIHALŢ",MIHALŢ,AB,830,11,0,0,11,18,1,0,19,29,1,0,30,57,2,0,59,104,5,0,109,142,8,0,150
5728,316,"ŞCOALA PRIMARĂ CISTEI",CISTEI,AB,466,0,0,0,0,9,0,0,9,14,1,0,15,19,6,0,25,39,11,0,50,72,15,0,87
5737,317,"ŞCOALA PRIMARĂ OBREJA",OBREJA,AB,470,2,0,0,2,9,2,0,11,15,9,0,24,21,9,0,30,45,12,0,57,72,18,0,90
5764,318,"GRĂDINIŢA CU PROGRAM NORMAL - MIRĂSLĂU",MIRĂSLĂU,AB,718,4,0,0,4,6,1,0,7,20,3,0,23,28,3,0,31,90,7,0,97,122,10,0,132
5773,319,"ŞCOALA PRIMARĂ - CICĂU",CICĂU,AB,104,1,0,0,1,2,0,0,2,2,0,0,2,3,6,0,9,9,9,0,18,17,10,0,27
5782,320,"ŞCOALA PRIMARĂ - DECEA",DECEA,AB,635,2,0,0,2,5,3,0,8,10,4,0,14,21,6,0,27,70,12,0,82,90,15,0,105
5791,321,"ŞCOALA PRIMARĂ - LOPADEA VECHE","LOPADEA VECHE",AB,229,0,0,0,0,7,1,0,8,8,1,0,9,15,2,0,17,35,6,0,41,51,12,0,63
5808,322,"ŞCOALA PRIMARĂ - ORMENIŞ",ORMENIŞ,AB,65,3,2,0,5,5,5,0,10,7,7,0,14,7,7,0,14,17,12,0,29,20,14,0,34
5835,323,"CONSILIUL LOCAL AL COMUNEI MOGOŞ",MOGOŞ,AB,512,7,0,0,7,11,0,0,11,15,3,0,18,18,4,0,22,83,16,0,99,107,21,0,128
5906,324,"ŞCOALA CU CLASELEI-IV, SAT BUTEŞTI",BUTEŞTI,AB,59,2,0,0,2,4,0,0,4,4,0,0,4,5,1,0,6,5,2,0,7,12,7,0,19
5997,325,"REFUGIU TURISTIC VALEA BARNII","VALEA BARNII",AB,148,1,0,0,1,4,2,0,6,5,5,0,10,6,5,0,11,34,12,0,46,41,18,0,59
6057,326,"PRIMĂRIA NOSLAC",NOŞLAC,AB,977,3,1,0,4,12,6,0,18,26,10,0,36,44,12,0,56,97,19,0,116,160,27,0,187
6084,327,"ŞCOALA GENERALĂ GĂBUD",GĂBUD,AB,211,1,0,0,1,2,2,0,4,2,2,0,4,4,2,0,6,35,10,0,45,47,17,0,64
6093,328,"ŞCOALA GENERALĂSTÎNA DE MUREŞ","STÂNA DE MUREŞ",AB,317,1,2,0,3,10,4,0,14,11,4,0,15,11,4,0,15,43,17,0,60,56,21,0,77
6128,329,"INTERNAT ŞCOLAR -OCOLIŞ",OCOLIŞ,AB,268,6,2,0,8,9,2,0,11,11,3,0,14,14,3,0,17,43,7,0,50,54,12,0,66
6137,330,"TABĂRA DE CREAȚIE SI ODIHNĂ ”AVRAM IANCU”","LUNCA LARGĂ",AB,51,2,0,0,2,3,0,0,3,5,2,0,7,5,2,0,7,14,5,0,19,18,7,0,25
6146,331,"ȘCOALA PRIMARĂ - RUNC",RUNC,AB,123,0,0,0,0,1,0,0,1,1,0,0,1,2,1,0,3,16,3,0,19,26,4,0,30
6155,332,"ȘCOALA PRIMARĂ - VIDOLM",VIDOLM,AB,57,0,0,0,0,1,0,0,1,3,0,0,3,3,2,0,5,8,7,0,15,9,11,0,20
6173,333,"CONSILIUL LOCAL OHABA",OHABA,AB,361,3,1,0,4,11,2,0,13,18,9,0,27,31,11,0,42,99,23,0,122,134,26,10,170
6182,334,"CLĂDIRE ADMINISTRATIVĂ COLIBI (FOSTA ŞCOALĂ GENERALĂ)",COLIBI,AB,30,3,1,0,4,3,1,0,4,3,1,0,4,3,2,0,5,6,4,0,10,7,6,0,13
6208,335,"FOSTUL SEDIUC.A.P.",SECĂŞEL,AB,157,4,3,0,7,5,3,0,8,5,6,0,11,8,6,0,14,26,16,0,42,30,23,0,53
6226,336,"ŞCOALA GIMNAZIALĂ PIANU DE SUS","PIANU DE SUS",AB,1381,15,0,0,15,23,5,0,28,39,8,0,47,82,9,0,91,216,19,0,235,346,27,0,373
6235,337,"ŞCOALA GIMNAZIALĂ""AUGUSTIN BENA""PIANU DE JOS","PIANU DE JOS",AB,1100,1,0,0,1,15,4,0,19,23,6,0,29,36,6,0,42,104,10,0,114,155,23,0,178
6244,338,"CLĂDIRE ADMINISTRATIVĂ (FOSTA ŞCOALĂ GENERALĂ CU CLASELE I-IV) PLAIURI",PLAIURI,AB,41,0,0,0,0,0,0,0,0,0,0,0,0,0,1,0,1,9,1,0,10,11,8,0,19
6253,339,"ŞCOALA PRIMARĂ ""GHEORGHE PAVELESCU"" PURCĂREŢI",PURCĂREŢI,AB,215,2,0,0,2,3,2,0,5,10,2,0,12,11,2,0,13,26,2,0,28,31,3,0,34
6262,340,"ŞCOALA GIMNAZIALĂ STRUNGARI",STRUNGARI,AB,202,2,1,0,3,32,3,0,35,36,7,0,43,48,7,0,55,93,10,0,103,113,18,0,131
6280,341,"CĂMINUL CULTURAL SAT POIANA VADULUI","POIANA VADULUI",AB,872,8,2,0,10,32,3,0,35,45,3,0,48,50,3,0,53,229,11,2,242,304,19,2,325
6404,342,"PRIMARIA COMUNEI PONOR",PONOR,AB,347,0,0,0,0,13,1,5,19,21,2,5,28,26,4,5,35,134,27,5,166,154,30,8,192
6422,343,"CAMINUL CULTURAL GEOGEL",GEOGEL,AB,188,0,0,0,0,7,6,0,13,9,7,0,16,11,8,0,19,36,23,0,59,50,34,0,84
6477,344,"CĂMINUL CULTURAL","POŞAGA DE JOS",AB,366,8,2,0,10,12,2,0,14,16,3,0,19,17,3,0,20,64,8,0,72,87,12,0,99
6501,345,"ȘCOALA CU CLASELE I-IV - LUNCA",LUNCA,AB,122,2,0,0,2,2,0,0,2,2,4,0,6,2,4,0,6,6,6,0,12,15,7,0,22
6510,346,"ȘCOALA CU CLASELE I-IV - ORĂȘTI",ORĂŞTI,AB,107,0,0,0,0,1,0,0,1,4,1,0,5,4,1,0,5,20,5,0,25,26,5,0,31
6529,347,"ŞCOALA PRIMARĂ - POȘAGA DE SUS","POŞAGA DE SUS",AB,145,1,0,0,1,1,0,0,1,1,0,0,1,3,0,0,3,21,3,0,24,23,6,0,29
6538,348,"ȘCOALA PRIMARĂ - SAGAGEA",SAGAGEA,AB,175,0,0,0,0,5,3,0,8,6,3,0,9,7,3,0,10,9,3,0,12,17,4,0,21
6556,349,"CĂMIN CULTURAL RĂDEŞTI",RĂDEŞTI,AB,575,7,3,0,10,15,5,0,20,29,7,0,36,42,7,0,49,90,14,0,104,133,20,0,153
6565,350,"ŞCOALA PRIMARĂ LEORINŢ",LEORINŢ,AB,252,1,0,0,1,3,0,0,3,6,0,0,6,7,0,0,7,19,8,0,27,38,11,0,49
6574,351,"ŞCOALA PRIMARĂ MEŞCREAC",MEŞCREAC,AB,251,0,0,0,0,3,0,0,3,4,0,0,4,9,2,0,11,28,8,0,36,43,11,0,54
6609,352,"CĂMINUL CULTURAL RIMETEA",RIMETEA,AB,472,0,0,0,0,14,6,0,20,16,6,0,22,18,6,0,24,25,13,0,38,41,20,0,61
6618,353,"ŞCOALA PRIMARA COLŢEŞTI",COLŢEŞTI,AB,441,0,0,0,0,0,0,0,0,3,2,0,5,3,2,0,5,10,2,0,12,13,3,0,16
6636,354,"PRIMĂRIA COMUNEI RÎMEŢ",RÎMEŢ,AB,178,3,1,0,4,9,2,0,11,11,5,0,16,11,5,0,16,29,17,7,53,41,27,7,75
6654,355,"FOSTA ŞCOALĂ CU CLASELE I-IV BRĂDEȘTI",BRĂDEŞTI,AB,93,0,0,0,0,7,1,0,8,10,11,0,21,11,15,0,26,28,27,0,55,37,31,0,68
6716,356,"FOSTA ŞCOALĂ CU CLASELE I-IV VALEA INZELULUI","VALEA INZELULUI",AB,74,0,0,0,0,2,2,0,4,5,2,0,7,5,2,0,7,21,8,0,29,26,11,0,37
6725,357,"FOSTA ŞCOALĂCU CLASELE I-IV VALEA MĂNĂSTIRII","VALEA MĂNĂSTIRII",AB,138,4,0,0,4,43,37,0,80,52,90,0,142,54,95,0,149,68,142,8,218,71,149,8,228
6967,358,"CĂMIN CULTURAL",UNGUREI,AB,266,3,2,0,5,5,3,0,8,6,3,0,9,6,3,0,9,18,11,0,29,30,13,0,43
6949,359,"PRIMĂRIA ROŞIA DE SECAŞ","ROŞIA DE SECAŞ",AB,582,3,0,0,3,19,2,0,21,26,3,0,29,42,9,0,51,83,13,0,96,131,16,0,147
6958,360,"FOSTUL SEDIU CAP",TĂU,AB,369,3,4,0,7,18,5,0,23,21,7,0,28,31,10,0,41,66,14,0,80,80,18,0,98
6814,361,"ŞCOALA CU CLASELE I-IV - GURA ROȘIEI",CĂRPINIŞ,AB,626,5,0,0,5,23,1,0,24,38,1,0,39,48,1,0,49,103,2,0,105,157,4,0,161
6921,362,"ŞCOALA CU CLASELE I-IV - VÎRTOP",VÎRTOP,AB,182,0,0,0,0,3,2,0,5,4,2,0,6,8,4,0,12,46,11,0,57,51,12,0,63
6770,363,"PRIMARIA COMUNEI ROȘIA MONTANĂ","ROŞIA MONTANĂ",AB,700,0,0,0,0,10,2,0,12,17,5,0,22,30,6,0,36,92,12,0,104,127,16,0,143
6814,364,"LOCUINȚE SOCIALE - CĂRPINIȘ",CĂRPINIŞ,AB,677,3,2,0,5,16,6,0,22,25,6,0,31,33,6,0,39,122,7,0,129,169,8,0,177
6832,365,"ȘCOALA CU CLASELE I-IV - CORNA",CORNA,AB,133,0,0,0,0,4,0,0,4,9,0,0,9,13,0,0,13,30,7,0,37,35,9,0,44
6985,366,"ŞCOALA PRIMARĂ SĂLCIUA DE JOS","SĂLCIUA DE JOS",AB,704,7,1,0,8,21,3,0,24,28,6,0,34,47,9,0,56,140,18,1,159,187,25,1,213
7017,367,"ŞCOALA GIMNAZIALĂ ""SIMION PANTEA"" SĂLCIUA","SĂLCIUA DE SUS",AB,591,5,0,0,5,10,0,0,10,15,0,0,15,17,0,0,17,102,4,0,106,147,9,0,156
7053,368,"ȘCOALA GIMNAZIALĂ ""DAVID PRODAN"" SĂLIȘTEA",SĂLIŞTEA,AB,1041,9,0,0,9,35,3,0,38,55,6,0,61,82,8,0,90,251,20,0,271,346,24,0,370
7062,369,"ŞCOALA PRIMARĂ MĂRGINENI",MĂRGINENI,AB,49,0,0,0,0,13,5,0,18,13,5,0,18,13,5,0,18,19,12,0,31,21,13,0,34
7071,370,"ŞCOALA PRIMARĂ SĂLIŞTEA-DEAL",SĂLIŞTEA-DEAL,AB,236,1,1,0,2,7,2,0,9,10,3,0,13,11,4,0,15,67,4,0,71,121,5,0,126
7080,371,"ŞCOALA PRIMARĂ TĂRTĂRIA",TĂRTĂRIA,AB,570,0,0,0,0,5,0,0,5,11,1,0,12,17,2,0,19,59,15,0,74,88,22,0,110
7115,372,"ȘCOALA PRIMARĂ CĂPÎLNA",CĂPÎLNA,AB,698,16,3,0,19,48,5,0,53,71,8,0,79,90,8,0,98,147,12,0,159,194,12,0,206
7106,373,"ȘCOALA GIMNAZIALĂ SĂSCIORI",SĂSCIORI,AB,1338,8,1,0,9,24,2,0,26,35,4,0,39,48,6,0,54,126,27,0,153,199,28,0,227
7133,374,"ȘCOALA PRIMARĂ LAZ",LAZ,AB,349,2,0,0,2,13,4,0,17,18,4,0,22,21,5,0,26,61,10,0,71,91,14,0,105
7179,375,"ȘCOALA PRIMARĂ SEBEȘEL",SEBEŞEL,AB,1026,6,2,0,8,27,4,0,31,45,11,0,56,68,12,0,80,137,30,0,167,183,34,0,217
7142,376,"ȘCOALA GIMNAZIALĂ LOMAN",LOMAN,AB,677,6,1,0,7,16,2,0,18,26,2,0,28,35,2,0,37,80,7,0,87,139,11,0,150
7160,377,"ȘCOALA GIMNAZIALĂ RĂCHITA",RĂCHITA,AB,728,0,0,0,0,7,0,0,7,15,0,0,15,22,5,0,27,100,10,0,110,251,15,0,266
7204,378,"CĂMINUL CULTURAL SCĂRIȘOARA",SCĂRIŞOARA,AB,596,9,1,0,10,12,1,0,13,13,1,0,14,17,1,0,18,75,5,0,80,163,13,0,176
7286,380,"ŞCOALA PRIMARĂ NEGEȘTI",NEGEŞTI,AB,154,0,0,0,0,1,0,0,1,1,0,0,1,3,0,0,3,12,5,0,17,41,5,0,46
7302,381,"ŞCOALA PRIMARĂ RUNC",RUNC,AB,144,0,0,0,0,1,2,0,3,3,4,0,7,6,4,0,10,23,4,0,27,42,4,0,46
7311,382,"ŞCOALA PRIMARĂ SFOARTEA",SFOARTEA,AB,68,0,3,0,3,1,4,0,5,1,5,0,6,1,7,0,8,10,7,0,17,14,7,0,21
7320,383,"ŞCOALA PRIMARĂ ȘTIULEȚI",ŞTIULEŢI,AB,118,0,0,0,0,2,0,0,2,8,0,0,8,8,4,0,12,26,5,0,31,38,10,0,48
7259,384,"ŞCOALA GIMNAZIALĂ LĂZEȘTI",LĂZEŞTI,AB,212,3,0,0,3,21,0,0,21,29,1,0,30,38,4,0,42,69,22,0,91,86,31,0,117
7357,385,"ȘCOALA GIMNAZIALĂ ION POP RETEGANUL",SÎNCEL,AB,1318,2,2,0,4,22,3,0,25,28,5,0,33,37,5,0,42,148,11,0,159,209,19,0,228
7366,386,"ŞCOALA PRIMARĂ ICLOD",ICLOD,AB,309,1,4,0,5,2,4,0,6,5,6,0,11,12,6,0,18,38,10,0,48,53,12,0,65
7375,387,"ŞCOALA PRIMARĂ PĂNADE",PĂNADE,AB,527,2,0,0,2,11,2,0,13,24,3,0,27,34,3,0,37,69,8,0,77,98,11,0,109
7400,388,"CLĂDIRE VESTIAR - BAZA SPORTIVĂ COȘLARIU",COŞLARIU,AB,357,1,3,0,4,4,4,0,8,12,5,0,17,16,7,0,23,35,14,0,49,54,19,0,73
7437,389,"ŞCOALA PRIMARĂ TOTOI",TOTOI,AB,437,3,4,0,7,11,5,0,16,21,7,0,28,27,12,0,39,65,23,0,88,103,32,0,135
7393,390,"PRIMĂRIA COMUNEI SÎNTIMBRU",SÎNTIMBRU,AB,1177,8,2,0,10,34,5,0,39,55,6,0,61,83,6,0,89,183,15,0,198,208,24,0,232
7419,391,"CENTRU DE ZI PERSOANE VĂRSTNICE",DUMITRA,AB,70,0,0,0,0,3,2,0,5,4,3,0,7,6,5,0,11,8,8,0,16,13,10,0,23
7428,392,"CĂMINUL CULTURAL ""EUGEN CURTA"" GALTIU",GALTIU,AB,407,2,0,0,2,16,4,0,20,18,9,0,27,20,12,0,32,42,17,1,60,70,21,1,92
7669,393,"ȘCOALA PRIMARĂPELEŞ",PELEŞ,AB,358,0,2,0,2,3,3,0,6,9,5,0,14,13,5,0,18,40,5,0,45,70,8,0,78
7678,394,"ŞCOALA PRIMARĂPOIANA",POIANA,AB,133,1,1,0,2,3,1,0,4,6,1,0,7,15,3,0,18,23,7,0,30,30,10,0,40
7455,395,"CĂMINUL CULTURAL SOHODOL",SOHODOL,AB,815,6,1,0,7,18,1,0,19,24,3,0,27,29,3,0,32,113,5,0,118,166,7,0,173
7570,396,"SC HIDROCONSTRUCȚIA SA SEBEȘ PUNCT DE LUCRU SAT LAZURI",LAZURI,AB,185,0,1,0,1,3,4,0,7,4,4,0,8,15,5,0,20,28,6,0,34,44,7,0,51
7776,397,"ŞCOALA GIMNAZIALĂ STREMŢ",STREMŢ,AB,1160,4,0,0,4,35,7,0,42,57,13,0,70,65,17,0,82,159,36,3,198,238,46,3,287
7794,398,"ŞCOALA GIMNAZIALA ""VASILE BOLOGA"" GEOAGIU DE SUS","GEOAGIU DE SUS",AB,643,5,0,0,5,14,3,0,17,24,6,0,30,34,7,0,41,82,16,0,98,121,21,0,142
7801,399,"ŞCOALA PRIMARA GEOMAL",GEOMAL,AB,271,0,1,0,1,0,4,0,4,8,8,0,16,15,9,0,24,43,13,0,56,97,25,0,122
7829,400,"GRĂDINIȚA CU PROGRAM NORMAL ȘIBOT",ŞIBOT,AB,1174,2,0,0,2,11,1,0,12,19,1,0,20,34,2,0,36,143,14,0,157,210,44,0,254
7838,401,"CĂMINUL CULTURAL BALOMIR","BALOMIRU DE CÎMP",AB,527,12,1,0,13,18,4,0,22,28,7,0,35,43,7,0,50,85,18,0,103,114,22,0,136
7847,402,"ŞCOALA PRIMARĂ BĂCĂINŢI",BĂCĂINŢI,AB,227,0,0,0,0,4,2,0,6,7,2,0,9,7,2,0,9,14,4,0,18,18,6,0,24
7856,403,"CLĂDIRE ADMINISTRATIVĂ SĂRĂCSĂU (FOSTA ŞCOALĂ GENERALĂ)",SĂRĂCSĂU,AB,161,2,2,0,4,5,2,0,7,7,2,0,9,9,3,0,12,22,3,0,25,29,4,0,33
7918,404,"CLĂDIRE ADMINISTRATIVĂ (FOSTA ŞCOALĂ CU CLASELE I-IV LUNCA TÎRNAVEI)","LUNCA TÎRNAVEI",AB,343,1,0,0,1,1,0,0,1,3,3,0,6,13,3,0,16,32,4,0,36,48,7,0,55
7874,405,"ŞCOALA GIMNAZIALĂ ŞONA",ŞONA,AB,1052,5,0,0,5,16,1,0,17,18,2,0,20,19,2,0,21,72,7,0,79,116,9,0,125
7883,406,"CĂMINUL CULTURAL ALECUŞ",ALECUŞ,AB,91,1,6,0,7,2,9,0,11,3,11,0,14,6,13,0,19,15,15,0,30,20,16,0,36
7892,407,"SALA MULTIFUNCȚIONALĂBIIA",BIIA,AB,969,2,3,0,5,6,8,0,14,14,9,0,23,37,9,0,46,97,11,0,108,154,13,0,167
7927,408,"ȘCOALA GIMNAZIALĂSÎNMICLĂUŞ",SÎNMICLĂUŞ,AB,1154,1,0,0,1,2,0,0,2,9,3,0,12,10,3,0,13,29,3,0,32,42,4,0,46
7954,409,"PRIMĂRIA COMUNEI ŞPRING",ŞPRING,AB,579,5,0,0,5,12,1,0,13,21,5,0,26,44,8,0,52,138,23,2,163,203,35,2,240
7981,410,"ŞCOALA GIMNAZIALĂ CUNŢA",CUNŢA,AB,474,6,0,0,6,10,9,0,19,20,9,0,29,31,9,0,40,93,16,0,109,131,18,0,149
7990,411,"ŞCOALA PRIMARĂ DRAŞOV",DRAŞOV,AB,434,4,0,0,4,11,5,0,16,15,5,0,20,19,5,0,24,64,17,0,81,114,20,0,134
8005,412,"SEDIU ADMINISTRATIV VINGARD - COMUNA ŞPRING",VINGARD,AB,574,5,1,0,6,12,5,0,17,17,5,0,22,29,6,0,35,74,13,0,87,104,19,0,123
8050,413,"CLĂDIRE ADMINISTRATIVĂ (FOSTĂ ŞCOALA GENERALĂ DOBRA)",DOBRA,AB,451,1,0,0,1,20,1,0,21,37,1,0,38,44,1,0,45,71,5,0,76,94,10,0,104
8078,414,"ŞCOALA PRIMARĂ MĂRTINIE",MĂRTINIE,AB,450,0,0,0,0,5,1,0,6,8,3,0,11,14,3,0,17,61,9,0,70,92,9,0,101
8023,415,"PRIMĂRIA COMUNEI ŞUGAG",ŞUGAG,AB,1430,7,0,0,7,22,14,0,36,37,16,0,53,84,23,0,107,207,36,0,243,250,46,0,296
8167,416,"ŞCOALA GIMNAZIALĂ ""AVRAM IANCU"" UNIREA",UNIREA,AB,972,0,1,0,1,15,3,0,18,24,3,0,27,41,3,0,44,70,6,0,76,86,6,0,92
8167,417,"ŞCOALA GIMNAZIALĂ ""AVRAM IANCU"" UNIREA",UNIREA,AB,817,1,0,0,1,7,10,0,17,13,11,0,24,20,11,0,31,61,13,0,74,83,14,0,97
8167,418,"ŞCOALA GIMNAZIALĂ ""GHEORGHE MAIER"" UNIREA",UNIREA,AB,1164,13,0,0,13,31,2,0,33,40,4,0,44,54,5,0,59,116,13,0,129,168,18,0,186
8176,419,"ŞCOALA PRIMARĂ CIUGUDU DE JOS","CIUGUDU DE JOS",AB,281,0,0,0,0,9,0,0,9,14,1,0,15,16,2,0,18,35,2,0,37,53,4,0,57
8185,420,"ŞCOALA PRIMARĂ CIUGUDU DE SUS","CIUGUDU DE SUS",AB,118,2,4,0,6,4,5,0,9,4,5,0,9,9,9,0,18,22,12,0,34,28,17,0,45
8194,421,"ŞCOALA PRIMARĂ DUMBRAVA",DUMBRAVA,AB,278,1,5,0,6,39,18,0,57,39,19,31,89,42,21,31,94,62,29,31,122,82,32,31,145
8201,422,"ŞCOALA PRIMARĂ INOC",INOC,AB,163,2,7,0,9,2,7,0,9,7,9,0,16,11,9,0,20,27,12,0,39,32,15,0,47
8210,423,"ŞCOALA PRIMARĂ MĂHĂCENI",MĂHĂCENI,AB,229,0,1,0,1,11,3,0,14,15,4,0,19,18,10,0,28,50,23,1,74,53,28,1,82
8238,424,CĂMINCULTURAL,"VADU MOŢILOR",AB,1139,10,0,0,10,35,2,0,37,42,8,0,50,60,8,0,68,207,21,0,228,275,33,0,308
8363,425,"PRIMĂRIA VALEA LUNGĂ","VALEA LUNGĂ",AB,1553,9,1,0,10,25,1,0,26,42,2,0,44,63,3,0,66,130,8,1,139,163,10,2,175
8372,426,"CASĂ PARTICULARĂ FĂGET",FĂGET,AB,21,0,0,0,0,1,1,0,2,1,2,0,3,2,7,0,9,8,10,0,18,8,10,0,18
8381,427,"ŞCOALA PRIMARĂ GLOGOVEŢ",GLOGOVEŢ,AB,135,3,3,0,6,5,6,0,11,8,7,0,15,10,7,0,17,20,10,0,30,31,14,0,45
8390,428,"ŞCOALA PRIMARĂ LODROMAN",LODROMAN,AB,156,2,1,0,3,7,2,0,9,16,3,0,19,17,3,0,20,26,4,0,30,31,5,0,36
8407,429,"ȘCOALA PRIMARĂLUNCA",LUNCA,AB,374,1,3,0,4,2,4,0,6,5,10,0,15,9,11,0,20,28,17,0,45,43,20,0,63
8416,430,"CĂMIN CULTURAL TĂUNI",TĂUNI,AB,241,1,0,0,1,6,0,0,6,6,1,0,7,6,1,0,7,26,9,0,35,40,13,0,53
8434,431,"PRIMĂRIA COMUNEI VIDRA",VIDRA,AB,308,2,0,0,2,5,2,0,7,9,4,0,13,12,4,0,16,54,10,0,64,79,12,0,91
8568,432,"ŞCOALA PRIMARĂ GOIEŞTI",GOIEŞTI,AB,293,3,3,0,6,7,6,0,13,17,7,0,24,18,7,0,25,37,8,0,45,56,12,0,68
8728,433,"FOSTUL SEDIU AL PRIMĂRIEI PONOREL",PONOREL,AB,733,5,0,0,5,14,0,0,14,20,0,0,20,40,0,0,40,120,0,0,120,151,9,0,160
9002,434,"CĂMIN CULTURAL VURPĂR",VURPĂR,AB,860,6,1,0,7,13,1,0,14,21,1,0,22,32,1,0,33,82,8,0,90,128,11,0,139
8835,435,"CĂMIN CULTURAL VINŢU DE JOS","VINŢU DE JOS",AB,1060,10,0,0,10,35,0,0,35,54,0,0,54,79,0,0,79,161,5,0,166,230,11,0,241
8835,436,"ŞCOALA GIMNAZIALĂ ""IULIU MANIU"" VINŢU DE JOS","VINŢU DE JOS",AB,1319,11,4,0,15,41,7,0,48,59,10,0,69,74,10,0,84,171,16,0,187,259,23,0,282
8835,437,"GRĂDINIŢA CU PROGRAM NORMAL SIBIŞENI","VINŢU DE JOS",AB,596,8,0,0,8,24,4,0,28,40,5,0,45,51,6,0,57,112,11,1,124,142,15,1,158
8906,438,"CASA PAROHIALĂ INURI",INURI,AB,155,0,0,0,0,0,0,0,0,1,2,0,3,3,7,0,10,9,7,0,16,12,9,0,21
8933,439,"CĂMIN CULTURAL MERETEU",MERETEU,AB,171,2,4,0,6,2,4,0,6,2,4,0,6,6,4,0,10,26,8,0,34,51,10,0,61
8997,440,"ŞCOALA PRIMARĂ VALEA VINŢULUI","VALEA VINŢULUI",AB,335,0,1,0,1,1,1,0,2,3,4,0,7,4,4,0,8,18,4,0,22,24,6,0,30
13178,1,"BIBLIOTECA JUDEŢEANĂ ARGEŞ “DINICU GOLESCU”",PITEŞTI,AG,1256,15,0,0,15,86,22,0,108,117,39,0,156,124,41,0,165,223,65,0,288,276,90,0,366
13178,2,"COLEGIUL ECONOMIC “MARIA TEIULEANU”",PITEŞTI,AG,1151,21,0,0,21,86,5,0,91,134,9,0,143,142,12,0,154,216,28,0,244,263,35,0,298
13178,3,"ŞCOALA GIMNAZIALĂ “ION PILLAT” ( FOSTĂ ŞCOALĂ NR.3)",PITEŞTI,AG,1047,12,0,0,12,38,5,0,43,55,6,0,61,72,10,0,82,154,14,0,168,184,17,0,201
13178,4,"COLEGIUL ECONOMIC “MARIA TEIULEANU” (FOST LICEUL TEHNOLOGIC „ION MINCU”)",PITEŞTI,AG,1489,8,2,0,10,51,2,0,53,94,7,0,101,115,10,0,125,206,16,0,222,266,21,0,287
13178,5,"ŞCOALA GIMNAZIALĂ "" NEGRU VODĂ"" ( FOSTĂ ŞCOALA NR. 12)",PITEŞTI,AG,1775,15,2,0,17,87,3,0,90,115,4,0,119,126,5,0,131,219,8,0,227,275,18,0,293
13178,6,"ŞCOALA GIMNAZIALĂ "" NEGRU VODĂ"" ( FOSTĂ ŞCOALA NR. 12)",PITEŞTI,AG,1605,5,0,0,5,58,2,0,60,80,2,0,82,92,3,0,95,172,8,0,180,221,17,0,238
13178,7,"ŞCOALA GIMNAZIALĂ "" NEGRU VODĂ"" ( FOSTĂ ŞCOALA NR. 12)",PITEŞTI,AG,1803,8,0,0,8,48,2,0,50,73,2,0,75,88,2,0,90,172,6,0,178,233,7,0,240
13178,8,"ŞCOALA GIMNAZIALĂ "" NEGRU VODĂ"" ( FOSTĂ ŞCOALA NR. 12)",PITEŞTI,AG,1882,10,1,0,11,63,2,0,65,84,3,0,87,109,6,0,115,198,13,0,211,266,16,0,282
13178,9,"GRĂDINIŢACU PROGRAM PRELUNGIT "" MICUL PRINŢ"" (FOSTA GRĂDINIŢACU PROGRAM PRELUNGIT NR. 13",PITEŞTI,AG,2101,13,0,0,13,96,2,0,98,116,4,0,120,125,5,0,130,223,11,0,234,286,17,0,303
13178,10,"ŞCOALAGIMNAZIALĂ “MIRCEA CELBĂTRAN"" (FOSTĂ ŞCOALANR. 13)",PITEŞTI,AG,1897,9,0,0,9,53,0,0,53,101,0,0,101,118,1,0,119,232,4,0,236,293,9,0,302
13178,11,"ŞCOALAGIMNAZIALĂ “MIRCEA CELBĂTRAN"" (FOSTĂ ŞCOALANR. 13)",PITEŞTI,AG,1865,18,1,0,19,77,1,0,78,130,8,0,138,157,8,0,165,270,20,0,290,323,24,0,347
13178,12,"ŞCOALAGIMNAZIALĂ “MIRCEA CELBĂTRAN"" (FOSTĂ ŞCOALANR. 13)",PITEŞTI,AG,1928,11,0,0,11,67,2,0,69,107,4,0,111,123,4,0,127,253,13,0,266,329,19,0,348
13178,13,"ŞCOALAGIMNAZIALĂ “MIRCEA CELBĂTRAN"" (FOSTĂ ŞCOALANR. 13)",PITEŞTI,AG,1840,15,0,0,15,98,2,0,100,152,4,0,156,165,5,0,170,306,7,0,313,358,8,0,366
13178,14,"GRĂDINIŢA CU PROGRAM PRELUNGIT ""LUMINIŞUL PĂDURII"" (FOSTĂ GRĂDINIŢĂNR. 6)",PITEŞTI,AG,1429,10,1,0,11,86,3,0,89,115,5,0,120,132,8,0,140,241,11,1,253,301,21,1,323
13178,15,"GRĂDINIŢA CU PROGRAM PRELUNGIT ""LUMINIŞUL PĂDURII"" (FOSTĂ GRĂDINIŢĂNR. 6)",PITEŞTI,AG,1737,12,0,0,12,110,2,0,112,135,2,0,137,155,2,0,157,309,6,0,315,368,16,0,384
13178,16,"LICEUL TEHNOLOGIC ""DACIA"" (FOST GRUP ŞCOLAR INDUSTRIAL CONSTRUCŢII MAŞINI)",PITEŞTI,AG,1552,15,0,0,15,81,3,0,84,121,8,0,129,137,9,0,146,252,17,0,269,312,26,0,338
13178,17,"COLEGIUL NAŢIONAL “ION C. BRĂTIANU”",PITEŞTI,AG,926,7,2,0,9,41,6,0,47,59,11,0,70,72,11,0,83,127,30,0,157,154,41,0,195
13178,18,"ŞCOALA NR.1 - STRUCTURĂ A ŞCOLII GIMNAZIALE „NICOLAE BĂLCESCU” (FOSTA ŞCOALA GIMNAZIALĂ NR.9)",PITEŞTI,AG,1692,11,1,0,12,105,4,0,109,142,4,8,154,157,4,8,169,301,8,8,317,367,13,8,388
13178,19,"ŞCOALA NR.1 - STRUCTURĂ A ŞCOLII GIMNAZIALE „NICOLAE BĂLCESCU” (FOSTA ŞCOALA GIMNAZIALĂ NR.9)",PITEŞTI,AG,1661,17,1,0,18,97,1,0,98,131,1,0,132,146,2,0,148,247,7,1,255,321,13,1,335
13178,20,"UNIVERSITATEA „CONSTANTIN BRÂNCOVEANU” (INTRAREA C)",PITEŞTI,AG,1553,18,3,0,21,44,8,0,52,60,8,0,68,63,8,0,71,150,14,0,164,197,22,0,219
13178,21,"ŞCOALA GIMNAZIALĂ „ALEXANDRU DAVILA” (INTRAREA B) (FOSTA ŞCOALĂ NR.14)",PITEŞTI,AG,1172,12,5,0,17,62,6,0,68,79,12,0,91,82,14,0,96,141,17,0,158,185,22,0,207
13178,22,"ŞCOALA GIMNAZIALĂ""NICOLAE BĂLCESCU"" ( FOSTA ŞCOALĂ NR.6)",PITEŞTI,AG,1803,16,2,0,18,75,2,0,77,103,7,0,110,121,7,0,128,257,12,0,269,306,22,0,328
13178,23,"ŞCOALA GIMNAZIALĂ""NICOLAE BĂLCESCU"" ( FOSTA ŞCOALĂ NR.6)",PITEŞTI,AG,1755,10,0,0,10,36,0,0,36,59,0,0,59,64,0,0,64,151,7,0,158,192,8,0,200
13178,24,"ŞCOALA GIMNAZIALĂ""NICOLAE BĂLCESCU"" ( FOSTA ŞCOALĂ NR.6)",PITEŞTI,AG,1795,19,4,0,23,70,4,0,74,94,4,0,98,105,4,0,109,216,8,0,224,272,10,0,282
13178,25,"ŞCOALA GIMNAZIALĂ""NICOLAE BĂLCESCU"" ( FOSTA ŞCOALĂ NR.6)",PITEŞTI,AG,1736,12,0,0,12,55,5,0,60,69,5,0,74,83,5,0,88,193,7,0,200,247,10,0,257
13178,26,"GRĂDINIŢA CU PROGRAM PRELUNGIT ""ALBĂ CA ZĂPADA"" ( FOSTA GRĂDINIŢĂNR. 10)",PITEŞTI,AG,1873,21,0,0,21,80,1,0,81,96,5,0,101,107,6,0,113,184,6,0,190,247,8,0,255
13178,27,"ŞCOALA GIMNAZIALĂ“ADRIAN PĂUNESCU” (FOSTĂ ŞCOALA NR. 15 )",PITEŞTI,AG,1793,14,3,0,17,99,4,0,103,134,9,0,143,151,9,0,160,264,14,0,278,313,16,0,329
13178,28,"ŞCOALA GIMNAZIALĂ“ADRIAN PĂUNESCU” (FOSTĂ ŞCOALA NR. 15 )",PITEŞTI,AG,1848,20,4,0,24,91,5,0,96,134,7,0,141,152,7,0,159,277,14,0,291,345,19,0,364
13178,29,"GRĂDINIŢA CU PROGRAM NORMAL NR. 11- STRUCTURĂ A GRĂDINIŢEI CU PROGRAMPRELUNGIT „ALBĂ CA ZĂPADA”",PITEŞTI,AG,1839,11,5,0,16,65,9,0,74,86,9,0,95,99,9,0,108,214,11,0,225,276,21,0,297
13178,30,"S.C.LISA DRAXLMAIERS.A.",PITEŞTI,AG,1896,21,1,0,22,75,1,0,76,106,4,0,110,125,5,0,130,248,8,0,256,327,9,0,336
13178,31,"S.C.LISA DRAXLMAIERS.A.",PITEŞTI,AG,2009,10,3,0,13,52,3,0,55,74,4,0,78,86,5,0,91,237,11,0,248,300,14,0,314
13178,32,"LICEUL TEORETIC ""ION CANTACUZINIO""",PITEŞTI,AG,1857,18,0,0,18,65,4,0,69,88,6,0,94,112,6,0,118,213,11,1,225,268,19,1,288
13178,33,"LICEUL TEORETIC ""ION CANTACUZINIO""",PITEŞTI,AG,1944,20,0,0,20,96,0,0,96,123,0,0,123,145,0,0,145,280,2,0,282,348,8,0,356
13178,34,"LICEUL TEORETIC "" ION CANTACUZINO""",PITEŞTI,AG,1789,10,0,0,10,74,4,0,78,105,4,0,109,120,4,0,124,207,5,0,212,268,7,0,275
13178,35,"POLICLINICA SPITALULUI JUDEŢEAN",PITEŞTI,AG,1660,23,1,0,24,77,11,0,88,104,12,0,116,118,13,0,131,215,22,0,237,291,25,55,371
13178,36,"ŞCOALA GIMNAZIALĂ ""MATEI BASARAB"" ( FOSTA ŞCOALA NR. 19)",PITEŞTI,AG,1695,12,2,0,14,58,2,0,60,93,8,0,101,111,10,0,121,223,17,0,240,275,22,0,297
13178,37,"ŞCOALA GIMNAZIALĂ ""MATEI BASARAB"" ( FOSTA ŞCOALA NR. 19)",PITEŞTI,AG,2107,23,1,0,24,100,5,0,105,131,5,0,136,159,5,0,164,277,9,0,286,370,12,0,382
13178,38,"ŞCOALA GIMNAZIALĂ „MATEI BASARAB”(FOSTA ŞCOALĂ NR.19)",PITEŞTI,AG,1726,9,1,0,10,55,4,0,59,87,4,0,91,105,5,0,110,227,11,0,238,279,17,0,296
13178,39,"UNIVERSITATEA “CONSTANTIN BRÂNCOVEANU”",PITEŞTI,AG,1502,9,1,0,10,54,9,0,63,79,9,0,88,107,11,0,118,181,13,1,195,231,15,1,247
13178,40,"UNIVERSITATEA ""CONSTANTIN BRÂNCOVEANU""",PITEŞTI,AG,1632,18,0,0,18,63,3,0,66,95,3,0,98,100,3,0,103,204,5,0,209,246,6,0,252
13178,41,"ŞCOALA GIMNAZIALĂ “ALEXANDRU DAVILA” (FOSTĂ ŞCOALĂ NR.14)",PITEŞTI,AG,1881,18,0,0,18,105,2,0,107,158,5,0,163,170,5,0,175,295,9,0,304,357,14,0,371
13178,42,"ŞCOALA GIMNAZIALĂ“MARIN PREDA” (FOSTA ŞCOALĂ NR.10)",PITEŞTI,AG,1801,24,0,0,24,99,2,0,101,128,2,0,130,146,2,0,148,269,6,0,275,322,17,0,339
13178,43,"ŞCOALA GIMNAZIALĂ“MARIN PREDA” (FOSTA ŞCOALĂ NR.10)",PITEŞTI,AG,1479,15,0,0,15,80,1,0,81,107,2,2,111,122,6,2,130,232,16,2,250,314,37,2,353
13178,44,"ŞCOALA GIMNAZIALĂ“MARIN PREDA” (FOSTA ŞCOALĂ NR.10)",PITEŞTI,AG,1682,25,1,0,26,127,6,0,133,159,10,0,169,179,13,0,192,315,24,0,339,387,33,0,420
13178,45,"COLEGIUL TEHNIC "" ARMAND CĂLINESCU""",PITEŞTI,AG,742,6,0,8,14,31,0,9,40,64,1,9,74,68,2,9,79,128,5,9,142,148,5,9,162
13178,46,"COLEGIUL TEHNIC "" ARMAND CĂLINESCU""",PITEŞTI,AG,1403,6,0,0,6,78,1,0,79,113,5,0,118,133,11,0,144,237,19,0,256,284,19,0,303
13178,47,"ŞCOALA GIMNAZIALĂ “NICOLAE SIMONIDE” (FOSTĂ ŞCOALĂ NR.1)",PITEŞTI,AG,1130,9,1,0,10,75,4,0,79,104,5,0,109,115,7,0,122,214,14,0,228,252,18,0,270
13178,48,"ŞCOALA GIMNAZIALĂ “NICOLAE SIMONIDE” (FOSTĂ ŞCOALĂ NR.1)",PITEŞTI,AG,1585,14,2,0,16,66,2,0,68,96,3,0,99,113,4,0,117,217,6,0,223,290,7,0,297
13178,49,"ŞCOALA GIMNAZIALĂ “NICOLAE SIMONIDE” (FOSTĂ ŞCOALĂ NR.1)",PITEŞTI,AG,924,5,0,0,5,52,2,0,54,71,2,0,73,79,2,0,81,146,3,0,149,177,6,0,183
13178,50,"DIRECŢIA APELOR ARGEŞ-VEDEA",PITEŞTI,AG,1041,4,2,0,6,35,3,0,38,58,4,0,62,69,6,0,75,150,13,0,163,200,14,0,214
13178,51,"DISPENSARUL NR. 16 (ÎN CLĂDIREA CREŞEI NR. 9)",PITEŞTI,AG,1771,21,1,0,22,110,7,0,117,147,10,0,157,169,10,0,179,290,14,0,304,352,16,0,368
13178,52,"ŞCOALA GIMNAZIALĂ “NICOLAE IORGA”(FOSTĂ ŞCOALĂ NR.5)",PITEŞTI,AG,1450,15,1,0,16,66,9,0,75,88,11,0,99,104,16,0,120,208,20,0,228,267,28,0,295
13178,53,"ŞCOALA GIMNAZIALĂ “NICOLAE IORGA”(FOSTĂ ŞCOALĂ NR.5)",PITEŞTI,AG,1083,7,0,0,7,57,1,0,58,83,1,0,84,93,1,0,94,179,5,0,184,224,13,0,237
13178,54,"ŞCOALA GIMNAZIALĂ ""TUDOR VLADIMIRESCU"" ( FOSTĂ ŞCOALĂ NR.20)",PITEŞTI,AG,1733,15,0,0,15,52,4,0,56,80,8,0,88,86,8,0,94,196,14,0,210,288,18,0,306
13178,55,"ŞCOALA GIMNAZIALĂ ""TUDOR VLADIMIRESCU"" ( FOSTĂ ŞCOALĂ NR.20)",PITEŞTI,AG,1665,10,0,0,10,50,2,0,52,80,3,0,83,89,6,0,95,186,11,0,197,240,16,0,256
13178,56,"ŞCOALA GIMNAZIALĂ "" TUDOR VLADIMIRESCU"" ( FOSTĂ ŞCOALĂ NR.20)",PITEŞTI,AG,1820,15,1,0,16,71,3,0,74,93,4,0,97,112,4,0,116,215,11,0,226,287,12,0,299
13178,57,"ŞCOALA GIMNAZIALĂ "" MIRCEA ELIADE"" ( FOSTĂ ŞCOALĂ NR.18)",PITEŞTI,AG,1710,15,0,0,15,71,2,0,73,89,2,0,91,104,2,0,106,188,10,0,198,221,13,0,234
13178,58,"ŞCOALA GIMNAZIALĂ "" MIRCEA ELIADE"" ( FOSTĂ ŞCOALĂ NR.18)",PITEŞTI,AG,1707,6,2,0,8,48,5,0,53,78,5,0,83,96,5,0,101,179,9,0,188,243,12,0,255
13178,59,"ŞCOALA GIMNAZIALĂ "" TUDOR ARGHEZI"" ( FOSTĂ ŞCOALĂ NR.7)",PITEŞTI,AG,1827,12,0,0,12,33,0,0,33,66,1,0,67,72,1,0,73,134,5,0,139,183,7,0,190
13178,60,"ŞCOALA GIMNAZIALĂ "" TUDOR ARGHEZI"" ( FOSTĂ ŞCOALĂ NR.7)",PITEŞTI,AG,1792,22,1,0,23,72,5,0,77,89,8,0,97,106,9,0,115,218,14,0,232,282,21,0,303
13178,61,"ŞCOALA GIMNAZIALĂ "" TUDOR ARGHEZI"" ( FOSTĂ ŞCOALĂ NR.7)",PITEŞTI,AG,2024,15,0,0,15,72,4,0,76,119,5,0,124,132,5,0,137,249,14,0,263,327,19,0,346
13178,62,"ŞCOALA GIMNAZIALĂ "" TUDOR ARGHEZI"" ( FOSTĂ ŞCOALĂ NR.7)",PITEŞTI,AG,1831,20,3,0,23,63,4,0,67,109,5,0,114,123,5,0,128,250,6,0,256,322,6,0,328
13178,63,"COLEGIUL TEHNIC ""COSTIN D. NENIŢESCU""",PITEŞTI,AG,1598,5,4,0,9,35,6,0,41,66,8,0,74,72,12,0,84,120,22,0,142,170,28,0,198
13178,64,"COLEGIUL TEHNIC ""COSTIN D. NENIŢESCU""",PITEŞTI,AG,1758,7,0,0,7,48,0,0,48,69,0,0,69,77,0,0,77,173,5,0,178,215,13,0,228
13178,65,"COLEGIUL TEHNIC ""COSTIN D. NENIŢESCU""",PITEŞTI,AG,1667,15,4,0,19,66,7,0,73,100,7,0,107,115,7,0,122,212,9,0,221,263,9,0,272
13178,66,"ŞCOALA NR.2 - STRUCTURĂ A ŞCOLII GIMNAZIALE „TUDOR VLADIMIRESCU” (FOSTA ȘCOALĂ NR.8)",PITEŞTI,AG,1813,18,2,0,20,86,5,0,91,127,10,0,137,144,15,0,159,273,21,0,294,339,24,0,363
13178,67,"CLUBUL PENSIONARILOR",PITEŞTI,AG,1850,16,0,0,16,103,8,0,111,157,9,0,166,189,10,0,199,322,12,0,334,377,13,0,390
13178,68,"ŞCOALA GIMNAZIALĂ “MIHAI EMINESCU” (FOSTA ŞCOALA NR.11)",PITEŞTI,AG,1527,17,2,0,19,97,9,0,106,124,9,0,133,130,9,0,139,239,26,0,265,310,44,0,354
13178,69,"ŞCOALA GIMNAZIALĂ “MIHAI EMINESCU” (FOSTA ŞCOALA NR.11)",PITEŞTI,AG,1453,29,2,0,31,100,8,0,108,135,9,0,144,147,10,0,157,239,12,0,251,306,19,0,325
13178,70,"GRĂDINIŢA CU PROGRAM PRELUNGIT "" FLOARE DE COLŢ"" ( FOSTA GRĂDINIŢĂ NR.5)",PITEŞTI,AG,1191,24,0,0,24,97,1,0,98,119,1,0,120,131,5,0,136,193,7,0,200,241,7,0,248
13178,71,"UNIVERSITATEA PITEŞTI",PITEŞTI,AG,1765,12,1,0,13,80,2,0,82,126,3,0,129,141,3,0,144,246,10,0,256,318,22,0,340
13178,72,"COLEGIUL NAŢIONAL “ALEXANDRU ODOBESCU”",PITEŞTI,AG,1907,10,1,0,11,69,2,0,71,106,2,0,108,125,2,0,127,234,10,0,244,335,18,0,353
13178,73,"COLEGIUL NAŢIONAL “ALEXANDRU ODOBESCU”",PITEŞTI,AG,1768,11,2,0,13,51,4,0,55,66,4,0,70,80,4,0,84,169,9,0,178,239,9,0,248
13178,74,"GRĂDINIŢA CU PROGRAM PRELUNGIT "" ARMONIA"" ( FOSTA GRĂDINIŢĂ NR.8)",PITEŞTI,AG,1868,13,3,0,16,67,3,0,70,81,4,0,85,93,7,0,100,166,9,0,175,214,13,0,227
13178,75,"ŞCOALA GIMNAZIALĂ “ION MINULESCU” (FOSTA ŞCOALĂ NR.2)",PITEŞTI,AG,1498,10,5,0,15,60,9,0,69,81,10,0,91,96,14,0,110,157,19,0,176,214,27,0,241
13178,76,"ŞCOALA GIMNAZIALĂ “ION MINULESCU” (FOSTA ŞCOALĂ NR.2)",PITEŞTI,AG,1696,20,5,0,25,102,9,0,111,131,13,0,144,148,13,0,161,277,25,1,303,351,25,1,377
13178,77,"COLEGIUL TEHNIC “DIMITRIE DIMA”",PITEŞTI,AG,1612,14,1,0,15,68,3,0,71,94,4,0,98,102,8,0,110,215,15,0,230,277,19,0,296
13178,78,"COLEGIUL TEHNIC “DIMITRIE DIMA”",PITEŞTI,AG,1856,9,2,0,11,50,8,0,58,75,9,0,84,93,9,0,102,140,19,0,159,196,25,0,221
13178,79,"ŞCOALA GIMNAZIALĂ "" TUDOR MUŞATESCU"" (FOSTA ŞCOALA NR. 17) (INTRAREA A)",PITEŞTI,AG,1355,4,0,0,4,28,0,0,28,57,1,0,58,74,2,0,76,119,4,0,123,162,9,0,171
13178,80,"ŞCOALA GIMNAZIALĂ „TUDOR MUŞATESCU” (FOSTĂ ŞCOALĂ NR.17) (INTRAREA B)",PITEŞTI,AG,1346,6,0,0,6,33,0,0,33,60,0,0,60,67,0,0,67,130,8,0,138,174,8,0,182
13178,81,"LICEUL TEHNOLOGIC "" CONSTANTIN BRÂNCUŞI"" ( FOST LICEU TEHNOLOGIC DEINDUSTRIALIZAREA LEMNULUI)",PITEŞTI,AG,1722,19,2,0,21,88,4,0,92,123,5,0,128,143,6,0,149,259,13,0,272,336,18,0,354
13178,82,"LICEUL TEHNOLOGIC "" CONSTANTIN BRÂNCUŞI"" ( FOST LICEU TEHNOLOGIC DEINDUSTRIALIZAREA LEMNULUI)",PITEŞTI,AG,1712,16,0,0,16,86,3,0,89,120,4,0,124,135,4,0,139,240,6,0,246,303,10,0,313
13178,83,"GRĂDINIŢA CU PROGRAM NORMAL ""ISTEŢEL"" ( FOSTA GRĂDINIŢĂ NR.4)",PITEŞTI,AG,1765,11,3,0,14,108,4,0,112,131,6,0,137,157,7,0,164,253,16,0,269,299,19,0,318
13178,84,"GRĂDINIŢA CU PROGRAM PRELUNGIT "" ARIPI DESCHISE"" ( FOSTA GRĂDINIŢĂ NR.14)",PITEŞTI,AG,1804,16,3,0,19,80,5,0,85,113,7,0,120,126,7,0,133,259,9,0,268,324,10,0,334
13178,85,"ŞCOALA GIMNAZIALĂ “I. L. CARAGIALE” (FOSTĂ ŞCOALĂ NR.16)",PITEŞTI,AG,1666,14,2,0,16,76,4,0,80,104,7,0,111,111,9,0,120,191,14,0,205,265,23,0,288
13178,86,"ŞCOALA GIMNAZIALĂ “I. L. CARAGIALE” (FOSTĂ ŞCOALĂ NR.16)",PITEŞTI,AG,1790,26,0,0,26,83,0,0,83,103,0,0,103,114,0,0,114,201,5,0,206,247,9,0,256
13178,87,"ŞCOALA GIMNAZIALĂ “I. L. CARAGIALE” (FOSTĂ ŞCOALĂ NR.16)",PITEŞTI,AG,1693,11,0,0,11,73,0,0,73,111,0,0,111,127,0,0,127,249,2,0,251,309,2,0,311
13178,88,"ŞCOALA GIMNAZIALĂ "" TRAIAN"" ( FOSTĂ ŞCOALĂ NR.4)",PITEŞTI,AG,1420,13,0,0,13,61,3,0,64,103,3,0,106,110,3,0,113,222,4,0,226,291,12,0,303
13178,89,"ŞCOALA GIMNAZIALĂ "" TRAIAN"" ( FOSTĂ ŞCOALĂ NR.4)",PITEŞTI,AG,1677,23,2,0,25,102,10,0,112,140,13,0,153,164,14,0,178,277,18,0,295,347,27,0,374
13506,90,"ŞCOALA GIMNAZIALĂ ""OPREA IORGULESCU"" - I",CÂMPULUNG,AG,787,9,7,0,16,37,16,0,53,44,19,0,63,55,23,0,78,128,33,0,161,170,41,0,211
13506,91,"ŞCOALA GIMNAZIALĂ ""OPREA IORGULESCU"" - II",CÂMPULUNG,AG,909,14,4,0,18,47,5,0,52,63,7,0,70,74,7,0,81,165,14,0,179,197,17,0,214
13506,92,"COLEGIUL TEHNIC",CÂMPULUNG,AG,1195,10,8,0,18,47,16,9,72,67,18,9,94,89,19,9,117,187,31,9,227,241,36,9,286
13506,93,"BIBLIOTECA GRUI",CÂMPULUNG,AG,1718,7,2,0,9,37,4,0,41,61,5,0,66,70,6,0,76,168,10,0,178,216,16,0,232
13506,94,"GRĂDINIŢA CU PROGRAM NORMAL NR. 9 - I",CÂMPULUNG,AG,1628,9,0,0,9,57,2,0,59,91,2,0,93,117,4,0,121,200,12,0,212,247,14,0,261
13506,95,"GRĂDINIŢA CU PROGRAM NORMAL NR. 9 - II",CÂMPULUNG,AG,1481,14,1,0,15,45,4,0,49,83,5,0,88,92,6,0,98,182,7,0,189,241,7,0,248
13506,96,"GRĂDINIŢA CU PROGRAM NORMAL NR 9 - III",CÂMPULUNG,AG,1508,19,2,0,21,55,2,0,57,74,2,0,76,96,2,0,98,199,6,0,205,255,7,0,262
13506,97,"ŞCOALA GENERALĂ NR. 5",CÂMPULUNG,AG,1155,3,0,0,3,24,3,0,27,39,8,0,47,49,8,0,57,111,12,0,123,132,15,0,147
13506,98,"S.C. HIDROELECTRICA S.A.",CÂMPULUNG,AG,932,4,3,0,7,31,5,0,36,41,8,0,49,54,8,0,62,125,13,0,138,148,16,0,164
13506,99,"ŞCOALA GIMNAZIALĂ ""THEODOR AMAN"" - I",CÂMPULUNG,AG,1460,13,5,0,18,37,8,0,45,67,8,0,75,86,8,0,94,151,17,0,168,184,17,0,201
13506,100,"ŞCOALA GIMNAZIALĂ ""THEODOR AMAN"" - II",CÂMPULUNG,AG,1133,8,0,0,8,47,0,0,47,57,0,0,57,69,0,0,69,133,6,0,139,156,10,0,166
13506,101,"ŞCOALA GIMNAZIALĂ ""THEODOR AMAN"" - III",CÂMPULUNG,AG,1340,4,3,0,7,29,6,0,35,34,6,0,40,45,7,0,52,113,7,0,120,153,11,0,164
13506,102,"GRĂDINIŢA CU PROGRAM PRELUNGIT ""SFÂNTA MARINA"" - I",CÂMPULUNG,AG,1415,10,4,0,14,43,5,0,48,61,7,0,68,73,7,0,80,139,9,0,148,172,9,0,181
13506,103,"GRĂDINIŢA CU PROGRAM PRELUNGIT ""SFÂNTA MARINA"" - II",CÂMPULUNG,AG,1350,9,0,0,9,38,0,0,38,56,0,0,56,68,0,0,68,128,0,0,128,156,0,0,156
13506,104,"GRĂDINIŢA CU PROGRAM PRELUNGIT ""SFÂNTA MARINA"" - III",CÂMPULUNG,AG,1657,5,4,0,9,35,7,0,42,65,7,1,73,79,7,1,87,178,11,1,190,215,14,1,230
13506,105,"GRĂDINIŢA CU PROGRAM NORMAL NR. 8 - I",CÂMPULUNG,AG,1660,12,3,0,15,29,4,0,33,41,8,0,49,59,12,0,71,140,14,0,154,167,18,0,185
13506,106,"GRĂDINIŢA CU PROGRAM NORMAL NR. 8 - II",CÂMPULUNG,AG,1477,15,1,0,16,71,3,0,74,104,4,0,108,127,5,0,132,242,11,0,253,265,16,0,281
13506,107,"GRĂDINIŢA VALEA ROMÂNEŞTILOR",CÂMPULUNG,AG,384,2,2,0,4,11,4,0,15,16,8,0,24,30,9,0,39,63,15,0,78,70,18,0,88
13506,108,"LICEUL TEORETIC ""DAN BARBILIAN""",CÂMPULUNG,AG,1045,16,1,0,17,37,6,0,43,63,8,0,71,77,8,0,85,171,21,0,192,216,25,0,241
13506,109,"COLEGIUL NAŢIONAL PEDAGOGIC ""CAROL I""",CÂMPULUNG,AG,760,7,0,0,7,20,0,0,20,29,1,0,30,42,1,0,43,103,11,0,114,136,12,0,148
13506,110,"SERVICIUL ÎNTREŢINERE DRUMURI ŞI STRĂZI",CÂMPULUNG,AG,987,5,0,0,5,18,0,0,18,28,1,0,29,42,1,0,43,85,10,0,95,102,12,0,114
13506,111,"LICEUL TEHNOLOGIC AUTO",CÂMPULUNG,AG,1242,9,0,0,9,25,2,0,27,30,2,0,32,40,2,0,42,89,7,0,96,114,9,0,123
13506,112,"ŞCOALA GENERALĂ NR.4 ""APA SĂRATĂ""",CÂMPULUNG,AG,757,2,6,0,8,4,7,0,11,5,9,0,14,15,10,0,25,58,18,0,76,76,24,0,100
13506,113,"GRĂDINIŢA NR. 1",CÂMPULUNG,AG,537,7,0,0,7,17,0,0,17,17,4,0,21,29,7,0,36,57,10,0,67,70,12,0,82
13506,114,"COLEGIUL NAŢIONAL ""DINICU GOLESCU""",CÂMPULUNG,AG,1312,12,5,0,17,50,20,0,70,59,23,0,82,77,23,0,100,176,57,0,233,209,59,0,268
13506,115,"ŞCOALA GIMNAZIALĂ ""C.D. ARICESCU""",CÂMPULUNG,AG,917,8,0,0,8,34,8,0,42,43,13,0,56,56,17,0,73,169,31,28,228,209,38,28,275
13631,116,"ȘCOALA GIMNAZIALĂ NR.2""REGINA MARIA"" ( I )","CURTEA DE ARGEŞ",AG,1516,6,1,0,7,31,3,0,34,46,3,0,49,65,4,0,69,183,4,0,187,237,5,0,242
13631,117,"ȘCOALA GIMNAZIALĂNR.2 ""REGINA MARIA""( II )","CURTEA DE ARGEŞ",AG,1220,9,5,0,14,24,9,0,33,33,9,0,42,42,10,0,52,119,19,0,138,164,21,0,185
13631,118,"ȘCOALA GIMNAZIALĂNR.2 ""REGINA MARIA""( III )","CURTEA DE ARGEŞ",AG,1635,5,1,0,6,40,1,0,41,59,7,50,116,79,8,50,137,213,17,50,280,286,22,50,358
13631,119,"GRUP ȘCOLAR ""FERDINAND I""","CURTEA DE ARGEŞ",AG,1648,7,0,0,7,24,2,0,26,42,4,0,46,51,8,0,59,152,11,0,163,196,16,0,212
13631,120,"GRUP ȘCOLAR AGRICOL ""CONSTANTIN DOBRESCU ARGEȘ""( I )","CURTEA DE ARGEŞ",AG,1431,8,2,0,10,49,7,0,56,61,8,0,69,84,8,0,92,176,23,0,199,225,29,0,254
13631,121,"GRUP ȘCOLAR AGRICOL ""CONSTANTIN DOBRESCU ARGEȘ"" ( II )","CURTEA DE ARGEŞ",AG,1720,10,0,0,10,39,2,0,41,54,3,0,57,67,3,0,70,169,6,0,175,233,7,0,240
13631,122,"ȘCOALA GIMNAZIALĂNR.6 ""BASARAB I""","CURTEA DE ARGEŞ",AG,1437,5,5,0,10,39,5,0,44,67,6,0,73,95,9,0,104,192,13,0,205,232,14,0,246
13631,123,"GRUP ȘCOLAR FORESTIER CURTEA DE ARGEȘ( I )","CURTEA DE ARGEŞ",AG,1478,3,1,0,4,35,5,0,40,49,7,1,57,76,7,1,84,175,16,1,192,240,17,1,258
13631,124,"GRUP ȘCOLAR FORESTIERCURTEA DE ARGEȘ ( II )","CURTEA DE ARGEŞ",AG,1538,8,0,0,8,52,2,0,54,65,4,0,69,76,5,0,81,189,11,0,200,238,14,0,252
13631,125,"CENTRULDE CULTURĂȘI ARTE "" GEORGE TOPÎRCEANU""( I )","CURTEA DE ARGEŞ",AG,1487,14,0,0,14,57,19,0,76,81,26,0,107,101,26,0,127,222,37,0,259,284,43,0,327
13631,126,"ȘCOALA GIMNAZIALĂNR.4 "" MIRCEA CEL BATRÂN""","CURTEA DE ARGEŞ",AG,1384,15,5,0,20,80,12,0,92,106,13,0,119,133,14,0,147,256,19,0,275,317,21,0,338
13631,127,"ȘCOALA GIMNAZIALĂNR.1""CAROLI""","CURTEA DE ARGEŞ",AG,1227,8,2,0,10,37,4,0,41,40,4,0,44,71,6,0,77,153,8,0,161,175,10,0,185
13631,128,"ȘCOALA GIMNAZIALĂNR.1 ""CAROL I""","CURTEA DE ARGEŞ",AG,1584,7,5,0,12,47,5,0,52,54,5,0,59,87,6,0,93,200,16,0,216,246,21,0,267
13631,129,"ȘCOALA GENERALĂ NR.5 ""ARMAND CĂLINESCU""(I)","CURTEA DE ARGEŞ",AG,1397,18,5,0,23,34,11,0,45,52,14,0,66,77,18,0,95,179,25,0,204,215,28,0,243
13631,130,"ȘCOALA GENERALĂ NR 5 ""ARMAND CĂLINESCU""(II)","CURTEA DE ARGEŞ",AG,1080,8,0,0,8,25,0,0,25,34,1,0,35,59,2,0,61,106,8,0,114,154,14,0,168
13631,131,"ȘCOALA GENERALĂ VALEA SASULUI","CURTEA DE ARGEŞ",AG,872,8,3,0,11,17,3,0,20,32,6,0,38,38,6,0,44,118,10,0,128,163,13,0,176
13631,132,"GRUP ȘCOLAR AUTO CURTEA DE ARGEȘ","CURTEA DE ARGEŞ",AG,1885,15,0,0,15,37,2,0,39,45,3,0,48,86,5,0,91,186,7,0,193,242,17,0,259
13631,133,"CENTRUL DE CULTURĂ ȘI ARTE ""GEORGE TOPÎRCEANU""(II)","CURTEA DE ARGEŞ",AG,1496,13,2,0,15,59,4,0,63,79,4,0,83,97,4,0,101,200,5,0,205,257,8,0,265
13631,134,"ȘCOALA GENERALĂ NR.3 ""SFÂNTUL APOSTOL ANDREI""","CURTEA DE ARGEŞ",AG,1388,4,0,0,4,16,2,0,18,25,5,0,30,46,5,0,51,127,6,0,133,158,9,0,167
13640,135,"ȘCOALA GENERALĂ NOAPTEȘ",NOAPTEŞ,AG,735,3,0,0,3,13,2,0,15,18,3,0,21,30,4,0,34,74,9,0,83,100,18,0,118
13677,136,"PRIMĂRIA ORAŞULUI COSTEŞTI",COSTEŞTI,AG,1854,14,4,0,18,38,5,0,43,65,5,0,70,79,8,0,87,152,14,0,166,230,15,0,245
13677,137,"CASA DE CULTURĂ COSTEŞTI",COSTEŞTI,AG,1770,13,4,0,17,38,7,0,45,68,11,0,79,106,13,0,119,163,21,0,184,240,25,0,265
13677,138,"LICEUL TEORETIC COSTEŞTI",COSTEŞTI,AG,1627,8,5,0,13,27,6,0,33,49,8,16,73,71,11,16,98,158,14,17,189,219,16,17,252
13677,139,"ŞCOALA TELEŞTI",COSTEŞTI,AG,789,4,0,0,4,14,0,0,14,22,0,0,22,34,0,0,34,98,6,0,104,121,15,0,136
13677,140,"ŞCOALA GENERALĂ ZORILE",COSTEŞTI,AG,840,5,4,0,9,7,13,0,20,8,21,0,29,33,11,0,44,61,12,0,73,94,12,0,106
13686,141,"ŞCOALA GENERALĂ BROŞTENI",BROŞTENI,AG,676,10,1,0,11,16,2,0,18,23,5,0,28,32,5,0,37,64,11,0,75,87,16,0,103
13711,142,"ŞCOALA GENERALĂ PODU BROŞTENI","PODU BROŞTENI",AG,521,1,4,0,5,5,7,0,12,12,13,0,25,18,17,0,35,46,31,0,77,57,33,0,90
13702,143,"ŞCOALA GENERALĂ PÎRVU ROŞU","PÎRVU ROŞU",AG,518,3,0,0,3,6,2,0,8,11,3,0,14,13,3,0,16,45,7,0,52,52,11,0,63
13739,144,"ŞCOALA GENERALĂ STÎRCI",STÎRCI,AG,199,0,0,0,0,2,4,0,6,10,4,0,14,10,4,0,14,13,10,0,23,13,10,0,23
13310,145,"GRĂDINIŢA ""FLORILE SOARELUI""-INTRARE 1",MIOVENI,AG,1613,7,0,0,7,46,6,0,52,59,8,0,67,64,15,0,79,133,16,0,149,193,20,0,213
13310,146,"LICEUL TEORETIC ""IULIA ZAMFIRESCU"" - INTRARE C",MIOVENI,AG,1341,11,0,5,16,60,11,0,71,75,14,0,89,88,18,0,106,146,22,0,168,186,29,0,215
13310,147,"FOSTUL SEDIU ALGRĂDINIȚEI DIN BLOCUL M6",MIOVENI,AG,1618,22,3,0,25,74,5,0,79,115,6,0,121,137,9,0,146,206,18,0,224,258,22,0,280
13310,148,"GRĂDINIŢA ""FLORILE SOARELUI"" - INTRARE 2",MIOVENI,AG,1564,9,7,0,16,24,8,0,32,41,8,0,49,48,8,0,56,108,11,0,119,151,13,0,164
13310,149,"DISPENSAR UMAN",MIOVENI,AG,1674,17,0,0,17,74,5,0,79,93,7,0,100,100,7,0,107,179,10,0,189,214,15,0,229
13310,150,"ŞCOALA GIMNAZIALĂ ""LIVIU REBREANU"" (CĂMIN ȘCOALĂ) - CORP B",MIOVENI,AG,1742,14,2,0,16,63,7,0,70,78,10,0,88,100,12,0,112,184,31,0,215,238,38,0,276
13310,151,"LICEULTEORETIC ”IULIA ZAMFIRESCU” - INTRARE B",MIOVENI,AG,1544,10,6,0,16,41,8,0,49,66,9,0,75,80,9,0,89,178,22,0,200,228,35,0,263
13310,152,"ȘCOALA GIMNAZIALĂ LIVIU REBREANU” - INTRARE ELEVI",MIOVENI,AG,1008,4,6,0,10,19,6,0,25,25,8,0,33,27,9,0,36,82,13,0,95,120,16,0,136
13310,153,"ȘCOALA GIMNAZIALĂ ”LIVIU REBREANU” - INTRARE PROFESORI",MIOVENI,AG,1151,15,4,0,19,45,4,0,49,51,7,0,58,61,8,0,69,120,16,0,136,168,22,0,190
13310,154,"GRĂDINIŢA ""TIC-PITIC""(CREŞA CĂMIN)",MIOVENI,AG,1142,6,2,0,8,42,6,0,48,62,11,0,73,69,11,0,80,113,14,0,127,146,15,0,161
13310,155,"FOSTUL SEDIU AL GRĂDINIȚEI DIN BLOCUL F9",MIOVENI,AG,1154,12,0,0,12,55,3,0,58,76,3,0,79,88,4,0,92,156,7,0,163,193,12,0,205
13310,156,"SC ”CONSTRUCȚII-REPARAȚII MIOVENI„ SRL",MIOVENI,AG,1296,6,2,0,8,60,24,0,84,86,27,0,113,96,30,0,126,169,40,0,209,232,49,0,281
13310,157,"CASA DE CULTURĂ A SINDICATELOR DACIA",MIOVENI,AG,1411,8,0,0,8,38,1,0,39,64,1,0,65,76,5,0,81,163,16,1,180,224,19,1,244
13310,158,"FOSTUL SEDIU AL GRĂDINIȚEI DIN BLOCUL T6",MIOVENI,AG,1709,12,0,0,12,51,6,0,57,72,8,0,80,89,8,0,97,153,15,0,168,207,16,0,223
13310,159,"FOSTUL SEDIU ALGRĂDINIȚEI ”CAMPIONII” DIN BLOCUL T2A",MIOVENI,AG,1304,16,8,0,24,42,13,0,55,65,14,0,79,73,15,0,88,146,22,0,168,187,24,0,211
13310,160,"GRĂDINIȚA ”CAMPIONII”",MIOVENI,AG,1753,23,9,0,32,46,13,0,59,71,16,0,87,86,16,0,102,179,25,0,204,244,32,0,276
13310,161,"ȘCOALA GIMNAZIALĂ ”GEORGE TOPÂRCEANU”",MIOVENI,AG,884,6,7,0,13,34,13,289,336,47,18,289,354,60,22,289,371,100,39,289,428,124,46,289,459
13356,162,"ȘCOALA GIMNAZIALĂ ”MARIN SORESCU” RACOVIȚA",RACOVIŢA,AG,903,15,10,5,30,42,32,10,84,57,46,11,114,93,78,15,186,196,167,29,392,242,210,32,484
13356,163,"FOSTUL SEDIU ALȘCOLII RACOVIȚA DE SUS",RACOVIŢA,AG,701,7,0,0,7,24,3,0,27,38,7,0,45,50,7,0,57,139,11,0,150,156,11,0,167
13338,164,"ȘCOALA GIMNAZIALĂ COLIBAȘI",COLIBAŞI,AG,1356,13,0,0,13,39,0,55,94,51,1,55,107,92,1,55,148,199,6,55,260,249,11,55,315
13338,165,"CĂMINUL CULTURAL COLIBAȘI",COLIBAŞI,AG,648,3,1,0,4,23,4,0,27,34,5,7,46,51,5,7,63,90,9,12,111,117,9,12,138
13329,166,"FOSTUL SEDIU AL ȘCOLII CLUCEREASA",CLUCEREASA,AG,312,0,0,0,0,6,0,0,6,11,1,0,12,20,1,0,21,32,4,0,36,57,6,0,63
13347,167,"ȘCOALA PRIMARĂ FĂGETU",FĂGETU,AG,724,9,1,0,10,28,1,0,29,63,2,0,65,77,2,0,79,205,11,0,216,296,17,0,313
13347,168,"CĂMINUL CULTURAL FĂGETU",FĂGETU,AG,210,3,3,0,6,11,4,0,15,22,5,0,27,27,5,0,32,50,8,0,58,78,11,0,89
13418,169,"ŞCOALA PRIMARĂ ENCULEŞTI",ENCULEŞTI,AG,470,0,1,0,1,5,2,0,7,13,2,0,15,19,4,0,23,42,9,0,51,65,11,0,76
13454,170,"ȘCOALA GENERALĂ ""CONSTANTIN BRÂNCOVEANU""","VALEA MARE-PODGORIA",AG,1229,2,0,0,2,11,3,0,14,19,5,0,24,34,5,0,39,155,15,0,170,194,23,0,217
13454,171,"ŞCOALA GENERALĂ ""CONSTANTIN BRÂNCOVEANU"" VALEA MARE","VALEA MARE-PODGORIA",AG,1690,13,4,0,17,61,10,0,71,76,11,0,87,98,15,0,113,236,31,0,267,274,38,0,312
13454,172,"NIDEC MOTOR CORPORATION ROMANIA S.A.","VALEA MARE-PODGORIA",AG,1797,11,3,0,14,45,13,0,58,71,24,0,95,89,27,0,116,211,58,0,269,300,77,0,377
13445,173,"LICEUL TEHNOLOGIC ""DINU BRĂTIANU""","ŞTEFĂNEŞTII NOI",AG,1677,19,1,0,20,71,7,0,78,99,17,0,116,118,19,0,137,239,30,0,269,292,35,0,327
13445,174,"LICEUL TEHNOLOGIC ""DINU BRĂTIANU""","ŞTEFĂNEŞTII NOI",AG,1359,17,3,0,20,50,7,0,57,73,10,0,83,88,11,0,99,148,21,0,169,186,34,0,220
13436,175,"ŞCOALA GENERALĂ NR.1 ŞTEFĂNEŞTI, CORP C (GRĂDINIŢĂ)",IZVORANI,AG,969,4,3,0,7,10,10,0,20,17,11,0,28,26,12,0,38,73,21,0,94,94,29,0,123
13409,176,"CASA DE CULTURĂ ŞTEFĂNEŞTI",ŞTEFĂNEŞTI,AG,1071,5,2,0,7,21,8,0,29,34,11,0,45,44,16,0,60,103,33,0,136,134,42,0,176
13409,177,"ŞCOALA PRIMARĂ ŞTEFĂNEŞTI",ŞTEFĂNEŞTI,AG,1393,1,0,0,1,16,0,0,16,34,5,0,39,52,7,0,59,149,22,0,171,193,28,0,221
13427,178,"ŞCOALA ""RADU GOLESCU"" GOLEȘTI",GOLEŞTI,AG,1035,3,0,0,3,29,4,0,33,45,4,0,49,65,6,0,71,119,9,0,128,158,15,0,173
13766,179,"ŞCOALA PRIMARĂ GOLEŞTII-BADII",TOPOLOVENI,AG,840,9,0,0,9,27,2,0,29,38,2,0,40,63,3,0,66,135,6,0,141,178,12,0,190
13766,180,"LICEUL TEORETIC ,,ION MIHALACHE’’ TOPOLOVENI",TOPOLOVENI,AG,1028,8,4,0,12,34,15,0,49,59,19,0,78,70,21,0,91,117,34,0,151,151,40,0,191
13766,181,"LICEUL TEORETIC ,,ION MIHALACHE’’ TOPOLOVENI",TOPOLOVENI,AG,879,10,1,0,11,46,9,0,55,54,9,0,63,67,11,0,78,132,14,0,146,170,16,0,186
13766,182,"CENTRUL DE ZI TOPOLOVENI",TOPOLOVENI,AG,656,3,0,0,3,23,0,0,23,31,0,0,31,39,0,0,39,83,6,0,89,109,8,0,117
13766,183,"ŞCOALA GIMNAZIALĂ ""NICOLAE CRISTESCU"" TOPOLOVENI",TOPOLOVENI,AG,860,6,1,0,7,32,6,0,38,48,8,0,56,65,9,0,74,119,21,0,140,154,25,0,179
13766,184,"ŞCOALA GIMNAZIALĂ ""NICOLAE CRISTESCU"" TOPOLOVENI",TOPOLOVENI,AG,964,3,0,0,3,20,0,0,20,29,0,0,29,38,2,0,40,83,5,0,88,124,8,0,132
13766,185,"ŞCOALA GIMNAZIALĂ "" NICOLAE CRISTESCU"" SALA DE SPORT",TOPOLOVENI,AG,1073,10,0,0,10,23,3,0,26,41,5,0,46,55,5,0,60,102,9,0,111,152,13,0,165
13766,186,"ŞCOALA PRIMARĂ INURI",TOPOLOVENI,AG,240,0,1,0,1,3,2,0,5,8,3,0,11,15,3,0,18,35,5,0,40,66,6,0,72
13766,187,"ŞCOALAPRIMARĂ ŢIGĂNEŞTI- LINIE",TOPOLOVENI,AG,611,6,4,0,10,15,6,0,21,23,6,0,29,39,6,0,45,95,6,0,101,114,7,0,121
13800,188,"ŞCOALA GENERALĂ ŢIGĂNEŞTI - CENTRU",ŢIGĂNEŞTI,AG,690,5,4,0,9,21,5,0,26,28,7,0,35,52,7,0,59,106,9,0,115,139,11,0,150
13828,189,"CASA DE CULTURĂ ALBEŞTII DE ARGEŞ","ALBEŞTII PAMÎNTENI",AG,1566,9,3,0,12,24,9,0,33,38,19,0,57,73,22,0,95,173,29,0,202,245,32,0,277
13837,190,"ŞCOALA PRIMARĂ ALBEŞTII -UNGURENI","ALBEŞTII UNGURENI",AG,1267,2,0,0,2,7,0,0,7,10,0,0,10,22,2,0,24,85,8,0,93,123,10,0,133
13837,191,"ŞCOALAPRIMARĂ ALBEŞTII-UNGURENI","ALBEŞTII UNGURENI",AG,746,1,0,0,1,3,2,0,5,3,2,0,5,8,2,0,10,49,3,0,52,72,4,0,76
13846,192,"ŞCOALA PRIMARĂBRĂTEŞTI",BRĂTEŞTI,AG,614,1,0,0,1,2,2,0,4,9,2,0,11,22,4,0,26,73,6,0,79,114,14,0,128
13864,193,"SCOALA PRIMARĂ DOBROŢU",DOBROTU,AG,830,0,0,0,0,12,3,0,15,17,8,0,25,31,10,0,41,82,16,0,98,118,17,0,135
13917,194,"ŞCOALA GIMNAZIALĂ NR.1 ALBEȘTII DE MUSCEL, STRADA MAGISTRAT SORIN MOISESCU NR.360",ALBEŞTI,AG,938,4,0,0,4,9,1,0,10,27,3,0,30,42,3,0,45,130,14,0,144,172,20,0,192
13926,195,"ŞCOALA GENERALĂ I-IV CÂNDEȘTI, STRADA MAGISTRAT SORIN MOISESCU, NR.182",CÎNDEŞTI,AG,355,1,3,0,4,3,8,0,11,9,11,0,20,10,13,0,23,53,17,0,70,76,25,0,101
13944,196,"CĂMIN CULTURAL ALBOTA",ALBOTA,AG,1875,7,0,0,7,48,1,0,49,75,6,0,81,85,9,0,94,230,23,0,253,293,30,0,323
13980,197,"ŞCOALA GIMNAZIALĂ MAREŞ",MAREŞ,AG,873,3,2,0,5,8,6,0,14,15,7,0,22,32,14,0,46,107,22,0,129,186,31,0,217
13953,198,"ŞCOALA PRIMARĂ CERBU",CERBU,AG,634,7,4,0,11,15,7,0,22,28,13,0,41,48,14,0,62,109,19,0,128,152,27,0,179
14003,199,"ŞCOALA GIMNAZIALĂ BROŞTENI - ANINOASA, CORP B",ANINOASA,AG,1224,14,1,0,15,31,5,0,36,35,9,0,44,51,13,0,64,160,33,0,193,273,39,0,312
14030,200,"CĂMIN CULTURALVALEA SILIŞTII","VALEA SILIŞTII",AG,521,3,3,0,6,3,3,0,6,6,6,0,12,15,7,0,22,59,10,0,69,132,27,0,159
14021,201,"ŞCOALA GIMNAZIALĂ SLĂNIC",SLĂNIC,AG,919,8,2,0,10,18,4,0,22,19,4,0,23,35,5,0,40,154,18,0,172,253,24,0,277
14067,202,"CĂMINUL CULTURAL AREFU",AREFU,AG,1075,3,0,0,3,14,1,0,15,24,7,0,31,41,7,0,48,94,24,0,118,131,26,0,157
14058,203,"ŞCOALA GIMNAZIALĂ GEORGE STEPHĂNESCU","CĂPĂŢÎNENII PĂMÂNTENI",AG,953,5,0,0,5,8,12,0,20,14,18,0,32,27,23,0,50,66,30,0,96,91,42,0,133
13196,204,"GRĂDINIȚA NR. 1 BASCOV",BASCOV,AG,1171,8,3,0,11,37,6,0,43,55,7,0,62,62,8,0,70,116,16,0,132,144,26,0,170
13196,205,"ŞCOALA GENERALĂ BASCOV, CLĂDIREA VECHE",BASCOV,AG,1964,7,3,0,10,44,8,0,52,64,10,0,74,108,10,0,118,233,20,0,253,282,30,0,312
13196,206,"ŞCOALA GENERALĂ BASCOV, CLĂDIREA NOUĂ",BASCOV,AG,1460,14,0,0,14,53,6,0,59,78,6,0,84,108,7,0,115,190,20,0,210,282,27,0,309
13249,207,"ŞCOALA GENERALĂ SCHIAU",SCHIAU,AG,1451,12,5,0,17,37,5,0,42,52,6,0,58,89,7,0,96,219,20,5,244,274,20,5,299
13212,208,"ŞCOALA GENERALĂ GLÎMBOCU",GLÎMBOCU,AG,773,8,2,0,10,21,3,0,24,32,3,0,35,41,7,0,48,82,13,0,95,127,16,0,143
13267,209,"ŞCOALA GENERALĂ VALEA URSULUI","VALEA URSULUI",AG,1558,1,0,0,1,13,5,0,18,28,9,0,37,67,10,0,77,196,32,0,228,261,66,0,327
13221,210,"ŞCOALA GENERALĂ MICA",MICA,AG,509,6,0,0,6,13,0,0,13,22,1,0,23,39,3,0,42,116,10,0,126,161,18,0,179
14094,211,"ŞCOALA BĂBANA",BĂBANA,AG,764,5,4,0,9,13,5,0,18,22,5,0,27,36,6,0,42,105,14,0,119,126,15,0,141
14156,212,"ŞCOALA SLĂTIOARELE",SLĂATIOARELE,AG,675,5,2,0,7,13,6,0,19,19,7,0,26,38,13,0,51,81,28,0,109,112,33,0,145
14094,213,"BIBLIOTECA COMUNALĂ",BĂBANA,AG,595,3,2,0,5,11,5,0,16,18,7,0,25,36,11,0,47,95,29,0,124,148,44,0,192
14138,214,"ŞCOALA GROŞI",GROŞI,AG,373,0,3,0,3,3,7,0,10,8,9,0,17,12,9,0,21,32,19,0,51,90,33,0,123
14174,215,"PRIMĂRIA BĂICULEŞTI",BĂICULEŞTI,AG,1398,5,1,0,6,18,5,0,23,26,7,0,33,39,7,0,46,148,28,0,176,200,36,0,236
14218,216,"ŞCOALA MĂNICEŞTI",MĂNICEŞTI,AG,625,6,0,0,6,10,3,0,13,10,3,0,13,18,6,0,24,68,16,0,84,98,21,0,119
14263,217,"CĂMINUL CULTURAL",ZIGONENI,AG,826,3,2,0,5,6,3,0,9,14,3,0,17,24,5,0,29,92,9,0,101,125,14,0,139
14254,218,"CĂMINUL CULTURAL","VALEA LUI ENACHE",AG,682,0,3,0,3,1,3,0,4,2,3,0,5,27,3,0,30,85,7,0,92,121,10,0,131
14236,219,"SEDIUL ADMINISTRATIV TUTANA",TUTANA,AG,1526,1,0,0,1,11,1,0,12,17,4,0,21,38,6,0,44,172,17,0,189,278,21,0,299
14281,220,"CĂMIN CULTURAL BĂLILEŞTI",BĂLILEŞTI,AG,909,8,4,0,12,25,10,0,35,32,10,0,42,48,11,0,59,124,29,0,153,176,33,0,209
14290,221,"CĂMIN CULTURAL BĂJEŞTI",BĂJEŞTI,AG,858,4,5,0,9,11,9,0,20,16,9,0,25,31,9,0,40,112,14,0,126,148,25,0,173
14316,222,"CĂMIN CULTURAL POIENIŢA",POIENIŢA,AG,990,1,0,0,1,12,1,0,13,23,1,0,24,39,1,0,40,126,12,0,138,193,16,0,209
14307,223,"ŞCOALA GOLEŞTI",GOLEŞTI,AG,582,3,3,0,6,11,6,0,17,16,6,0,22,24,7,0,31,72,14,0,86,113,18,0,131
14370,224,"CĂMIN CULTURAL BELEŢI",BELEŢI,AG,547,3,1,0,4,12,3,0,15,17,3,0,20,25,5,0,30,60,6,0,66,79,9,0,88
14398,225,"CĂMIN CULTURAL NEGREŞTI",NEGREŞTI,AG,975,7,1,0,8,16,5,0,21,16,6,0,22,30,11,0,41,127,21,0,148,185,29,0,214
14414,226,"CĂMIN CULTURAL BEREVOEŞTI-PĂMÎNTENI",BEREVOEŞTI,AG,1704,1,0,0,1,19,3,0,22,23,5,0,28,46,5,0,51,143,23,0,166,180,24,0,204
14432,227,"ŞCOALA GĂMĂCEŞTI",GĂMĂCEŞTI,AG,846,0,0,0,0,0,2,0,2,1,2,0,3,2,2,0,4,61,9,0,70,194,13,0,207
14423,228,"ŞCOALA BRATIA",BRATIA,AG,155,2,6,0,8,3,10,0,13,8,10,0,18,9,10,0,19,24,12,0,36,34,13,0,47
14566,229,"ŞCOALA URLUIENI",URLUENI,AG,1030,7,2,0,9,21,5,0,26,29,7,0,36,38,8,0,46,75,38,0,113,97,49,0,146
14520,230,"ŞCOALA MÎNDRA",MÎNDRA,AG,669,3,0,0,3,6,2,0,8,9,4,0,13,11,6,0,17,38,16,0,54,54,23,0,77
14469,231,"ŞCOALA BÎRLA",BÎRLA,AG,790,1,7,0,8,9,8,0,17,11,8,0,19,20,15,0,35,40,24,0,64,67,26,0,93
14539,232,"ŞCOALA MOZĂCENI-VALE",MOZĂCENII-VALE,AG,938,3,0,0,3,6,10,0,16,9,10,0,19,14,13,0,27,39,18,0,57,55,21,0,76
14487,233,"ŞCOALA BĂDEŞTI",BĂDEŞTI,AG,269,4,3,0,7,6,7,0,13,11,8,0,19,11,9,0,20,18,14,0,32,32,14,0,46
14593,234,"ŞCOALA BOGAŢI",BOGAŢI,AG,1366,7,2,0,9,18,5,0,23,31,8,0,39,57,9,0,66,121,23,0,144,176,35,0,211
14655,235,"ŞCOALA GLÎMBOCELU",GLÎMBOCELU,AG,593,0,4,0,4,3,5,0,8,13,9,0,22,32,11,0,43,77,27,0,104,117,34,0,151
14628,236,ŞCOALACHIŢEŞTI,CHIŢEŞTI,AG,219,0,3,0,3,6,5,0,11,8,7,0,15,11,11,0,22,42,16,0,58,77,22,0,99
14619,237,"GRĂDINIŢA BUJOI",BUJOI,AG,520,2,4,0,6,6,4,0,10,11,4,0,15,17,5,0,22,46,13,0,59,90,17,0,107
14664,238,"ŞCOALA SUSENI",SUSENI,AG,816,3,0,0,3,10,2,0,12,16,2,0,18,38,3,0,41,101,13,1,115,145,16,1,162
14646,239,"ŞCOALA GLÎMBOCEL",GLÎMBOCEL,AG,161,2,4,0,6,5,4,0,9,6,5,0,11,7,5,0,12,18,6,0,24,37,10,0,47
14682,240,"CĂMIN CULTURAL BOTENI",BOTENI,AG,1511,3,1,0,4,12,2,0,14,26,2,0,28,37,2,0,39,155,13,0,168,236,18,0,254
14708,241,"ŞCOALA PRIMARĂ LUNCA",LUNCA,AG,505,1,0,0,1,6,0,0,6,13,0,0,13,15,0,0,15,48,2,0,50,98,8,0,106
14735,242,"CĂMINUL CULTURAL BOȚEȘTI",BOŢEŞTI,AG,687,5,3,0,8,14,10,0,24,21,15,0,36,28,17,0,45,80,34,0,114,103,41,0,144
14735,243,"ŞCOALA PRIMARĂ MOŞTENI-GRECI",BOŢEŞTI,AG,248,2,1,0,3,5,3,0,8,7,7,0,14,16,10,0,26,28,17,0,45,52,26,0,78
13285,244,"CĂMINUL CULTURAL BRADU",BRADU,AG,954,3,2,0,5,24,2,0,26,47,6,0,53,62,7,0,69,136,13,0,149,166,17,0,183
13285,245,"ȘCOALA PRIMARĂ "" MIHAI EMINESCU""",BRADU,AG,809,17,4,0,21,34,7,0,41,44,7,0,51,88,10,0,98,151,24,0,175,172,28,0,200
13285,246,"GRĂDINIȚA "" SCUFIȚA ROȘIE """,BRADU,AG,1872,15,2,0,17,43,6,0,49,73,8,0,81,98,9,0,107,211,17,0,228,269,31,0,300
13294,247,"CLĂDIREA ADMINISTRATIVĂ C25 (FOSTA UNITATE MILITARĂ)",GEAMĂNA,AG,1028,7,0,0,7,25,6,0,31,39,7,0,46,46,9,0,55,97,12,0,109,116,14,0,130
13294,248,"GRĂDINIȚA DE LA ȘCOALA PRIMARĂ GEAMĂNA",GEAMĂNA,AG,2100,6,1,0,7,48,4,0,52,71,6,0,77,90,7,0,97,206,28,0,234,262,46,0,308
14762,249,"CĂMIN CULTURAL BRĂDULEŢ",BRĂDULEŢ,AG,454,1,1,0,2,12,1,0,13,15,2,0,17,26,2,0,28,68,23,0,91,90,30,0,120
14806,250,"CĂMINUL CULTURAL GALEŞU",GALEŞU,AG,758,4,0,0,4,17,1,0,18,21,27,0,48,35,28,0,63,117,38,0,155,191,57,0,248
14780,251,"ŞCOALA PRIMARĂ BRĂDETU",BRĂDETU,AG,296,5,4,0,9,9,32,0,41,15,38,0,53,25,40,0,65,41,69,0,110,61,82,0,143
14860,252,"ŞCOALA GENERALĂ BUDEASA MARE","BUDEASA MARE",AG,1069,5,5,0,10,11,8,0,19,20,16,0,36,30,19,0,49,83,22,0,105,118,35,0,153
14879,253,"ŞCOALA GENERALĂ BUDEASA MICĂ","BUDEASA MICĂ",AG,722,3,1,0,4,10,3,0,13,18,4,0,22,24,5,0,29,99,10,0,109,132,14,0,146
14897,254,"ŞCOALA GENERALĂ GĂLĂŞEŞTI",GĂLĂŞEŞTI,AG,800,5,1,0,6,7,3,0,10,10,3,0,13,21,4,0,25,84,11,0,95,135,18,0,153
14888,255,"ŞCOALA GENERALĂ CALOTEŞTI",CALOTEŞTI,AG,834,2,0,0,2,7,4,0,11,10,8,0,18,20,12,0,32,89,20,0,109,165,34,0,199
14931,256,"SCOALA GIMNAZIALA BUGHEA DE JOS","BUGHEA DE JOS",AG,1382,5,0,0,5,24,4,0,28,63,4,0,67,73,4,0,77,161,20,0,181,209,23,0,232
14931,257,"SCOALA PRIMARA MLACI","BUGHEA DE JOS",AG,560,1,0,0,1,5,6,0,11,10,8,0,18,19,8,0,27,81,8,0,89,161,13,0,174
14931,258,"SCOALA PRIMARA HULUBESTI","BUGHEA DE JOS",AG,465,4,4,0,8,12,4,0,16,13,5,0,18,20,5,0,25,54,6,0,60,61,9,0,70
13908,259,"ŞCOALA GIMNAZIALĂ NR. 1 BUGHEA DE SUS","BUGHEA DE SUS",AG,1674,8,1,0,9,20,8,0,28,30,8,0,38,43,11,0,54,100,18,0,118,150,22,0,172
13908,260,"GRĂDINIŢA GRUI","BUGHEA DE SUS",AG,706,3,0,0,3,16,0,0,16,23,0,0,23,30,1,0,31,70,3,0,73,81,4,0,85
15037,261,"ȘCOALA GIMNAZIALĂ ŞERBOENI",ŞERBOENI,AG,1205,3,2,0,5,14,3,0,17,25,7,0,32,35,7,0,42,125,11,0,136,185,23,0,208
15000,262,"GRĂDINIŢA CU PROGRAM NORMAL IONEŞTI",IONEŞTI,AG,621,3,0,0,3,13,3,0,16,18,3,1,22,22,4,1,27,64,10,2,76,91,16,2,109
15046,263,"ŞCOALA GIMNAZIALĂ TOMŞANCA",TOMŞANCA,AG,307,1,1,0,2,9,1,0,10,10,4,0,14,13,5,0,18,35,16,0,51,54,16,0,70
14959,264,"ŞCOALA GIMNAZIALĂ VULPEŞTI",VULPEŞTI,AG,840,2,1,0,3,5,1,0,6,9,2,0,11,14,2,0,16,44,6,0,50,68,15,0,83
14986,265,"ŞCOALA GIMNAZIALĂ CORNĂŢEL",CORNĂŢEL,AG,825,5,2,0,7,13,6,0,19,27,8,0,35,29,9,0,38,52,17,0,69,75,19,0,94
14977,266,"ȘCOALA GIMNAZIALĂ BUZOEŞTI",BUZOEŞTI,AG,907,1,1,0,2,7,3,0,10,12,5,0,17,22,6,0,28,89,21,0,110,117,32,0,149
15073,267,"ŞCOALA GIM.,,PROF.UNIV.DR.ION STOIA"" CĂLDĂRARU",CĂLDĂRARU,AG,734,6,2,0,8,10,3,0,13,17,4,0,21,47,9,0,56,51,13,0,64,70,22,0,92
15091,268,"ŞCOALAGEN CU CLS. I-VIII STRÎMBENI",STRÎMBENI,AG,710,13,5,0,18,19,7,0,26,25,8,0,33,31,12,0,43,69,23,0,92,96,23,2,121
15082,269,"ŞCOALA PRIMARĂ ,,ÎNV.CONSTANTIN MIHALCEA'' BURDEA",BURDEA,AG,486,2,0,0,2,6,1,0,7,10,1,0,11,16,1,0,17,29,7,0,36,51,15,0,66
15117,270,"SCOALA GENERALA VRANESTI",VRĂNEŞTI,AG,1604,5,1,0,6,23,1,0,24,35,4,0,39,46,10,0,56,135,16,0,151,169,20,0,189
15126,271,"SCOALA CALINESTI",CĂLINEŞTI,AG,1666,7,4,0,11,20,8,0,28,29,9,0,38,44,10,0,54,133,24,15,172,178,35,15,228
15144,272,"SCOALA CIRSTIENI",CÎRSTIENI,AG,1484,6,0,0,6,18,0,0,18,28,0,0,28,32,0,0,32,162,4,0,166,287,8,0,295
15135,273,"SCOALA CIOCANESTI",CIOCĂNEŞTI,AG,782,6,2,0,8,15,3,0,18,28,3,0,31,37,3,0,40,84,6,0,90,101,12,0,113
15153,274,"SCOALA GLODU",GLODU,AG,596,1,1,0,2,8,1,0,9,15,1,0,16,24,1,0,25,54,8,0,62,91,18,0,109
15162,275,"GRĂDINIŢA DRĂGHICEŞTI",GORGANU,AG,860,5,0,0,5,15,4,0,19,22,4,0,26,40,5,0,45,98,11,0,109,115,16,0,131
15171,276,"SCOALA RADU NEGRU","RADU NEGRU",AG,514,0,0,0,0,4,2,0,6,6,5,0,11,9,6,0,15,18,9,0,27,32,14,0,46
15206,277,"SCOALA RINCACIOV",URLUCEA,AG,559,3,1,0,4,6,1,0,7,13,3,0,16,16,3,0,19,41,10,0,51,71,11,0,82
15224,278,"SCOALA VALENI",VĂLENI-PODGORIA,AG,912,4,1,0,5,12,1,0,13,16,8,0,24,34,10,0,44,70,14,0,84,79,18,0,97
15242,279,"CĂMINUL CULTURAL CĂTEASCA",CĂTEASCA,AG,702,3,2,0,5,10,5,0,15,11,5,0,16,34,9,0,43,71,19,0,90,105,29,0,134
15304,280,"CĂMINUL CULTURAL SILIŞTEA",SILIŞTEA,AG,405,6,0,0,6,10,1,0,11,16,2,0,18,29,4,0,33,45,10,0,55,60,18,0,78
15288,281,"CĂMINUL CULTURAL GRUIU",GRUIU,AG,533,3,0,0,3,7,1,0,8,12,3,0,15,20,3,0,23,55,14,0,69,82,22,0,104
15260,282,"CĂMIN CULTURAL CIREŞU",CIREŞU,AG,583,5,2,0,7,16,3,0,19,21,5,0,26,29,7,0,36,65,10,0,75,81,10,0,91
15251,283,"CĂMINUL CULTURAL CĂTANELE",CATANELE,AG,794,5,2,0,7,30,4,0,34,45,7,0,52,66,10,0,76,187,19,0,206,222,23,0,245
15322,284,"CĂMINUL CULTURAL CEPARI","CEPARII PĂMÎNTENI",AG,706,10,3,0,13,22,4,0,26,22,5,0,27,38,7,0,45,92,20,0,112,123,24,0,147
15331,285,"ŞCOALA CĂRPENIŞ",CĂRPENIŞ,AG,588,4,3,0,7,9,5,0,14,13,6,0,19,20,7,0,27,97,16,0,113,157,24,0,181
15377,286,"ŞCOALA URLUIEŞTI",URLUIEŞTI,AG,231,6,0,0,6,12,0,0,12,13,0,0,13,15,2,0,17,37,3,0,40,48,3,0,51
15340,287,"ŞCOALA CEPARI - UNGURENI","CEPARII UNGURENI",AG,287,2,3,0,5,6,5,0,11,6,5,0,11,8,5,0,13,21,8,0,29,32,13,0,45
15411,288,"CĂMIN CULTURAL CETĂŢENI",CETĂŢENI,AG,909,4,0,0,4,14,4,0,18,26,4,0,30,29,6,0,35,80,18,0,98,92,22,0,114
15420,289,"GRĂDINIŢA LĂICĂI",LĂICĂI,AG,687,1,0,0,1,5,0,0,5,12,5,0,17,24,5,0,29,79,13,0,92,101,17,0,118
15439,290,"ŞCOALA I-IV VALEA CETĂŢUIA","VALEA CETĂŢUIA",AG,694,3,4,0,7,5,4,0,9,5,4,0,9,6,5,0,11,56,6,0,62,100,6,0,106
15457,291,"ŞCOALA GIMNAZIALĂ CICĂNEŞTI",CICĂNEŞTI,AG,1713,2,0,0,2,6,0,0,6,9,0,0,9,43,1,0,44,146,10,0,156,231,13,0,244
15509,292,"CĂMIN CULTURAL CIOFRÎNGENI",CIOFRÎNGENI,AG,1052,11,0,0,11,17,8,0,25,23,8,0,31,37,10,0,47,85,21,0,106,114,29,0,143
15527,293,"SCOALA CU CLASELE I-IVLACURILE",LACURILE,AG,533,4,2,0,6,6,2,0,8,9,4,0,13,22,7,0,29,56,20,0,76,75,30,0,105
15518,294,"CĂMIN CULTURAL BURLUŞI",BURLUŞI,AG,395,3,2,0,5,8,3,0,11,11,6,0,17,18,8,0,26,54,17,0,71,72,23,0,95
15581,295,"ȘCOALA GIMNAZIALĂ BRĂTIA",BRATIA,AG,347,5,2,0,7,8,2,0,10,8,2,0,10,13,3,0,16,43,13,0,56,48,23,0,71
15590,296,"ŞCOALA CU CLS. I-IV CIOMĂGEŞTI-SAT",CIOMĂGEŞTI,AG,346,2,1,0,3,4,2,0,6,6,6,0,12,10,7,0,17,43,10,0,53,54,10,0,64
15616,297,"GRĂDINIȚA DOGARI",DOGARI,AG,207,8,3,0,11,13,3,0,16,13,3,0,16,16,3,0,19,40,10,0,50,52,12,0,64
15689,298,"ŞCOALĂ GIMNAZIALĂ NR.1 COCU",COCU,AG,509,2,0,0,2,5,2,0,7,5,4,0,9,9,4,0,13,35,24,0,59,64,31,0,95
15698,299,"ŞCOALĂ PRIMARĂ CRUCIŞOARA",CRUCIŞOARA,AG,252,4,1,0,5,6,9,0,15,13,11,0,24,14,13,0,27,28,26,0,54,32,30,0,62
15661,300,"ŞCOALĂRICHIŢELE DE JOS","RĂCHIŢELE DE JOS",AG,310,5,1,0,6,9,3,0,12,14,4,0,18,21,5,0,26,45,14,0,59,52,16,0,68
15732,301,"ŞCOALĂ PRIMARĂ RICHIŢELE DE SUS","RĂCHIŢELE DE SUS",AG,318,0,0,0,0,6,4,0,10,8,4,0,12,9,5,0,14,13,6,0,19,18,8,0,26
15670,302,"ŞCOALĂ PRIMARĂ BĂRBĂTEŞTI",BĂRBĂTEŞTI,AG,477,1,6,0,7,4,6,0,10,8,7,0,15,9,7,0,16,21,11,0,32,24,12,0,36
15796,303,"ŞCOALA GIMNAZIALĂ PROF. DR. VASILE VASILESCU","OEŞTII UNGURENI",AG,843,1,0,0,1,7,3,0,10,9,4,0,13,42,5,0,47,112,15,0,127,144,27,0,171
15796,304,"ŞCOALA GIMNAZIALĂ PROF. DR. VASILE VASILESCU","OEŞTII UNGURENI",AG,1226,0,0,0,0,8,1,0,9,10,1,0,11,26,1,0,27,69,7,0,76,109,9,0,118
15750,305,"GRĂDINIŢA NR. 1 CORBENI",CORBENI,AG,637,0,0,0,0,0,1,0,1,3,1,0,4,4,1,0,5,15,6,0,21,21,7,0,28
15750,306,"ŞCOALA GIMNAZIALĂ NR. 1 CORBENI",CORBENI,AG,1349,2,3,0,5,13,4,0,17,25,7,0,32,40,10,0,50,153,30,0,183,192,31,0,223
15769,307,"ŞCOALA PRIMARĂ BERINDEŞTI",BERINDEŞTI,AG,604,3,1,0,4,4,3,0,7,6,4,0,10,12,5,0,17,43,11,0,54,67,14,0,81
15849,308,"CĂMIN CULTURAL CORBI",CORBI,AG,1689,17,3,0,20,28,9,0,37,40,11,0,51,112,15,0,127,330,44,0,374,481,49,0,530
15858,309,"CĂMIN CULTURAL CORBŞORI",CORBŞORI,AG,775,4,3,0,7,6,7,0,13,15,9,0,24,34,12,0,46,105,28,0,133,191,43,0,234
15894,310,"CĂMIN CULTURAL STĂNEŞTI",STĂNEŞTI,AG,941,7,1,0,8,11,1,0,12,21,3,0,24,33,3,0,36,111,14,0,125,188,21,0,209
15965,311,"ŞCOALA PETREŞTI",PETREŞTI,AG,717,2,0,0,2,11,0,0,11,14,2,0,16,22,2,0,24,79,24,0,103,135,35,0,170
15910,312,"CĂMIN CULTURAL COŞEŞTI",COŞEŞTI,AG,861,5,3,0,8,6,5,0,11,10,5,0,15,27,7,0,34,69,11,0,80,96,19,0,115
15947,313,"CĂMIN CULTURAL LEICEŞTI",LEICEŞTI,AG,1589,2,1,0,3,11,2,0,13,22,5,0,27,35,7,0,42,158,19,0,177,218,26,0,244
15929,314,"CĂMIN CULTURAL JUPÎNEŞTI",JUPÎNEŞTI,AG,889,2,2,0,4,9,4,0,13,13,7,0,20,19,12,0,31,56,20,0,76,87,21,0,108
15938,315,"CĂMINUL CULTURAL LĂPUŞANI",LĂPUŞANI,AG,312,1,3,0,4,4,4,0,8,4,4,0,8,6,4,0,10,26,6,0,32,50,7,0,57
15992,316,"CENTRU DE INFORMARE TURISTICĂ COTMEANA",COTMEANA,AG,806,5,12,0,17,11,18,0,29,16,18,0,34,28,20,0,48,58,31,0,89,70,64,0,134
16052,317,"ŞCOALA LINTEŞTI",LINTEŞTI,AG,348,0,0,0,0,8,3,0,11,11,4,0,15,15,10,0,25,29,17,0,46,35,21,0,56
16053,318,"CENTRULINGRIJIRE COPII",URSOAIA,AG,442,0,1,0,1,2,3,0,5,8,5,0,13,12,5,0,17,30,19,0,49,41,33,0,74
16141,319,"ŞCOALA GIMNAZIALĂ “MIRCEA GHIŢULESCU” CUCA",CUCA,AG,409,6,1,0,7,9,2,0,11,14,2,0,16,24,6,0,30,63,12,0,75,95,20,0,115
16258,320,"ŞCOALA PRIMARĂ LĂUNELE",TEODOREŞTI,AG,523,2,0,0,2,8,8,0,16,12,9,0,21,15,12,0,27,59,19,0,78,77,31,0,108
16212,321,"ŞCOALA PRIMARĂ MĂCĂI",MĂCĂI,AG,512,0,0,0,0,5,2,0,7,11,4,0,15,14,5,0,19,41,24,0,65,67,31,0,98
16178,322,"ŞCOALA PRIMARĂ CÎRCEŞTI",CÎRCEŞTI,AG,257,10,0,0,10,12,4,0,16,13,7,0,20,17,7,0,24,31,10,0,41,47,16,0,63
16294,323,"ŞCOALA DAVIDEŞTI",DAVIDEŞTI,AG,482,4,0,0,4,10,2,0,12,19,7,0,26,35,11,0,46,71,27,0,98,111,31,0,142
16310,324,"ŞCOALA VOROVENI",VOROVENI,AG,481,2,0,0,2,8,0,0,8,11,2,0,13,27,10,0,37,85,17,0,102,137,22,0,159
16301,325,"ŞCOALA CONŢEŞTI NR.1",CONŢEŞTI,AG,671,3,2,0,5,9,2,0,11,14,4,0,18,28,4,0,32,62,9,0,71,97,14,0,111
16301,326,"ŞCOALA OLTEANCA",CONŢEŞTI,AG,746,5,0,0,5,10,2,0,12,24,2,0,26,29,2,0,31,88,6,0,94,222,11,0,233
16356,327,"CĂMINUL CULTURAL PODU DÎMBOVIŢEI","PODU DÎMBOVIŢEI",AG,461,2,0,0,2,5,1,0,6,7,1,0,8,9,2,0,11,78,17,0,95,126,22,0,148
16338,328,"FOSTUL SEDIU AL PRIMĂRIEI DÎMBOVICIOARA",DÎMBOVICIOARA,AG,235,6,3,0,9,16,8,0,24,21,8,0,29,23,8,0,31,52,18,0,70,71,27,0,98
16347,329,"ŞCOALA CIOCANU",CIOCANU,AG,60,0,2,0,2,2,4,0,6,2,9,0,11,3,11,0,14,9,15,1,25,18,16,1,35
16392,330,"ŞCOALA PISCANI",PISCANI,AG,764,8,1,0,9,15,2,0,17,17,3,0,20,24,4,0,28,72,16,0,88,86,29,0,115
16374,331,"ŞCOALA DÎRMĂNEŞTI",DÎRMĂNEŞTI,AG,1051,2,0,0,2,11,4,0,15,12,4,0,16,22,4,0,26,79,10,0,89,107,15,0,122
16409,332,"ŞCOALA VALEA NANDRII","VALEA NANDRII",AG,586,2,2,0,4,8,4,0,12,9,8,0,17,18,8,0,26,58,14,0,72,84,22,0,106
16383,333,"CAMINUL CULTURAL NEGRENI",NEGRENI,AG,556,1,0,0,1,16,3,0,19,18,4,0,22,24,5,0,29,66,10,0,76,80,14,0,94
16436,334,"CĂMIN CULTURAL DOBREŞTI",DOBREŞTI,AG,759,3,1,0,4,11,7,0,18,24,16,0,40,37,20,0,57,76,34,0,110,112,46,1,159
16445,335,"ŞCOALA GEN. I-IV FUREŞTI",FUREŞTI,AG,709,4,0,0,4,7,4,0,11,8,5,0,13,9,5,0,14,67,8,0,75,101,8,0,109
16463,336,"CAMINUL CULTURAL""PETRE IONESCU MUSCEL""",DOMNEŞTI,AG,1275,14,0,0,14,40,1,0,41,57,5,0,62,94,8,0,102,209,25,0,234,295,37,0,332
16463,337,"CAMINUL CULTURAL ""PETRE IONESCU MUSCEL"" -",DOMNEŞTI,AG,1348,12,5,0,17,45,21,0,66,69,24,0,93,124,28,0,152,241,44,0,285,324,54,0,378
16481,338,"ŞCOALA GIMNAZIALĂ IOSIF CATRINESCU CLS. V-VIII",DRAGOSLAVELE,AG,665,2,7,0,9,3,10,0,13,8,10,0,18,19,10,0,29,58,19,0,77,96,23,0,119
16481,339,"ŞCOALAPRIMARĂ DRAGOSLAVELE",DRAGOSLAVELE,AG,916,6,0,0,6,23,2,0,25,27,3,0,30,30,7,0,37,113,16,0,129,157,16,0,173
16490,340,"ŞCOALA VALEA HOTARULUI","VALEA HOTARULUI",AG,507,1,6,0,7,4,7,0,11,16,7,0,23,19,7,0,26,80,9,0,89,172,12,0,184
16515,341,"CĂMIN CULTURAL DRĂGANU",DRĂGANU-OLTENI,AG,1703,0,3,0,3,10,4,0,14,12,4,0,16,34,10,0,44,93,26,0,119,130,50,0,180
16560,342,"ȘCOALA GODENI, NR.26",GODENI,AG,1056,11,2,0,13,35,7,0,42,44,10,0,54,70,16,0,86,182,22,0,204,233,27,0,260
16597,343,"ŞCOALA GIMNAZIALĂ COTEȘTI-GODENI, NR.198",COTEŞTI,AG,1464,6,0,0,6,20,2,0,22,31,3,0,34,50,4,0,54,170,18,0,188,226,21,0,247
16622,344,"CĂMINUL CULTURAL HÂRSEŞTI",HÎRSEŞTI,AG,1279,3,2,0,5,12,7,0,19,20,10,0,30,34,13,0,47,85,39,0,124,131,65,0,196
16640,345,ŞCOALAMARTALOGI,MARTALOGI,AG,592,5,3,0,8,6,4,0,10,8,4,0,12,18,5,0,23,53,23,0,76,71,29,0,100
16668,346,"CĂMIN CULTURAL HÎRTIEŞTI",HÂRTIEŞTI,AG,776,2,0,0,2,10,3,0,13,12,6,0,18,23,7,0,30,70,10,0,80,99,15,0,114
16686,347,"PRIMĂRIA VECHE HÎRTIEŞTI",DEALU,AG,299,2,0,0,2,2,0,0,2,3,1,0,4,6,1,0,7,33,10,0,43,50,12,0,62
16711,348,"ŞCOALA LUCIENI",LUCIENI,AG,278,1,0,0,1,1,0,0,1,4,2,0,6,9,2,0,11,29,2,0,31,48,7,0,55
16702,349,"CENTRUL DE ZI LESPEZI",LESPEZI,AG,369,2,4,0,6,6,4,0,10,12,4,0,16,21,5,0,26,89,5,0,94,189,6,0,195
16748,350,"ŞCOALA GIMNAZIALĂ ELENA DAVILA PERTICARI",IZVORU,AG,922,7,3,0,10,24,10,0,34,35,12,0,47,43,18,0,61,80,37,0,117,106,45,0,151
16748,351,"ŞCOALA GIMNAZIALĂ ELENA DAVILA PERTICARI",IZVORU,AG,920,9,0,0,9,17,0,0,17,22,0,0,22,32,0,0,32,55,0,0,55,77,0,0,77
16766,352,PRIMĂRIE,LEORDENI,AG,1416,7,2,0,9,26,15,0,41,41,15,0,56,89,23,0,112,188,48,18,254,237,53,18,308
16800,353,"CENTRUL CULTURAL MULTIFUNCȚIONAL BUDIŞTENI",BUDIŞTENI,AG,1066,2,3,0,5,13,4,0,17,17,5,0,22,30,9,0,39,81,15,0,96,95,20,0,115
16855,354,"ŞCOALA CU CLASELE I-VIII GLÎMBOCATA",GLÎMBOCATA,AG,908,4,4,0,8,11,4,0,15,15,4,0,19,26,10,0,36,65,19,0,84,101,22,0,123
16828,355,"ŞCOALA CIULNIŢA",CIULNIŢA,AG,929,5,1,0,6,13,2,0,15,18,6,0,24,27,8,0,35,77,16,0,93,111,23,0,134
16846,356,"ŞCOALA COTU MALULUI","COTU MALULUI",AG,346,2,4,0,6,7,4,0,11,29,4,0,33,32,4,0,36,68,7,0,75,97,9,0,106
16917,357,"ȘCOALA GIMNAZIALĂ NR.1 LEREȘTI, SAT LEREȘTI",LEREŞTI,AG,1390,12,0,0,12,41,2,0,43,74,3,0,77,110,5,0,115,254,28,0,282,333,40,0,373
16935,358,"ȘCOALA GIMNAZIALĂ NR.1 LEREȘTI, SAT VOINEȘTI",VOINEŞTI,AG,1370,12,2,0,14,56,23,0,79,77,34,0,111,107,40,0,147,249,59,0,308,308,69,0,377
16917,359,"CĂMIN CULTURAL LEREȘTI",LEREŞTI,AG,1122,6,4,0,10,25,15,0,40,33,16,0,49,69,18,0,87,250,40,0,290,338,58,0,396
16953,360,"ŞCOALA GIMNAZIALĂ ""GENERAL CONSTANTIN CRISTESCU"" LUNCA CORBULUI","LUNCA CORBULUI",AG,829,5,1,0,6,14,6,0,20,18,9,0,27,23,12,0,35,107,39,0,146,150,55,0,205
16953,361,"ŞCOALA SILIŞTENI","LUNCA CORBULUI",AG,222,4,4,0,8,9,6,0,15,13,7,0,20,15,8,0,23,57,32,0,89,99,40,0,139
16953,362,"ŞCOALA PĂDUREŢI","LUNCA CORBULUI",AG,854,1,1,0,2,11,3,0,14,21,12,0,33,32,15,0,47,91,27,0,118,120,41,0,161
16953,363,"ŞCOALA MÎRGHIA DE SUS","LUNCA CORBULUI",AG,338,2,1,0,3,6,4,0,10,6,8,0,14,8,12,0,20,33,48,0,81,59,62,0,121
17058,364,"ŞCOALA MĂLURENI",MĂLURENI,AG,536,8,0,0,8,14,1,0,15,19,5,0,24,27,8,0,35,67,19,0,86,92,24,0,116
17058,365,"CĂMIN CULTURAL BĂDICENI",MĂLURENI,AG,411,1,2,0,3,7,3,0,10,11,3,0,14,15,8,0,23,35,28,0,63,57,35,0,92
17085,366,ŞCOALABOHARI,TOPLIŢA,AG,314,1,4,0,5,2,6,0,8,8,6,0,14,8,7,0,15,31,17,0,48,50,20,0,70
17085,367,"ŞCOALA TOPLIŢA",TOPLIŢA,AG,329,3,2,0,5,6,3,0,9,13,3,0,16,34,5,0,39,79,14,0,93,92,18,0,110
17094,368,ŞCOALAZĂRNEŞTI,ZĂRNEŞTI,AG,787,8,0,0,8,16,4,0,20,23,6,0,29,44,12,0,56,123,40,0,163,168,54,0,222
17067,369,"ŞCOALA BUNEŞTI",BUNEŞTI,AG,556,0,0,0,0,2,4,0,6,7,7,0,14,16,11,0,27,41,29,0,70,59,35,0,94
17076,370,"TABĂRA PĂULEASCA",PĂULEASCA,AG,636,0,0,0,0,2,0,0,2,7,3,0,10,7,4,0,11,16,4,0,20,47,6,0,53
13374,371,"ŞCOALA GENERALĂ NR.1",MĂRĂCINENI,AG,1200,22,2,0,24,58,6,0,64,86,9,0,95,151,14,0,165,282,33,0,315,365,50,0,415
13374,372,"ŞCOALA GENERALĂ NR.1",MĂRĂCINENI,AG,1508,15,4,0,19,57,25,0,82,88,34,0,122,142,38,0,180,314,96,0,410,424,122,0,546
13383,373,"ŞCOALA GENERALĂ ARGEŞELU",ARGEŞELU,AG,1699,5,14,0,19,49,28,0,77,74,38,0,112,123,41,0,164,315,70,0,385,465,103,0,568
17165,374,"ŞCOALA PRIMARĂ DOBROGOSTEA",DOBROGOSTEA,AG,1026,5,0,0,5,9,1,0,10,14,1,0,15,26,1,0,27,103,8,0,111,123,10,0,133
17129,375,"ȘCOALA GENERALĂ BORLEȘTI",BORLEŞTI,AG,475,7,3,0,10,10,5,0,15,12,8,0,20,19,8,0,27,47,16,0,63,60,18,0,78
17110,376,"CĂMINUL CULTURAL MERIŞANI",MERIŞANI,AG,676,13,0,0,13,21,3,0,24,26,3,0,29,36,6,0,42,101,23,0,124,131,25,0,156
17174,377,"ŞCOALA PRIMARĂ MALU VÂNĂT","MALU VÎNĂT",AG,637,3,1,0,4,31,5,0,36,64,7,0,71,80,8,0,88,124,9,0,133,152,9,0,161
17192,378,"CĂMINUL CULTURAL VÎLCELELE",VÎLCELELE,AG,758,5,0,0,5,6,5,0,11,9,13,0,22,15,15,0,30,62,36,0,98,85,49,0,134
17218,379,"ŞCOALA GIMNAZIALA NR.1 MICEŞTI",MICEŞTI,AG,1445,12,2,0,14,26,7,0,33,61,11,0,72,79,13,0,92,291,33,0,324,333,47,0,380
17245,380,"CĂMIN CULTURAL PURCĂRENI",PURCĂRENI,AG,1401,3,2,0,5,16,2,0,18,32,2,0,34,48,4,0,52,173,22,0,195,244,28,0,272
17236,381,"ŞCOALA PRIMARA NR.2 PĂULEASCA",PĂULEASCA,AG,782,2,0,0,2,18,0,0,18,30,2,0,32,40,9,0,49,186,18,0,204,280,21,0,301
17263,382,"CĂMINUL CULTURAL MIHĂEȘTI",MIHĂEŞTI,AG,2008,8,3,0,11,21,4,0,25,34,7,0,41,52,9,0,61,164,15,0,179,252,17,0,269
17316,383,"ȘCOALAGENERALĂ VALEA POPII","VALEA POPII",AG,787,7,5,0,12,20,6,0,26,32,8,0,40,44,9,0,53,111,12,0,123,167,21,0,188
17272,384,"ȘCOALA GENERALĂ DRĂGHICI",DRĂGHICI,AG,893,5,2,0,7,12,2,0,14,18,4,0,22,25,5,0,30,93,19,0,112,137,22,0,159
17325,385,"ȘCOALA GENERALĂ VĂCAREA",VĂCAREA,AG,466,4,1,0,5,9,3,0,12,20,3,0,23,30,5,0,35,76,10,0,86,109,11,0,120
17281,386,"ȘCOALA CU CLASELE I-IV FURNICOSI",FURNICOŞI,AG,728,5,2,0,7,7,2,0,9,14,2,0,16,17,2,0,19,75,5,0,80,114,6,0,120
17343,387,"CĂMIN CULTURAL MĂŢĂU",MĂŢĂU,AG,1002,5,0,0,5,12,2,0,14,13,5,0,18,37,6,0,43,85,11,0,96,108,14,0,122
17389,388,"ŞCOALA PRIMARĂ I-IV SUSLĂNEŞTI",SUSLĂNEŞTI,AG,337,3,3,0,6,8,6,0,14,16,9,0,25,19,9,0,28,43,16,0,59,62,18,0,80
17405,389,"CĂMIN CULTURAL MIROŞI",MIROŞI,AG,1204,12,0,0,12,35,1,0,36,42,4,0,46,66,7,0,73,123,16,0,139,186,24,0,210
17414,390,"ŞCOALA SURDULEŞTI",SURDULEŞTI,AG,748,4,2,0,6,11,6,0,17,22,10,0,32,34,12,0,46,78,20,0,98,108,22,0,130
17432,391,"ŞCOALA GENERALĂ CU CLASELE I-VIII MORĂREŞTI",MORĂREŞTI,AG,904,1,0,0,1,21,3,0,24,30,7,0,37,39,8,0,47,115,29,0,144,130,40,0,170
17441,392,"ŞCOALA CU CLASELE I-IV DEDULEŞTI",DEDULEŞTI,AG,613,3,0,0,3,10,4,0,14,19,5,0,24,23,12,0,35,62,21,0,83,70,30,0,100
17502,393,"CĂMIN CULTURAL MOŞOAIA",MOŞOAIA,AG,1435,2,0,0,2,32,1,0,33,39,1,0,40,50,4,0,54,120,8,0,128,181,16,0,197
17548,394,"ŞCOALA CU CLASELE I-VIII HINŢEŞTI",HINŢEŞTI,AG,972,4,2,0,6,11,2,0,13,16,2,0,18,41,3,0,44,92,5,0,97,118,14,0,132
17566,395,"ŞCOALA CU CLASELE I-IV SMEURA",SMEURA,AG,1282,4,0,0,4,18,0,0,18,27,2,0,29,35,2,0,37,116,8,0,124,142,10,0,152
17520,396,"ŞCOALA CU CLASELE I-IV CIOCĂNĂI",CIOCĂNĂI,AG,543,0,0,0,0,3,0,0,3,4,1,0,5,10,2,0,12,24,7,0,31,33,10,0,43
17566,397,"SOCIETATEA COMERCIALĂ BUILDING ASTROM SOCIETATE CU RĂSPUNDERE LIMITATĂ",SMEURA,AG,861,3,0,0,3,27,4,0,31,51,9,0,60,60,10,0,70,107,18,0,125,138,18,0,156
17584,398,"LICEUL TEHNOLOGIC LIVIU REBREANU MOZĂCENI",MOZĂCENI,AG,1234,13,2,0,15,28,6,0,34,41,7,0,48,60,12,0,72,122,38,0,160,157,47,0,204
17584,399,"ŞCOALA GENERALĂ MIŞEI",MOZĂCENI,AG,507,1,0,0,1,4,6,0,10,5,9,0,14,9,13,0,22,29,25,0,54,33,30,0,63
17655,400,"CĂMIN CULTURAL CONSTANTIN DOBRESCU ARGEȘ - ROBAIA",MUSĂŢEŞTI,AG,1190,1,0,0,1,16,1,0,17,36,5,0,41,48,5,0,53,154,22,0,176,214,36,0,250
17628,401,"SEDIUL PRIMĂRIEI VECHI - VILSĂNEȘTI",VÎLSĂNEŞTI,AG,460,2,4,0,6,8,7,0,15,9,11,0,20,15,13,0,28,50,32,0,82,77,35,0,112
17646,402,"ŞCOALA GENERALĂ COSTEŞTI - VÎLSAN",COSTEŞTI-VÎSLAN,AG,559,0,0,0,0,1,1,0,2,2,3,0,5,12,4,0,16,58,18,0,76,128,23,0,151
17682,403,"ŞCOALA GENERALĂ STROEŞTI",STROEŞTI,AG,868,8,0,0,8,14,3,0,17,23,3,0,26,44,7,0,51,148,29,0,177,230,45,0,275
17735,404,"ŞCOALA NEGRAŞI",NEGRAŞI,AG,618,5,0,0,5,6,2,0,8,8,4,0,12,13,5,0,18,34,13,0,47,49,19,0,68
17744,405,"GRĂDINIŢA BÎRLOGU",BÎRLOGU,AG,662,3,2,0,5,15,7,0,22,19,12,0,31,29,17,0,46,53,26,0,79,80,43,0,123
17762,406,"ŞCOALA MOZACU",MOZACU,AG,250,3,1,0,4,7,3,0,10,12,6,0,18,14,8,0,22,31,19,0,50,55,25,0,80
17753,407,"ŞCOALA BUTA",BUTA,AG,154,3,0,0,3,10,6,0,16,15,6,0,21,19,9,0,28,26,10,0,36,45,16,0,61
17780,408,"CĂMIN CULTURAL NUCŞOARA",NUCŞOARA,AG,382,4,1,0,5,8,3,0,11,13,5,0,18,30,7,0,37,88,15,0,103,113,28,0,141
17806,409,"CĂMIN CULTURAL SBOGHIŢEŞTI",SBOGHIŢEŞTI,AG,348,0,0,0,0,7,3,0,10,12,3,0,15,16,3,0,19,75,5,0,80,123,10,0,133
17815,410,"CĂMIN CULTURAL SLATINA",SLATINA,AG,427,7,5,0,12,18,7,0,25,37,7,0,44,49,8,0,57,103,15,0,118,172,19,0,191
17833,411,"ȘCOALA GIMNAZIALĂ ”D. RĂDULESCU” OARJA",OARJA,AG,1447,14,2,0,16,43,3,0,46,71,7,0,78,98,9,0,107,223,30,0,253,261,49,0,310
17833,412,"ŞCOALA PRIMARĂ OARJA SAT",OARJA,AG,795,9,2,0,11,20,3,0,23,38,8,0,46,60,11,0,71,145,25,0,170,164,36,0,200
17860,413,"SALA DE SPORT PIETROŞANI",PIETROŞANI,AG,1447,6,0,0,6,16,2,0,18,19,4,0,23,56,9,0,65,179,26,0,205,263,31,0,294
17879,414,"CĂMIN CULTURAL BĂDEŞTI",BĂDEŞTI,AG,1272,6,0,0,6,25,1,0,26,37,5,0,42,60,5,0,65,186,17,0,203,308,25,0,333
17897,415,"ŞCOALA GENERALĂ CU CLASELE I-IV RETEVOIEŞTI",RETEVOIEŞTI,AG,1386,3,1,0,4,10,2,0,12,19,3,0,22,33,5,0,38,141,22,0,163,177,32,0,209
17888,416,"ŞCOALAGENERALĂ CU CLASELE I-IV GĂNEŞTI",GĂNEŞTI,AG,540,3,2,0,5,5,5,0,10,9,6,0,15,11,7,0,18,43,13,0,56,97,13,0,110
18037,417,"ŞCOALA CU CLASELE I-VIII POIANA LACULUI","POIANA LACULUI",AG,1506,3,1,0,4,21,2,0,23,37,11,0,48,59,15,0,74,135,27,0,162,199,39,0,238
18082,418,"ŞCOALA CU CLASELEI-IV DINCULEŞTI",DINCULEŞTI,AG,283,3,4,0,7,14,5,0,19,24,7,0,31,30,7,0,37,53,8,0,61,62,8,0,70
18046,419,"ŞCOALA CU CLASELE I-IV CĂTUNAŞI",CĂTUNAŞI,AG,397,1,0,0,1,5,1,0,6,13,4,0,17,16,4,0,20,38,10,0,48,58,13,0,71
18153,420,"ŞCOALA CU CLASELE I-VIII SĂMARA",SĂMARA,AG,766,0,0,0,0,5,0,0,5,10,0,0,10,14,2,0,16,46,10,0,56,74,12,0,86
18126,421,"ŞCOALA CU CLASELE I-IV METOFU",METOFU,AG,283,0,0,0,0,2,3,0,5,2,3,0,5,3,5,0,8,8,5,0,13,20,6,0,26
18073,422,"ŞCOALA CU CLASELE I-IV DEALUL VIILOR","DEALU VIILOR",AG,304,0,2,0,2,5,3,0,8,8,5,0,13,10,5,0,15,20,14,0,34,25,16,0,41
18135,423,"GRĂDINIŢA PĂDUROIUDIN DEAL","PĂDUROIU DIN DEAL",AG,737,0,0,0,0,3,1,0,4,19,2,0,21,21,4,0,25,56,8,0,64,97,10,0,107
18144,424,"GRĂDINIŢA PĂDUROIUDIN VALE","PĂDUROIU DIN VALE",AG,639,4,0,0,4,4,1,0,5,9,3,0,12,15,7,0,22,31,9,0,40,39,10,0,49
18108,425,"ŞCOALA CU CLASELE I-IV GĂRDINEŞTI",GĂRDINEŞTI,AG,378,2,0,0,2,4,3,0,7,7,3,0,10,10,7,0,17,35,10,0,45,58,17,0,75
17922,426,"CĂMIN CULTURAL POIENARI",POIENARI,AG,651,3,0,0,3,7,1,0,8,9,2,0,11,17,9,0,26,36,15,0,51,44,22,0,66
17940,427,"ŞCOALA GENERALĂ I-IV IOANICEŞTI",IOANICEŞTI,AG,191,1,0,0,1,3,2,0,5,3,5,0,8,6,5,0,11,10,6,0,16,15,9,0,24
17977,428,"ŞCOALA GIMNAZIALA NR.1 POIENARII DE MUSCEL",POIENARI,AG,1217,0,2,0,2,9,3,0,12,18,8,0,26,25,8,0,33,106,13,1,120,131,22,1,154
17995,429,"ŞCOALA PRIMARĂ NR.1JUGUR",JUGUR,AG,916,4,0,0,4,6,2,0,8,10,3,0,13,17,4,0,21,68,7,0,75,106,11,0,117
17986,430,"GRĂDINIŢA CU PROGRAM NORMAL NR.2 GROŞANI",GROŞANI,AG,624,5,1,0,6,10,2,0,12,25,2,0,27,47,4,0,51,112,15,0,127,151,19,0,170
18171,431,"ŞCOALA POPEŞTI",POPEŞTI,AG,511,2,0,0,2,19,5,0,24,24,9,0,33,30,15,0,45,84,32,0,116,116,44,0,160
18233,432,"ŞCOALA SLOBOZIA",SLOBOZIA,AG,562,7,1,0,8,9,3,0,12,67,5,0,72,79,6,0,85,132,17,0,149,272,23,0,295
18215,433,"ŞCOALA PURCĂRENI",PURCĂRENI,AG,572,10,0,0,10,26,0,0,26,50,3,0,53,57,8,0,65,123,18,0,141,192,38,0,230
18251,434,"ȘCOALA GIMNAZIALĂ ""C. RĂDULESCU CODIN""",PRIBOIENI,AG,1436,3,1,0,4,19,3,0,22,29,6,0,35,80,7,0,87,229,12,0,241,302,13,0,315
18251,435,"CLUBUL TINERETULUI PRIBOIENI",PRIBOIENI,AG,1555,20,0,0,20,44,3,0,47,60,4,0,64,127,8,0,135,322,23,0,345,400,29,0,429
18402,436,"CĂMINUL CULTURAL TIGVENI",TIGVENI,AG,659,2,0,0,2,7,2,0,9,8,5,0,13,14,6,0,20,45,11,0,56,65,22,0,87
18368,437,"ŞCOALA CU CLASELEI-IV FURDUEŞTI",FURDUEŞTI,AG,436,2,2,0,4,14,3,0,17,17,3,0,20,26,4,0,30,53,8,0,61,63,10,0,73
18386,438,"ŞCOALA CU CLASELEI-IV NEJLOVELU",NEJLOVELU,AG,408,1,1,0,2,8,3,0,11,13,4,0,17,16,8,0,24,40,13,0,53,58,18,0,76
18395,439,"ŞCOALA CU CLASELEI-IV PĂTULENI",PĂTULENI,AG,756,1,1,0,2,12,1,0,13,22,3,0,25,31,4,0,35,67,7,0,74,119,12,0,131
18377,440,"ŞCOALA CU CLASELEI-IV MAVRODOLU",MAVRODOLU,AG,136,0,1,0,1,9,2,0,11,11,5,0,16,16,9,0,25,27,15,0,42,33,15,0,48
18224,441,"CAMINUL CULTURAL RÂCA",RÂCA,AG,862,14,4,0,18,90,17,0,107,135,21,0,156,186,30,0,216,351,88,0,439,517,103,0,620
18420,442,"ŞCOALA GENERALA NR. 1 RECEA",RECEA,AG,1464,6,2,0,8,28,4,0,32,43,6,0,49,58,11,0,69,143,34,0,177,205,54,0,259
18439,443,"ŞCOALA CU CLASELE I-VIII DEAGURILE","DEAGU DE JOS",AG,785,4,5,0,9,12,5,0,17,18,8,0,26,23,11,0,34,84,26,0,110,133,43,0,176
18484,444,"GRĂDINIŢA CU PROGRAM NORMAL ""MARIN ANGELESCU"", ROCIU",ROCIU,AG,376,2,3,0,5,8,6,0,14,23,7,0,30,30,10,0,40,76,27,0,103,111,40,0,151
18493,445,"GRĂDINIŢA CU PROGRAM NORMAL ""THEODOR ANGHEL"", GLIGANU DE JOS","GLIGANU DE JOS",AG,351,8,0,0,8,14,1,0,15,20,5,0,25,26,10,0,36,67,22,0,89,113,43,0,156
18509,446,"ŞCOALA PRIMARĂ ""ION BĂLTEANU"", GLIGANU DE SUS","GLIGANU DE SUS",AG,549,10,1,0,11,20,8,0,28,26,10,0,36,36,12,0,48,100,35,0,135,167,41,0,208
18518,447,"ŞCOALA GIMNAZIALĂ""GHEORGHE MOCANU"" PRIMAR, GIMNAZIAL, ŞERBĂNEŞTI",ŞERBĂNEŞTI,AG,798,12,0,0,12,21,5,0,26,30,9,0,39,55,10,0,65,124,20,0,144,206,26,0,232
18536,448,"LICEUL TEHNOLOGIC "" VICTOR SLĂVESCU"" - SALA DE SPORT",RUCĂR,AG,1286,10,0,0,10,41,3,0,44,60,7,0,67,75,7,0,82,154,15,0,169,202,24,0,226
18536,449,"ŞCOALA GENERALĂ NR.2 - CLASA NR. 1",RUCĂR,AG,1052,4,0,0,4,20,3,0,23,24,5,0,29,31,9,0,40,111,24,0,135,165,31,0,196
18536,450,"ŞCOALA GIMNAZIALĂ ""NAE A GHICA"" -SALA DE SPORT",RUCĂR,AG,1017,5,0,0,5,25,8,0,33,47,12,0,59,67,12,0,79,181,27,0,208,244,30,0,274
18545,451,ŞCOALASĂTIC,SĂTIC,AG,99,1,7,0,8,5,13,0,18,7,13,0,20,9,17,0,26,14,35,0,49,23,38,0,61
18536,452,"ȘCOALA GIMNAZIALĂ ”NAE A. GHICA” - SALA CLASĂ PREGĂTITOARE",RUCĂR,AG,1477,8,2,0,10,37,8,0,45,66,9,0,75,102,9,0,111,246,24,0,270,341,25,1,367
18563,453,"CĂMINUL CULTURAL SĂLĂTRUCU CENTRU",SĂLĂTRUCU,AG,1223,11,3,0,14,19,7,0,26,23,7,0,30,30,8,0,38,130,16,0,146,190,23,0,213
18572,454,"ŞCOALA CU CLASELEI-IV VĂLENI",VĂLENI,AG,546,1,0,0,1,16,5,0,21,19,5,0,24,25,5,0,30,73,12,0,85,102,17,0,119
18616,455,"ŞCOALA GENERALĂ DEALU BRADULUI","DEALU BRADULUI",AG,159,1,0,0,1,8,5,0,13,21,5,0,26,24,5,0,29,41,18,0,59,49,19,0,68
18652,456,"CĂMIN CULTURAL POPEŞTI",POPEŞTI,AG,663,1,7,0,8,10,13,0,23,25,21,0,46,43,23,0,66,94,34,0,128,162,41,0,203
18607,457,"ŞCOALA GIMNAZIALĂ DUMITRU UDRESCU SĂPATA",BĂNĂREŞTI,AG,325,3,4,0,7,6,5,0,11,19,9,0,28,23,12,0,35,90,36,0,126,127,47,0,174
18590,458,"IMOBIL PROPRIETATE MIU COSMIN",MÎRŢEŞTI,AG,215,1,2,0,3,7,4,0,11,14,8,0,22,21,11,0,32,43,17,0,60,68,25,0,93
18714,459,"ŞCOALA CU CLASELE V-VIII LĂZĂREŞTI",LĂZĂREŞTI,AG,1069,6,0,0,6,22,4,0,26,30,6,0,36,39,6,0,45,126,14,0,140,174,22,0,196
18689,460,"CĂMIN CULTURAL SCHITU GOLEŞTI","SCHITU GOLEŞTI",AG,1244,8,2,0,10,24,2,0,26,40,3,0,43,56,3,0,59,145,13,0,158,185,16,0,201
18714,461,"CĂMIN CULTURAL LĂZĂREŞTI",LĂZĂREŞTI,AG,1783,15,1,0,16,27,3,0,30,46,5,0,51,67,6,0,73,227,18,0,245,348,34,0,382
18750,462,"ŞCOALA GEN.NR.2 CLASELE I-IV",SLOBOZIA,AG,1905,6,0,0,6,17,6,0,23,27,7,0,34,34,7,0,41,96,11,0,107,178,19,0,197
18769,463,"ŞCOALA NIGRIŞOARA",NIGRIŞOARA,AG,248,1,2,0,3,10,5,0,15,13,6,0,19,14,6,0,20,23,10,0,33,39,11,0,50
18750,464,"ȘOALA GENERALĂ DIN CENTRUL COMUNEI",SLOBOZIA,AG,1694,3,0,0,3,13,1,0,14,16,1,0,17,23,2,0,25,102,7,0,109,161,14,0,175
18787,465,"GRĂDINIŢA CU PROGRAM PRELUNGIT STÎLPENI",STÎLPENI,AG,1588,9,1,0,10,38,9,0,47,62,12,0,74,89,15,0,104,228,24,0,252,341,29,0,370
18803,466,"CAMINUL CULTURAL LIVEZENI",LIVEZENI,AG,1206,5,0,0,5,20,1,0,21,33,7,0,40,70,8,0,78,207,24,0,231,261,33,0,294
18849,467,"CAMINUL CULTURAL RĂDEŞTI",RĂDEŞTI,AG,1398,8,1,0,9,25,9,0,34,39,15,0,54,72,17,0,89,220,30,0,250,261,34,0,295
18867,468,"CĂMIN CULTURAL STOENEŞTI",STOENEŞTI,AG,1083,2,0,0,2,7,1,0,8,12,11,0,23,18,13,0,31,65,24,0,89,110,36,0,146
18876,469,"CĂMIN CULTURAL BĂDENI",BĂDENI,AG,1465,4,1,0,5,17,1,0,18,33,6,0,39,42,6,0,48,134,15,0,149,188,20,0,208
18901,470,"CĂMIN CULTURAL PIATRA",PIATRA,AG,409,4,0,0,4,12,3,0,15,13,5,0,18,25,11,0,36,64,14,0,78,82,14,0,96
18929,471,"ŞCOALA GEN. VALEA BĂDENILOR","VALEA BĂDENILOR",AG,616,1,0,0,1,10,0,0,10,10,0,0,10,13,0,0,13,99,3,0,102,172,13,0,185
18947,472,"GRĂDINIȚA CU PROGRAM NORMAL STOLNICI",STOLNICI,AG,1511,3,1,0,4,22,16,0,38,43,23,0,66,57,26,0,83,147,36,0,183,231,58,0,289
18974,473,"CĂMINUL CULTURAL FÎLFANI",FÎLFANI,AG,1030,5,0,0,5,18,9,0,27,28,17,0,45,40,24,0,64,99,50,0,149,140,60,0,200
19034,474,"ŞCOALA PRIMARĂ IOAN RIZESCU",CERŞANI,AG,624,2,0,0,2,9,2,0,11,13,2,0,15,27,3,0,30,61,10,0,71,89,15,0,104
19016,475,"PRIMĂRIA COMUNEI SUSENI",SUSENI,AG,897,1,2,0,3,4,4,0,8,9,11,0,20,21,16,0,37,60,33,0,93,96,45,0,141
19105,476,"ŞCOALA PRIMARĂ GHEOGHE TOMA",ŢUŢULEŞTI,AG,1044,5,2,0,7,9,4,0,13,12,7,0,19,18,8,0,26,90,21,0,111,131,33,0,164
19123,477,"ŞCOALA CU CLASELE I-VIIIŞTEFAN CEL MARE","ŞTEFAN CEL MARE",AG,703,1,4,0,5,6,6,0,12,9,6,0,15,14,9,0,23,44,12,0,56,68,16,0,84
19123,478,"ŞCOALA CU CLASELE I-VIIIŞTEFAN CEL MARE","ŞTEFAN CEL MARE",AG,841,4,0,0,4,13,0,0,13,22,0,0,22,33,1,0,34,63,12,0,75,86,15,0,101
19132,479,"ŞCOALA GLAVACIOC",GLAVACIOC,AG,364,2,1,0,3,5,3,0,8,8,3,0,11,15,7,0,22,36,11,0,47,53,12,0,65
19150,480,"CĂMIN CULTURAL ŞUICI",ŞUICI,AG,1015,2,0,0,2,4,0,0,4,4,0,0,4,14,1,0,15,66,10,0,76,81,15,0,96
19196,481,"ŞCOALA PRIMARĂ RUDENI",RUDENI,AG,698,2,1,0,3,8,2,0,10,8,2,0,10,12,2,0,14,52,11,0,63,75,15,0,90
19169,482,"ŞCOALA IANCULEŞTI",IANCULEŞTI,AG,227,0,0,0,0,4,3,0,7,5,3,0,8,7,4,0,11,27,6,0,33,37,7,0,44
19203,483,"ŞCOALA PRIMARĂ VALEA CALULUI","VALEA CALULUI",AG,79,1,1,0,2,3,1,0,4,4,1,0,5,4,1,0,5,17,3,0,20,29,4,0,33
19221,484,"CĂMIN CULTURAL TEIU",TEIU,AG,957,11,3,0,14,37,6,0,43,52,10,0,62,65,11,0,76,126,30,0,156,199,48,0,247
19230,485,"ŞCOALA GENERALĂ LEŞILE",LEŞILE,AG,155,2,0,0,2,3,3,0,6,5,3,0,8,6,4,0,10,29,10,0,39,47,23,0,70
19258,486,"PRIMĂRIA TIGVENI",TIGVENI,AG,1507,8,2,0,10,38,12,0,50,54,12,0,66,64,15,0,79,235,27,0,262,303,33,0,336
19294,487,"ȘCOALA CU CLASELE I-IV BÎRSEȘTII DE JOS","BÎRSEŞTII DE JOS",AG,1024,8,1,0,9,15,2,0,17,21,2,0,23,30,2,0,32,88,15,0,103,124,20,0,144
19329,488,"ŞCOALA CU CLASELE I-IV VLĂDEŞTI",VLĂDEŞTI,AG,207,0,0,0,0,2,0,0,2,3,0,0,3,8,2,0,10,24,8,0,32,34,11,0,45
19356,489,"PRIMĂRIA COMUNEI ȚIȚEȘTI",BUCŞENEŞTI-LOTAŞI,AG,1249,5,1,0,6,13,2,0,15,13,2,0,15,21,3,0,24,91,5,0,96,122,13,1,136
19383,490,"ȘCOALA CU CLASELE I-IV VALEA STÂNII","VALEA STÎNII",AG,854,6,2,0,8,20,2,0,22,28,4,0,32,46,4,0,50,127,10,0,137,148,12,0,160
19347,491,"ȘCOALA CU CLASELE I-IV ȚIȚEȘTI",ŢIŢEŞTI,AG,1002,5,0,0,5,12,0,0,12,20,0,0,20,28,4,0,32,72,6,0,78,118,13,0,131
19374,492,"ȘCOALA CU CLASELE I-IV VALEA MĂNĂSTIRII","VALEA MĂNĂSTIRII",AG,780,2,0,0,2,6,2,0,8,7,3,0,10,10,5,0,15,54,9,0,63,135,15,0,150
19409,493,"ŞCOALA I-VIII UDA",UDA,AG,542,4,1,0,5,6,2,0,8,12,3,0,15,18,3,0,21,51,29,0,80,78,39,0,117
19454,494,"ŞCOALA COTU",COTU,AG,211,3,1,0,4,6,3,0,9,10,5,0,15,12,9,0,21,25,20,0,45,31,26,0,57
19551,495,"ŞCOALA I - IV SĂLIŞTEA",SĂLIŞTEA,AG,467,4,0,0,4,7,4,0,11,14,7,0,21,17,10,0,27,33,16,0,49,42,26,0,68
19533,496,"CĂMIN CULTURAL GOVORA",RÎJLEŢU-GOVORA,AG,401,3,2,0,5,8,5,0,13,11,6,0,17,19,8,0,27,37,27,0,64,47,31,0,78
19579,497,"ŞCOALA CU CLASELE I-VIII UNGHENI",UNGHENI,AG,607,9,3,0,12,24,5,0,29,35,6,0,41,41,9,0,50,92,22,0,114,136,32,0,168
19588,498,"ŞCOALA COLŢU",COLŢU,AG,599,6,3,0,9,48,12,0,60,65,16,0,81,95,25,0,120,204,47,0,251,261,54,0,315
19613,499,"SOCIETATEA AGRICOLA ALBINA",HUMELE,AG,1105,2,3,0,5,17,8,0,25,34,9,0,43,50,11,0,61,123,35,0,158,200,41,0,241
19640,500,"CĂMINUL CULTURAL VALEA DANULUI","VALEA DANULUI",AG,1669,8,0,0,8,17,0,0,17,26,0,0,26,53,1,0,54,160,9,0,169,214,12,0,226
19686,501,"CĂMINUL CULTURAL VERNEŞTI",VERNEŞTI,AG,884,2,0,0,2,3,2,0,5,5,4,0,9,15,4,0,19,60,8,0,68,95,11,0,106
19702,502,"ŞCOALA GIMNAZIALĂ VALEA IAŞULUI","VALEA IAŞULUI",AG,849,0,1,0,1,8,5,0,13,11,62,0,73,24,63,0,87,87,65,0,152,118,69,0,187
19739,503,"GRĂDINIŢA BOROVINEŞTI",BOROVINEŞTI,AG,188,2,0,0,2,3,5,0,8,6,7,0,13,6,7,0,13,27,13,0,40,39,15,0,54
19757,504,"ŞCOALA PRIMARĂ MUSTĂTEŞTI",MUSTĂŢEŞTI,AG,1049,4,0,0,4,16,1,0,17,21,1,0,22,38,1,0,39,152,8,0,160,216,15,0,231
19748,505,"GRĂDINIŢA CERBURENI",CERBURENI,AG,313,2,0,0,2,5,1,0,6,14,1,0,15,17,1,0,18,34,4,0,38,59,4,0,63
13533,506,"CĂMIN CULTURAL VALEA MARE PRAVĂŢ","VALEA MARE PRAVĂŢ",AG,1216,7,0,0,7,32,2,0,34,39,5,0,44,62,5,0,67,134,15,0,149,182,24,0,206
13588,507,"CĂMIN CULTURAL NĂMĂEŞTI",NĂMĂEŞTI,AG,509,3,3,0,6,14,20,0,34,28,22,0,50,43,22,0,65,81,26,0,107,105,30,0,135
13542,508,"ŞCOALA BILCEŞTI",BILCEŞTI,AG,721,0,0,0,0,4,1,0,5,6,6,0,12,8,6,0,14,34,6,0,40,53,11,0,64
13579,509,"ŞCOALA GURA PRAVĂŢ","GURA PRAVĂŢ",AG,883,1,0,0,1,6,3,0,9,8,3,0,11,12,4,0,16,123,7,0,130,345,14,0,359
19800,510,"LICEUL TEHNOLOGIC VEDEA",VEDEA,AG,755,4,3,0,7,6,3,0,9,16,9,48,73,24,13,48,85,65,38,48,151,85,43,48,176
19962,511,"ŞCOALA VAŢA",VAŢA,AG,534,4,6,0,10,13,8,0,21,13,13,0,26,26,15,0,41,63,27,0,90,70,37,0,107
19944,512,"ŞCOALA PRODANI",PRODANI,AG,600,4,1,0,5,10,3,0,13,11,3,0,14,12,3,0,15,45,5,0,50,62,16,0,78
19882,513,"ŞCOALA FATA",FATA,AG,458,5,1,0,6,9,1,0,10,16,3,0,19,18,3,0,21,46,10,0,56,72,20,0,92
19917,514,"ŞCOALA IZVORU DE SUS","IZVORU DE SUS",AG,287,1,6,0,7,4,6,0,10,6,9,0,15,9,11,0,20,31,24,0,55,44,26,0,70
19891,515,"ŞCOALA FRĂTICI",FRĂTICI,AG,349,2,0,0,2,8,0,0,8,9,2,0,11,10,3,0,13,22,7,0,29,38,16,0,54
20000,516,"GRĂDINIŢA NR. 3",VLĂDEŞTI,AG,1670,6,0,0,6,25,3,0,28,45,4,0,49,63,4,0,67,225,17,0,242,315,24,0,339
20000,517,"ŞCOALAPRIMARĂNR. 2",VLĂDEŞTI,AG,867,1,0,0,1,16,0,0,16,22,0,0,22,30,1,0,31,101,2,0,103,140,7,0,147
16720,518,"PRIMĂRIA VULTUREȘTI",VULTUREŞTI,AG,1590,2,0,0,2,5,2,0,7,14,2,0,16,34,2,0,36,123,10,0,133,212,23,0,235
16677,519,"CĂMINUL CULTURAL BÂRZEȘTI",BÂRZEŞTI,AG,466,1,2,0,3,5,3,0,8,6,4,0,10,14,4,0,18,65,15,0,80,96,19,0,115
16695,520,"ȘCOALA PRIMARĂ HULUBA",HULUBA,AG,177,0,0,0,0,0,0,0,0,2,0,0,2,3,0,0,3,16,3,0,19,17,3,0,20
9271,1,"COLEGIUL ECONOMIC",ARAD,AR,865,10,12,0,22,39,53,0,92,65,65,0,130,73,66,0,139,119,73,0,192,151,91,0,242
9271,2,"POLICLINICA MUNICIPALĂ",ARAD,AR,1090,17,7,0,24,59,20,0,79,86,42,0,128,107,44,0,151,175,54,0,229,215,81,0,296
9271,3,"SPITALUL CLINIC MUNICIPAL- SECŢIA ORL",ARAD,AR,1122,17,2,0,19,89,8,0,97,115,16,0,131,127,19,0,146,197,23,0,220,248,27,0,275
9271,4,"COLEGIUL NAŢIONAL „VASILE GOLDIŞ” (FOSTA ŞCOALĂ GENERALĂ NR. 4)",ARAD,AR,1257,8,5,0,13,84,11,0,95,125,25,0,150,137,25,0,162,215,52,0,267,280,71,0,351
9271,5,"COLEGIUL NAŢIONAL „VASILE GOLDIŞ” (FOSTA ŞCOALĂ GENERALĂ NR. 4)",ARAD,AR,1225,20,0,0,20,74,4,0,78,108,10,0,118,126,12,0,138,205,22,0,227,247,24,0,271
9271,6,"COLEGIUL NAŢIONAL „VASILE GOLDIŞ” (FOSTA ŞCOALĂ GENERALĂ NR. 4)",ARAD,AR,929,15,0,0,15,67,1,0,68,85,2,0,87,94,6,0,100,130,9,0,139,180,14,0,194
9271,7,"COLEGIUL NAŢIONAL „VASILE GOLDIŞ” (FOSTA ŞCOALĂ GENERALĂ NR. 4)",ARAD,AR,932,18,1,0,19,49,1,57,107,76,4,57,137,86,6,57,149,151,7,57,215,183,9,57,249
9271,8,"COLEGIUL NAŢIONAL „VASILE GOLDIŞ”",ARAD,AR,1826,18,0,0,18,89,4,90,183,132,8,90,230,149,9,90,248,374,24,90,488,344,52,90,486
9271,9,"LICEUL DE ARTE „SABIN DRĂGOI”",ARAD,AR,1039,16,6,0,22,50,13,0,63,80,22,0,102,85,24,0,109,163,35,0,198,193,58,0,251
9271,10,"LICEUL DE ARTE „SABIN DRĂGOI”",ARAD,AR,1229,9,1,0,10,50,7,0,57,85,10,0,95,90,10,0,100,182,13,0,195,234,23,0,257
9271,11,"LICEUL TEHNOLOGIC DE ELECTRONICĂ ŞI AUTOMATIZĂRI „CAIUS IACOB”",ARAD,AR,1381,13,2,0,15,67,7,0,74,90,9,0,99,95,9,0,104,178,14,0,192,239,20,0,259
9271,12,"LICEUL TEOLOGIC BAPTIST „ALEXA POPOVICI”",ARAD,AR,869,14,6,0,20,56,9,0,65,84,10,0,94,91,10,0,101,133,11,0,144,164,18,0,182
9271,13,"LICEUL TEOLOGIC BAPTIST „ALEXA POPOVICI”",ARAD,AR,1007,18,4,0,22,58,4,0,62,88,6,0,94,91,6,0,97,151,6,0,157,182,11,0,193
9271,14,"LICEUL NAȚIONAL DE INFORMATICĂ",ARAD,AR,1392,11,0,0,11,62,1,0,63,93,4,0,97,104,5,0,109,190,15,0,205,238,20,0,258
9271,15,"SALA POLIVALENTĂ",ARAD,AR,1014,18,3,0,21,60,8,0,68,89,9,0,98,94,10,0,104,177,14,0,191,222,23,0,245
9271,16,"SALA POLIVALENTĂ",ARAD,AR,921,12,3,0,15,55,5,0,60,81,6,0,87,89,6,0,95,136,8,0,144,179,11,0,190
9271,17,"UNIVERSITATEA „AUREL VLAICU”",ARAD,AR,1480,9,2,0,11,82,8,0,90,117,22,0,139,126,22,0,148,221,35,1,257,289,52,1,342
9271,18,"UNIVERSITATEA „AUREL VLAICU”",ARAD,AR,1398,8,3,0,11,76,4,0,80,115,5,0,120,131,7,0,138,244,10,0,254,290,16,0,306
9271,19,"UNIVERSITATEA „AUREL VLAICU”",ARAD,AR,1256,13,6,0,19,53,8,1,62,102,10,1,113,110,10,1,121,204,15,1,220,259,18,1,278
9271,20,"UNIVERSITATEA „AUREL VLAICU”",ARAD,AR,1340,12,4,0,16,52,8,0,60,86,8,0,94,95,9,0,104,182,11,0,193,252,14,0,266
9271,21,"GRĂDINIȚA CU PROGRAM PRELUNGIT „PRICHINDEL” ARAD",ARAD,AR,1626,22,6,0,28,89,10,0,99,128,13,0,141,143,14,0,157,251,21,0,272,353,31,0,384
9271,22,"ŞCOALA GIMNAZIALĂ „REGINA MARIA” (FOSTA ŞCOALĂ GENERALĂ NR. 12)",ARAD,AR,1506,26,2,0,28,88,6,0,94,117,11,0,128,136,11,0,147,231,19,0,250,317,22,0,339
9271,23,"ŞCOALA GIMNAZIALĂ „REGINA MARIA” (FOSTA ŞCOALĂ GENERALĂ NR. 12)",ARAD,AR,1331,14,0,0,14,77,6,0,83,116,6,0,122,128,6,0,134,200,11,0,211,247,14,0,261
9271,24,"ŞCOALA GIMNAZIALĂ „REGINA MARIA” (FOSTA ŞCOALĂ GENERALĂ NR. 12)",ARAD,AR,1424,19,0,0,19,63,2,0,65,87,2,0,89,101,2,0,103,183,5,0,188,252,8,0,260
9271,25,"ȘCOALA GIMNAZIALĂ „CAIUS IACOB” (FOSTA ŞCOALĂ GENERALĂ NR. 22)",ARAD,AR,1415,12,0,0,12,82,2,0,84,127,4,0,131,140,5,0,145,233,8,0,241,296,10,0,306
9271,26,"ȘCOALA GIMNAZIALĂ „CAIUS IACOB” (FOSTA ŞCOALĂ GENERALĂ NR. 22)",ARAD,AR,1267,22,3,0,25,61,5,0,66,78,5,0,83,92,5,0,97,170,7,0,177,220,10,0,230
9271,27,"ȘCOALA GIMNAZIALĂ „CAIUS IACOB” (FOSTA ŞCOALĂ GENERALĂ NR. 22)",ARAD,AR,1369,17,3,0,20,79,3,0,82,113,4,0,117,124,4,0,128,208,6,0,214,275,11,0,286
9271,28,"ȘCOALA GIMNAZIALĂ „CAIUS IACOB” (FOSTA ŞCOALĂ GENERALĂ NR. 22)",ARAD,AR,1515,9,0,0,9,57,9,0,66,77,13,0,90,83,15,0,98,172,19,0,191,243,25,0,268
9271,29,"ȘCOALA GIMNAZIALĂ „CAIUS IACOB” (FOSTA ŞCOALĂ GENERALĂ NR. 22)",ARAD,AR,1259,18,1,0,19,66,11,0,77,105,12,0,117,112,12,0,124,198,18,0,216,248,23,0,271
9271,30,"ȘCOALA GIMNAZIALĂ „CAIUS IACOB” (FOSTA ŞCOALĂ GENERALĂ NR. 22)",ARAD,AR,1404,8,3,0,11,57,11,0,68,107,13,0,120,123,14,0,137,208,24,0,232,258,33,0,291
9271,31,"DIRECŢIA DE DEZVOLTARE ŞI ASISTENŢĂ COMUNITARĂ ARAD",ARAD,AR,1536,18,4,0,22,73,8,0,81,144,14,0,158,173,18,0,191,281,30,0,311,378,39,0,417
9271,32,"GRĂDINIŢA PP NR. 7",ARAD,AR,1501,17,8,0,25,85,13,0,98,119,14,0,133,135,14,0,149,240,14,0,254,312,15,1,328
9271,33,"GRĂDINIȚA P.P. NR. 7",ARAD,AR,1497,19,4,0,23,69,6,0,75,101,7,0,108,110,9,0,119,165,14,0,179,233,23,0,256
9271,34,"GRĂDINIȚA CU PROGRAM PRELUNGIT „PRICHINDEL”ARAD",ARAD,AR,1493,13,3,0,16,83,13,0,96,119,14,0,133,143,14,0,157,255,16,0,271,335,16,0,351
9271,35,"ŞCOALA GIMNAZIALĂ „ARON COTRUŞ”ARAD (FOSTA ŞCOALĂ GENERALĂ NR. 13)",ARAD,AR,1137,7,4,0,11,73,6,0,79,116,8,0,124,126,8,0,134,220,11,0,231,290,14,0,304
9271,36,"ŞCOALA GIMNAZIALĂ „ARON COTRUŞ”ARAD (FOSTA ŞCOALĂ GENERALĂ NR. 13)",ARAD,AR,1669,19,0,0,19,103,0,0,103,151,0,0,151,179,0,0,179,301,1,0,302,374,11,0,385
9271,37,"ŞCOALA GIMNAZIALĂ „ARON COTRUŞ”ARAD (FOSTA ŞCOALĂ GENERALĂ NR. 13)",ARAD,AR,1216,8,5,0,13,46,8,0,54,86,9,0,95,107,10,0,117,222,22,0,244,307,27,0,334
9271,38,"ŞCOALA GIMNAZIALĂ „ARON COTRUŞ”ARAD (FOSTA ŞCOALĂ GENERALĂ NR. 13)",ARAD,AR,1470,25,2,0,27,73,5,0,78,106,13,0,119,133,13,0,146,258,15,0,273,358,24,0,382
9271,39,"ŞCOALA GIMNAZIALĂ „ARON COTRUŞ”ARAD (FOSTA ŞCOALĂ GENERALĂ NR. 13)",ARAD,AR,831,8,0,0,8,30,0,0,30,43,0,0,43,53,0,0,53,112,10,0,122,147,13,0,160
9271,40,"ŞCOALA GIMNAZIALĂ „ARON COTRUŞ”ARAD (FOSTA ŞCOALĂ GENERALĂ NR. 13)",ARAD,AR,1222,12,1,0,13,59,5,58,122,91,8,58,157,101,8,58,167,225,18,58,301,291,24,58,373
9271,41,"ŞCOALA GIMNAZIALĂ „ARON COTRUŞ”ARAD (FOSTA ŞCOALĂ GENERALĂ NR. 13)",ARAD,AR,1430,17,0,0,17,85,3,0,88,117,5,0,122,138,5,0,143,274,14,0,288,380,19,0,399
9271,42,"GRĂDINIŢA P.P. NR. 11 ARAD",ARAD,AR,1353,14,6,0,20,91,9,0,100,146,13,0,159,168,13,0,181,401,18,0,419,344,21,0,365
9271,43,"GRĂDINIŢA CU PROGRAM NORMAL NR. 9",ARAD,AR,733,7,1,0,8,42,9,0,51,63,9,0,72,64,15,0,79,123,20,69,212,152,26,69,247
9271,44,"GRĂDINIŢA CU PROGRAM SĂPTĂMÂNAL NR. 2 ARAD",ARAD,AR,1232,12,0,0,12,49,1,0,50,87,1,0,88,105,1,0,106,156,5,102,263,191,9,102,302
9271,45,"ŞCOALA GIMNAZIALĂ „AUREL VLAICU”ARAD (FOSTA ŞCOALĂ GENERALĂ NR. 21)",ARAD,AR,1312,17,0,0,17,81,13,0,94,118,18,0,136,136,22,0,158,241,34,0,275,307,52,0,359
9271,46,"ŞCOALA GIMNAZIALĂ „AUREL VLAICU”ARAD (FOSTA ŞCOALĂ GENERALĂ NR. 21)",ARAD,AR,1077,14,1,0,15,75,1,0,76,93,1,0,94,115,1,0,116,174,3,0,177,227,6,0,233
9271,47,"ŞCOALA GIMNAZIALĂ „AUREL VLAICU”ARAD (FOSTA ŞCOALĂ GENERALĂ NR. 21)",ARAD,AR,1256,11,0,0,11,81,1,0,82,116,2,0,118,126,2,0,128,199,2,0,201,264,2,0,266
9271,48,"ȘCOALA GIMNAZIALĂ „NICOLAE BĂLCESCU” (FOSTA ŞCOALĂ GENERALĂ NR.11)",ARAD,AR,1727,27,4,0,31,96,4,0,100,143,7,0,150,165,7,0,172,259,9,0,268,313,13,0,326
9271,49,"ȘCOALA GIMNAZIALĂ „NICOLAE BĂLCESCU” (FOSTA ŞCOALĂ GENERALĂ NR.11)",ARAD,AR,1683,15,5,0,20,83,12,0,95,111,14,0,125,124,14,0,138,198,17,0,215,259,21,0,280
9271,50,"ȘCOALA GIMNAZIALĂ „NICOLAE BĂLCESCU” (FOSTA ŞCOALĂ GENERALĂ NR.11)",ARAD,AR,1264,11,8,0,19,52,9,0,61,78,11,0,89,83,11,0,94,150,14,0,164,190,17,0,207
9271,51,"GRĂDINIȚA CU PROGRAM PRELUNGIT „PALATUL FERMECAT” ARAD",ARAD,AR,1657,17,1,0,18,96,2,0,98,137,9,0,146,160,11,0,171,275,15,0,290,333,27,0,360
9271,52,"GRĂDINIȚA CU PROGRAM PRELUNGIT „PALATUL FERMECAT” ARAD",ARAD,AR,1677,21,0,0,21,96,2,0,98,149,12,0,161,163,14,0,177,269,18,0,287,318,27,0,345
9271,53,"CENTRUL DE VÂRSTNICI",ARAD,AR,1569,14,3,0,17,46,4,0,50,94,8,0,102,100,9,0,109,180,14,0,194,257,15,0,272
9271,54,"GRĂDINIŢA P.N. NR. 8",ARAD,AR,1832,16,0,0,16,73,10,0,83,141,11,0,152,154,12,0,166,273,18,0,291,348,22,0,370
9271,55,"GRĂDINIŢA P.P. NR. 8 ARAD",ARAD,AR,1700,10,3,0,13,70,9,0,79,100,12,0,112,111,12,0,123,207,15,0,222,288,22,0,310
9271,56,"ŞCOALA GIMNAZIALĂ „FRAŢII NEUMANN” (FOSTA ŞCOALĂ GENERALĂ NR. 10)",ARAD,AR,889,6,0,0,6,26,3,0,29,40,3,0,43,49,3,0,52,100,12,0,112,133,14,0,147
9271,57,"ŞCOALA GIMNAZIALĂ „FRAŢII NEUMANN” (FOSTA ŞCOALĂ GENERALĂ NR. 10)",ARAD,AR,1405,11,2,0,13,64,2,0,66,93,10,0,103,117,10,0,127,223,14,0,237,309,18,0,327
9271,58,"LICEUL CU PROGRAM SPORTIV (FOSTA ŞCOALĂ GENERALĂ NR. 9)",ARAD,AR,1577,27,3,0,30,91,5,0,96,156,6,0,162,184,6,0,190,301,8,0,309,399,12,0,411
9271,59,"LICEUL CU PROGRAM SPORTIV (FOSTA ŞCOALĂ GENERALĂ NR. 9)",ARAD,AR,1314,12,0,0,12,63,0,0,63,107,4,0,111,126,5,0,131,225,6,0,231,289,9,0,298
9271,60,"LICEUL CU PROGRAM SPORTIV (FOSTA ŞCOALĂ GENERALĂ NR. 9)",ARAD,AR,1556,16,0,0,16,96,5,0,101,157,6,0,163,183,6,0,189,331,11,0,342,423,14,0,437
9271,61,"LICEUL CU PROGRAM SPORTIV (FOSTA ŞCOALĂ GENERALĂ NR. 9)",ARAD,AR,1235,22,0,0,22,58,2,0,60,116,4,0,120,127,4,0,131,232,14,0,246,310,18,0,328
9271,62,"LICEUL CU PROGRAM SPORTIV (FOSTA ŞCOALĂ GENERALĂ NR. 9)",ARAD,AR,1409,20,3,0,23,102,7,0,109,181,12,0,193,206,12,0,218,325,17,0,342,406,25,0,431
9271,63,"GRĂDINIŢA CU PROGRAM PRELUNGIT „GRĂDINIŢA PRIETENIEI” ARAD",ARAD,AR,1699,22,0,0,22,89,5,0,94,139,9,0,148,154,12,0,166,240,17,0,257,298,21,0,319
9271,64,"GRĂDINIŢA CU PROGRAM PRELUNGIT „GRĂDINIŢA PRIETENIEI” ARAD",ARAD,AR,1553,14,0,0,14,54,7,0,61,81,14,0,95,98,14,0,112,174,16,0,190,217,21,0,238
9271,65,"COLEGIUL TEHNIC DE CONSTRUCȚII ȘI PROTECȚIA MEDIULUI (FOSTA ŞCOALĂ GENERALĂ NR. 6)",ARAD,AR,1502,24,1,0,25,100,6,0,106,143,10,0,153,154,10,0,164,241,24,0,265,284,33,0,317
9271,66,"COLEGIUL TEHNIC DE CONSTRUCȚII ȘI PROTECȚIA MEDIULUI (FOSTA ŞCOALĂ GENERALĂ NR. 6)",ARAD,AR,1617,20,5,0,25,105,9,0,114,158,9,0,167,166,9,0,175,261,17,0,278,317,18,0,335
9271,67,"GRĂDINIŢA CU PROGRAM PRELUNGIT „FURNICUŢA” ARAD",ARAD,AR,1686,15,0,0,15,81,3,0,84,123,3,0,126,144,5,0,149,214,8,0,222,283,12,0,295
9271,68,"GRĂDINIŢA CU PROGRAM PRELUNGIT „FURNICUŢA” ARAD",ARAD,AR,1405,22,4,0,26,113,8,0,121,168,12,0,180,181,12,0,193,264,16,0,280,321,20,0,341
9271,69,"ŞCOALA GIMNAZIALĂ „AVRAM IANCU” (FOSTA ŞCOALĂ GENERALĂ NR. 18)",ARAD,AR,1239,18,3,0,21,55,7,0,62,88,7,0,95,100,7,0,107,195,8,0,203,251,11,0,262
9271,70,"ŞCOALA GIMNAZIALĂ „AVRAM IANCU” (FOSTA ŞCOALĂ GENERALĂ NR. 18)",ARAD,AR,1458,10,5,0,15,78,11,0,89,109,17,0,126,127,19,0,146,240,27,0,267,307,38,0,345
9271,71,"COLEGIUL TEHNIC DE CONSTRUCȚII ȘI PROTECȚIA MEDIULUI",ARAD,AR,1389,15,2,0,17,57,6,0,63,95,11,0,106,111,11,0,122,168,19,0,187,221,24,0,245
9271,72,"COLEGIUL TEHNIC DE CONSTRUCȚII ȘI PROTECȚIA MEDIULUI",ARAD,AR,1474,12,0,0,12,45,1,0,46,77,3,0,80,94,4,0,98,177,5,0,182,231,7,0,238
9271,73,"ŞCOALA GIMNAZIALĂ „ILARION FELEA” (FOSTA ŞCOALĂ GENERALĂ NR. 8)",ARAD,AR,1501,8,4,0,12,22,4,0,26,43,5,0,48,50,5,0,55,163,10,0,173,253,16,0,269
9271,74,"AGENȚIA NAȚIONALĂ DE ADMINISTRARE FISCALĂ, FOSTA DIRECȚIE VAMALĂ",ARAD,AR,1056,9,2,0,11,54,4,0,58,78,6,124,208,88,6,124,218,151,13,124,288,191,18,124,333
9271,75,"AGENȚIA NAȚIONALĂ DE ADMINISTRARE FISCALĂ, FOSTA DIRECȚIE VAMALĂ",ARAD,AR,1284,7,5,0,12,49,11,0,60,76,15,120,211,82,15,120,217,138,15,120,273,190,26,120,336
9271,76,"GRĂDINIŢAP.N. NR. 12 ARAD",ARAD,AR,1677,19,5,0,24,90,14,0,104,130,15,0,145,147,15,0,162,237,18,0,255,311,22,0,333
9271,77,"GRĂDINIŢAP.N. NR. 12 ARAD",ARAD,AR,1233,11,0,0,11,52,4,0,56,79,5,0,84,87,5,0,92,148,9,0,157,185,9,0,194
9271,78,"CENTRU PENTRU ACORDAREA AJUTOARELOR BĂNEŞTI PENTRU ÎNCĂLZIREA LOCUINŢELOR",ARAD,AR,1555,22,0,0,22,90,6,0,96,120,11,0,131,134,11,0,145,209,18,0,227,279,28,0,307
9271,79,"ŞCOALA GIMNAZIALĂ „IOSIF MOLDOVAN” (FOSTA ŞCOALĂ GENERALĂ NR. 3)",ARAD,AR,1583,17,0,0,17,64,3,0,67,99,5,0,104,118,5,0,123,195,9,0,204,289,11,0,300
9271,80,"ŞCOALA GIMNAZIALĂ „IOSIF MOLDOVAN” (FOSTA ŞCOALĂ GENERALĂ NR. 3)",ARAD,AR,1246,11,4,0,15,46,10,0,56,78,15,0,93,83,15,0,98,144,25,0,169,203,25,0,228
9271,81,"ŞCOALA GIMNAZIALĂ „IOSIF MOLDOVAN” (FOSTA ŞCOALĂ GENERALĂ NR. 3)",ARAD,AR,1218,14,8,0,22,58,10,0,68,82,11,0,93,89,12,0,101,140,15,0,155,191,20,0,211
9271,82,"ŞCOALA GIMNAZIALĂ „IOSIF MOLDOVAN” (FOSTA ŞCOALĂ GENERALĂ NR. 3)",ARAD,AR,1386,8,4,0,12,39,5,0,44,77,5,0,82,81,5,0,86,147,7,0,154,196,7,0,203
9271,83,"ŞCOALA GIMNAZIALĂ „IOSIF MOLDOVAN” (FOSTA ŞCOALĂ GENERALĂ NR. 3)",ARAD,AR,1494,10,0,0,10,50,3,0,53,82,12,32,126,86,14,32,132,148,16,32,196,214,18,32,264
9271,84,"ŞCOALA GIMNAZIALĂ ""IOSIF MOLDOVAN"" (FOSTA ŞCOALA GENERALĂ NR. 3)",ARAD,AR,1851,5,0,0,5,50,1,0,51,82,4,0,86,92,4,0,96,205,7,0,212,265,11,0,276
9271,85,"CĂMINUL SOCIAL",ARAD,AR,1573,10,0,0,10,51,3,0,54,76,4,0,80,88,4,0,92,148,11,0,159,197,16,0,213
9271,86,"GRĂDINIȚA CU PROGRAM PRELUNGIT „ELEFĂNŢELUL ALFA” ARAD",ARAD,AR,1236,5,2,0,7,27,3,0,30,48,3,0,51,58,4,0,62,125,9,0,134,171,16,0,187
9271,87,"GRĂDINIȚA CU PROGRAM PRELUNGIT „ELEFĂNŢELUL ALFA” ARAD",ARAD,AR,1371,8,0,0,8,50,4,0,54,64,9,0,73,74,9,0,83,127,16,0,143,197,17,0,214
9271,88,"STAȚIUNEA DE CERCETARE - DEZVOLTARE PENTRU CREȘTEREA BOVINELOR ARAD",ARAD,AR,320,6,2,0,8,12,3,0,15,29,4,0,33,32,4,0,36,62,4,5,71,82,9,5,96
9271,89,"LICEUL TEHNOLOGIC DE TRANSPORTURI AUTO „HENRI COANDĂ”",ARAD,AR,979,8,4,0,12,37,7,0,44,55,8,0,63,69,8,0,77,122,11,0,133,148,12,0,160
9271,90,"ŞCOALA GIMNAZIALĂ „MIHAI EMINESCU” (FOSTA ŞCOALĂ GENERALĂ NR. 1)",ARAD,AR,1465,11,2,0,13,59,3,22,84,84,7,22,113,91,9,22,122,179,12,22,213,226,17,22,265
9271,91,"COLEGIUL TEHNOLOGIC DE INDUSTRIE ALIMENTARĂ ARAD",ARAD,AR,1535,13,3,0,16,75,5,24,104,105,5,25,135,113,6,25,144,195,10,25,230,257,12,41,310
9271,92,"COLEGIUL TEHNOLOGIC DE INDUSTRIE ALIMENTARĂ ARAD",ARAD,AR,990,9,3,0,12,45,6,0,51,73,10,0,83,82,11,0,93,126,14,0,140,148,18,0,166
9271,93,"COLEGIUL „CSIKY GERGELY”",ARAD,AR,1190,9,5,0,14,42,8,0,50,72,13,0,85,79,13,12,104,120,20,12,152,143,26,12,181
9271,94,"LICEUL TEHNOLOGIC „FRANCISC NEUMANN”",ARAD,AR,1243,4,0,0,4,23,0,0,23,41,0,0,41,50,0,0,50,96,4,0,100,137,6,0,143
9271,95,"LICEUL TEHNOLOGIC „FRANCISC NEUMANN”",ARAD,AR,1459,9,0,0,9,42,1,0,43,70,1,0,71,75,3,0,78,137,6,0,143,209,6,0,215
9271,96,"LICEUL TEHNOLOGIC „FRANCISC NEUMANN”",ARAD,AR,1258,8,2,0,10,30,3,0,33,57,3,0,60,67,3,0,70,120,5,0,125,155,8,0,163
9271,97,"PRIMĂRIA MUNICIPIULUI ARAD, DIRECȚIA VENITURI",ARAD,AR,1517,8,3,0,11,43,8,0,51,58,12,0,70,65,12,0,77,133,22,0,155,169,27,0,196
9271,98,"COLEGIUL TEHNIC „AUREL VLAICU”",ARAD,AR,1045,11,1,0,12,55,7,0,62,73,8,0,81,85,8,0,93,132,13,0,145,164,16,0,180
9271,99,"LICEUL TEHNOLOGIC „FRANCISC NEUMANN” (INTERNAT)",ARAD,AR,1029,11,1,0,12,58,10,0,68,71,12,1,84,80,14,1,95,143,20,1,164,176,24,1,201
9271,100,"GRĂDINIŢA P.P. NR. 14 ARAD",ARAD,AR,1291,21,4,0,25,70,8,0,78,94,15,0,109,105,17,0,122,180,29,0,209,215,36,0,251
9271,101,"GRĂDINIŢA P.N. NR. 13 ARAD",ARAD,AR,486,7,5,0,12,18,7,0,25,27,8,0,35,30,9,0,39,58,10,0,68,76,14,0,90
9271,102,"PATINOARUL MUNICIPAL ARAD",ARAD,AR,774,3,3,0,6,13,8,0,21,26,9,0,35,36,10,0,46,90,12,0,102,131,15,0,146
9271,103,"LICEUL TEORETIC „ADAM M. GUTTENBRUNN” (FOSTA ȘCOALĂ GENERALĂ NR. 20)",ARAD,AR,1696,9,0,0,9,68,2,0,70,100,4,0,104,118,9,0,127,230,15,0,245,313,17,0,330
9271,104,"IMOBIL FOSTA GRĂDINIŢĂ P.N. NR. 25",ARAD,AR,726,3,0,0,3,23,0,0,23,34,0,0,34,38,0,0,38,102,3,0,105,144,5,0,149
9271,105,"LICEUL TEORETIC „ADAM M. GUTTENBRUNN”, CLASELE I-VIII",ARAD,AR,1042,7,2,0,9,30,2,0,32,52,5,0,57,64,6,0,70,131,6,0,137,181,9,0,190
9271,106,"GRĂDINIŢA P.P. NR. 3 ARAD",ARAD,AR,1617,7,0,0,7,50,1,0,51,82,5,0,87,86,6,0,92,215,10,0,225,299,21,0,320
9271,107,"LICEUL TEORETIC „ADAM M. GUTTENBRUNN”",ARAD,AR,1097,10,1,0,11,50,3,0,53,87,4,0,91,100,4,0,104,152,5,0,157,203,10,0,213
9271,108,"LICEUL TEHNOLOGIC „IULIU MOLDOVAN” (FOST GRUP ŞCOLAR FORESTIER)",ARAD,AR,1590,15,4,0,19,61,5,0,66,88,5,0,93,96,5,0,101,196,17,0,213,270,25,0,295
9271,109,"GRĂDINIȚA P.N. NR.26 ARAD",ARAD,AR,1041,4,1,0,5,39,5,0,44,74,9,0,83,86,10,0,96,165,13,0,178,241,17,0,258
9271,110,"GRĂDINIȚA P.N. NR.26 ARAD",ARAD,AR,903,13,6,0,19,42,6,0,48,65,6,0,71,71,6,0,77,124,7,0,131,160,12,0,172
9271,111,"ŞCOALA GIMNAZIALĂ „ADAM NICOLAE” (FOSTA ŞCOALĂ GENERALĂ NR. 7)",ARAD,AR,1625,9,0,0,9,40,2,0,42,72,3,0,75,87,3,0,90,182,10,0,192,245,20,0,265
9271,112,"ŞCOALA GIMNAZIALĂ „ADAM NICOLAE” (FOSTA ŞCOALĂ GENERALĂ NR. 7)",ARAD,AR,1271,9,0,0,9,42,3,0,45,52,7,0,59,69,7,0,76,155,9,0,164,230,10,0,240
9271,113,"ŞCOALA GIMNAZIALĂ „ADAM NICOLAE” (FOSTA ŞCOALĂ GENERALĂ NR. 7)",ARAD,AR,1506,14,2,0,16,75,2,0,77,109,2,0,111,124,2,0,126,252,3,0,255,312,5,0,317
9271,114,"CÂMPUL DUMBRAVA ROŞIE",ARAD,AR,123,2,1,0,3,2,1,0,3,8,1,0,9,8,1,0,9,9,3,0,12,11,3,0,14
9271,115,"CÂMPUL ALBINELOR",ARAD,AR,153,0,0,0,0,5,5,0,10,8,6,0,14,9,6,0,15,20,7,0,27,26,8,0,34
9468,116,"LICEUL TEORETIC „MIHAI VELICIU”",CHIŞINEU-CRIŞ,AR,1340,16,0,0,16,48,2,0,50,73,6,0,79,82,8,0,90,145,10,0,155,182,11,0,193
9468,117,"LICEUL TEORETIC „MIHAI VELICIU""",CHIŞINEU-CRIŞ,AR,891,11,0,0,11,30,0,0,30,49,0,0,49,51,0,0,51,94,3,0,97,145,5,0,150
9468,118,"ȘCOALA GENERALĂ CHIȘINEU-CRIȘ",CHIŞINEU-CRIŞ,AR,1534,46,0,0,46,95,2,0,97,131,7,0,138,153,11,0,164,243,22,0,265,298,32,0,330
9468,119,"GRĂDINIŢA „PĂDURENI”",CHIŞINEU-CRIŞ,AR,1621,6,0,0,6,40,4,0,44,57,5,0,62,73,6,0,79,154,21,0,175,218,33,0,251
9477,120,"ŞCOALA GIMNAZIALĂ NĂDAB",NADAB,AR,1456,9,2,0,11,26,3,0,29,43,6,0,49,65,6,0,71,155,15,0,170,218,20,0,238
9501,121,"CASA DE CULTURĂ CURTICI",CURTICI,AR,1364,21,2,0,23,75,9,0,84,101,20,0,121,115,20,0,135,219,35,1,255,315,39,1,355
9501,122,"GRĂDINIŢA CU PROGRAM PRELUNGIT „GRĂDINIŢA VESELIEI""",CURTICI,AR,1380,16,0,0,16,51,0,0,51,65,1,0,66,76,3,0,79,162,12,0,174,225,15,0,240
9501,123,"LICEUL TEHNOLOGIC „ION CREANGĂ""",CURTICI,AR,1413,18,0,0,18,58,1,0,59,72,2,0,74,91,5,0,96,193,12,0,205,257,21,0,278
9501,124,"LICEUL TEHNOLOGIC „ION CREANGĂ""",CURTICI,AR,1477,15,0,0,15,42,5,0,47,48,5,0,53,62,5,0,67,120,10,0,130,170,13,0,183
9501,125,"LICEUL TEHNOLOGIC „ION CREANGĂ""",CURTICI,AR,1382,21,0,0,21,68,0,0,68,90,0,0,90,100,0,0,100,184,2,0,186,248,7,0,255
9547,126,"ȘCOALA GIMNAZIALĂ INEU",INEU,AR,1492,11,3,0,14,48,4,0,52,81,10,0,91,113,12,0,125,221,20,0,241,315,23,0,338
9547,127,"GRĂDINIȚA PN INEU",INEU,AR,1531,5,0,0,5,39,7,0,46,57,8,0,65,81,9,0,90,150,14,0,164,221,18,0,239
9547,128,"LICEUL ,,MIHAI VITEAZUL'' INEU",INEU,AR,1591,10,4,0,14,53,6,0,59,85,14,0,99,110,16,0,126,229,20,0,249,327,29,0,356
9547,129,"CĂMINUL CULTURAL DIN CARTIERUL TRAIAN",INEU,AR,1390,9,0,0,9,46,1,0,47,89,2,0,91,118,2,0,120,235,9,0,244,327,17,0,344
9547,130,"SALA DE SPORT",INEU,AR,1335,16,0,0,16,47,3,0,50,62,9,0,71,77,9,0,86,174,12,0,186,248,15,0,263
9556,131,"ŞCOALA GIMNAZIALĂ MOCREA",MOCREA,AR,618,3,0,0,3,10,0,0,10,20,2,0,22,29,2,0,31,64,7,0,71,81,9,0,90
9583,132,"LICEUL ATANASIE MARIENESCU",LIPOVA,AR,946,5,3,0,8,23,3,0,26,37,4,0,41,41,6,0,47,110,6,0,116,160,12,0,172
9583,133,"SEDIUL ASOCIAŢIA CARITAS BANAT SANCTUS GERHARDUS LIPOVA",LIPOVA,AR,1155,10,0,0,10,42,0,0,42,58,0,0,58,71,6,0,77,152,9,0,161,205,12,0,217
9583,134,"CLĂDIRE PAROHIA ROMANO-CATOLICĂ LIPOVA",LIPOVA,AR,1041,14,4,0,18,34,9,0,43,45,11,0,56,60,12,0,72,121,23,0,144,183,24,0,207
9583,135,"CLĂDIRE PAROHIA ORTODOXĂ LIPOVA",LIPOVA,AR,1061,16,4,0,20,50,4,0,54,71,6,0,77,85,7,0,92,154,16,0,170,184,22,0,206
9583,136,"CENTRU NAȚIONAL DE INFORMARE ȘI PROMOVARE TURISTICĂ LIPOVA",LIPOVA,AR,923,12,0,0,12,24,4,0,28,38,7,0,45,52,12,0,64,127,15,0,142,163,20,0,183
9583,137,"LICEUL SEVER BOCU (GRĂDINIŢA P.P. LIPOVA)",LIPOVA,AR,1693,17,1,0,18,55,3,0,58,100,8,0,108,127,9,0,136,227,14,0,241,279,17,0,296
9609,138,"CLĂDIRE PAROHIA ORTODOXĂ ȘOIMOȘ",ŞOIMOŞ,AR,596,3,7,0,10,24,10,0,34,52,12,0,64,67,13,0,80,149,20,0,169,171,19,0,190
9592,139,"SEDIU AGENȚIA DE PLĂȚI ȘI INTERVENȚIE PENTRU AGRICULTURĂ RADNA",RADNA,AR,1129,7,1,0,8,41,3,0,44,63,3,0,66,82,5,0,87,197,11,0,208,257,20,0,277
9592,140,"LICEUL ATANASIE MARIENESCU",RADNA,AR,962,6,1,0,7,49,3,2,54,86,6,2,94,109,6,2,117,185,13,2,200,240,20,2,262
9636,141,"LICEUL TEORETIC „JOZEF GREGOR TAJOVSKY” NĂDLAC, PIAŢA UNIRII",NĂDLAC,AR,1639,6,3,0,9,18,4,0,22,34,7,0,41,42,11,0,53,115,20,0,135,139,26,0,165
9636,142,"CASA DE CULTURĂ NĂDLAC, STRADA 1 DECEMBRIE (STRADA 23 AUGUST),",NĂDLAC,AR,1560,11,0,0,11,39,2,0,41,65,5,0,70,78,5,0,83,128,9,0,137,156,16,0,172
9636,143,"LICEUL TEORETIC „JOZEF GREGOR TAJOVSKY” NĂDLAC, STRADA 1 DECEMBRIE (STRADA 23 AUGUST)",NĂDLAC,AR,1763,10,0,0,10,30,3,0,33,42,3,0,45,53,5,0,58,117,19,0,136,180,23,0,203
9636,144,"PICHET GRĂNICERI (DIRECȚIA POLIȚIEI DE FRONTIERĂ ORADEA), STRADA GRĂNICERILOR,",NĂDLAC,AR,1670,6,5,0,11,26,8,0,34,31,8,0,39,36,9,0,45,85,11,0,96,117,13,0,130
11593,145,"CASA DE CULTURĂ „DORU IOAN PETESCU”",PECICA,AR,1081,18,6,0,24,52,11,0,63,70,11,0,81,89,11,0,100,166,19,1,186,203,25,1,229
11593,146,"LICEUL TEORETIC „GHEORGHE LAZĂR”",PECICA,AR,1743,22,4,0,26,87,8,0,95,111,9,0,120,124,9,0,133,236,29,0,265,277,40,0,317
11593,147,"CLĂDIRE PRIVATĂ (CANTINA I.A.S)",PECICA,AR,1348,9,0,0,9,24,0,0,24,42,0,0,42,49,1,0,50,82,3,0,85,130,4,0,134
11593,148,"PRIMĂRIA ORAȘULUI PECICA",PECICA,AR,1324,8,3,0,11,26,5,0,31,39,8,0,47,41,9,0,50,95,25,0,120,127,34,0,161
11593,149,"ŞCOALA PRIMARĂ 2 PECICA",PECICA,AR,1435,7,1,0,8,24,1,0,25,39,1,0,40,47,1,0,48,87,4,0,91,125,5,0,130
11593,150,"ŞCOALA PRIMARĂ 3 PECICA",PECICA,AR,1602,7,0,0,7,14,1,0,15,20,9,0,29,20,10,0,30,81,13,1,95,103,17,1,121
11593,151,"ŞCOALA PRIMARĂ 1 PECICA",PECICA,AR,1636,13,2,0,15,45,4,0,49,77,5,0,82,85,5,0,90,150,7,0,157,221,15,0,236
11628,152,"CLĂDIREA PRIMĂRIEI ORAȘULUI PECICA (FOSTA PRIMĂRIE TURNU)",TURNU,AR,1014,7,3,0,10,18,5,0,23,27,7,0,34,35,8,0,43,84,10,0,94,109,18,0,127
11619,153,"ŞCOALA PRIMARĂ SEDERHAT",SEDERHAT,AR,274,5,2,0,7,13,4,0,17,13,4,0,17,19,5,0,24,43,7,0,50,55,11,0,66
9663,154,"CLĂDIRE „BUCURIA COPIILOR""",PÎNCOTA,AR,1066,17,4,0,21,71,10,1,82,106,15,1,122,123,19,1,143,204,26,1,231,252,28,1,281
9663,155,"LICEUL TEORETIC PÎNCOTA",PÎNCOTA,AR,1350,14,0,0,14,53,2,0,55,92,9,0,101,109,12,0,121,200,20,0,220,297,29,0,326
9663,156,"LICEUL TEORETIC PÎNCOTA",PÎNCOTA,AR,1452,21,0,0,21,47,0,0,47,87,0,0,87,92,0,0,92,224,0,0,224,293,3,5,301
9663,157,"GRĂDINIŢA PN PÎNCOTA",PÎNCOTA,AR,1300,3,5,0,8,39,7,0,46,58,7,0,65,71,10,0,81,164,14,2,180,234,16,2,252
9672,158,"ŞCOALA GIMNAZIALĂ MĂDERAT",MĂDERAT,AR,1268,9,0,0,9,30,2,0,32,76,5,0,81,102,10,0,112,207,25,0,232,294,30,0,324
12108,159,"ȘCOALA GIMNAZIALĂ „SFÂNTA ANA” SÂNTANA - SECȚIA GERMANĂ, NR. 56",SÂNTANA,AR,1301,6,0,0,6,16,0,0,16,23,0,0,23,33,2,0,35,113,5,0,118,159,7,0,166
12108,160,"LICEUL TEHNOLOGIC SÂNTANA, NR. 6",SÂNTANA,AR,1761,8,0,0,8,31,3,0,34,54,4,0,58,64,6,0,70,158,16,0,174,206,16,0,222
12108,161,"CLUBUL COPIILOR ȘI ELEVILOR, NR. 31",SÂNTANA,AR,1056,1,0,0,1,12,8,0,20,17,8,0,25,21,8,0,29,70,11,0,81,103,12,0,115
12108,162,"ȘCOALA GIMNAZIALĂ SÂNTANA, NR. 36",SÂNTANA,AR,1431,9,2,0,11,24,5,0,29,36,5,0,41,57,6,0,63,157,12,0,169,238,19,0,257
12108,163,"GRĂDINIȚA PP NR. 2 SÂNTANA, NR. 37",SÂNTANA,AR,1290,4,0,0,4,30,11,0,41,43,11,0,54,55,12,0,67,110,15,0,125,176,18,0,194
12108,164,"GRĂDINIȚA PP NR. 2 SÂNTANA, NR. 178",SÂNTANA,AR,1666,2,0,0,2,30,0,0,30,48,4,0,52,63,5,0,68,122,9,0,131,189,12,0,201
12108,165,"BIBLIOTECA ORAȘULUI SÂNTANA, NR. 117",SÂNTANA,AR,1018,7,6,0,13,23,6,0,29,37,7,0,44,55,7,0,62,85,16,0,101,130,20,0,150
12108,166,"CĂMIN CULTURAL SATU NOU, NR. 1 BIS",SÂNTANA,AR,1097,13,2,0,15,40,5,0,45,52,6,0,58,67,9,0,76,151,12,0,163,237,17,0,254
12108,167,"GRĂDINIȚA PP NR. 1 SÂNTANA, NR. 1 BIS",SÂNTANA,AR,931,3,0,0,3,28,1,0,29,43,2,0,45,56,3,0,59,110,3,0,113,164,3,0,167
12117,168,"CĂMINUL CULTURAL CAPORAL ALEXA, NR. 195","CAPORAL ALEXA",AR,1160,14,4,0,18,58,5,0,63,77,9,0,86,82,11,0,93,187,20,0,207,236,24,0,260
9707,169,"CASA DE CULTURĂ SEBIȘ",SEBIŞ,AR,1558,25,0,0,25,95,3,0,98,141,9,0,150,186,9,0,195,352,28,0,380,512,46,0,558
9707,170,"LICEUL ORAŞULUI SEBIŞ",SEBIŞ,AR,1538,21,1,0,22,89,7,0,96,138,12,0,150,157,14,0,171,345,27,0,372,477,40,0,517
9707,171,"ŞCOALA GIMNAZIALĂ SEBIŞ",SEBIŞ,AR,1298,16,1,0,17,69,5,0,74,115,6,0,121,127,6,0,133,230,11,0,241,303,17,0,320
9707,172,"ŞCOALA PRIMARĂ PRĂJEŞTI",SEBIŞ,AR,200,1,4,0,5,8,5,0,13,11,5,0,16,16,5,0,21,42,9,0,51,68,17,0,85
9725,173,"ŞCOALA PRIMARĂ PRUNIŞOR",PRUNIŞOR,AR,487,4,3,0,7,7,4,0,11,17,5,0,22,29,5,0,34,92,10,0,102,129,14,0,143
9716,174,"ŞCOALA PRIMARĂ DONCENI",DONCENI,AR,127,1,1,0,2,5,1,0,6,9,6,0,15,10,6,0,16,32,12,0,44,43,17,0,60
9734,175,"CĂMINUL CULTURAL SĂLĂJENI",SĂLĂJENI,AR,147,0,7,0,7,3,8,0,11,5,8,0,13,9,8,0,17,29,12,0,41,48,12,0,60
9752,176,"CĂMINUL CULTURAL ALMAŞ",ALMAŞ,AR,1131,11,0,0,11,51,1,0,52,80,3,0,83,106,4,0,110,256,23,0,279,386,35,3,424
9761,177,"CĂMINUL CULTURAL CIL",CIL,AR,481,8,0,0,8,16,2,0,18,22,4,0,26,43,6,0,49,110,14,0,124,164,18,0,182
9789,178,"CĂMINUL CULTURAL RĂDEŞTI",RĂDEŞTI,AR,350,9,2,0,11,17,3,0,20,34,11,0,45,38,12,0,50,100,25,0,125,150,34,1,185
9770,179,"CĂMINUL CULTURAL JOIA MARE","JOIA MARE",AR,165,0,5,0,5,5,6,0,11,6,6,0,12,13,6,0,19,38,11,0,49,44,11,0,55
9805,180,"ȘCOALA GIMNAZIALĂ ”GHEORGHE POPOVICI” APATEU,",APATEU,AR,945,3,0,0,3,8,1,0,9,31,1,0,32,45,1,0,46,143,9,0,152,230,15,0,245
9805,181,"ȘCOALA GIMNAZIALĂ ”GHEORGHE POPOVICI” APATEU,",APATEU,AR,946,5,0,0,5,16,0,0,16,29,0,0,29,49,1,0,50,121,11,0,132,191,16,0,207
9814,182,"ŞCOALA PRIMARĂ BERECHIU",BERECHIU,AR,649,6,1,0,7,14,3,0,17,19,9,0,28,24,10,0,34,100,21,0,121,154,25,0,179
9823,183,"ŞCOALA GENERALĂ MOŢIORI",MOŢIORI,AR,234,5,0,0,5,10,0,0,10,15,1,0,16,21,1,0,22,65,5,0,70,96,7,0,103
9841,184,"PRIMĂRIA COMUNEI ARCHIŞ",ARCHIŞ,AR,307,11,0,0,11,23,5,0,28,45,6,0,51,58,6,0,64,114,14,0,128,153,19,0,172
9878,185,"GRĂDINIŢA CU PROGRAM NORMAL NERMIȘ",NERMIŞ,AR,158,4,0,0,4,8,0,0,8,18,5,0,23,23,9,0,32,64,12,0,76,103,15,0,118
9850,186,"GRĂDINIŢA CU PROGRAM NORMAL BÎRZEŞTI",BÎRZEŞTI,AR,135,5,1,0,6,9,1,0,10,31,1,0,32,35,3,0,38,68,6,2,76,83,9,2,94
9869,187,"ŞCOALA GIMNAZIALĂ GROŞENI",GROŞENI,AR,643,4,0,0,4,26,2,0,28,32,4,0,36,48,4,0,52,123,10,0,133,163,13,0,176
9896,188,"PRIMĂRIA COMUNEI BATA",BATA,AR,343,4,2,0,6,12,3,0,15,18,8,0,26,24,9,0,33,70,12,0,82,93,18,0,111
9921,189,"CAMIN CULTURAL ȚELA",ŢELA,AR,262,3,0,0,3,4,0,0,4,4,4,0,8,4,8,0,12,13,11,0,24,26,15,0,41
9903,190,"CĂMINUL CULTURAL BACĂUL DE MIJLOC","BACĂU DE MIJLOC",AR,152,2,3,0,5,3,4,0,7,3,4,0,7,5,4,0,9,7,5,0,12,18,7,0,25
9912,191,"CĂMINUL CULTURAL BULCI",BULCI,AR,88,4,1,0,5,10,1,0,11,12,7,0,19,12,7,0,19,19,13,0,32,20,14,0,34
9949,192,"PRIMĂRIA COMUNEI BELIU",BELIU,AR,1431,12,0,0,12,48,6,0,54,92,8,0,100,123,9,0,132,288,23,0,311,472,42,0,514
9994,193,"CĂMINUL CULTURAL TĂGĂDĂU",TĂGĂDĂU,AR,403,4,3,0,7,22,5,0,27,37,6,0,43,42,9,0,51,99,17,0,116,131,25,0,156
9958,194,"CĂMINUL CULTURAL BENEŞTI",BENEŞTI,AR,90,7,7,0,14,14,7,0,21,22,8,0,30,25,8,0,33,42,11,0,53,54,16,0,70
9967,195,"CĂMINUL CULTURAL BOCHIA",BOCHIA,AR,51,4,5,0,9,8,5,0,13,10,5,0,15,13,6,0,19,25,7,0,32,35,12,0,47
9985,196,"CĂMINUL CULTURAL SECACI",SECACI,AR,123,4,2,0,6,13,5,0,18,20,5,0,25,26,5,0,31,39,8,0,47,64,9,0,73
9976,197,"ȘCOALA PRIMARĂ VASILE GOLDIŞ","VASILE GOLDIŞ",AR,396,10,2,0,12,19,4,0,23,27,6,0,33,33,6,0,39,94,12,0,106,129,14,0,143
10015,198,"CĂMINUL CULTURAL BIRCHIŞ",BIRCHIŞ,AR,540,3,1,0,4,8,1,0,9,10,1,0,11,14,4,0,18,39,11,0,50,72,16,0,88
10024,199,"ŞCOALA GIMNAZIALĂ CĂPĂLNAŞ",CĂPĂLNAŞ,AR,744,10,0,0,10,16,3,0,19,18,3,0,21,23,4,0,27,85,11,0,96,109,19,0,128
10033,200,"CĂMINUL CULTURAL OSTROV",OSTROV,AR,216,0,3,0,3,2,8,0,10,4,10,0,14,4,10,0,14,25,11,0,36,62,20,0,82
10060,201,"GRĂDINIŢA PN BÎRSA",BÎRSA,AR,795,4,0,0,4,20,3,0,23,25,3,0,28,48,3,0,51,121,11,0,132,179,18,0,197
10079,202,"CĂMIN CULTURAL ALDEŞTI",ALDEŞTI,AR,436,1,1,0,2,15,1,0,16,27,3,0,30,37,6,0,43,78,10,0,88,125,18,0,143
10088,203,"CLĂDIREA COMUNEI BÎRSA (FOSTA ŞCOALĂ CU CLASELE I-IV HODIŞ)",HODIŞ,AR,144,1,0,0,1,3,0,0,3,4,0,0,4,7,0,0,7,20,8,0,28,26,11,0,37
10097,204,"CLĂDIREA COMUNEI BÎRSA (FOSTA ŞCOALĂ CU CLASELE I-IV VOIVODENI)",VOIVODENI,AR,154,3,5,0,8,6,7,0,13,11,7,0,18,14,7,0,21,31,10,0,41,54,15,0,69
10113,205,"PRIMĂRIA COMUNEIBÎRZAVA",BÎRZAVA,AR,763,6,0,0,6,25,5,0,30,32,5,0,37,46,9,0,55,118,20,0,138,185,26,0,211
10177,206,"ŞCOALA GENERALĂ MONOROŞTIA",MONOROŞTIA,AR,252,6,1,0,7,9,4,0,13,11,4,0,15,17,5,0,22,42,7,0,49,66,9,0,75
10131,207,"CENTRU LOCAL DE INFORMARE ȘI PROMOVARE TURISTICĂ CĂPRUȚA",CĂPRUŢA,AR,212,0,0,0,0,2,2,0,4,8,2,0,10,15,3,0,18,44,8,0,52,64,13,0,77
10140,208,"CĂMINUL CULTURALDUMBRĂVIŢA",DUMBRĂVIŢA,AR,234,3,0,0,3,8,1,0,9,9,4,0,13,9,5,0,14,33,10,0,43,58,13,0,71
10159,209,"ŞCOALA GIMNAZIALĂ GROŞII NOI","GROŞII NOI",AR,174,3,0,0,3,10,3,0,13,12,4,0,16,12,4,0,16,29,9,0,38,46,19,0,65
10186,210,"CĂMIN CULTURAL SLATINA DE MUREŞ","SLATINA DE MUREŞ",AR,136,1,3,0,4,3,3,0,6,18,6,0,24,21,6,0,27,48,7,0,55,63,9,0,72
10122,211,"ŞCOALA GENERALĂ BĂTUŢA",BĂTUŢA,AR,54,1,0,0,1,4,0,0,4,4,1,0,5,4,3,0,7,9,5,0,14,10,11,0,21
10168,212,"ŞCOALA GENERALĂ LALAŞINŢ",LALAŞINŢ,AR,272,5,5,0,10,8,12,0,20,13,14,0,27,14,17,0,31,42,26,0,68,57,33,0,90
10202,213,"CĂMINUL CULTURAL BOCSIG",BOCSIG,AR,1530,9,0,0,9,47,2,0,49,59,6,0,65,85,8,0,93,236,20,0,256,324,23,0,347
10202,214,"ȘCOALA PRIMARĂ BOCSIG CARTIER",BOCSIG,AR,335,13,8,0,21,31,8,0,39,32,8,0,40,34,8,0,42,64,8,0,72,81,13,0,94
10211,215,"CĂMINUL CULTURAL MÎNERĂU",MÎNERĂU,AR,296,3,6,0,9,8,9,0,17,15,9,0,24,21,9,0,30,36,12,0,48,52,15,0,67
10220,216,"ŞCOALA PRIMARĂ RĂPSIG",RĂPSIG,AR,594,5,2,0,7,32,3,0,35,41,6,0,47,46,6,0,52,84,11,0,95,155,11,0,166
10248,217,"PRIMĂRIA COMUNEI BRAZII",BRAZII,AR,73,1,0,0,1,1,3,0,4,2,3,0,5,6,7,0,13,17,10,0,27,23,15,0,38
10266,218,"CĂMINUL CULTURAL IACOBINI",IACOBINI,AR,165,5,0,0,5,9,1,0,10,17,1,0,18,18,1,0,19,40,7,0,47,59,10,0,69
10284,219,"CĂMINUL CULTURAL SECAŞ",SECAŞ,AR,387,9,0,0,9,21,2,0,23,37,6,0,43,45,7,0,52,110,9,0,119,167,13,0,180
10257,220,"CĂMINUL CULTURAL BUCEAVA",BUCEAVA-ŞOIMUŞ,AR,72,1,3,0,4,3,4,0,7,10,4,0,14,10,4,0,14,25,7,0,32,34,7,0,41
10257,221,"CĂMINUL CULTURAL ŞOIMUŞ",BUCEAVA-ŞOIMUŞ,AR,76,1,0,0,1,5,0,0,5,8,2,0,10,9,3,0,12,25,5,0,30,33,7,0,40
10275,222,"CĂMINUL CULTURAL MĂDRIGEŞTI",MĂDRIGEŞTI,AR,225,4,2,0,6,17,4,0,21,20,4,0,24,21,4,0,25,63,11,0,74,102,14,0,116
10300,223,"PRIMĂRIA COMUNEI BUTENI",BUTENI,AR,774,6,0,0,6,25,1,0,26,34,4,0,38,45,4,0,49,120,13,0,133,183,14,0,197
10300,224,"CĂMINUL CULTURAL BUTENI",BUTENI,AR,995,9,1,0,10,33,4,0,37,50,9,0,59,56,13,0,69,162,28,0,190,238,45,1,284
10328,225,"CLĂDIREA PRIMĂRIEI BUTENI (FOSTA PRIMĂRIE CUIED)",CUIED,AR,545,2,1,0,3,12,1,0,13,17,4,0,21,20,4,0,24,78,6,0,84,125,12,0,137
10337,226,"CĂMINUL CULTURAL PĂULIAN",PĂULIAN,AR,269,6,4,0,10,9,5,0,14,12,5,0,17,16,5,0,21,31,9,0,40,59,10,0,69
10319,227,"CĂMINUL CULTURAL BERINDIA",BERINDIA,AR,178,4,3,0,7,8,3,0,11,29,4,0,33,31,4,0,35,60,6,0,66,82,8,0,90
10355,228,"CĂMINULCULTURAL CĂRAND",CĂRAND,AR,501,6,1,0,7,43,8,0,51,56,9,0,65,62,9,0,71,161,20,0,181,209,24,0,233
10364,229,"CĂMINULCULTURAL SELIŞTEA",SELIŞTEA,AR,425,5,2,0,7,16,5,0,21,31,6,0,37,39,8,0,47,82,8,0,90,129,13,0,142
10382,230,"PRIMĂRIA COMUNEI CERMEI, NR. 304",CERMEI,AR,1535,16,0,0,16,52,4,0,56,78,6,0,84,112,8,0,120,184,18,0,202,287,23,0,310
10408,231,"PUNCT DE LUCRU AL PRIMĂRIEI,NR.339",ŞOMOŞCHEŞ,AR,701,7,2,0,9,20,2,0,22,31,6,0,37,40,6,0,46,92,12,0,104,132,23,0,155
10426,232,"PRIMĂRIA COMUNEI CHISINDIA",CHISINDIA,AR,719,7,0,0,7,18,2,0,20,24,6,0,30,45,7,0,52,136,16,0,152,190,23,0,213
10435,233,"CĂMIN CULTURAL PĂIUŞENI",PĂIUŞENI,AR,321,0,0,0,0,1,1,0,2,2,1,0,3,5,1,0,6,33,4,0,37,65,7,0,72
10444,234,"CĂMIN CULTURAL VĂSOAIA",VĂSOAIA,AR,42,0,1,0,1,0,1,0,1,2,6,0,8,2,6,0,8,2,9,0,11,4,14,0,18
10462,235,"ŞCOALA GIMNAZIALĂCONOP",CONOP,AR,480,3,1,0,4,13,1,0,14,15,2,0,17,18,2,0,20,44,11,0,55,85,11,0,96
10471,236,"ŞCOALA PRIMARĂBELOTINŢ",BELOTINŢ,AR,239,3,5,0,8,8,5,0,13,9,5,0,14,11,5,0,16,34,7,0,41,47,13,0,60
10480,237,"CĂMINUL CULTURAL CHELMAC",CHELMAC,AR,232,6,1,0,7,12,3,0,15,14,4,0,18,18,6,0,24,58,18,0,76,83,22,0,105
10499,238,"ŞCOALA PRIMARĂ MILOVA",MILOVA,AR,440,1,0,0,1,15,0,0,15,27,4,0,31,37,5,0,42,67,6,0,73,142,11,0,153
10505,239,"ŞCOALA PRIMARĂODVOŞ",ODVOŞ,AR,381,2,5,0,7,4,7,0,11,18,10,0,28,24,13,0,37,69,20,0,89,93,22,0,115
10523,240,"CĂMIN CULTURAL COVĂSÎNŢ",COVĂSINŢ,AR,1071,15,0,0,15,52,4,0,56,73,9,0,82,86,9,0,95,177,16,0,193,237,22,8,267
10523,241,"PRIMĂRIA COMUNEI COVĂSÎNŢ",COVĂSINŢ,AR,1038,13,1,0,14,29,5,0,34,62,6,0,68,79,9,0,88,152,14,0,166,209,20,3,232
10541,242,"PRIMĂRIA COMUNEI CRAIVA",CRAIVA,AR,488,11,0,0,11,17,10,0,27,27,14,0,41,35,15,2,52,87,20,2,109,124,26,2,152
10550,243,"ŞCOALA PRIMARĂ CHIŞLACA",CHIŞLACA,AR,567,4,0,0,4,22,4,0,26,36,5,0,41,46,6,0,52,124,15,3,142,181,16,3,200
10587,244,"ŞCOALA PRIMARĂ MĂRĂUŞ",MĂRĂUŞ,AR,244,5,0,0,5,10,0,0,10,14,0,0,14,15,0,0,15,34,3,0,37,67,3,0,70
10603,245,"ŞCOALA PRIMARĂ STOINEŞTI",STOINEŞTI,AR,140,1,0,0,1,8,3,0,11,21,4,0,25,21,4,0,25,64,10,0,74,86,11,0,97
10612,246,"ŞCOALA PRIMARĂ SUSAG",SUSAG,AR,292,2,0,0,2,6,0,0,6,7,0,0,7,13,0,0,13,38,4,0,42,64,7,0,71
10578,247,"CĂMINUL CULTURAL COROI",COROI,AR,131,8,0,0,8,13,8,0,21,15,8,0,23,15,9,0,24,32,14,0,46,43,18,0,61
10621,248,"ŞCOALA PRIMARĂ ŞIAD",ŞIAD,AR,198,9,3,0,12,18,6,0,24,25,10,0,35,30,10,0,40,58,14,0,72,82,15,0,97
10596,249,"ŞCOALA PRIMARĂ ROGOZ DE BELIU","ROGOZ DE BELIU",AR,112,4,1,0,5,13,9,0,22,19,11,0,30,19,11,0,30,49,18,0,67,62,20,0,82
10569,250,"ŞCOALA PRIMARĂ CIUNTEŞTI",CIUNTEŞTI,AR,129,0,0,0,0,4,0,0,4,14,1,0,15,14,3,0,17,40,4,0,44,75,6,0,81
10658,251,"CĂMINUL CULTURAL DEZNA",DEZNA,AR,675,6,2,0,8,24,2,0,26,40,6,1,47,58,6,1,65,143,23,1,167,203,34,42,279
10667,252,"CĂMINUL CULTURAL BUHANI",BUHANI,AR,154,3,1,0,4,12,3,0,15,15,5,0,20,18,8,0,26,47,22,0,69,61,23,0,84
10685,253,"CĂMINUL CULTURAL NEAGRA",NEAGRA,AR,81,4,2,0,6,5,3,0,8,7,3,0,10,8,4,0,12,27,6,0,33,39,9,0,48
10694,254,"IMOBIL PROPRIETATEA PRIMARIEI COMUNEI DEZNA AMPLASAT ÎN SATUL SLATINA DE CRIȘ","SLATINA DE CRIŞ",AR,109,1,0,0,1,3,3,0,6,6,5,0,11,9,5,0,14,21,5,0,26,32,9,0,41
10676,255,"CĂMINUL CULTURAL LAZ",LAZ,AR,41,0,0,0,0,3,0,0,3,5,4,0,9,6,4,0,10,7,7,0,14,7,9,0,16
10710,256,"CĂMINUL CULTURAL DIECI",DIECI,AR,625,4,0,0,4,24,0,0,24,44,6,14,64,61,8,14,83,135,12,40,187,192,19,40,251
10738,257,"CĂMINUL CULTURAL CROCNA",CROCNA,AR,321,12,1,0,13,21,3,0,24,29,5,0,34,32,5,0,37,65,7,0,72,120,11,1,132
10747,258,"CĂMINUL CULTURAL REVETIŞ",REVETIŞ,AR,266,6,0,0,6,19,4,0,23,36,5,0,41,38,5,0,43,65,5,0,70,81,9,0,90
10756,259,"CĂMINUL CULTURAL ROŞIA",ROŞIA,AR,41,0,0,0,0,4,2,0,6,4,4,0,8,4,4,0,8,17,8,0,25,17,15,0,32
9510,260,"CĂMIN CULTURAL DOROBANŢI",DOROBANŢI,AR,1398,4,0,0,4,14,3,0,17,24,3,0,27,27,3,0,30,55,5,0,60,94,6,0,100
9299,261,"PRIMĂRIA COMUNEI FÎNTÎNELE",FÂNTÂNELE,AR,1177,7,4,0,11,34,4,0,38,48,4,0,52,58,8,0,66,113,11,0,124,169,20,0,189
9299,262,"ŞCOALA GIMNAZIALĂ FÎNTÎNELE",FÂNTÂNELE,AR,996,8,4,0,12,26,4,0,30,40,5,0,45,45,5,0,50,134,9,0,143,190,13,0,203
9324,263,"CĂMINULCULTURAL TISA NOUĂ","TISA NOUĂ",AR,836,12,4,0,16,27,5,0,32,39,5,0,44,60,7,0,67,116,13,0,129,188,21,0,209
10836,264,"ȘCOALA GIMNAZIALĂ „AUREL SEBEȘAN” FELNAC",FELNAC,AR,1118,4,0,0,4,41,4,0,45,54,7,0,61,78,9,0,87,167,17,3,187,244,19,3,266
10836,265,"ȘCOALA GIMNAZIALĂ „AUREL SEBEȘAN” FELNAC",FELNAC,AR,1154,18,1,0,19,41,3,0,44,66,3,0,69,85,3,0,88,173,4,0,177,248,8,0,256
10854,266,"ŞCOALA PRIMARĂ CĂLUGĂRENI",CĂLUGĂRENI,AR,219,2,0,0,2,7,1,0,8,8,1,0,9,11,1,0,12,31,6,0,37,45,10,0,55
9315,267,"CĂMINUL CULTURAL FRUMUŞENI",FRUMUŞENI,AR,1482,7,0,0,7,29,4,0,33,43,5,0,48,58,5,0,63,124,7,0,131,184,11,0,195
9306,268,"CĂMINUL CULTURAL ALUNIŞ",ALUNIŞ,AR,839,7,0,0,7,25,1,0,26,41,1,0,42,60,1,0,61,97,7,0,104,115,10,0,125
10881,269,"PRIMĂRIA COMUNEI GHIOROC",GHIOROC,AR,1548,18,2,0,20,46,6,0,52,77,9,1,87,108,9,1,118,191,20,1,212,233,32,1,266
10890,270,"CĂMINUL CULTURAL CUVIN",CUVIN,AR,1350,6,0,0,6,30,7,0,37,92,17,0,109,126,18,0,144,255,38,0,293,352,47,4,403
10907,271,"CĂMINUL CULTURAL MINIŞ",MINIŞ,AR,561,9,0,0,9,21,2,0,23,34,3,0,37,36,4,0,40,56,9,0,65,92,13,0,105
10925,272,"PRIMĂRIA COMUNEI GRĂNICERI",GRĂNICERI,AR,1065,1,1,0,2,9,1,0,10,12,1,0,13,16,1,0,17,56,5,0,61,92,9,0,101
10934,273,"ŞCOALA GIMNAZIALĂ ŞICLĂU",ŞICLĂU,AR,970,4,1,0,5,10,3,0,13,17,4,0,21,21,5,0,26,59,10,0,69,82,14,0,96
10952,274,"PRIMĂRIA COMUNEI GURAHONŢ",GURAHONŢ,AR,767,21,4,0,25,70,8,0,78,83,9,0,92,103,10,0,113,175,27,1,203,250,37,1,288
10952,275,"PRIMĂRIA COMUNEI GURAHONŢ",GURAHONŢ,AR,728,22,4,0,26,68,11,0,79,95,12,0,107,131,14,0,145,232,28,2,262,280,31,2,313
10961,276,"CĂMINUL CULTURAL BONŢEŞTI",BONŢEŞTI,AR,547,7,4,0,11,35,9,0,44,64,12,0,76,86,12,0,98,171,21,0,192,257,33,0,290
10989,277,"CĂMINUL CULTURAL FENIŞ",FENIŞ,AR,93,7,4,0,11,8,4,0,12,11,4,0,15,11,4,0,15,23,6,0,29,33,9,0,42
10998,278,"CĂMINUL CULTURAL HONŢIŞOR",HONŢIŞOR,AR,275,5,0,0,5,12,1,0,13,23,2,0,25,25,3,0,28,75,7,0,82,102,7,0,109
11003,279,"CĂMINUL CULTURAL IOSAŞ",IOSAŞ,AR,203,7,0,0,7,16,2,0,18,29,2,0,31,34,3,0,37,61,4,0,65,82,5,0,87
11021,280,"CĂMINUL CULTURAL PESCARI",PESCARI,AR,225,2,0,0,2,2,4,0,6,5,7,0,12,10,8,0,18,30,15,0,45,45,20,0,65
11049,281,"CĂMINUL CULTURAL ZIMBRU",ZIMBRU,AR,389,3,0,0,3,12,4,0,16,18,5,0,23,23,5,0,28,54,8,0,62,93,9,0,102
11067,282,"PRIMĂRIA COMUNEI HĂLMAGIU",HĂLMAGIU,AR,1010,14,0,0,14,40,5,0,45,54,6,0,60,64,7,0,71,154,14,0,168,199,19,0,218
11076,283,"CĂMINUL CULTURAL BĂNEȘTI",BĂNEŞTI,AR,258,0,0,0,0,3,0,0,3,4,0,0,4,7,1,0,8,20,5,0,25,29,7,0,36
11094,284,"ŞCOALA GENERALĂ",BRUSTURI,AR,306,1,0,0,1,1,1,0,2,1,1,0,2,1,2,0,3,9,4,0,13,16,5,0,21
11156,285,"ŞCOALA GENERALĂ",TISA,AR,157,3,1,0,4,6,2,0,8,6,2,0,8,8,2,0,10,36,4,0,40,57,11,0,68
11165,286,"CĂMIN CULTURAL ŢĂRMURE",ŢĂRMURE,AR,292,3,0,0,3,3,0,0,3,4,0,0,4,8,3,0,11,31,5,0,36,47,12,0,59
11129,287,"CĂMINUL CULTURAL LEASA",LEASA,AR,172,0,0,0,0,9,2,0,11,15,4,0,19,18,4,0,22,43,8,0,51,51,10,0,61
11147,288,"ŞCOALA GENERALĂ",POIENARI,AR,156,0,1,0,1,6,1,0,7,11,2,0,13,11,2,0,13,22,6,0,28,33,7,0,40
11183,289,"PRIMĂRIA COMUNEI HĂLMĂGEL",HĂLMĂGEL,AR,497,0,0,0,0,18,4,0,22,20,7,0,27,23,7,0,30,59,15,0,74,77,21,0,98
11192,290,"ŞCOALA PRIMARĂ LUNCŞOARA",LUNCŞOARA,AR,303,0,0,0,0,3,2,0,5,9,4,0,13,11,5,0,16,62,11,0,73,91,13,0,104
11209,291,"CĂMINULCULTURAL SÎRBI",SÎRBI,AR,81,1,2,0,3,1,3,0,4,3,3,0,6,3,3,0,6,25,6,0,31,38,6,0,44
11218,292,"ŞCOALA PRIMARĂ TÎRNĂVIŢA",TÎRNĂVIŢA,AR,122,1,0,0,1,2,0,0,2,6,3,0,9,6,4,0,10,24,7,0,31,28,10,0,38
11245,293,"CĂMINULCULTURAL HĂŞMAŞ",HĂŞMAŞ,AR,350,14,1,0,15,24,1,0,25,31,5,0,36,38,6,0,44,100,19,0,119,131,21,1,153
11281,294,"CĂMINUL CULTURAL COMĂNEŞTI",COMĂNEŞTI,AR,86,2,1,0,3,9,4,0,13,11,5,0,16,13,5,0,18,34,8,6,48,45,10,6,61
11254,295,"CĂMINUL CULTURAL AGRIŞU MIC","AGRIŞU MIC",AR,140,9,2,0,11,14,4,0,18,21,4,0,25,24,5,0,29,55,12,0,67,71,16,0,87
11263,296,"CĂMINUL CULTURAL BOTFEI",BOTFEI,AR,194,6,1,0,7,24,1,0,25,36,4,0,40,40,5,0,45,86,7,0,93,120,15,0,135
11290,297,"CĂMINUL CULTURAL URVIŞU DE BELIU","URVIŞU DE BELIU",AR,179,2,0,0,2,9,0,0,9,21,2,0,23,38,3,0,41,62,5,0,67,95,10,0,105
11272,298,"CĂMINULCULTURAL CLIT",CLIT,AR,59,2,2,0,4,4,3,0,7,4,3,0,7,4,3,0,7,10,4,0,14,13,7,0,20
11316,299,"CĂMINUL CULTURAL IGNEŞTI",IGNEŞTI,AR,230,5,2,0,7,11,2,0,13,17,5,0,22,18,6,0,24,63,10,0,73,82,12,0,94
11325,300,"CLĂDIREA FOSTEI ȘCOLI PRIMARE MINEAD",MINEAD,AR,79,0,1,0,1,5,2,0,7,8,5,0,13,10,6,0,16,22,9,0,31,31,10,0,41
11334,301,"CĂMINUL CULTURAL NĂDĂLBEȘTI",NĂDĂLBEŞTI,AR,101,0,0,0,0,1,4,0,5,2,5,0,7,2,6,0,8,27,6,0,33,32,8,0,40
11343,302,"ȘCOALA PRIMARĂ SUSANI",SUSANI,AR,177,4,1,0,5,9,2,0,11,17,2,0,19,17,3,0,20,48,5,0,53,77,14,0,91
11361,303,"CONSILIUL LOCAL IRATOŞU",IRATOŞU,AR,1618,2,1,0,3,23,3,0,26,39,8,0,47,47,8,0,55,112,18,0,130,144,19,0,163
11370,304,"ŞCOALA GIMNAZIALĂ VARIAŞU MARE","VARIAŞU MARE",AR,416,0,0,0,0,4,3,0,7,11,5,0,16,15,5,0,20,19,8,0,27,30,12,0,42
11389,305,"ŞCOALA GIMNAZIALĂ VARIAŞU MIC","VARIAŞU MIC",AR,103,4,1,0,5,6,1,0,7,7,2,0,9,7,3,0,10,15,3,0,18,16,4,0,20
9342,306,"ŞCOALA GIMNAZIALĂ LIVADA",LIVADA,AR,1583,10,5,0,15,58,9,0,67,116,12,1,129,142,14,1,157,302,26,1,329,417,41,1,459
9351,307,"ŞCOALA GIMNAZIALĂ SÎNLEANI",SÎNLEANI,AR,1433,10,0,0,10,51,1,0,52,96,4,0,100,137,4,0,141,287,7,0,294,383,15,0,398
11405,308,"ŞCOALA GIMNAZIALĂ PAVEL COVACI MACEA",MACEA,AR,1830,13,0,0,13,60,0,0,60,83,3,0,86,107,3,0,110,223,9,0,232,348,14,0,362
11405,309,"ŞCOALA GIMNAZIALĂ PAVEL COVACI MACEA",MACEA,AR,1923,2,1,0,3,14,7,0,21,37,9,0,46,53,9,0,62,175,17,0,192,257,23,0,280
11414,310,"ŞCOALA GIMNAZIALĂ PAVEL COVACI MACEA",SÎNMARTIN,AR,1139,8,2,0,10,27,8,0,35,46,9,0,55,54,9,0,63,100,12,0,112,116,13,0,129
11414,311,"ŞCOALA GIMNAZIALĂ PAVEL COVACI MACEA",SÎNMARTIN,AR,1015,0,5,0,5,10,6,0,16,22,8,0,30,26,9,0,35,47,13,0,60,80,14,0,94
11432,312,"CĂMINUL CULTURAL MIȘCA",MIŞCA,AR,1019,4,0,0,4,20,2,0,22,42,6,0,48,59,9,0,68,137,24,0,161,201,28,0,229
11441,313,"CLĂDIREAPRIMĂRIEIDINSATULSATU NOU","SATU NOU",AR,674,0,0,0,0,11,0,0,11,13,0,0,13,16,1,0,17,37,5,0,42,47,7,0,54
11450,314,CLĂDIREAPRIMĂRIEIDINSATULVÎNĂTORI,VÎNĂTORI,AR,919,0,0,0,0,6,0,0,6,6,1,0,7,12,2,0,14,42,8,0,50,56,8,0,64
11469,315,"ŞCOALA PRIMARĂ DIN SATUL ZERINDU MIC","ZERINDU MIC",AR,143,2,0,0,2,7,0,0,7,8,1,0,9,10,2,0,12,15,5,0,20,25,6,0,31
11487,316,"ȘCOALA GENERALĂ „GHEORGHE GROZA”",MONEASA,AR,585,6,4,0,10,22,109,0,131,41,126,0,167,51,135,0,186,124,195,0,319,182,207,0,389
11496,317,"ŞCOALA PRIMARĂ RĂNUŞA",RĂNUŞA,AR,199,4,1,0,5,12,2,0,14,18,6,0,24,23,8,0,31,39,8,0,47,56,11,0,67
11511,318,"PRIMĂRIA COMUNEI OLARI",OLARI,AR,1288,3,1,0,4,16,2,0,18,23,2,0,25,27,2,0,29,62,4,0,66,102,7,0,109
11520,319,"ŞCOALA PRIMARĂ SINTEA MICĂ","SINTEA MICĂ",AR,328,0,0,0,0,3,0,0,3,4,2,0,6,7,2,0,9,24,5,0,29,27,8,0,35
11548,320,"PRIMĂRIA COMUNEI PĂULIŞ",PĂULIŞ,AR,1538,14,1,0,15,44,16,0,60,71,30,0,101,89,35,0,124,183,44,0,227,260,55,0,315
11575,321,"CĂMINUL CULTURAL SÎMBĂTENI",SÎMBĂTENI,AR,1588,39,0,0,39,152,6,0,158,245,18,0,263,291,19,0,310,479,33,0,512,588,47,0,635
11566,322,"CĂMINUL CULTURAL CLADOVA",CLADOVA,AR,251,0,0,0,0,7,5,0,12,13,7,0,20,19,8,0,27,38,12,0,50,45,15,0,60
11557,323,"CENTRUL LOCAL DE INFORMARE TURISTICĂ BARAŢCA",BARAŢCA,AR,205,2,1,0,3,7,1,0,8,10,1,0,11,11,1,0,12,29,1,0,30,36,1,0,37
11646,324,"PRIMĂRIA COMUNEI PEREGU MARE","PEREGU MARE",AR,773,6,2,0,8,10,3,0,13,11,3,0,14,15,3,0,18,32,6,0,38,46,8,0,54
11655,325,"CLĂDIREA PRIMĂRIEI DIN SATUL PEREGU MIC","PEREGU MIC",AR,799,8,1,0,9,22,1,0,23,26,4,0,30,28,4,0,32,50,5,0,55,73,7,0,80
11673,326,"PRIMĂRIA PETRIŞ",PETRIŞ,AR,367,3,3,0,6,8,4,0,12,16,6,0,22,25,7,0,32,51,15,0,66,66,21,0,87
11691,327,"CĂMINUL CULTURAL ILTEU",ILTEU,AR,197,4,0,0,4,5,4,0,9,10,4,0,14,13,4,0,17,36,9,0,45,48,13,0,61
11726,328,"CĂMINUL CULTURAL SELIŞTE",SELIŞTE,AR,97,0,0,0,0,5,0,0,5,7,0,0,7,8,0,0,8,11,1,0,12,27,10,0,37
11682,329,"CĂMINUL CULTURAL CORBEŞTI",CORBEŞTI,AR,152,2,0,0,2,7,0,0,7,14,3,0,17,16,4,0,20,43,6,0,49,52,9,0,61
11717,330,"CĂMINUL CULTURAL ROŞIA NOUĂ","ROŞIA NOUĂ",AR,230,2,0,0,2,8,2,0,10,18,7,0,25,24,8,0,32,62,12,0,74,84,16,0,100
11708,331,"CĂMINUL CULTURAL OBÎRŞIA",OBÎRŞIA,AR,93,4,1,0,5,4,1,0,5,4,1,0,5,4,2,0,6,22,3,0,25,32,3,0,35
11744,332,"PRIMĂRIA COMUNEI PILU",PILU,AR,869,8,0,0,8,16,0,0,16,33,2,0,35,37,3,0,40,70,4,0,74,101,5,0,106
11753,333,"ŞCOALA GIMNAZIALĂ VĂRȘAND",VĂRŞAND,AR,770,6,1,0,7,13,1,0,14,14,1,0,15,18,3,0,21,66,5,0,71,86,7,0,93
11771,334,"PRIMĂRIA COMUNEI PLEŞCUŢA",PLEŞCUŢA,AR,246,3,0,0,3,13,0,0,13,15,3,0,18,20,3,0,23,52,8,0,60,79,9,0,88
11833,335,"CĂMINUL CULTURAL TĂLAGIU",TĂLAGIU,AR,322,7,1,0,8,11,2,0,13,21,4,0,25,26,6,0,32,84,13,0,97,117,19,0,136
11780,336,"CĂMINUL CULTURAL ACIUŢA",ACIUŢA,AR,181,2,0,0,2,11,3,0,14,15,3,0,18,19,5,0,24,43,10,0,53,49,13,0,62
11815,337,"CĂMINUL CULTURAL GURA VĂII","GURA VĂII",AR,229,2,0,0,2,5,0,0,5,12,2,0,14,14,2,0,16,58,11,0,69,79,13,0,92
11851,338,"PRIMĂRIA COMUNEI SĂVÂRŞIN",SĂVÎRŞIN,AR,1281,11,3,0,14,40,12,0,52,68,12,0,80,87,12,0,99,260,28,1,289,331,37,1,369
11897,339,"ŞCOALA PRIMARĂ PÎRNEŞTI",PÎRNEŞTI,AR,144,1,0,0,1,2,0,0,2,4,0,0,4,7,2,0,9,28,4,0,32,44,5,0,49
11922,340,"ŞCOALA PRIMARĂ TROAŞ",TROAŞ,AR,142,7,0,0,7,8,3,0,11,12,4,0,16,15,7,0,22,40,11,0,51,48,15,0,63
11904,341,"CĂMINUL CULTURAL TEMEŞEŞTI",TEMEŞEŞTI,AR,112,5,3,0,8,9,3,0,12,12,3,0,15,13,3,0,16,24,7,0,31,31,10,0,41
11913,342,"ŞCOALA PRIMARĂ TOC",TOC,AR,350,5,2,0,7,11,2,0,13,13,3,0,16,17,3,0,20,48,4,0,52,73,9,0,82
11860,343,"ŞCOALA PRIMARĂ CĂPRIOARA",CĂPRIOARA,AR,215,6,2,0,8,17,4,0,21,18,5,0,23,20,8,0,28,41,13,0,54,59,15,0,74
11931,344,"CĂMIN CULTURAL VALEA MARE","VALEA MARE",AR,184,3,0,0,3,6,3,0,9,12,4,0,16,12,4,0,16,45,9,0,54,62,19,0,81
11959,345,"PRIMĂRIA COMUNEI SECUSIGIU",SECUSIGIU,AR,880,18,0,0,18,35,9,0,44,48,11,0,59,57,11,0,68,111,16,0,127,160,16,0,176
11959,346,"ȘCOALA GIMNAZIALĂ SECUSIGIU",SECUSIGIU,AR,954,8,1,0,9,29,4,0,33,46,7,0,53,53,8,0,61,108,13,1,122,141,16,1,158
11977,347,"CLĂDIREA PRIMĂRIEI DIN SATU MARE","SATU MARE",AR,812,4,0,0,4,14,5,0,19,23,7,0,30,30,7,0,37,80,12,0,92,94,12,0,106
11968,348,"CĂMINUL CULTURAL MUNAR",MUNAR,AR,416,4,0,0,4,6,1,0,7,11,2,0,13,17,2,0,19,38,7,0,45,54,10,0,64
11986,349,"REMIZA P.S.I SÎNPETRU GERMAN","SÎNPETRU GERMAN",AR,871,10,2,0,12,22,2,0,24,36,2,0,38,45,2,0,47,83,8,0,91,119,13,0,132
11986,350,"ȘCOALA GIMNAZIALĂ SÎNPETRU GERMAN","SÎNPETRU GERMAN",AR,875,8,2,0,10,21,5,0,26,31,5,0,36,34,6,0,40,64,6,0,70,88,7,0,95
12000,351,"PRIMĂRIA COMUNEI SELEUŞ",SELEUŞ,AR,1534,26,0,0,26,69,7,0,76,106,19,0,125,143,20,0,163,215,30,0,245,580,38,0,618
12019,352,"ŞCOALA PRIMARĂ IERMATA",IERMATA,AR,333,6,2,0,8,34,3,0,37,45,5,0,50,54,5,0,59,136,17,0,153,197,25,0,222
12028,353,"CĂMINUL CULTURAL MORODA",MORODA,AR,581,6,3,0,9,16,3,0,19,39,5,0,44,48,7,0,55,110,21,0,131,218,27,0,245
12046,354,"ȘCOALA GIMNAZIALĂ „DR. IOAN DANICICO”",SEMLAC,AR,1739,17,3,0,20,42,5,0,47,69,6,0,75,84,9,0,93,161,18,0,179,210,26,0,236
12046,355,"ȘCOALA GIMNAZIALĂ SEMLAC",SEMLAC,AR,1637,5,0,0,5,29,4,0,33,42,5,0,47,53,6,0,59,93,8,0,101,133,12,0,145
12064,356,"CĂMINUL CULTURAL SINTEA MARE","SINTEA MARE",AR,1028,6,0,0,6,16,0,0,16,27,0,0,27,35,2,0,37,94,21,0,115,128,27,0,155
12073,357,"ŞCOALA GIMNAZIALĂ ,,OLOSZ LAJOS"" ADEA",ADEA,AR,843,4,0,0,4,7,0,0,7,14,0,0,14,18,0,0,18,42,2,0,44,56,5,0,61
12082,358,"CLĂDIREA ADMINISTRATIVĂ A PRIMĂRIEI SINTEA MARE",ŢIPAR,AR,1140,1,0,0,1,11,4,0,15,16,4,0,20,20,4,0,24,70,4,0,74,97,11,0,108
12135,359,"PRIMĂRIA COMUNEI SOCODOR",SOCODOR,AR,905,13,0,0,13,28,1,0,29,51,2,0,53,65,2,0,67,107,5,0,112,159,8,0,167
12135,360,"CĂMINUL CULTURAL SOCODOR",SOCODOR,AR,905,5,0,0,5,17,0,0,17,29,2,0,31,43,4,0,47,115,10,0,125,157,15,0,172
12153,361,"PRIMĂRIA COMUNEI ȘAGU",ŞAGU,AR,1226,7,0,0,7,19,0,0,19,37,1,0,38,57,2,0,59,124,3,0,127,171,8,0,179
12153,362,"PRIMĂRIA COMUNEI ȘAGU",ŞAGU,AR,601,3,0,0,3,11,4,0,15,21,8,0,29,32,8,0,40,78,18,0,96,107,19,0,126
12162,363,"ŞCOALA GENERALĂ",CRUCENI,AR,601,3,0,0,3,9,0,0,9,26,0,0,26,33,0,0,33,86,10,0,96,116,11,0,127
12171,364,"ŞCOALA GENERALĂ",FIRITEAZ,AR,380,8,2,0,10,17,3,0,20,20,5,0,25,29,7,0,36,74,12,0,86,90,17,0,107
12180,365,"ŞCOALA GIMNAZIALĂ",FISCUT,AR,456,1,0,0,1,10,0,0,10,20,5,0,25,25,5,0,30,74,11,0,85,116,15,0,131
12199,366,"CĂMINUL CULTURAL HUNEDOARA TIMIȘANĂ","HUNEDOARA TIMIŞANĂ",AR,159,2,1,0,3,6,2,0,8,9,2,0,11,11,2,0,13,23,10,0,33,29,11,0,40
12215,367,"PRIMĂRIA COMUNEI ȘEITIN",ŞEITIN,AR,1219,5,1,0,6,19,4,0,23,33,4,0,37,44,5,0,49,122,12,0,134,189,16,0,205
12215,368,"ȘCOALA GIMNAZIALĂ „ȘTEFAN BOZIAN” ȘEITIN",ŞEITIN,AR,1234,8,0,0,8,23,4,0,27,36,5,0,41,47,6,0,53,96,7,0,103,146,12,0,158
12233,369,"ŞCOALA GIMNAZIALĂ ,,MIHAI VELICIU""",ŞEPREUŞ,AR,975,13,0,0,13,20,0,0,20,34,1,0,35,49,2,0,51,120,5,0,125,171,9,2,182
12233,370,"ŞCOALA GIMNAZIALĂ ,,MIHAI VELICIU""",ŞEPREUŞ,AR,1182,14,0,0,14,30,0,0,30,42,0,0,42,54,1,0,55,117,10,0,127,178,13,0,191
12279,371,"ŞCOALA GIMNAZIALĂ GURBA",GURBA,AR,918,4,2,0,6,14,2,0,16,25,5,0,30,38,6,0,44,93,10,0,103,148,19,0,167
12260,372,"ŞCOALA GIMNAZIALĂ CHERELUȘ",CHERELUŞ,AR,758,12,0,0,12,27,2,0,29,38,2,0,40,45,2,0,47,104,7,0,111,164,14,0,178
12251,373,"CĂMINUL CULTURAL ȘICULA",ŞICULA,AR,931,16,1,0,17,39,8,0,47,68,10,0,78,95,15,0,110,182,27,0,209,257,36,0,293
12251,374,"ȘCOALA GIMNAZIALĂ ȘICULA",ŞICULA,AR,923,6,0,0,6,20,0,0,20,43,2,0,45,58,2,0,60,127,7,0,134,178,8,0,186
12297,375,"CĂMINUL CULTURAL ȘILINDIA",ŞILINDIA,AR,711,5,0,0,5,15,3,0,18,27,7,0,34,32,7,0,39,80,21,0,101,125,28,0,153
12359,376,"ȘCOALA GIMNAZIALĂ ŞIMAND",ŞIMAND,AR,1388,3,0,0,3,42,4,0,46,62,5,0,67,75,5,0,80,159,21,0,180,241,39,0,280
12359,377,"ȘCOALA PRIMARĂ ŞIMAND",ŞIMAND,AR,1227,4,0,0,4,15,2,0,17,24,5,0,29,30,5,0,35,77,10,0,87,144,11,0,155
12359,378,"ȘCOALA GIMNAZIALĂ ȘIMAND - GRĂDINIȚA CU PROGRAM NORMAL NR.2",ŞIMAND,AR,795,3,2,0,5,18,3,0,21,40,3,0,43,40,3,0,43,103,3,0,106,128,7,0,135
12377,379,"CĂMINUL CULTURAL ȘIRIA",ŞIRIA,AR,1385,2,3,0,5,27,11,0,38,44,16,0,60,60,19,0,79,133,24,0,157,213,30,1,244
12377,380,"CĂMINUL CULTURAL ȘIRIA",ŞIRIA,AR,1339,6,5,0,11,19,5,0,24,36,5,0,41,44,7,0,51,112,10,0,122,141,14,1,156
12386,381,"CĂMINUL CULTURAL GALȘA",GALŞA,AR,1885,5,0,0,5,40,3,0,43,70,6,0,76,96,10,0,106,238,24,0,262,361,35,0,396
12395,382,"CĂMINUL CULTURAL MÎSCA",MÎSCA,AR,755,13,3,0,16,45,6,0,51,59,8,0,67,88,9,0,97,163,21,0,184,214,26,0,240
12377,383,"CLĂDIRE ADMINISTRATIVĂ(FOSTA ȘCOALA GIMNAZIALĂ)",ŞIRIA,AR,1750,5,0,0,5,16,0,0,16,33,2,0,35,47,2,0,49,147,15,0,162,197,23,0,220
12411,384,"PRIMĂRIA COMUNEI ȘIȘTAROVĂȚ",ŞIŞTAROVĂŢ,AR,273,10,1,0,11,22,9,0,31,28,13,0,41,34,14,0,48,61,22,0,83,86,32,0,118
9379,385,"CĂMINUL CULTURAL ŞOFRONEA",ŞOFRONEA,AR,1800,16,2,0,18,85,7,0,92,119,13,0,132,151,15,0,166,268,36,1,305,379,44,1,424
9388,386,"CĂMINUL CULTURALSÎNPAUL",SÎNPAUL,AR,598,2,0,0,2,12,0,0,12,20,7,0,27,26,8,0,34,66,23,0,89,91,26,0,117
12475,387,"ŞCOALA PRIMARĂ MINIŞEL",MINIŞEL,AR,125,2,1,0,3,4,4,0,8,6,5,0,11,8,5,0,13,22,7,0,29,44,8,0,52
12466,388,"CĂMINUL CULTURAL TAUŢ",TAUŢ,AR,577,13,0,0,13,17,11,0,28,25,12,0,37,29,16,0,45,83,32,0,115,131,40,0,171
12493,389,"CĂMINUL CULTURAL NADĂŞ",NADĂŞ,AR,628,4,0,0,4,8,0,0,8,17,3,0,20,27,4,0,31,75,13,0,88,133,16,0,149
12484,390,"CĂMINUL CULTURAL MINIŞU DE SUS","MINIŞU DE SUS",AR,55,2,0,0,2,8,1,0,9,10,1,0,11,12,1,0,13,17,12,0,29,20,14,0,34
12518,391,"CĂMINUL CULTURAL TÎRNOVA",TÎRNOVA,AR,1492,31,3,0,34,101,7,0,108,137,11,0,148,173,11,0,184,295,33,0,328,407,38,0,445
12545,392,"CĂMINUL CULTURAL CHIER",CHIER,AR,971,13,2,0,15,55,11,0,66,75,13,0,88,83,13,0,96,150,25,0,175,206,35,0,241
12527,393,"CĂMINUL CULTURAL AGRIŞU MARE","AGRIŞU MARE",AR,909,10,2,0,12,52,5,0,57,76,5,0,81,110,6,0,116,278,22,0,300,418,28,0,446
12536,394,"CĂMINUL CULTURAL ARĂNEAG",ARĂNEAG,AR,332,7,5,0,12,13,8,0,21,17,9,0,26,22,14,0,36,67,19,0,86,110,34,0,144
12554,395,"CĂMINUL CULTURAL DRAUŢ",DRAUŢ,AR,680,12,1,0,13,28,2,0,30,38,5,0,43,59,6,0,65,143,14,0,157,236,26,0,262
12563,396,"CĂMINUL CULTURAL DUD",DUD,AR,544,14,2,0,16,44,5,0,49,78,6,0,84,83,9,0,92,185,17,0,202,231,21,0,252
10809,397,"ŞCOALA GIMNAZIALĂ ""TEODOR PĂCĂŢIAN"" USUSĂU",USUSĂU,AR,486,5,0,0,5,17,3,0,20,33,5,0,38,39,5,0,44,121,14,0,135,168,18,0,186
10774,398,"GRĂDINIŢA CU PROGRAM NORMAL DORGOŞ",DORGOŞ,AR,234,3,0,0,3,5,3,0,8,13,3,0,16,14,3,0,17,39,11,0,50,61,15,0,76
10818,399,"ŞCOALA PRIMARĂ ZĂBALŢ",ZĂBALŢ,AR,239,5,1,0,6,13,3,0,16,21,3,0,24,32,3,0,35,74,11,0,85,87,15,0,102
10783,400,"GRĂDINIŢA CU PROGRAM NORMAL BRUZNIC",BRUZNIC,AR,90,0,2,0,2,1,5,0,6,4,6,0,10,7,6,0,13,18,6,0,24,22,6,0,28
12581,401,"CĂMINUL CULTURAL VĂRĂDIA DE MUREȘ","VĂRĂDIA DE MUREŞ",AR,481,5,1,0,6,16,3,0,19,28,5,0,33,34,5,0,39,59,10,0,69,82,16,0,98
12616,402,"CĂMINUL CULTURAL LUPEȘTI",LUPEŞTI,AR,222,7,2,0,9,13,2,0,15,25,5,0,30,25,5,0,30,47,8,0,55,71,10,0,81
12590,403,"CĂMINUL CULTURAL BAIA",BAIA,AR,102,2,2,0,4,3,2,0,5,6,5,0,11,9,5,0,14,27,8,0,35,35,10,0,45
12607,404,"ŞCOALA PRIMARĂ JULIȚA",JULIŢA,AR,300,2,3,0,5,6,5,0,11,16,6,0,22,20,7,0,27,49,19,0,68,67,28,0,95
12625,405,"CĂMINUL CULTURAL NICOLAE BĂLCESCU","NICOLAE BĂLCESCU",AR,197,0,1,0,1,2,1,0,3,5,4,0,9,6,4,0,10,28,9,0,37,36,12,0,48
12634,406,"CĂMINUL CULTURAL STEJAR",STEJAR,AR,117,1,0,0,1,7,4,0,11,10,5,0,15,12,6,0,18,17,8,0,25,30,17,0,47
12652,407,"PRIMĂRIA COMUNEI VINGA",VINGA,AR,914,6,2,0,8,26,4,0,30,33,4,0,37,60,5,0,65,95,20,0,115,117,24,0,141
12652,408,"ŞCOALA GIMNAZIALĂ NR. 2 VINGA",VINGA,AR,1258,5,0,0,5,17,2,0,19,29,4,0,33,46,6,0,52,140,10,0,150,202,18,0,220
12652,409,"GRĂDINIŢA PN VINGA",VINGA,AR,1589,8,0,0,8,18,0,0,18,26,0,0,26,54,2,0,56,124,8,0,132,182,12,0,194
12661,410,"ŞCOALA GENERALĂ MAILAT",MAILAT,AR,800,1,0,0,1,10,7,0,17,21,8,0,29,32,9,0,41,69,18,0,87,77,32,0,109
12670,411,"ŞCOALA GENERALĂ MĂNĂŞTUR",MĂNĂŞTUR,AR,983,4,0,0,4,15,4,0,19,21,4,0,25,35,5,0,40,93,6,0,99,125,12,0,137
12698,412,"CĂMINUL CULTURAL VÎRFURILE",VÎRFURILE,AR,995,4,0,0,4,16,8,0,24,24,9,0,33,36,10,0,46,99,24,0,123,139,30,0,169
12705,413,"ŞCOALA GENERALĂ AVRAM IANCU","AVRAM IANCU",AR,649,1,0,0,1,5,1,0,6,9,5,0,14,12,7,0,19,44,10,0,54,64,11,0,75
12723,414,"CĂMIN CULTURAL LAZURI",LAZURI,AR,653,2,0,0,2,5,1,0,6,15,1,0,16,19,1,0,20,44,7,0,51,69,9,0,78
9431,415,"ŞCOALA GIMNAZIALĂ MÎNDRULOC",MÎNDRULOC,AR,1138,9,2,0,11,34,4,0,38,69,5,0,74,83,5,0,88,176,19,0,195,228,27,0,255
9413,416,"ŞCOALA GIMNAZIALĂ CICIR",CICIR,AR,851,7,0,0,7,28,3,0,31,45,6,0,51,63,10,0,73,157,13,0,170,230,17,0,247
9404,417,"CĂMINUL CULTURAL VLADIMIRESCU",VLADIMIRESCU,AR,1860,7,0,0,7,40,5,0,45,71,7,0,78,84,7,0,91,180,18,0,198,240,21,0,261
9404,418,"PRIMĂRIA COMUNEI VLADIMIRESCU",VLADIMIRESCU,AR,1558,7,1,0,8,61,6,0,67,83,10,0,93,95,10,0,105,168,14,0,182,219,25,0,244
9404,419,"CENTRU DE ZI VÂRSTNICI VLADIMIRESCU",VLADIMIRESCU,AR,1753,11,0,0,11,60,1,0,61,109,4,0,113,123,4,0,127,248,13,0,261,307,15,0,322
9404,420,"ȘCOALA GIMNAZIALĂ VLADIMIRESCU",VLADIMIRESCU,AR,1879,18,0,0,18,60,7,0,67,98,10,0,108,116,14,0,130,218,26,0,244,277,37,0,314
9422,421,"ȘCOALA GIMNAZIALĂ HORIA",HORIA,AR,1051,5,0,0,5,40,5,0,45,57,9,0,66,68,9,0,77,146,15,0,161,227,28,0,255
9422,422,"CLĂDIRE TAXE ŞI IMPOZITE HORIA",HORIA,AR,1098,13,4,0,17,35,7,0,42,54,8,0,62,61,8,0,69,161,11,0,172,233,15,0,248
12803,423,"CĂMIN CULTURAL",NEUDORF,AR,848,4,0,0,4,9,2,0,11,17,2,0,19,29,2,0,31,67,4,0,71,97,8,0,105
12787,424,"CĂMIN CULTURAL ZĂBRANI",ZĂBRANI,AR,1011,8,3,0,11,20,4,0,24,47,6,0,53,48,7,0,55,106,12,0,118,147,14,0,161
12787,425,"GRĂDINIŢA CU PROGRAM NORMAL ZĂBRANI",ZĂBRANI,AR,908,5,0,0,5,32,0,0,32,46,1,0,47,54,1,0,55,113,3,0,116,147,5,0,152
12796,426,"GRĂDINIŢA PROGRAM NORMALCHESINŢ",CHESINŢ,AR,957,5,0,0,5,19,1,0,20,38,2,0,40,51,2,0,53,147,14,0,161,169,20,0,189
10845,427,"CĂMINUL CULTURAL BODROGU NOU, NR. 68","BODROGU NOU",AR,231,4,0,0,4,24,5,0,29,26,10,0,36,28,10,0,38,48,24,0,72,64,31,0,95
10863,428,"SALA DE ŞEDINŢE A CONSILIULUI LOCAL ZĂDĂRENI",ZĂDĂRENI,AR,999,10,3,0,13,33,4,0,37,63,6,0,69,73,8,0,81,138,23,0,161,179,25,0,204
10863,429,"SEDIU S.V.S.U. ZĂDĂRENI",ZĂDĂRENI,AR,1094,11,2,0,13,40,3,0,43,73,5,0,78,83,7,0,90,171,13,5,189,211,16,5,232
12830,430,"ŞCOALA GIMNAZIALĂ CINTEI",CINTEI,AR,968,2,0,0,2,34,4,0,38,79,18,0,97,98,18,0,116,246,26,0,272,359,35,0,394
12821,431,"PRIMĂRIA COMUNEI ZĂRAND",ZĂRAND,AR,1144,7,0,0,7,23,0,0,23,34,2,0,36,54,3,0,57,132,14,0,146,330,25,0,355
12858,432,"PRIMĂRIA COMUNEI ZERIND",ZERIND,AR,713,1,0,0,1,3,0,0,3,6,4,0,10,7,4,0,11,19,4,0,23,30,9,0,39
12867,433,"ŞCOALA PRIMARA IERMATA NEAGRA","IERMATA NEAGRĂ",AR,465,0,0,0,0,6,3,0,9,7,3,0,10,10,3,0,13,28,3,0,31,32,4,0,36
12885,434,"CĂMINULCULTURAL ZIMANDU NOU","ZIMANDU NOU",AR,1409,9,0,0,9,18,1,0,19,30,2,0,32,48,3,0,51,91,5,0,96,127,11,0,138
12894,435,"CĂMINUL CULTURAL ANDREI ȘAGUNA","ANDREI ŞAGUNA",AR,1253,5,0,0,5,25,3,0,28,49,3,0,52,72,3,0,75,187,11,0,198,252,17,0,269
12901,436,"ŞCOALA PRIMARĂ ZIMANDCUZ",ZIMANDCUZ,AR,1354,6,0,0,6,35,9,0,44,45,11,0,56,53,12,0,65,131,17,0,148,164,18,0,182
12885,437,"ȘCOALA GIMNAZIALĂ ZIMANDU NOU (UTVINIȘ)","ZIMANDU NOU",AR,107,6,2,0,8,10,4,0,14,11,7,0,18,12,8,0,20,17,11,0,28,18,14,0,32
179141,1,"LICEUL TEORETIC ""NICOLAE IORGA""","BUCUREŞTI SECTORUL 1",B,1320,16,3,0,19,97,20,0,117,120,20,0,140,130,20,0,150,198,44,0,242,233,60,0,293
179141,2,"LICEUL TEORETIC ""NICOLAE IORGA""","BUCUREŞTI SECTORUL 1",B,1583,18,0,0,18,103,5,0,108,149,12,0,161,167,12,0,179,284,23,0,307,328,30,0,358
179141,3,"LICEUL TEORETIC ""NICOLAE IORGA""","BUCUREŞTI SECTORUL 1",B,1398,22,1,0,23,125,6,0,131,147,9,0,156,153,9,0,162,250,18,0,268,291,25,0,316
179141,4,"LICEUL TEORETIC ""NICOLAE IORGA""","BUCUREŞTI SECTORUL 1",B,1095,17,0,0,17,75,6,0,81,101,9,0,110,104,9,0,113,164,14,0,178,187,17,0,204
179141,5,"LICEUL GRECO-CATOLIC ""TIMOTEI CIPARIU""","BUCUREŞTI SECTORUL 1",B,1624,14,0,0,14,56,4,0,60,103,8,0,111,114,8,0,122,221,11,0,232,280,15,0,295
179141,6,"LICEUL GRECO-CATOLIC ""TIMOTEI CIPARIU""","BUCUREŞTI SECTORUL 1",B,1022,10,1,0,11,46,3,0,49,57,3,0,60,67,3,0,70,127,13,0,140,162,17,0,179
179141,7,"LICEUL GRECO-CATOLIC ""TIMOTEI CIPARIU""","BUCUREŞTI SECTORUL 1",B,1313,9,1,0,10,44,3,0,47,69,6,0,75,71,6,0,77,128,18,0,146,174,25,0,199
179141,8,"ȘCOALA GIMNAZIALĂ NR.13","BUCUREŞTI SECTORUL 1",B,957,7,0,0,7,26,0,0,26,42,0,0,42,50,0,0,50,110,7,0,117,145,8,0,153
179141,9,"ŞCOALA GIMNAZIALĂ NR.13","BUCUREŞTI SECTORUL 1",B,1000,6,0,0,6,30,0,0,30,54,0,0,54,71,0,0,71,159,4,0,163,195,9,0,204
179141,10,"ŞCOALA GIMNAZIALĂ NR.13","BUCUREŞTI SECTORUL 1",B,1577,4,0,0,4,34,1,0,35,51,4,0,55,58,6,6,70,137,11,6,154,184,11,6,201
179141,11,"ŞCOALA GIMNAZIALĂ NR.13","BUCUREŞTI SECTORUL 1",B,934,7,0,0,7,38,2,0,40,56,5,0,61,72,5,0,77,107,8,0,115,145,9,0,154
179141,12,"ŞCOALA GIMNAZIALĂ NR.179","BUCUREŞTI SECTORUL 1",B,1420,9,2,0,11,52,5,0,57,64,10,0,74,79,10,0,89,164,19,0,183,216,27,0,243
179141,13,"ŞCOALA GIMNAZIALĂ NR.179","BUCUREŞTI SECTORUL 1",B,1842,9,1,0,10,78,3,0,81,99,5,0,104,133,8,0,141,264,11,0,275,321,15,13,349
179141,14,"ŞCOALA GIMNAZIALĂ NR.179","BUCUREŞTI SECTORUL 1",B,1028,11,0,0,11,44,1,0,45,62,2,0,64,75,3,0,78,139,4,0,143,170,8,0,178
179141,15,"ŞCOALA GIMNAZIALĂ NR.179","BUCUREŞTI SECTORUL 1",B,1753,2,0,0,2,83,5,0,88,117,5,0,122,137,7,0,144,263,12,0,275,315,15,0,330
179141,16,"LICEUL TEORETIC ""C-TIN BRÂNCOVEANU""","BUCUREŞTI SECTORUL 1",B,1616,15,5,0,20,92,20,0,112,124,25,0,149,148,29,0,177,228,39,0,267,345,54,0,399
179141,17,"LICEUL TEORETIC ""C-TIN BRÂNCOVEANU""","BUCUREŞTI SECTORUL 1",B,926,14,4,0,18,59,5,0,64,85,5,0,90,94,6,0,100,137,15,0,152,166,21,0,187
179141,18,"LICEUL TEORETIC ""C-TIN BRÂNCOVEANU""","BUCUREŞTI SECTORUL 1",B,1020,13,1,0,14,71,2,0,73,88,2,0,90,95,2,0,97,185,3,0,188,212,8,0,220
179141,19,"LICEUL TEORETIC ""C-TIN BRÂNCOVEANU""","BUCUREŞTI SECTORUL 1",B,1468,18,3,0,21,105,7,0,112,140,8,0,148,145,8,0,153,256,13,0,269,305,16,0,321
179141,20,"ȘCOALA GIMNAZIALĂ NR.178","BUCUREŞTI SECTORUL 1",B,1453,17,0,0,17,87,3,0,90,139,19,0,158,153,19,0,172,255,44,0,299,303,60,0,363
179141,21,"ŞCOALA GIMNAZIALĂ NR.178","BUCUREŞTI SECTORUL 1",B,1374,23,0,0,23,100,6,0,106,123,7,0,130,140,7,0,147,234,24,0,258,293,30,0,323
179141,22,"ŞCOALA GIMNAZIALĂ NR.178","BUCUREŞTI SECTORUL 1",B,1064,11,0,0,11,61,4,0,65,81,4,0,85,103,5,0,108,174,10,0,184,207,16,0,223
179141,23,"ŞCOALA GIMNAZIALĂ SPECIALĂ NR.8","BUCUREŞTI SECTORUL 1",B,1411,5,0,0,5,48,3,0,51,82,9,0,91,88,9,0,97,147,19,0,166,207,23,0,230
179141,24,"ŞCOALA GIMNAZIALĂ SPECIALĂ NR.8","BUCUREŞTI SECTORUL 1",B,1656,7,0,0,7,48,7,0,55,87,14,0,101,104,14,0,118,191,25,0,216,241,28,0,269
179141,25,"ȘCOALA GIMNAZIALĂ SPECIALĂ NR.8","BUCUREŞTI SECTORUL 1",B,1571,9,3,0,12,57,6,0,63,106,7,0,113,122,7,0,129,237,10,0,247,296,15,0,311
179141,26,"ŞCOALA GIMNAZIALĂ ""NICOLAE GRIGORESCU""","BUCUREŞTI SECTORUL 1",B,1943,17,3,0,20,91,13,0,104,135,17,0,152,151,19,0,170,284,27,0,311,345,37,0,382
179141,27,"ŞCOALA GIMNAZIALĂ ""NICOLAE GRIGORESCU""","BUCUREŞTI SECTORUL 1",B,1950,19,0,0,19,69,8,0,77,113,8,0,121,141,8,0,149,283,9,0,292,355,11,0,366
179141,28,"CENTRUL SOCIAL SF. LAZĂR","BUCUREŞTI SECTORUL 1",B,1577,16,1,0,17,57,7,0,64,88,8,0,96,102,8,0,110,161,13,0,174,207,18,0,225
179141,29,"CENTRUL SOCIAL SF. LAZĂR","BUCUREŞTI SECTORUL 1",B,1029,3,0,0,3,30,9,0,39,46,18,0,64,49,18,0,67,98,34,0,132,137,41,0,178
179141,30,"CENTRUL SOCIAL SF. LAZĂR","BUCUREŞTI SECTORUL 1",B,1458,5,4,0,9,44,5,0,49,74,6,0,80,86,6,0,92,158,9,0,167,200,11,0,211
179141,31,"ŞCOALA GIMNAZIALĂ NR.6","BUCUREŞTI SECTORUL 1",B,960,4,5,0,9,34,6,0,40,51,10,0,61,58,11,0,69,104,13,1,118,142,18,1,161
179141,32,"ŞCOALA GIMNAZIALĂ NR.6","BUCUREŞTI SECTORUL 1",B,1064,10,2,0,12,43,3,0,46,66,8,0,74,75,9,0,84,120,15,0,135,162,27,0,189
179141,33,"UNIVERSITATEA DE ȘTIINȚE AGRONOMICE ȘI MEDICINĂ VETERINARĂ BUCUREȘTI","BUCUREŞTI SECTORUL 1",B,1369,6,0,0,6,77,13,0,90,120,62,18,200,125,18,62,205,195,29,62,286,233,36,82,351
179141,34,"UNIVERSITATEA DE ŞTIINŢE AGRONOMICE ŞI MEDICINĂ VETERINARĂ BUCUREŞTI","BUCUREŞTI SECTORUL 1",B,820,8,5,0,13,45,12,0,57,59,16,0,75,75,16,0,91,123,28,0,151,151,52,0,203
179141,35,"DIRECŢIA PUBLICĂ DE EVIDENŢĂ A PERSOANEI ŞI STARE CIVILĂ SECT.1","BUCUREŞTI SECTORUL 1",B,1126,15,2,0,17,67,7,0,74,104,12,0,116,104,12,0,116,199,20,0,219,246,28,0,274
179141,36,"ŞCOALA GIMNAZIALĂ NR.7","BUCUREŞTI SECTORUL 1",B,1299,18,0,0,18,77,10,0,87,115,15,0,130,125,19,0,144,185,28,0,213,220,32,0,252
179141,37,"ŞCOALA GIMNAZIALĂ NR.7","BUCUREŞTI SECTORUL 1",B,1527,27,4,0,31,86,6,0,92,124,10,0,134,137,10,0,147,218,21,0,239,251,28,0,279
179141,38,"ŞCOALA GIMNAZIALĂ NR.7","BUCUREŞTI SECTORUL 1",B,1444,12,0,0,12,55,1,0,56,92,5,0,97,105,6,0,111,190,13,0,203,223,25,0,248
179141,39,"COLEGIUL AGRICOL ""VIACESLAV HARNAJ""","BUCUREŞTI SECTORUL 1",B,1437,8,3,0,11,67,6,0,73,99,6,0,105,108,6,0,114,174,9,0,183,211,12,0,223
179141,40,"COLEGIUL AGRICOL ""VIACESLAV HARNAJ""","BUCUREŞTI SECTORUL 1",B,1348,4,0,0,4,30,3,0,33,61,4,0,65,61,4,0,65,110,14,0,124,152,21,0,173
179141,41,"ŞCOALA GIMNAZIALĂ ""HERĂSTRĂU""","BUCUREŞTI SECTORUL 1",B,1701,9,1,0,10,71,9,1,81,120,23,1,144,124,24,1,149,233,35,1,269,286,36,1,323
179141,42,"ŞCOALA GIMNAZIALĂ ""HERĂSTRĂU""","BUCUREŞTI SECTORUL 1",B,938,5,1,0,6,40,4,0,44,70,7,0,77,77,7,0,84,134,14,0,148,166,26,0,192
179141,43,"ŞCOALA GIMNAZIALĂ ""HERĂSTRĂU""","BUCUREŞTI SECTORUL 1",B,1337,14,2,0,16,57,3,0,60,91,5,0,96,101,5,0,106,182,8,0,190,232,9,0,241
179141,44,"ŞCOALA GIMNAZIALĂ ""HERĂSTRĂU""","BUCUREŞTI SECTORUL 1",B,1451,13,0,0,13,49,2,0,51,81,3,0,84,95,3,0,98,169,5,0,174,212,8,0,220
179141,45,"ŞCOALA GIMNAZIALĂ ""HERĂSTRĂU""","BUCUREŞTI SECTORUL 1",B,1515,12,1,0,13,73,13,0,86,120,17,0,137,137,17,0,154,233,31,0,264,279,42,0,321
179141,46,"ŞCOALA GIMNAZIALĂ ""HERĂSTRĂU""","BUCUREŞTI SECTORUL 1",B,768,4,0,0,4,29,9,0,38,53,16,0,69,64,19,0,83,90,32,0,122,111,47,0,158
179141,47,"ŞCOALA GIMNAZIALĂ ""HERĂSTRĂU""","BUCUREŞTI SECTORUL 1",B,994,5,0,0,5,54,3,0,57,65,3,0,68,69,5,0,74,116,14,0,130,142,20,0,162
179141,48,"ŞCOALA GIMNAZIALĂ ""HERĂSTRĂU""","BUCUREŞTI SECTORUL 1",B,1459,9,0,0,9,58,5,0,63,73,6,0,79,78,6,0,84,150,9,0,159,198,10,0,208
179141,49,"ŞCOALA GIMNAZIALĂ ""HERĂSTRĂU""","BUCUREŞTI SECTORUL 1",B,1364,9,3,0,12,63,5,0,68,101,6,0,107,111,6,0,117,204,7,0,211,251,10,0,261
179141,50,"ŞCOALA GIMNAZIALĂ ""HERĂSTRĂU""","BUCUREŞTI SECTORUL 1",B,1199,9,5,0,14,57,6,0,63,79,7,0,86,92,7,0,99,144,7,0,151,174,7,0,181
179141,51,"ŞCOALA GIMNAZIALĂ ""HERĂSTRĂU""","BUCUREŞTI SECTORUL 1",B,1269,5,4,0,9,53,5,0,58,78,6,0,84,84,6,0,90,161,9,0,170,214,9,0,223
179141,52,"ŞCOALA GIMNAZIALĂ ""HERĂSTRĂU""","BUCUREŞTI SECTORUL 1",B,1165,9,2,0,11,68,3,0,71,86,3,0,89,94,3,0,97,141,6,0,147,191,7,0,198
179141,53,"ŞCOALA GIMNAZIALĂ ""PIA BRĂTIANU""","BUCUREŞTI SECTORUL 1",B,1285,15,0,0,15,74,15,0,89,105,21,0,126,128,21,0,149,190,28,0,218,233,38,0,271
179141,54,"ŞCOALA GIMNAZIALĂ ""PIA BRĂTIANU""","BUCUREŞTI SECTORUL 1",B,1243,14,1,0,15,67,2,0,69,99,2,0,101,105,4,0,109,177,6,0,183,205,11,0,216
179141,55,"COMPLEXUL SOCIAL DE SERVICII ""ODĂI""","BUCUREŞTI SECTORUL 1",B,762,7,0,0,7,56,2,0,58,79,4,0,83,91,4,0,95,132,6,0,138,169,7,0,176
179141,56,"COLEGIUL NAŢIONAL DE INFORMATICĂ ""TUDOR VIANU""","BUCUREŞTI SECTORUL 1",B,1171,11,3,0,14,79,5,16,100,109,5,17,131,119,5,17,141,187,6,21,214,212,12,21,245
179141,57,"COLEGIUL NAŢIONAL DE INFORMATICĂ ""TUDOR VIANU""","BUCUREŞTI SECTORUL 1",B,1379,23,0,1,24,78,9,7,94,128,9,14,151,133,9,17,159,220,9,24,253,278,9,38,325
179141,58,"COLEGIUL NAŢIONAL DE INFORMATICĂ ""TUDOR VIANU""","BUCUREŞTI SECTORUL 1",B,1058,13,2,0,15,58,9,6,73,84,14,6,104,88,14,6,108,139,20,10,169,177,20,10,207
179141,59,"COLEGIUL NAŢIONAL ""I.L. CARAGIALE""","BUCUREŞTI SECTORUL 1",B,921,9,2,0,11,44,7,37,88,64,12,40,116,74,13,40,127,123,16,40,179,143,20,43,206
179141,60,"COLEGIUL NAŢIONAL ""I.L. CARAGIALE""","BUCUREŞTI SECTORUL 1",B,1122,13,1,0,14,71,7,0,78,105,12,0,117,110,17,0,127,167,34,0,201,219,43,0,262
179141,61,"ŞCOALA GIMNAZIALĂ ""TITU MAIORESCU""","BUCUREŞTI SECTORUL 1",B,1482,12,1,0,13,112,8,0,120,136,14,0,150,147,15,0,162,221,28,0,249,283,41,0,324
179141,62,"ŞCOALA GIMNAZIALĂ ""TITU MAIORESCU""","BUCUREŞTI SECTORUL 1",B,1340,17,3,0,20,99,7,0,106,146,9,0,155,152,11,0,163,209,17,0,226,241,27,0,268
179141,63,"LICEUL TEORETIC ""JEAN MONNET""","BUCUREŞTI SECTORUL 1",B,1391,28,1,0,29,86,4,0,90,129,6,0,135,141,7,0,148,219,17,1,237,260,29,1,290
179141,64,"LICEUL TEORETIC ""JEAN MONNET""","BUCUREŞTI SECTORUL 1",B,1222,8,5,0,13,40,15,0,55,96,27,0,123,105,28,0,133,168,57,0,225,206,79,0,285
179141,65,"COLEGIUL ECONOMIC ""V. MADGEARU""","BUCUREŞTI SECTORUL 1",B,1029,10,1,0,11,82,11,0,93,92,19,1,112,99,23,1,123,141,36,1,178,160,50,1,211
179141,66,"COLEGIUL ECONOMIC ""V. MADGEARU""","BUCUREŞTI SECTORUL 1",B,1056,12,0,0,12,77,4,0,81,104,7,0,111,109,8,0,117,163,22,0,185,197,39,0,236
179141,67,"ACADEMIA DE STUDII ECONOMICE DIN BUCUREŞTI","BUCUREŞTI SECTORUL 1",B,970,11,5,0,16,50,18,0,68,71,31,0,102,71,33,0,104,126,53,0,179,157,63,0,220
179141,68,"ACADEMIA DE STUDII ECONOMICE DIN BUCUREŞTI","BUCUREŞTI SECTORUL 1",B,644,7,2,0,9,42,10,0,52,68,20,0,88,73,21,0,94,112,40,0,152,130,53,0,183
179141,69,"UNIVERSITATEA DE ARHITECTURĂ ŞI URBANISM ION MINCU","BUCUREŞTI SECTORUL 1",B,906,14,3,0,17,69,19,0,88,95,32,0,127,98,32,0,130,146,63,0,209,162,75,0,237
179141,70,"UNIVERSITATEA DE ARHITECTURĂ ŞI URBANISM ION MINCU","BUCUREŞTI SECTORUL 1",B,1093,5,0,0,5,46,9,0,55,69,14,0,83,76,14,0,90,115,40,0,155,145,54,0,199
179141,71,"ŞCOALA GIMNAZIALĂ NR.5","BUCUREŞTI SECTORUL 1",B,1104,9,2,0,11,60,15,0,75,82,21,0,103,87,24,0,111,140,40,0,180,170,55,0,225
179141,72,"ŞCOALA GIMNAZIALĂ NR.5","BUCUREŞTI SECTORUL 1",B,696,5,0,0,5,30,1,0,31,48,2,0,50,52,2,0,54,97,10,0,107,100,21,0,121
179141,73,"COLEGIUL NAŢIONAL DE MUZICĂ ""GEORGE ENESCU""","BUCUREŞTI SECTORUL 1",B,1056,9,1,0,10,60,12,0,72,81,28,0,109,96,32,0,128,147,57,0,204,180,88,1,269
179141,74,"COLEGIUL NAŢIONAL DE MUZICĂ ""GEORGE ENESCU""","BUCUREŞTI SECTORUL 1",B,1297,8,0,0,8,54,5,0,59,64,9,0,73,70,9,0,79,121,16,0,137,148,18,0,166
179141,75,"COLEGIUL TEHNIC DE ARHITECTURĂ ŞI LUCRĂRI PUBLICE ""IOAN N. SOCOLESCU""","BUCUREŞTI SECTORUL 1",B,974,9,4,0,13,49,7,0,56,73,13,0,86,78,13,0,91,123,20,0,143,142,29,0,171
179141,76,"COLEGIUL NAŢIONAL ""SFÂNTUL SAVA""","BUCUREŞTI SECTORUL 1",B,786,11,4,0,15,50,15,0,65,63,22,0,85,65,22,0,87,101,29,0,130,120,37,0,157
179141,77,"COLEGIUL NAŢIONAL ""SFÂNTUL SAVA""","BUCUREŞTI SECTORUL 1",B,951,7,2,0,9,40,6,0,46,61,10,0,71,64,10,0,74,102,13,0,115,127,15,0,142
179141,78,"COLEGIUL NAŢIONAL ""SFÂNTUL SAVA""","BUCUREŞTI SECTORUL 1",B,1031,15,2,0,17,65,5,0,70,92,6,0,98,100,6,0,106,148,10,0,158,176,12,0,188
179141,79,"COLEGIUL NAŢIONAL ""SFÂNTUL SAVA""","BUCUREŞTI SECTORUL 1",B,1182,6,0,0,6,65,0,0,65,81,2,0,83,94,4,0,98,133,8,0,141,166,9,0,175
179141,80,"UNIVERSITATEA NAŢIONALĂ DE MUZICĂ DIN BUCUREŞTI","BUCUREŞTI SECTORUL 1",B,926,9,1,0,10,50,5,0,55,62,18,0,80,67,18,0,85,113,36,0,149,138,50,0,188
179141,81,"UNIVERSITATEA NAŢIONALĂ DE MUZICĂ DIN BUCUREŞTI","BUCUREŞTI SECTORUL 1",B,921,7,1,0,8,64,9,0,73,92,18,0,110,96,19,0,115,136,34,0,170,173,42,0,215
179141,82,"LICEUL DE ARTE PLASTICE ""NICOLAE TONITZA""","BUCUREŞTI SECTORUL 1",B,692,2,2,0,4,20,5,0,25,33,6,0,39,35,8,0,43,81,9,0,90,93,10,0,103
179141,83,"LICEUL DE ARTE PLASTICE ""NICOLAE TONITZA""","BUCUREŞTI SECTORUL 1",B,758,1,5,0,6,34,11,0,45,41,12,0,53,43,12,0,55,90,17,0,107,98,19,0,117
179141,84,"LICEUL DE ARTE PLASTICE ""NICOLAE TONITZA""","BUCUREŞTI SECTORUL 1",B,1119,14,1,0,15,68,4,0,72,91,5,0,96,99,10,0,109,169,19,1,189,200,22,1,223
179141,85,"LICEUL DE ARTE PLASTICE ""NICOLAE TONITZA""","BUCUREŞTI SECTORUL 1",B,1229,20,1,0,21,85,6,1,92,121,6,1,128,128,6,1,135,194,12,1,207,240,14,1,255
179141,86,"LICEUL DE ARTE PLASTICE ""NICOLAE TONITZA""","BUCUREŞTI SECTORUL 1",B,1381,9,0,0,9,87,3,0,90,116,4,0,120,125,4,0,129,197,7,0,204,231,8,0,239
179141,87,"CENTRUL NAŢIONAL DE CALIFICARE ŞI INSTRUIRE FEROVIARĂ CENAFER","BUCUREŞTI SECTORUL 1",B,1477,12,4,0,16,61,16,0,77,88,21,0,109,104,33,0,137,179,44,1,224,210,75,1,286
179141,88,"CENTRUL NAŢIONAL DE CALIFICARE ŞI INSTRUIRE FEROVIARĂ CENAFER","BUCUREŞTI SECTORUL 1",B,1214,13,1,0,14,67,3,0,70,82,5,0,87,99,8,0,107,175,10,0,185,203,22,0,225
179141,89,"CENTRUL NAŢIONAL DE CALIFICARE ŞI INSTRUIRE FEROVIARĂ CENAFER","BUCUREŞTI SECTORUL 1",B,1469,19,0,0,19,89,2,0,91,124,8,1,133,133,10,1,144,219,12,1,232,280,13,1,294
179141,90,"ŞCOALA GIMNAZIALĂ ""NICOLAE TITULESCU""","BUCUREŞTI SECTORUL 1",B,1290,10,0,0,10,53,1,38,92,77,4,38,119,86,7,38,131,137,17,38,192,178,40,38,256
179141,91,"ŞCOALA GIMNAZIALĂ ""NICOLAE TITULESCU""","BUCUREŞTI SECTORUL 1",B,917,4,1,0,5,47,9,0,56,71,17,0,88,79,20,0,99,129,37,0,166,157,50,1,208
179141,92,"ŞCOALA GIMNAZIALĂ ""NICOLAE TITULESCU""","BUCUREŞTI SECTORUL 1",B,1392,12,2,0,14,95,19,0,114,138,21,0,159,141,21,0,162,240,29,0,269,275,36,0,311
179141,93,"ŞCOALA GIMNAZIALĂ ""NICOLAE TITULESCU""","BUCUREŞTI SECTORUL 1",B,1265,20,0,0,20,102,7,0,109,144,8,0,152,151,8,0,159,221,13,0,234,247,19,0,266
179141,94,"ȘCOALA GIMNAZIALĂ ""NICOLAE TITULESCU""","BUCUREŞTI SECTORUL 1",B,1463,12,0,0,12,103,0,1,104,169,5,1,175,174,5,1,180,246,7,1,254,300,7,1,308
179141,95,"LICEUL TEORETIC ""ALEXANDRU VLAHUŢĂ""","BUCUREŞTI SECTORUL 1",B,1186,8,3,0,11,66,3,0,69,89,3,0,92,98,4,0,102,156,6,0,162,185,14,0,199
179141,96,"LICEUL TEORETIC ""ALEXANDRU VLAHUŢĂ""","BUCUREŞTI SECTORUL 1",B,1430,10,2,0,12,75,4,0,79,120,4,0,124,125,5,0,130,214,7,0,221,265,7,2,274
179141,97,"LICEUL TEORETIC ""ALEXANDRU VLAHUŢĂ""","BUCUREŞTI SECTORUL 1",B,1268,11,2,0,13,61,5,65,131,96,8,65,169,104,10,65,179,154,19,85,258,180,24,85,289
179141,98,"ŞCOALA GIMNAZIALĂ ""ELENA VĂCĂRESCU""","BUCUREŞTI SECTORUL 1",B,1221,7,1,0,8,60,13,0,73,87,18,0,105,95,18,0,113,171,34,0,205,195,46,0,241
179141,99,"COLEGIUL GERMAN ""GOETHE""","BUCUREŞTI SECTORUL 1",B,937,7,2,0,9,45,3,0,48,74,7,0,81,77,7,0,84,126,9,0,135,157,13,0,170
179141,100,"COLEGIUL GERMAN ""GOETHE""","BUCUREŞTI SECTORUL 1",B,786,9,4,0,13,27,8,0,35,51,8,0,59,57,9,0,66,94,9,0,103,123,10,0,133
179141,101,"COLEGIUL GERMAN ""GOETHE""","BUCUREŞTI SECTORUL 1",B,889,9,4,0,13,49,5,0,54,85,5,0,90,89,6,0,95,119,7,0,126,138,9,0,147
179141,102,"LICEUL TEORETIC BILINGV ""MIGUEL DE CERVANTES""","BUCUREŞTI SECTORUL 1",B,1012,12,2,0,14,53,10,0,63,77,16,0,93,82,17,0,99,129,31,0,160,160,40,0,200
179141,103,"LICEUL TEORETIC BILINGV ""MIGUEL DE CERVANTES""","BUCUREŞTI SECTORUL 1",B,992,7,0,0,7,35,9,0,44,59,12,0,71,67,12,0,79,120,19,0,139,148,26,0,174
179141,104,"ȘCOALA GIMNAZIALĂ ""URUGUAY""","BUCUREŞTI SECTORUL 1",B,1066,5,0,0,5,36,7,0,43,53,9,0,62,60,10,0,70,100,16,0,116,134,25,0,159
179141,105,"ȘCOALA GIMNAZIALĂ ""URUGUAY""","BUCUREŞTI SECTORUL 1",B,1252,4,2,0,6,29,3,0,32,45,4,110,159,50,5,111,166,91,6,111,208,121,8,111,240
179141,106,"ŞCOALA GIMNAZIALĂ ""URUGUAY""","BUCUREŞTI SECTORUL 1",B,938,5,3,0,8,52,5,0,57,85,6,0,91,90,6,0,96,148,8,0,156,170,11,0,181
179141,107,"ŞCOALA GIMNAZIALĂ ""URUGUAY""","BUCUREŞTI SECTORUL 1",B,1440,17,1,0,18,74,1,0,75,108,3,0,111,117,3,0,120,221,4,0,225,268,5,0,273
179141,108,"CLUBUL SPORTIV ŞCOLAR NR.5","BUCUREŞTI SECTORUL 1",B,1033,7,0,0,7,25,5,0,30,50,13,0,63,57,14,0,71,98,30,0,128,125,49,0,174
179141,109,"CLUBUL SPORTIV ŞCOLAR NR.5","BUCUREŞTI SECTORUL 1",B,1018,12,0,0,12,35,2,0,37,51,4,0,55,64,4,0,68,91,11,0,102,126,23,0,149
179141,110,"ŞCOALA GIMNAZIALĂ ""SFINŢII VOIEVOZI""","BUCUREŞTI SECTORUL 1",B,1012,14,0,0,14,64,4,0,68,73,7,0,80,84,9,0,93,121,20,0,141,152,31,0,183
179141,111,"ŞCOALA GIMNAZIALĂ ""SFINŢII VOIEVOZI""","BUCUREŞTI SECTORUL 1",B,952,8,2,0,10,41,5,0,46,51,12,0,63,58,15,0,73,98,31,0,129,113,55,0,168
179141,112,"ŞCOALA GIMNAZIALĂ ""SFINŢII VOIEVOZI""","BUCUREŞTI SECTORUL 1",B,1041,14,4,0,18,58,6,0,64,82,13,0,95,90,13,0,103,199,20,0,219,181,36,0,217
179141,113,"ŞCOALA GIMNAZIALĂ ""SFINŢII VOIEVOZI""","BUCUREŞTI SECTORUL 1",B,1441,15,0,0,15,71,2,0,73,99,8,0,107,103,8,0,111,181,22,0,203,218,26,0,244
179141,114,"ŞCOALA GIMNAZIALĂ ""SFINŢII VOIEVOZI""","BUCUREŞTI SECTORUL 1",B,1012,2,1,0,3,25,3,0,28,49,8,9,66,50,8,9,67,104,20,9,133,144,27,10,181
179141,115,"COLEGIUL NAŢIONAL ""ION NECULCE""","BUCUREŞTI SECTORUL 1",B,1512,20,2,0,22,97,7,0,104,134,16,0,150,143,18,0,161,240,25,0,265,290,46,0,336
179141,116,"COLEGIUL NAŢIONAL ""ION NECULCE""","BUCUREŞTI SECTORUL 1",B,1430,3,1,0,4,58,3,0,61,91,4,0,95,95,5,0,100,159,11,0,170,188,14,0,202
179141,117,"COLEGIUL NAŢIONAL ""ION NECULCE""","BUCUREŞTI SECTORUL 1",B,1632,7,0,0,7,81,2,0,83,112,2,136,250,121,2,136,259,194,4,136,334,247,9,136,392
179141,118,"COLEGIUL NAŢIONAL ""ION NECULCE""","BUCUREŞTI SECTORUL 1",B,1513,13,0,0,13,56,2,14,72,102,3,14,119,120,6,14,140,195,7,14,216,247,10,14,271
179141,119,"COLEGIUL NAŢIONAL ""ION NECULCE""","BUCUREŞTI SECTORUL 1",B,1462,15,0,0,15,55,0,0,55,83,1,0,84,93,2,0,95,174,10,0,184,206,12,0,218
179141,120,"ŞCOALA GIMNAZIALĂ ""GEO BOGZA""","BUCUREŞTI SECTORUL 1",B,1119,5,0,0,5,47,3,0,50,66,6,0,72,77,7,0,84,142,14,0,156,173,23,0,196
179141,121,"ŞCOALA GIMNAZIALĂ ""GEO BOGZA""","BUCUREŞTI SECTORUL 1",B,1167,7,0,0,7,53,0,0,53,69,1,0,70,86,4,0,90,173,9,0,182,205,12,0,217
179141,122,"ŞCOALA GIMNAZIALĂ ""GEO BOGZA""","BUCUREŞTI SECTORUL 1",B,883,10,0,0,10,44,3,0,47,73,3,0,76,83,3,0,86,129,5,0,134,158,7,0,165
179141,123,"ŞCOALA GIMNAZIALĂ ""PETRE ISPIRESCU""","BUCUREŞTI SECTORUL 1",B,1397,16,2,0,18,76,9,0,85,120,12,0,132,138,12,0,150,212,23,0,235,251,29,0,280
179141,124,"ŞCOALA GIMNAZIALĂ ""PETRE ISPIRESCU""","BUCUREŞTI SECTORUL 1",B,1429,9,0,0,9,62,0,1,63,90,3,1,94,100,3,1,104,202,8,1,211,262,9,1,272
179141,125,"ŞCOALA GIMNAZIALĂ ""PETRE ISPIRESCU""","BUCUREŞTI SECTORUL 1",B,1330,10,0,0,10,74,1,0,75,106,2,0,108,111,2,0,113,186,3,0,189,222,12,0,234
179141,126,"ŞCOALA GIMNAZIALĂ ""PETRE ISPIRESCU""","BUCUREŞTI SECTORUL 1",B,1068,9,0,0,9,54,1,0,55,81,3,0,84,84,4,0,88,146,4,0,150,168,7,0,175
179141,127,"ŞCOALA GIMNAZIALĂ ""PETRE ISPIRESCU""","BUCUREŞTI SECTORUL 1",B,1051,9,0,0,9,41,3,0,44,68,3,0,71,78,3,0,81,144,16,0,160,184,20,0,204
179141,128,"ŞCOALA GIMNAZIALĂ ""SF.NICOLAE""","BUCUREŞTI SECTORUL 1",B,1471,10,1,0,11,64,4,0,68,93,6,0,99,108,6,0,114,209,16,0,225,210,30,0,240
179141,129,"ŞCOALA GIMNAZIALĂ ""SF.NICOLAE""","BUCUREŞTI SECTORUL 1",B,1259,8,5,0,13,51,9,0,60,83,9,0,92,89,9,0,98,161,13,0,174,196,17,0,213
179141,130,"COLEGIUL NAŢIONAL ""AUREL VLAICU""","BUCUREŞTI SECTORUL 1",B,1232,14,0,0,14,71,0,0,71,94,13,0,107,101,13,0,114,180,20,0,200,212,23,0,235
179141,131,"COLEGIUL NAŢIONAL ""AUREL VLAICU""","BUCUREŞTI SECTORUL 1",B,1208,9,0,0,9,77,5,0,82,105,7,0,112,115,7,0,122,196,11,0,207,248,12,0,260
179141,132,"COLEGIUL NAŢIONAL ""AUREL VLAICU""","BUCUREŞTI SECTORUL 1",B,889,9,0,0,9,47,4,0,51,60,5,0,65,71,6,0,77,133,7,0,140,167,9,0,176
179141,133,"COLEGIUL TEHNIC MECANIC ""GRIVIŢA""","BUCUREŞTI SECTORUL 1",B,1155,16,4,0,20,69,9,0,78,93,11,0,104,99,12,0,111,150,15,0,165,183,18,0,201
179141,134,"COLEGIUL TEHNIC MECANIC ""GRIVIŢA""","BUCUREŞTI SECTORUL 1",B,1456,11,3,0,14,74,11,0,85,95,13,0,108,111,13,0,124,193,20,0,213,219,28,1,248
179141,135,"COLEGIUL TEHNIC MECANIC ""GRIVIŢA""","BUCUREŞTI SECTORUL 1",B,1315,8,0,0,8,61,4,0,65,99,4,0,103,105,4,0,109,176,11,0,187,210,18,0,228
179141,136,"COLEGIUL TEHNIC FEROVIAR ""MIHAI I""","BUCUREŞTI SECTORUL 1",B,1249,5,0,0,5,29,0,0,29,55,1,0,56,66,1,0,67,109,2,0,111,145,2,0,147
179141,137,"COLEGIUL TEHNIC FEROVIAR ""MIHAI I""","BUCUREŞTI SECTORUL 1",B,1200,10,0,0,10,50,3,0,53,71,4,0,75,76,4,0,80,116,5,1,122,167,8,1,176
179141,138,"ŞCOALA GIMNAZIALĂ NR.162","BUCUREŞTI SECTORUL 1",B,1244,6,0,0,6,34,2,0,36,56,2,0,58,67,2,0,69,124,5,0,129,151,10,0,161
179141,139,"ŞCOALA GIMNAZIALĂ NR.162","BUCUREŞTI SECTORUL 1",B,1576,22,0,0,22,65,1,0,66,96,3,0,99,121,4,0,125,205,6,0,211,243,8,0,251
179141,140,"ŞCOALA GIMNAZIALĂ ""ALEXANDRU COSTESCU"" NR.182","BUCUREŞTI SECTORUL 1",B,1421,14,1,0,15,53,2,0,55,79,9,0,88,101,9,0,110,207,19,0,226,286,20,0,306
179141,141,"ŞCOALA GIMNAZIALĂ ""ALEXANDRU COSTESCU"" NR.182","BUCUREŞTI SECTORUL 1",B,1914,11,0,0,11,61,1,0,62,112,1,0,113,131,1,0,132,244,8,0,252,292,11,0,303
179141,142,"ŞCOALA GIMNAZIALĂ ""ALEXANDRU COSTESCU"" NR.182","BUCUREŞTI SECTORUL 1",B,1423,13,2,0,15,47,7,0,54,104,8,0,112,114,9,0,123,201,11,0,212,268,18,0,286
179141,143,"ȘCOALA GIMNAZIALĂ ""ALEXANDRU COSTESCU"" NR.182","BUCUREŞTI SECTORUL 1",B,1493,5,2,0,7,54,3,0,57,90,4,0,94,102,6,0,108,176,11,0,187,221,12,0,233
179141,144,"ŞCOALA GIMNAZIALĂ NR.183","BUCUREŞTI SECTORUL 1",B,1324,4,0,0,4,22,4,0,26,40,4,0,44,51,4,0,55,123,5,0,128,149,5,0,154
179141,145,"ŞCOALA GIMNAZIALĂ NR.183","BUCUREŞTI SECTORUL 1",B,1307,6,2,0,8,42,2,0,44,50,3,0,53,65,4,0,69,108,11,0,119,141,13,0,154
179141,146,"ŞCOALA GIMNAZIALĂ NR.183","BUCUREŞTI SECTORUL 1",B,1222,15,0,0,15,36,0,0,36,56,0,0,56,63,0,0,63,144,0,0,144,176,0,0,176
179141,147,"ŞCOALA GIMNAZIALĂ NR.183","BUCUREŞTI SECTORUL 1",B,1462,9,0,0,9,49,3,0,52,72,6,0,78,87,6,0,93,168,8,0,176,205,12,0,217
179141,148,"ŞCOALA GIMNAZIALĂ NR.183","BUCUREŞTI SECTORUL 1",B,1183,10,5,0,15,61,7,0,68,80,7,0,87,88,7,0,95,155,8,0,163,200,12,0,212
179141,149,"ŞCOALA GIMNAZIALĂ NR.183","BUCUREŞTI SECTORUL 1",B,1677,12,4,0,16,56,7,0,63,88,8,0,96,97,10,0,107,203,13,0,216,268,17,0,285
179141,150,"ȘCOALA GIMNAZIALĂ NR.183","BUCUREŞTI SECTORUL 1",B,1497,13,0,0,13,75,0,0,75,90,0,0,90,99,4,0,103,189,11,0,200,232,15,0,247
179141,151,"ŞCOALA GIMNAZIALĂ NR.153","BUCUREŞTI SECTORUL 1",B,1500,4,0,0,4,25,0,1,26,35,0,1,36,43,0,1,44,72,4,1,77,105,7,1,113
179141,152,"ŞCOALA GIMNAZIALĂ NR.184","BUCUREŞTI SECTORUL 1",B,1389,6,1,0,7,25,5,0,30,43,9,0,52,61,9,0,70,144,13,0,157,178,19,0,197
179141,153,"ŞCOALA GIMNAZIALĂ NR.184","BUCUREŞTI SECTORUL 1",B,1668,10,2,0,12,48,5,0,53,61,6,0,67,75,6,0,81,141,9,0,150,172,10,0,182
179141,154,"ŞCOALA GIMNAZIALĂ NR.184","BUCUREŞTI SECTORUL 1",B,1321,2,0,0,2,24,0,0,24,47,7,0,54,56,7,0,63,129,7,0,136,171,7,0,178
179141,155,"ŞCOALA GIMNAZIALĂ NR.184","BUCUREŞTI SECTORUL 1",B,1312,12,0,0,12,42,0,0,42,73,2,1,76,90,2,1,93,155,8,1,164,203,8,1,212
179141,156,"ȘCOALA GIMNAZIALĂ NR.184","BUCUREŞTI SECTORUL 1",B,1603,11,0,0,11,64,3,0,67,97,4,0,101,107,5,0,112,227,10,0,237,263,19,0,282
179141,157,"ŞCOALA GIMNAZIALĂ NR.181","BUCUREŞTI SECTORUL 1",B,1226,7,1,0,8,39,7,0,46,67,9,0,76,84,9,0,93,187,15,0,202,217,15,0,232
179141,158,"ŞCOALA GIMNAZIALĂ NR.181","BUCUREŞTI SECTORUL 1",B,1431,7,3,0,10,44,5,0,49,67,7,0,74,88,8,0,96,156,10,0,166,200,13,0,213
179141,159,"ŞCOALA GIMNAZIALĂ NR.181","BUCUREŞTI SECTORUL 1",B,1314,7,0,0,7,33,0,0,33,63,3,0,66,78,3,0,81,161,8,0,169,206,10,0,216
179141,160,"ŞCOALA GIMNAZIALĂ NR.181","BUCUREŞTI SECTORUL 1",B,1062,5,0,0,5,41,3,0,44,68,4,0,72,73,4,0,77,127,6,0,133,154,6,0,160
179141,161,"SCOALA GIMNAZIALĂ NR. 192","BUCUREŞTI SECTORUL 1",B,1724,17,0,0,17,94,7,0,101,127,7,0,134,146,12,0,158,242,22,0,264,304,31,0,335
179141,162,"ȘCOALA GIMNAZIALĂ NR.192","BUCUREŞTI SECTORUL 1",B,1360,7,0,0,7,68,2,10,80,90,3,10,103,98,3,10,111,178,5,11,194,215,19,11,245
179141,163,"ŞCOALA GIMNAZIALĂ NR.192","BUCUREŞTI SECTORUL 1",B,1479,14,0,0,14,99,9,0,108,121,17,0,138,144,18,0,162,249,29,0,278,303,33,0,336
179141,164,"ACADEMIA DE POLIȚIE ”ALEXANDRU IOAN CUZA”","BUCUREŞTI SECTORUL 1",B,830,1,2,0,3,24,69,0,93,28,118,0,146,34,124,0,158,72,216,0,288,97,335,0,432
179141,165,"COLEGIUL TEHNOLOGIC ”VIACESLAV HARNAJ”","BUCUREŞTI SECTORUL 1",B,1269,12,3,0,15,80,14,0,94,108,17,1,126,109,17,1,127,184,20,1,205,222,28,1,251
179141,166,"ŞCOALA GIMNAZIALĂ AVENOR","BUCUREŞTI SECTORUL 1",B,1578,13,4,0,17,78,10,0,88,80,21,0,101,80,23,0,103,139,34,0,173,185,51,0,236
179150,167,"ŞCOALA GIMNAZIALĂ NR. 28","BUCUREŞTI SECTORUL 2",B,1700,6,0,0,6,79,8,0,87,132,22,1,155,143,24,1,168,236,53,3,292,287,79,3,369
179150,168,"ŞCOALA GIMNAZIALĂ NR. 28","BUCUREŞTI SECTORUL 2",B,1188,5,0,0,5,49,2,0,51,79,14,64,157,86,14,64,164,160,20,64,244,199,22,64,285
179150,169,"ŞCOALA GIMNAZIALĂ NR. 28","BUCUREŞTI SECTORUL 2",B,1403,5,0,0,5,79,3,0,82,129,15,0,144,140,15,0,155,201,21,0,222,238,27,0,265
179150,170,"ŞCOALA GIMNAZIALĂ""MARIA ROSETTI""","BUCUREŞTI SECTORUL 2",B,1745,18,4,0,22,70,10,0,80,117,14,0,131,125,14,0,139,206,16,0,222,274,31,0,305
179150,171,"ŞCOALA GIMNAZIALĂ ""MARIA ROSETTI""","BUCUREŞTI SECTORUL 2",B,924,15,0,0,15,66,2,0,68,94,5,0,99,105,8,0,113,163,10,0,173,195,11,1,207
179150,172,"ŞCOALA GIMNAZIALĂ ""MARIA ROSETTI""","BUCUREŞTI SECTORUL 2",B,943,7,1,0,8,49,3,1,53,60,10,1,71,60,10,1,71,109,24,1,134,140,24,1,165
179150,173,"LICEUL TEORETIC""C.A. ROSETTI ""","BUCUREŞTI SECTORUL 2",B,1094,14,0,0,14,81,5,0,86,102,10,0,112,108,10,0,118,164,19,0,183,203,22,0,225
179150,174,"LICEUL TEORETIC""C.A. ROSETTI ""","BUCUREŞTI SECTORUL 2",B,1610,17,1,0,18,96,7,2,105,124,10,2,136,134,10,2,146,213,11,2,226,253,24,2,279
179150,175,"LICEUL TEORETIC""C.A. ROSETTI ""","BUCUREŞTI SECTORUL 2",B,1547,15,0,0,15,66,0,0,66,105,1,0,106,111,1,0,112,192,6,0,198,248,10,0,258
179150,176,"LICEUL TEORETIC ""TRAIAN""","BUCUREŞTI SECTORUL 2",B,1902,18,1,0,19,104,6,0,110,142,15,0,157,151,15,0,166,244,29,0,273,284,29,0,313
179150,177,"LICEUL TEORETIC""TRAIAN""","BUCUREŞTI SECTORUL 2",B,1918,14,1,0,15,86,7,0,93,124,10,0,134,131,10,0,141,215,12,0,227,273,25,0,298
179150,178,"LICEUL TEORETIC""TRAIAN""","BUCUREŞTI SECTORUL 2",B,1931,6,2,0,8,51,5,0,56,79,10,0,89,104,10,0,114,213,12,0,225,263,18,0,281
179150,179,"LICEUL TEORETIC""TRAIAN""","BUCUREŞTI SECTORUL 2",B,1899,23,1,0,24,137,2,0,139,257,2,0,259,388,4,0,392,836,7,0,843,320,9,0,329
179150,180,"ŞCOALA GIMNAZIALĂ NR. 31","BUCUREŞTI SECTORUL 2",B,1557,11,0,0,11,66,0,0,66,105,0,0,105,130,4,0,134,205,10,0,215,257,30,0,287
179150,181,"ŞCOALA GIMNAZIALĂ NR. 31","BUCUREŞTI SECTORUL 2",B,1913,25,2,0,27,90,11,0,101,126,17,0,143,141,18,0,159,250,28,0,278,310,38,0,348
179150,182,"ŞCOALA GIMNAZIALĂ NR. 31","BUCUREŞTI SECTORUL 2",B,1756,16,0,0,16,86,6,0,92,131,9,0,140,153,10,0,163,256,12,1,269,307,23,1,331
179150,183,"ŞCOALA GIMNAZIALĂ NR. 31","BUCUREŞTI SECTORUL 2",B,1724,27,2,0,29,86,7,0,93,119,8,1,128,134,10,1,145,232,22,1,255,274,33,1,308
179150,184,"ŞCOALA GIMNAZIALĂ NR. 31","BUCUREŞTI SECTORUL 2",B,1827,16,1,0,17,89,14,0,103,118,23,0,141,129,27,0,156,223,46,0,269,274,68,0,342
179150,185,"UNIVERSITATEA TEHNICĂ DE CONSTRUCŢII BUCUREŞTI","BUCUREŞTI SECTORUL 2",B,1787,11,2,0,13,97,10,0,107,159,17,19,195,171,17,19,207,277,26,19,322,343,35,19,397
179150,186,"UNIVERSITATEA TEHNICĂ DE CONSTRUCŢII BUCUREŞTI","BUCUREŞTI SECTORUL 2",B,1811,10,4,0,14,67,4,0,71,100,5,0,105,109,5,0,114,192,11,0,203,242,20,0,262
179150,187,"UNIVERSITATEA TEHNICĂ DE CONSTRUCŢII BUCUREŞTI","BUCUREŞTI SECTORUL 2",B,1607,8,5,0,13,54,10,0,64,77,13,1,91,85,14,1,100,138,26,2,166,190,36,2,228
179150,188,"UNIVERSITATEA TEHNICĂ DE CONSTRUCŢII BUCUREŞTI","BUCUREŞTI SECTORUL 2",B,1715,8,4,0,12,35,4,0,39,62,7,0,69,71,8,0,79,156,9,0,165,211,10,1,222
179150,189,"UNIVERSITATEA TEHNICĂ DE CONSTRUCŢII BUCUREŞTI","BUCUREŞTI SECTORUL 2",B,1801,9,2,0,11,66,12,0,78,91,16,0,107,103,18,0,121,187,22,0,209,229,26,0,255
179150,190,"UNIVERSITATEA TEHNICĂ DE CONSTRUCŢII BUCUREŞTI","BUCUREŞTI SECTORUL 2",B,1911,8,3,0,11,61,4,0,65,99,7,0,106,108,7,0,115,203,11,0,214,268,12,0,280
179150,191,"UNIVERSITATEA TEHNICĂ DE CONSTRUCŢII BUCUREŞTI","BUCUREŞTI SECTORUL 2",B,1602,5,2,0,7,59,2,0,61,83,5,0,88,91,5,0,96,140,7,0,147,185,10,0,195
179150,192,"UNIVERSITATEA TEHNICĂ DE CONSTRUCŢII BUCUREŞTI","BUCUREŞTI SECTORUL 2",B,1302,2,3,0,5,14,5,0,19,29,5,0,34,37,6,0,43,71,6,0,77,94,6,0,100
179150,193,"UNIVERSITATEA TEHNICĂ DE CONSTRUCŢII BUCUREŞTI","BUCUREŞTI SECTORUL 2",B,1710,8,0,0,8,57,10,0,67,91,12,0,103,102,15,0,117,193,27,0,220,243,37,0,280
179150,194,"UNIVERSITATEA TEHNICĂ DE CONSTRUCŢII BUCUREŞTI","BUCUREŞTI SECTORUL 2",B,1717,13,0,0,13,54,0,0,54,64,0,0,64,75,1,0,76,135,3,0,138,185,6,0,191
179150,195,"LICEUL TEHNOLOGIC CONSTANTIN BRÂNCUŞI","BUCUREŞTI SECTORUL 2",B,922,5,4,0,9,31,11,0,42,35,19,0,54,38,23,0,61,70,38,0,108,107,62,0,169
179150,196,"ŞCOALA GIMNAZIALĂ NR. 27","BUCUREŞTI SECTORUL 2",B,1582,15,2,0,17,65,13,0,78,94,27,0,121,104,29,0,133,188,52,0,240,240,70,0,310
179150,197,"ŞCOALA GIMNAZIALĂ NR. 27","BUCUREŞTI SECTORUL 2",B,1564,20,0,0,20,109,11,0,120,157,13,0,170,171,13,0,184,240,20,0,260,293,27,2,322
179150,198,"ŞCOALA GIMNAZIALĂ NR. 27","BUCUREŞTI SECTORUL 2",B,1281,4,1,0,5,50,7,0,57,74,7,0,81,90,8,0,98,146,16,0,162,188,29,0,217
179150,199,"ŞCOALA GIMNAZIALĂ NR. 27","BUCUREŞTI SECTORUL 2",B,1362,23,5,0,28,71,8,0,79,119,10,0,129,124,10,0,134,202,13,0,215,243,18,0,261
179150,200,"ŞCOALA GIMNAZIALĂ NR. 27","BUCUREŞTI SECTORUL 2",B,1058,9,4,0,13,58,6,1,65,96,10,1,107,101,10,1,112,147,11,1,159,175,15,1,191
179150,201,"ŞCOALA GIMNAZIALĂ ""GRIGORE GHICA VOIEVOD""","BUCUREŞTI SECTORUL 2",B,1773,5,1,0,6,64,5,0,69,102,9,0,111,110,9,0,119,223,11,0,234,273,12,0,285
179150,202,"ŞCOALA GIMNAZIALĂ ""GRIGORE GHICA VOIEVOD""","BUCUREŞTI SECTORUL 2",B,1533,8,0,0,8,63,0,0,63,103,2,0,105,112,2,0,114,211,6,0,217,255,8,0,263
179150,203,"ŞCOALA GIMNAZIALĂ ""GRIGORE GHICA VOIEVOD""","BUCUREŞTI SECTORUL 2",B,1908,21,1,0,22,98,2,0,100,137,2,0,139,152,2,0,154,265,3,0,268,324,5,0,329
179150,204,"ŞCOALA GIMNAZIALĂ ""GRIGORE GHICA VOIEVOD""","BUCUREŞTI SECTORUL 2",B,1877,3,18,0,21,68,3,0,71,104,4,0,108,124,4,0,128,203,5,0,208,257,6,0,263
179150,205,"ŞCOALA GIMNAZIALĂ ""GRIGORE GHICA VOIEVOD""","BUCUREŞTI SECTORUL 2",B,1654,19,0,0,19,97,3,0,100,138,4,0,142,161,7,0,168,233,14,0,247,277,15,0,292
179150,206,"ŞCOALA GIMNAZIALĂ ""GRIGORE GHICA VOIEVOD""","BUCUREŞTI SECTORUL 2",B,1480,7,0,0,7,50,6,0,56,79,8,0,87,86,8,0,94,164,16,0,180,195,27,0,222
179150,207,"ŞCOALA GIMNAZIALĂ ""GRIGORE GHICA VOIEVOD""","BUCUREŞTI SECTORUL 2",B,1740,11,4,0,15,62,16,0,78,91,21,0,112,104,21,0,125,164,43,0,207,214,61,0,275
179150,208,"GRĂDINIŢA NR. 233","BUCUREŞTI SECTORUL 2",B,1437,13,0,0,13,81,0,0,81,117,0,0,117,129,0,0,129,209,8,0,217,234,11,0,245
179150,209,"GRĂDINIŢA NR. 233","BUCUREŞTI SECTORUL 2",B,1305,24,0,0,24,95,0,0,95,124,1,0,125,136,1,2,139,211,2,2,215,249,4,2,255
179150,210,"ŞCOALA GIMNAZIALĂ NR. 39","BUCUREŞTI SECTORUL 2",B,1620,13,1,0,14,80,9,0,89,127,15,0,142,139,18,0,157,210,28,0,238,268,39,0,307
179150,211,"ŞCOALA GIMNAZIALĂ NR. 39","BUCUREŞTI SECTORUL 2",B,1404,8,0,0,8,74,1,0,75,105,3,0,108,125,3,0,128,191,12,0,203,232,17,0,249
179150,212,"ŞCOALA GIMNAZIALĂ NR. 39","BUCUREŞTI SECTORUL 2",B,1650,8,0,0,8,35,0,0,35,66,1,0,67,74,1,0,75,142,5,0,147,188,8,0,196
179150,213,"ŞCOALA GIMNAZIALĂ NR. 39","BUCUREŞTI SECTORUL 2",B,1535,6,0,0,6,54,0,0,54,81,0,0,81,88,0,0,88,151,4,0,155,201,5,0,206
179150,214,"ŞCOALA GIMNAZIALĂ NR. 39","BUCUREŞTI SECTORUL 2",B,1608,12,0,0,12,61,0,0,61,98,1,0,99,111,1,0,112,214,1,0,215,260,2,0,262
179150,215,"ŞCOALA GIMNAZIALĂ NR. 39","BUCUREŞTI SECTORUL 2",B,1645,6,0,0,6,51,0,0,51,71,3,0,74,79,3,0,82,165,6,0,171,225,12,0,237
179150,216,"ŞCOALA GIMNAZIALĂ NR. 39","BUCUREŞTI SECTORUL 2",B,1614,5,4,0,9,79,7,0,86,110,10,0,120,125,10,0,135,216,12,0,228,267,12,0,279
179150,217,"ŞCOALA GIMNAZIALĂ NR. 40","BUCUREŞTI SECTORUL 2",B,1722,6,0,0,6,49,6,0,55,72,11,0,83,89,12,0,101,204,23,0,227,271,26,0,297
179150,218,"ŞCOALA GIMNAZIALĂ NR. 40","BUCUREŞTI SECTORUL 2",B,1727,11,3,0,14,58,3,0,61,94,3,0,97,118,3,0,121,218,8,0,226,274,9,0,283
179150,219,"ŞCOALA GIMNAZIALĂ NR. 40","BUCUREŞTI SECTORUL 2",B,1728,12,1,0,13,61,1,0,62,85,3,0,88,107,3,0,110,195,8,0,203,245,13,0,258
179150,220,"ŞCOALA GIMNAZIALĂ NR. 40","BUCUREŞTI SECTORUL 2",B,1620,11,0,0,11,37,3,0,40,77,3,0,80,96,3,0,99,159,7,0,166,214,9,0,223
179150,221,"ŞCOALA GIMNAZIALĂ NR. 40","BUCUREŞTI SECTORUL 2",B,1963,7,0,0,7,41,1,0,42,71,1,0,72,94,1,0,95,223,2,0,225,277,4,0,281
179150,222,"ŞCOALA GIMNAZIALĂNR. 40","BUCUREŞTI SECTORUL 2",B,1912,13,0,0,13,55,0,0,55,79,5,0,84,92,5,0,97,181,7,0,188,219,7,0,226
179150,223,"ŞCOALA GIMNAZIALĂ NR. 41","BUCUREŞTI SECTORUL 2",B,1677,12,0,0,12,33,3,0,36,63,5,0,68,81,7,0,88,161,11,0,172,203,19,0,222
179150,224,"ŞCOALA GIMNAZIALĂ NR. 41","BUCUREŞTI SECTORUL 2",B,1967,11,0,0,11,44,0,0,44,66,0,0,66,78,5,0,83,176,8,0,184,213,9,0,222
179150,225,"ŞCOALA GIMNAZIALĂ NR. 41","BUCUREŞTI SECTORUL 2",B,1941,15,0,0,15,59,3,0,62,88,7,1,96,108,7,1,116,187,12,1,200,244,14,1,259
179150,226,"ŞCOALA GIMNAZIALĂ NR. 32","BUCUREŞTI SECTORUL 2",B,1744,5,1,0,6,24,2,0,26,52,2,0,54,63,2,0,65,159,4,0,163,184,6,0,190
179150,227,"ŞCOALA GIMNAZIALĂ NR. 32","BUCUREŞTI SECTORUL 2",B,1660,6,0,0,6,34,5,0,39,52,7,0,59,62,8,0,70,141,10,0,151,190,10,1,201
179150,228,"ŞCOALA GIMNAZIALĂ NR. 32","BUCUREŞTI SECTORUL 2",B,1695,13,0,0,13,53,8,0,61,90,11,0,101,114,12,0,126,198,21,0,219,249,29,0,278
179150,229,"ŞCOALA GIMNAZIALĂ NR. 32","BUCUREŞTI SECTORUL 2",B,1770,8,0,0,8,69,2,0,71,106,2,0,108,121,2,0,123,202,5,0,207,253,9,0,262
179150,230,"ŞCOALA GIMNAZIALĂ NR. 32","BUCUREŞTI SECTORUL 2",B,1272,6,0,0,6,32,0,0,32,48,1,0,49,55,1,0,56,119,2,0,121,161,2,0,163
179150,231,"COLEGIUL NAŢIONAL ""VICTOR BABEŞ""","BUCUREŞTI SECTORUL 2",B,1841,11,2,0,13,39,6,0,45,67,6,0,73,73,6,0,79,155,20,0,175,227,38,0,265
179150,232,"COLEGIUL NAŢIONAL ""VICTOR BABEŞ""","BUCUREŞTI SECTORUL 2",B,1757,10,4,0,14,52,5,0,57,69,7,0,76,78,8,0,86,146,13,0,159,199,17,0,216
179150,233,"COLEGIUL NAŢIONAL ""VICTOR BABEŞ""","BUCUREŞTI SECTORUL 2",B,2032,10,1,0,11,58,1,0,59,98,7,0,105,112,10,0,122,215,17,0,232,278,17,1,296
179150,234,"COLEGIUL NAŢIONAL ""VICTOR BABEŞ""","BUCUREŞTI SECTORUL 2",B,1976,9,0,0,9,48,1,0,49,85,2,0,87,100,2,0,102,167,10,0,177,223,10,0,233
179150,235,"ŞCOALA GIMNAZIALĂ NR.25 ( FOSTA GRĂDINITĂNR. 11)","BUCUREŞTI SECTORUL 2",B,1780,21,9,0,30,163,13,0,176,113,15,0,128,120,15,0,135,182,17,0,199,222,21,0,243
179150,236,"ŞCOALA GIMNAZIALĂ NR.25 ( FOSTA GRĂDINITĂNR. 11)","BUCUREŞTI SECTORUL 2",B,1617,17,4,0,21,73,4,0,77,103,7,0,110,115,7,0,122,188,11,0,199,232,16,0,248
179150,237,"ŞCOALA GIMNAZIALĂ NR. 145","BUCUREŞTI SECTORUL 2",B,2000,11,0,0,11,57,1,0,58,82,2,0,84,92,2,0,94,152,4,0,156,206,9,0,215
179150,238,"ŞCOALA GIMNAZIALĂ NR. 145","BUCUREŞTI SECTORUL 2",B,1604,6,0,0,6,42,4,0,46,65,6,0,71,75,6,0,81,139,7,0,146,181,18,0,199
179150,239,"ŞCOALA GIMNAZIALĂ NR. 145","BUCUREŞTI SECTORUL 2",B,1673,8,0,0,8,50,0,0,50,80,3,0,83,92,3,0,95,156,3,0,159,206,6,0,212
179150,240,"ŞCOALA GIMNAZIALĂ NR. 145","BUCUREŞTI SECTORUL 2",B,1869,14,0,0,14,47,1,0,48,66,6,0,72,78,6,0,84,131,6,0,137,175,7,0,182
179150,241,"ŞCOALA GIMNAZIALĂ NR. 145","BUCUREŞTI SECTORUL 2",B,1666,9,6,15,30,52,14,66,132,69,19,0,88,74,22,0,96,149,28,1,178,178,34,1,213
179150,242,"ŞCOALA GIMNAZIALĂ NR. 145","BUCUREŞTI SECTORUL 2",B,1654,7,0,0,7,34,2,0,36,50,7,0,57,68,10,0,78,117,20,0,137,163,22,0,185
179150,243,"ŞCOALA GIMNAZIALĂ NR. 145","BUCUREŞTI SECTORUL 2",B,1801,5,0,0,5,42,3,0,45,79,5,0,84,86,5,0,91,182,7,0,189,219,9,0,228
179150,244,"ŞCOALA GIMNAZIALĂ NR. 145","BUCUREŞTI SECTORUL 2",B,1610,5,0,0,5,37,0,0,37,47,0,0,47,59,0,0,59,97,1,0,98,124,5,0,129
179150,245,"ŞCOALA GIMNAZIALĂNR. 62","BUCUREŞTI SECTORUL 2",B,1656,17,0,0,17,81,0,0,81,111,1,0,112,121,1,0,122,209,2,0,211,268,6,0,274
179150,246,"ŞCOALA GIMNAZIALĂNR. 62","BUCUREŞTI SECTORUL 2",B,1354,9,0,0,9,37,0,9,46,56,1,9,66,71,1,9,81,139,1,9,149,164,4,9,177
179150,247,"ŞCOALA GIMNAZIALĂNR. 62","BUCUREŞTI SECTORUL 2",B,1355,12,0,0,12,67,4,0,71,95,9,0,104,102,9,0,111,183,12,0,195,229,15,0,244
179150,248,"ŞCOALA GIMNAZIALĂNR. 62","BUCUREŞTI SECTORUL 2",B,1582,18,1,0,19,64,2,0,66,98,5,0,103,114,6,0,120,188,10,0,198,244,15,0,259
179150,249,"ŞCOALA GIMNAZIALĂNR. 62","BUCUREŞTI SECTORUL 2",B,1485,21,1,0,22,57,1,0,58,89,2,0,91,95,2,0,97,151,3,0,154,196,3,0,199
179150,250,"ŞCOALA GIMNAZIALĂNR. 62","BUCUREŞTI SECTORUL 2",B,1321,10,3,0,13,66,4,0,70,95,4,0,99,118,4,0,122,197,10,0,207,252,13,0,265
179150,251,"ŞCOALA GIMNAZIALĂNR. 62","BUCUREŞTI SECTORUL 2",B,1134,10,7,0,17,43,11,0,54,68,14,0,82,79,15,0,94,137,17,0,154,165,18,0,183
179150,252,"LICEUL TEHNOLOGIC""SF. PANTELIMON""","BUCUREŞTI SECTORUL 2",B,1870,20,0,0,20,108,1,0,109,156,2,0,158,168,2,0,170,262,7,0,269,310,10,0,320
179150,253,"LICEUL TEHNOLOGIC""SF. PANTELIMON""","BUCUREŞTI SECTORUL 2",B,1338,10,2,0,12,78,3,0,81,120,9,0,129,128,10,0,138,202,15,0,217,240,20,0,260
179150,254,"LICEUL TEHNOLOGIC""SF. PANTELIMON""","BUCUREŞTI SECTORUL 2",B,1361,17,1,0,18,62,2,0,64,102,2,0,104,112,2,0,114,174,4,0,178,217,4,0,221
179150,255,"LICEUL TEHNOLOGIC""SF. PANTELIMON""","BUCUREŞTI SECTORUL 2",B,1631,8,2,0,10,70,4,0,74,109,4,0,113,116,4,0,120,192,7,0,199,240,10,0,250
179150,256,"ŞCOALA GIMNAZIALĂ NR. 51","BUCUREŞTI SECTORUL 2",B,1515,9,0,0,9,93,1,0,94,128,2,0,130,138,2,0,140,205,6,0,211,252,10,0,262
179150,257,"ŞCOALA GIMNAZIALĂ NR. 51","BUCUREŞTI SECTORUL 2",B,1543,9,0,0,9,56,0,0,56,71,2,0,73,83,5,0,88,133,15,0,148,162,17,0,179
179150,258,"ŞCOALA GIMNAZIALĂ NR. 51","BUCUREŞTI SECTORUL 2",B,1397,12,0,0,12,70,0,0,70,92,2,0,94,105,3,0,108,220,9,0,229,221,20,0,241
179150,259,"GRADINIŢA NR. 280","BUCUREŞTI SECTORUL 2",B,1305,10,3,0,13,78,9,0,87,98,12,0,110,104,12,0,116,177,19,0,196,206,27,0,233
179150,260,"GRADINIŢA NR. 280","BUCUREŞTI SECTORUL 2",B,1796,11,0,0,11,60,1,0,61,88,2,0,90,108,2,0,110,200,6,0,206,250,9,0,259
179150,261,"ŞCOALA GIMNAZIALĂ NR. 77","BUCUREŞTI SECTORUL 2",B,1460,10,4,0,14,67,6,0,73,106,7,0,113,123,7,0,130,191,7,0,198,244,9,0,253
179150,262,"ŞCOALA GIMNAZIALĂ NR. 77","BUCUREŞTI SECTORUL 2",B,1455,11,2,0,13,105,5,0,110,140,5,0,145,152,5,0,157,246,5,0,251,287,5,0,292
179150,263,"ŞCOALA GIMNAZIALĂ NR. 77","BUCUREŞTI SECTORUL 2",B,1566,17,2,0,19,62,4,0,66,111,6,0,117,125,8,0,133,198,10,0,208,251,12,0,263
179150,264,"ŞCOALA GIMNAZIALĂ NR. 77","BUCUREŞTI SECTORUL 2",B,1551,21,2,0,23,75,3,0,78,114,9,0,123,132,15,0,147,227,20,0,247,275,25,0,300
179150,265,"ŞCOALA GIMNAZIALĂ NR. 77","BUCUREŞTI SECTORUL 2",B,1940,16,4,0,20,90,6,0,96,128,10,0,138,135,10,0,145,246,17,13,276,302,17,17,336
179150,266,"ŞCOALA GIMNAZIALĂ NR. 77","BUCUREŞTI SECTORUL 2",B,1585,8,2,0,10,74,3,0,77,116,4,0,120,123,4,0,127,201,7,0,208,242,10,0,252
179150,267,"LICEUL TEORETIC""LUCIAN BLAGA""","BUCUREŞTI SECTORUL 2",B,1705,19,1,0,20,94,1,0,95,148,1,0,149,156,2,0,158,228,3,0,231,283,3,0,286
179150,268,"LICEUL TEORETIC""LUCIAN BLAGA""","BUCUREŞTI SECTORUL 2",B,1850,7,1,0,8,49,2,0,51,72,2,0,74,76,2,0,78,125,2,0,127,161,4,0,165
179150,269,"LICEUL TEORETIC""LUCIAN BLAGA""","BUCUREŞTI SECTORUL 2",B,1847,19,1,0,20,76,3,0,79,103,3,0,106,129,3,0,132,195,3,0,198,245,4,0,249
179150,270,"LICEUL TEORETIC""LUCIAN BLAGA""","BUCUREŞTI SECTORUL 2",B,1865,19,4,0,23,94,9,0,103,124,14,0,138,139,17,0,156,224,33,1,258,289,41,1,331
179150,271,"LICEUL TEORETIC""LUCIAN BLAGA""","BUCUREŞTI SECTORUL 2",B,1906,19,0,0,19,76,1,0,77,110,1,0,111,124,1,0,125,218,4,2,224,283,5,2,290
179150,272,"ŞCOALA GIMNAZIALĂ NR. 66","BUCUREŞTI SECTORUL 2",B,1770,24,0,0,24,97,3,0,100,147,3,0,150,159,3,0,162,228,4,0,232,303,12,0,315
179150,273,"ŞCOALA GIMNAZIALĂ NR. 66","BUCUREŞTI SECTORUL 2",B,1234,11,0,0,11,84,9,0,93,118,10,0,128,136,10,0,146,215,13,0,228,255,17,0,272
179150,274,"ŞCOALA GIMNAZIALĂ NR. 66","BUCUREŞTI SECTORUL 2",B,1601,14,0,0,14,48,0,0,48,78,1,0,79,86,1,0,87,161,2,0,163,215,2,0,217
179150,275,"ŞCOALA GIMNAZIALĂ NR. 66","BUCUREŞTI SECTORUL 2",B,1326,19,2,0,21,65,4,0,69,84,7,0,91,97,7,0,104,181,9,0,190,229,10,0,239
179150,276,"ŞCOALA GIMNAZIALĂ NR. 66","BUCUREŞTI SECTORUL 2",B,1844,12,2,0,14,57,10,0,67,84,11,0,95,110,11,0,121,195,13,0,208,226,15,0,241
179150,277,"GRADINIŢA NR. 189","BUCUREŞTI SECTORUL 2",B,1043,11,2,0,13,58,6,0,64,86,10,0,96,93,10,0,103,156,23,0,179,186,32,0,218
179150,278,"GRADINIŢA NR. 189","BUCUREŞTI SECTORUL 2",B,1046,14,0,0,14,54,0,0,54,74,0,0,74,87,0,0,87,149,0,0,149,188,4,0,192
179150,279,"COLEGUL TEHNIC ""DIMITRIE LEONIDA""","BUCUREŞTI SECTORUL 2",B,1072,10,7,0,17,54,11,0,65,78,11,0,89,85,11,0,96,181,20,0,201,207,34,0,241
179150,280,"COLEGUL TEHNIC ""DIMITRIE LEONIDA""","BUCUREŞTI SECTORUL 2",B,1391,4,5,0,9,50,6,0,56,95,10,0,105,106,10,0,116,180,12,1,193,241,13,1,255
179150,281,"ŞCOALA GIMNAZIALĂ ""PETRE GHELMEZ""","BUCUREŞTI SECTORUL 2",B,1672,17,0,0,17,87,6,0,93,124,8,0,132,142,8,0,150,247,16,0,263,293,19,0,312
179150,282,"ŞCOALA GIMNAZIALĂ ""PETRE GHELMEZ""","BUCUREŞTI SECTORUL 2",B,1755,12,2,0,14,81,5,0,86,114,7,0,121,136,7,0,143,244,9,0,253,306,12,0,318
179150,283,"ŞCOALA GIMNAZIALĂ ""PETRE GHELMEZ""","BUCUREŞTI SECTORUL 2",B,1631,10,1,0,11,52,6,0,58,82,12,0,94,96,12,0,108,173,26,0,199,222,29,0,251
179150,284,"ŞCOALA GIMNAZIALĂ ""PETRE GHELMEZ""","BUCUREŞTI SECTORUL 2",B,1324,13,0,0,13,53,5,0,58,83,9,0,92,93,9,0,102,146,11,0,157,194,16,0,210
179150,285,"ŞCOALA GIMNAZIALĂ ""PETRE GHELMEZ""","BUCUREŞTI SECTORUL 2",B,1715,13,2,0,15,66,3,0,69,101,3,0,104,120,3,0,123,222,5,0,227,286,8,0,294
179150,286,"ŞCOALA GIMNAZIALĂ ""PETRE GHELMEZ""","BUCUREŞTI SECTORUL 2",B,1558,18,0,0,18,73,0,0,73,105,1,0,106,128,1,0,129,219,3,0,222,256,6,0,262
179150,287,"ŞCOALA GIMNAZIALĂ NR. 4","BUCUREŞTI SECTORUL 2",B,1667,23,4,0,27,67,7,0,74,107,9,0,116,122,10,0,132,203,13,0,216,267,20,0,287
179150,288,"ŞCOALA GIMNAZIALĂ NR. 4","BUCUREŞTI SECTORUL 2",B,1717,11,2,0,13,73,8,0,81,128,9,0,137,155,12,0,167,228,18,0,246,287,24,0,311
179150,289,"ŞCOALA GIMNAZIALĂ NR. 4","BUCUREŞTI SECTORUL 2",B,1840,7,0,0,7,71,0,0,71,106,2,0,108,116,4,0,120,194,6,1,201,253,11,1,265
179150,290,"ŞCOALA GIMNAZIALĂ NR. 4","BUCUREŞTI SECTORUL 2",B,1944,14,2,0,16,70,3,0,73,128,3,0,131,142,4,0,146,258,8,0,266,316,13,0,329
179150,291,"ŞCOALA GIMNAZIALĂ NR. 4","BUCUREŞTI SECTORUL 2",B,1456,12,3,0,15,61,3,0,64,84,4,0,88,97,4,0,101,164,4,0,168,213,6,0,219
179150,292,"ŞCOALA GIMNAZIALĂ NR. 25","BUCUREŞTI SECTORUL 2",B,1828,17,1,0,18,83,5,0,88,124,6,0,130,140,6,0,146,206,8,0,214,259,10,0,269
179150,293,"ŞCOALA GIMNAZIALĂ NR. 25","BUCUREŞTI SECTORUL 2",B,1949,6,0,0,6,58,5,0,63,92,7,0,99,116,7,0,123,206,18,0,224,251,21,0,272
179150,294,"ŞCOALA GIMNAZIALĂ NR. 25","BUCUREŞTI SECTORUL 2",B,1828,7,0,0,7,62,5,0,67,91,6,0,97,109,6,0,115,190,7,0,197,237,11,0,248
179150,295,"ŞCOALA GIMNAZIALĂ NR. 25","BUCUREŞTI SECTORUL 2",B,2107,8,0,0,8,76,0,0,76,109,0,0,109,122,2,0,124,204,4,0,208,276,6,0,282
179150,296,"ŞCOALA GIMNAZIALĂ ""FERDINAND I"" (FOSTA ȘCOALĂNR. 64)","BUCUREŞTI SECTORUL 2",B,1467,12,2,0,14,89,5,0,94,123,12,0,135,132,13,0,145,210,19,0,229,264,23,0,287
179150,297,"ŞCOALA GIMNAZIALĂ ""FERDINAND I"" (FOSTA ȘCOALĂNR. 64)","BUCUREŞTI SECTORUL 2",B,1446,9,0,0,9,60,1,0,61,88,5,0,93,107,7,0,114,182,12,0,194,243,20,0,263
179150,298,"ŞCOALA GIMNAZIALĂ ""FERDINAND I"" (FOSTA ȘCOALĂNR. 64)","BUCUREŞTI SECTORUL 2",B,1207,12,4,0,16,51,4,0,55,71,6,0,77,85,6,0,91,199,7,0,206,189,7,0,196
179150,299,"ŞCOALA GIMNAZIALĂ ""FERDINAND I"" (FOSTA ȘCOALĂNR. 64)","BUCUREŞTI SECTORUL 2",B,1878,12,1,0,13,73,2,0,75,87,2,0,89,114,2,0,116,193,5,0,198,264,8,0,272
179150,300,"ŞCOALA GIMNAZIALĂ ""FERDINAND I"" (FOSTA ȘCOALĂNR. 64)","BUCUREŞTI SECTORUL 2",B,1449,7,0,0,7,49,2,0,51,66,2,0,68,81,2,0,83,134,2,0,136,178,2,0,180
179150,301,"LICEUL TEHNOLOGIC ELECTRONICA INDUSTRIALĂ","BUCUREŞTI SECTORUL 2",B,1619,7,1,0,8,76,6,0,82,136,8,0,144,138,8,0,146,216,9,0,225,255,12,0,267
179150,302,"LICEUL TEHNOLOGIC ELECTRONICA INDUSTRIALĂ","BUCUREŞTI SECTORUL 2",B,1531,12,0,0,12,73,0,0,73,116,6,0,122,125,6,0,131,217,9,0,226,267,9,0,276
179150,303,"LICEUL TEHNOLOGIC ELECTRONICA INDUSTRIALĂ","BUCUREŞTI SECTORUL 2",B,1242,16,0,0,16,85,2,0,87,116,5,0,121,125,5,0,130,188,8,0,196,234,14,0,248
179150,304,"COLEGIUL NAŢIONAL ""IULIA HAŞDEU""","BUCUREŞTI SECTORUL 2",B,1393,15,3,0,18,84,18,0,102,120,27,0,147,132,28,0,160,229,41,0,270,272,58,0,330
179150,305,"COLEGIUL NAŢIONAL ""IULIA HAŞDEU""","BUCUREŞTI SECTORUL 2",B,1417,14,2,0,16,88,16,0,104,122,23,0,145,130,24,0,154,190,43,0,233,226,48,0,274
179150,306,"COLEGIUL NAŢIONAL ""IULIA HAŞDEU""","BUCUREŞTI SECTORUL 2",B,1536,12,5,0,17,59,12,0,71,95,12,0,107,102,13,0,115,183,19,0,202,219,30,0,249
179150,307,"LICEUL TEHNOLOGIC ""I.C. BRĂTIANU"" (FOST LICEUL TEHNOLOGIC MECANICĂ FINĂ)","BUCUREŞTI SECTORUL 2",B,1392,14,0,0,14,75,7,0,82,104,7,0,111,114,8,0,122,199,17,0,216,226,21,0,247
179150,308,"LICEUL TEHNOLOGIC ""I.C. BRĂTIANU"" (FOST LICEUL TEHNOLOGIC MECANICĂ FINĂ)","BUCUREŞTI SECTORUL 2",B,1225,16,0,0,16,72,7,0,79,98,9,0,107,113,9,0,122,174,14,0,188,203,15,0,218
179150,309,"LICEUL TEHNOLOGIC ""I.C. BRĂTIANU"" (FOST LICEUL TEHNOLOGIC MECANICĂ FINĂ)","BUCUREŞTI SECTORUL 2",B,1103,9,0,0,9,68,2,0,70,88,2,0,90,94,6,0,100,141,9,0,150,190,21,0,211
179150,310,"LICEUL TEHNOLOGIC ""I.C. BRĂTIANU"" (FOST LICEUL TEHNOLOGIC MECANICĂ FINĂ)","BUCUREŞTI SECTORUL 2",B,1656,20,2,0,22,87,6,0,93,141,10,0,151,148,10,0,158,235,11,0,246,306,13,0,319
179150,311,"CLUB SPORTIV ŞCOLAR NR. 2","BUCUREŞTI SECTORUL 2",B,1570,16,2,0,18,82,14,0,96,117,19,0,136,132,21,0,153,199,31,0,230,248,45,0,293
179150,312,"CLUB SPORTIV ŞCOLAR NR. 2","BUCUREŞTI SECTORUL 2",B,1436,6,0,0,6,67,5,0,72,94,6,0,100,106,9,0,115,175,17,0,192,213,19,0,232
179150,313,"GRĂDINIȚA CLOPOȚEL (FOSTA GRADINIŢA NR. 201)","BUCUREŞTI SECTORUL 2",B,1383,14,3,0,17,53,5,0,58,90,11,0,101,104,12,0,116,178,24,0,202,218,34,0,252
179150,314,"GRĂDINIȚA CLOPOȚEL (FOSTA GRADINIŢA NR. 201)","BUCUREŞTI SECTORUL 2",B,1593,20,1,0,21,119,3,0,122,159,4,0,163,180,4,0,184,269,4,0,273,324,9,1,334
179150,315,"GRĂDINIȚA CLOPOȚEL (FOSTA GRADINIŢA NR. 201)","BUCUREŞTI SECTORUL 2",B,1366,18,0,0,18,89,0,0,89,118,0,0,118,130,0,0,130,206,4,0,210,238,5,0,243
179150,316,"GRĂDINIȚA CLOPOȚEL (FOSTA GRADINIŢA NR. 201)","BUCUREŞTI SECTORUL 2",B,1291,10,3,0,13,74,3,0,77,108,6,0,114,118,6,0,124,197,7,0,204,236,8,0,244
179150,317,"COLEGIUL NAŢIONAL ""EMIL RACOVIŢĂ""","BUCUREŞTI SECTORUL 2",B,1476,11,5,0,16,85,11,0,96,130,18,0,148,136,19,0,155,235,39,0,274,284,60,0,344
179150,318,"COLEGIUL NAŢIONAL ""EMIL RACOVIŢĂ""","BUCUREŞTI SECTORUL 2",B,1095,13,0,0,13,86,3,0,89,113,3,0,116,120,3,0,123,171,5,1,177,205,10,1,216
179150,319,"COLEGIUL NAŢIONAL ""EMIL RACOVIŢĂ""","BUCUREŞTI SECTORUL 2",B,1830,20,0,0,20,85,5,0,90,127,8,0,135,141,8,0,149,242,10,0,252,301,12,4,317
179150,320,"GRĂDINIŢA LUMINIȚA (FOSTA GRADINITA NR. 16)","BUCUREŞTI SECTORUL 2",B,1282,19,1,0,20,71,13,0,84,85,15,0,100,96,17,0,113,162,23,0,185,219,30,0,249
179150,321,"GRĂDINIŢA LUMINIȚA (FOSTA GRADINITA NR. 16)","BUCUREŞTI SECTORUL 2",B,1205,12,0,0,12,79,2,0,81,104,2,0,106,113,2,0,115,189,6,0,195,233,10,0,243
179150,322,"GRĂDINIŢA NR. 256","BUCUREŞTI SECTORUL 2",B,1570,13,3,0,16,81,3,0,84,126,4,0,130,139,4,0,143,236,6,0,242,290,13,0,303
179150,323,"ŞCOALA GIMNAZIALĂ NR. 49","BUCUREŞTI SECTORUL 2",B,1207,18,5,0,23,79,14,0,93,106,15,0,121,116,17,0,133,176,24,0,200,225,30,0,255
179150,324,"ŞCOALA GIMNAZIALĂ NR. 49","BUCUREŞTI SECTORUL 2",B,1189,22,0,0,22,72,6,0,78,95,14,0,109,102,16,0,118,157,26,0,183,186,33,0,219
179150,325,"ŞCOALA GIMNAZIALĂ NR. 46","BUCUREŞTI SECTORUL 2",B,1466,8,0,0,8,54,3,0,57,74,4,0,78,86,4,0,90,155,20,0,175,213,28,0,241
179150,326,"ŞCOALA GIMNAZIALĂ NR. 46","BUCUREŞTI SECTORUL 2",B,1553,18,0,0,18,67,12,0,79,119,12,0,131,134,12,0,146,201,17,0,218,245,20,3,268
179150,327,"ŞCOALA GIMNAZIALĂ NR. 46","BUCUREŞTI SECTORUL 2",B,1591,14,0,0,14,84,4,0,88,128,10,0,138,137,10,0,147,246,14,0,260,316,22,0,338
179150,328,"ŞCOALA GIMNAZIALĂ NR. 46","BUCUREŞTI SECTORUL 2",B,1875,30,0,0,30,121,1,0,122,181,1,0,182,199,2,0,201,297,7,0,304,359,11,0,370
179150,329,"ŞCOALA GIMNAZIALĂ TUDOR ARGHEZI (FOSTA ȘCOALĂ NR. 19)","BUCUREŞTI SECTORUL 2",B,1092,11,4,0,15,64,14,0,78,89,17,1,107,98,18,1,117,151,32,1,184,179,46,1,226
179150,330,"ŞCOALA GIMNAZIALĂ TUDOR ARGHEZI (FOSTA ȘCOALĂ NR. 19)","BUCUREŞTI SECTORUL 2",B,939,3,5,0,8,51,9,0,60,85,11,0,96,93,11,0,104,114,17,0,131,143,22,0,165
179150,331,"COLEGIUL NAŢIONAL “SPIRU HARET”","BUCUREŞTI SECTORUL 2",B,1195,9,1,0,10,48,12,0,60,68,12,0,80,75,13,0,88,133,34,0,167,171,43,0,214
179150,332,"COLEGIUL NAŢIONAL “SPIRU HARET”","BUCUREŞTI SECTORUL 2",B,1167,10,0,0,10,55,5,0,60,79,10,0,89,83,10,0,93,137,17,0,154,176,25,0,201
179150,333,"COLEGIUL NAŢIONAL “CANTEMIR VODĂ”","BUCUREŞTI SECTORUL 2",B,964,9,1,0,10,54,10,0,64,71,13,0,84,75,16,0,91,111,22,0,133,125,28,0,153
179150,334,"COLEGIUL NAŢIONAL “CANTEMIR VODĂ”","BUCUREŞTI SECTORUL 2",B,1204,10,3,0,13,66,6,0,72,95,7,0,102,107,7,0,114,165,11,0,176,201,15,0,216
179150,335,"COLEGIUL NAŢIONAL “CANTEMIR VODĂ”","BUCUREŞTI SECTORUL 2",B,1249,9,0,0,9,49,2,0,51,82,9,0,91,87,9,0,96,139,12,0,151,174,14,0,188
179150,336,"COLEGIUL NAŢIONAL “CANTEMIR VODĂ”","BUCUREŞTI SECTORUL 2",B,1565,11,0,0,11,77,1,0,78,105,2,0,107,117,2,0,119,173,6,0,179,229,12,9,250
179150,337,"ŞCOALA GIMNAZIALĂ NR. 24","BUCUREŞTI SECTORUL 2",B,1798,7,0,0,7,55,4,0,59,73,4,0,77,87,4,0,91,171,4,0,175,237,6,0,243
179150,338,"ŞCOALA GIMNAZIALĂ NR. 24","BUCUREŞTI SECTORUL 2",B,1606,14,0,0,14,87,3,5,95,116,4,6,126,122,4,6,132,208,5,6,219,246,11,6,263
179150,339,"ŞCOALA GIMNAZIALĂ NR. 24","BUCUREŞTI SECTORUL 2",B,1395,5,1,0,6,28,5,0,33,62,8,0,70,70,8,0,78,125,11,0,136,179,17,0,196
179150,340,"ŞCOALA GIMNAZIALĂ NR. 24","BUCUREŞTI SECTORUL 2",B,1383,4,0,0,4,48,5,0,53,75,7,0,82,87,10,0,97,160,22,0,182,211,28,0,239
179150,341,"ȘCOALA GIMNAZIALĂ ""MAICA DOMNULUI"" (FOSTA ŞCOALA NR. 26)","BUCUREŞTI SECTORUL 2",B,1215,5,4,0,9,53,7,0,60,76,8,0,84,87,9,0,96,138,10,0,148,165,13,0,178
179150,342,"ȘCOALA GIMNAZIALĂ ""MAICA DOMNULUI"" (FOSTA ŞCOALA NR. 26)","BUCUREŞTI SECTORUL 2",B,1360,6,1,0,7,85,3,0,88,101,3,0,104,116,5,0,121,196,7,0,203,247,9,0,256
179150,343,"ŞCOALA PROFESIONALĂ SPECIALĂ NR. 3","BUCUREŞTI SECTORUL 2",B,1570,12,0,0,12,51,8,0,59,87,9,0,96,95,10,0,105,160,23,0,183,202,31,0,233
179150,344,"ŞCOALA PROFESIONALĂ SPECIALĂ NR. 3","BUCUREŞTI SECTORUL 2",B,1339,3,0,0,3,27,6,1,34,51,7,1,59,59,7,1,67,121,11,1,133,166,18,1,185
179150,345,"ŞCOALA GIMNAZIALĂ NR. 307","BUCUREŞTI SECTORUL 2",B,1360,13,2,0,15,53,11,0,64,83,15,0,98,94,15,0,109,167,29,0,196,216,35,0,251
179150,346,"ŞCOALA GIMNAZIALĂ NR. 307","BUCUREŞTI SECTORUL 2",B,1041,8,2,0,10,46,15,0,61,70,19,0,89,77,19,0,96,121,19,1,141,145,26,1,172
179150,347,"ŞCOALA GIMNAZIALĂ NR. 307","BUCUREŞTI SECTORUL 2",B,1513,17,0,0,17,101,4,0,105,132,13,0,145,141,13,0,154,223,21,0,244,273,39,0,312
179150,348,"ŞCOALA GIMNAZIALĂ NR. 71","BUCUREŞTI SECTORUL 2",B,1381,12,1,0,13,62,9,0,71,88,13,0,101,93,15,0,108,154,26,0,180,186,29,0,215
179150,349,"ŞCOALA GIMNAZIALĂ NR. 71","BUCUREŞTI SECTORUL 2",B,1276,7,1,0,8,65,6,0,71,101,8,0,109,111,8,0,119,171,9,0,180,216,18,0,234
179150,350,"COLEGIUL ECONOMIC ""A.D. XENOPOL""","BUCUREŞTI SECTORUL 2",B,1235,12,0,0,12,69,6,0,75,94,10,0,104,100,10,0,110,154,12,0,166,182,12,0,194
179150,351,"COLEGIUL ECONOMIC ""A.D. XENOPOL""","BUCUREŞTI SECTORUL 2",B,1001,5,5,0,10,38,12,0,50,60,16,0,76,64,16,0,80,104,18,0,122,133,22,0,155
179150,352,"COLEGIUL ECONOMIC ""A.D. XENOPOL""","BUCUREŞTI SECTORUL 2",B,1329,6,3,0,9,43,7,0,50,61,7,0,68,63,9,0,72,116,10,0,126,150,16,0,166
179150,353,"COLEGIUL ECONOMIC ""A.D. XENOPOL""","BUCUREŞTI SECTORUL 2",B,1481,9,0,0,9,59,6,0,65,92,7,0,99,104,7,0,111,170,8,0,178,210,11,0,221
179150,354,"COLEGIUL NAŢIONAL BILINGV""GEORGE COŞBUC""","BUCUREŞTI SECTORUL 2",B,1440,17,0,0,17,80,8,0,88,130,12,0,142,135,13,0,148,225,15,0,240,280,20,0,300
179150,355,"COLEGIUL NAŢIONALBILINGV ""GEORGE COŞBUC""","BUCUREŞTI SECTORUL 2",B,1720,7,0,0,7,72,3,0,75,106,4,0,110,116,5,0,121,197,9,1,207,274,18,1,293
179150,356,"ŞCOALA GIMNAZIALĂ ""MAICA DOMNULUI"" (FOSTA ȘCOALĂ NR. 50)","BUCUREŞTI SECTORUL 2",B,1492,18,2,0,20,94,3,1,98,145,8,1,154,150,9,1,160,239,12,1,252,286,14,1,301
179150,357,"ŞCOALA GIMNAZIALĂ ""MAICA DOMNULUI"" (FOSTA ȘCOALĂ NR. 50)","BUCUREŞTI SECTORUL 2",B,1556,15,0,0,15,107,1,0,108,139,2,0,141,149,3,0,152,252,7,0,259,279,11,0,290
179150,358,"ŞCOALA GIMNAZIALĂ ""MAICA DOMNULUI"" (FOSTA ȘCOALĂ NR. 50)","BUCUREŞTI SECTORUL 2",B,1798,13,0,0,13,82,5,0,87,122,16,0,138,130,17,0,147,226,23,0,249,301,30,0,331
179150,359,"COLEGIUL NAŢIONAL ""MIHAI VITEAZUL""","BUCUREŞTI SECTORUL 2",B,1673,13,2,0,15,76,8,0,84,96,10,0,106,112,12,0,124,203,16,1,220,234,18,1,253
179150,360,"COLEGIUL NAŢIONAL ""MIHAI VITEAZUL""","BUCUREŞTI SECTORUL 2",B,1455,11,0,0,11,44,9,76,129,62,13,76,151,72,14,76,162,168,25,84,277,211,37,84,332
179150,361,"ŞCOALA GIMNAZIALĂ NR. 56","BUCUREŞTI SECTORUL 2",B,1427,4,3,0,7,82,11,1,94,123,13,1,137,134,15,1,150,216,21,1,238,268,28,1,297
179150,362,"ŞCOALA GIMNAZIALĂ NR. 56","BUCUREŞTI SECTORUL 2",B,1215,9,3,0,12,75,4,0,79,110,4,0,114,122,6,0,128,177,6,0,183,210,8,0,218
179150,363,"ŞCOALA GIMNAZIALĂ NR. 85","BUCUREŞTI SECTORUL 2",B,1019,7,0,0,7,56,0,0,56,90,2,0,92,96,2,0,98,137,6,0,143,174,9,0,183
179150,364,"ŞCOALA GIMNAZIALĂ NR. 85","BUCUREŞTI SECTORUL 2",B,1285,2,4,0,6,50,7,0,57,73,9,0,82,84,9,0,93,139,12,0,151,177,17,0,194
179150,365,"ŞCOALA GIMNAZIALĂ NR. 85","BUCUREŞTI SECTORUL 2",B,1201,8,0,0,8,69,6,0,75,93,7,0,100,101,7,0,108,167,8,0,175,210,10,0,220
179150,366,"ŞCOALA GIMNAZIALĂ NR. 85","BUCUREŞTI SECTORUL 2",B,1155,15,3,0,18,76,6,0,82,109,7,0,116,119,8,0,127,185,9,0,194,219,12,0,231
179150,367,"ŞCOALA GIMNAZIALĂ NR. 85","BUCUREŞTI SECTORUL 2",B,1274,7,0,0,7,50,2,0,52,69,3,0,72,72,5,0,77,128,7,0,135,176,12,0,188
179150,368,"ŞCOALA GIMNAZIALĂ NR. 85","BUCUREŞTI SECTORUL 2",B,1738,24,1,0,25,83,5,0,88,119,6,0,125,127,10,0,137,191,15,0,206,232,16,0,248
179169,369,"ŞCOALA SUPERIOARĂ COMERCIALĂ ""NICOLAE KRETZULESCU"";","BUCUREŞTI SECTORUL 3",B,1023,4,4,0,8,41,15,0,56,54,16,0,70,57,16,0,73,112,24,0,136,124,24,0,148
179169,370,"ŞCOALA SUPERIOARĂ COMERCIALĂ ""NICOLAE KRETZULESCU"";","BUCUREŞTI SECTORUL 3",B,888,5,0,0,5,23,5,1,29,29,5,1,35,32,5,1,38,61,7,1,69,81,7,1,89
179169,371,"ŞCOALA SUPERIOARĂ COMERCIALĂ ""NICOLAE KRETZULESCU"";","BUCUREŞTI SECTORUL 3",B,873,10,2,0,12,46,2,0,48,58,3,0,61,63,3,0,66,106,4,59,169,130,5,59,194
179169,372,"ŞCOALA SUPERIOARĂ COMERCIALĂ ""NICOLAE KRETZULESCU"";","BUCUREŞTI SECTORUL 3",B,1202,7,4,0,11,38,13,0,51,57,15,0,72,60,15,0,75,95,26,0,121,122,32,0,154
179169,373,"ŞCOALA SUPERIOARĂ COMERCIALĂ ""NICOLAE KRETZULESCU"";","BUCUREŞTI SECTORUL 3",B,1133,11,1,0,12,40,2,0,42,62,7,0,69,67,7,0,74,112,9,0,121,148,11,0,159
179169,374,"ŞCOALA SUPERIOARĂ COMERCIALĂ ""NICOLAE KRETZULESCU"";","BUCUREŞTI SECTORUL 3",B,1460,6,1,0,7,45,4,0,49,60,4,0,64,62,9,0,71,129,19,0,148,184,22,0,206
179169,375,"ŞCOALA GIMNAZIALĂ ""BARBU DELAVRANCEA""","BUCUREŞTI SECTORUL 3",B,1796,16,7,0,23,84,12,0,96,122,20,0,142,134,20,0,154,239,33,0,272,300,48,0,348
179169,376,"ŞCOALA GIMNAZIALĂ ""BARBU DELAVRANCEA""","BUCUREŞTI SECTORUL 3",B,2198,0,3,0,3,1,9,0,10,1,9,0,10,1,10,0,11,2,16,0,18,4,18,0,22
179169,377,"ȘCOALA GIMNAZIALĂ ""BARBU DELAVRANCEA""","BUCUREŞTI SECTORUL 3",B,2492,0,0,0,0,1,0,0,1,1,0,0,1,1,4,0,5,1,17,0,18,4,22,0,26
179169,378,"ŞCOALA GIMNAZIALĂ ""BARBU DELAVRANCEA""","BUCUREŞTI SECTORUL 3",B,2403,0,3,0,3,1,3,0,4,1,3,0,4,1,3,0,4,3,3,0,6,6,5,0,11
179169,379,"COLEGIUL NAŢIONAL ""MATEI BASARAB"";","BUCUREŞTI SECTORUL 3",B,2421,0,0,0,0,0,5,0,5,0,10,0,10,0,11,0,11,0,27,0,27,0,40,0,40
179169,380,"COLEGIUL NAŢIONAL ""MATEI BASARAB"";","BUCUREŞTI SECTORUL 3",B,1884,6,3,0,9,61,5,0,66,94,8,0,102,100,8,0,108,203,11,0,214,268,11,0,279
179169,381,"COLEGIUL NAŢIONAL ""MATEI BASARAB"";","BUCUREŞTI SECTORUL 3",B,1782,10,0,0,10,82,0,0,82,111,1,0,112,120,1,0,121,189,6,0,195,244,9,0,253
179169,382,"COLEGIUL NAȚIONAL ""MATEI BASARAB""","BUCUREŞTI SECTORUL 3",B,2454,0,0,0,0,0,0,0,0,0,0,0,0,0,0,0,0,0,1,0,1,0,4,0,4
179169,383,"COLEGIUL NAŢIONAL""MATEI BASARAB"";","BUCUREŞTI SECTORUL 3",B,1838,13,1,0,14,101,1,0,102,132,3,0,135,144,4,0,148,249,10,0,259,318,13,0,331
179169,384,"ŞCOALA GIMNAZIALĂ SPECIALĂ NR.5;","BUCUREŞTI SECTORUL 3",B,1305,13,6,0,19,79,7,0,86,116,9,0,125,120,11,0,131,200,13,0,213,251,17,0,268
179169,385,"ŞCOALA GIMNAZIALĂ SPECIALĂ NR.5;","BUCUREŞTI SECTORUL 3",B,1539,6,2,0,8,55,7,0,62,88,11,0,99,93,13,0,106,149,22,0,171,207,35,0,242
179169,386,"ŞCOALA GIMNAZIALĂ SPECIALĂ NR.5;","BUCUREŞTI SECTORUL 3",B,1086,10,0,0,10,49,3,0,52,72,3,0,75,82,4,0,86,141,11,0,152,181,17,0,198
179169,387,"ŞCOALA GIMNAZIALĂ SPECIALĂ NR.5;","BUCUREŞTI SECTORUL 3",B,1367,10,2,0,12,45,2,0,47,59,4,0,63,68,4,0,72,146,11,0,157,181,11,0,192
179169,388,"ŞCOALA GIMNAZIALĂ SPECIALĂ NR.5;","BUCUREŞTI SECTORUL 3",B,1300,11,1,0,12,47,2,0,49,72,7,0,79,73,7,0,80,127,8,0,135,174,13,0,187
179169,389,"ŞCOALA GIMNAZIALĂ SPECIALĂ NR.5;","BUCUREŞTI SECTORUL 3",B,1612,4,0,0,4,68,4,0,72,89,4,0,93,95,4,0,99,149,7,0,156,178,7,0,185
179169,390,"ŞCOALA GIMNAZIALĂ SPECIALĂ NR.5;","BUCUREŞTI SECTORUL 3",B,1194,0,0,0,0,33,2,0,35,55,4,0,59,57,4,0,61,102,5,0,107,145,6,0,151
179169,391,"ŞCOALA GIMNAZIALĂ ""CEZAR BOLLIAC"";","BUCUREŞTI SECTORUL 3",B,1471,16,1,0,17,70,1,0,71,94,2,0,96,115,2,0,117,202,9,0,211,260,21,0,281
179169,392,"ŞCOALA GIMNAZIALĂ ""CEZAR BOLLIAC"";","BUCUREŞTI SECTORUL 3",B,1476,13,5,0,18,66,13,0,79,104,23,0,127,108,23,0,131,196,41,0,237,246,49,0,295
179169,393,"ŞCOALA GIMNAZIALĂ ""CEZAR BOLLIAC"";","BUCUREŞTI SECTORUL 3",B,1393,10,0,0,10,92,9,0,101,128,13,0,141,135,13,0,148,214,24,0,238,259,30,0,289
179169,394,"ŞCOALA GIMNAZIALĂ ""CEZAR BOLLIAC"";","BUCUREŞTI SECTORUL 3",B,1476,14,1,0,15,88,2,0,90,126,3,0,129,137,3,0,140,215,4,0,219,259,6,0,265
179169,395,"ŞCOALA GIMNAZIALĂ ""CEZAR BOLLIAC"";","BUCUREŞTI SECTORUL 3",B,1280,20,0,0,20,94,4,0,98,137,8,0,145,151,12,0,163,215,18,0,233,259,19,0,278
179169,396,"ŞCOALA GIMNAZIALĂ ""CEZAR BOLLIAC"";","BUCUREŞTI SECTORUL 3",B,1620,14,2,0,16,79,6,0,85,112,7,0,119,119,7,0,126,179,11,0,190,233,14,0,247
179169,397,"ŞCOALA GIMNAZIALĂ ""CEZAR BOLLIAC"";","BUCUREŞTI SECTORUL 3",B,1523,17,3,0,20,72,5,0,77,110,6,0,116,120,6,0,126,198,8,1,207,268,10,1,279
179169,398,"ŞCOALA GIMNAZIALĂ ""CEZAR BOLLIAC"";","BUCUREŞTI SECTORUL 3",B,1496,8,0,0,8,86,2,0,88,123,3,0,126,139,3,0,142,211,7,0,218,271,11,0,282
179169,399,"ŞCOALA GIMNAZIALĂ NR.80;","BUCUREŞTI SECTORUL 3",B,1335,17,3,0,20,71,24,0,95,136,33,0,169,103,33,0,136,184,68,1,253,247,87,1,335
179169,400,"ŞCOALA GIMNAZIALĂ NR.80;","BUCUREŞTI SECTORUL 3",B,1275,11,0,0,11,74,10,0,84,99,20,0,119,116,21,0,137,160,35,0,195,187,55,0,242
179169,401,"ŞCOALA GIMNAZIALĂ NR.80;","BUCUREŞTI SECTORUL 3",B,1730,15,0,0,15,77,3,0,80,113,8,0,121,121,8,0,129,216,11,0,227,258,15,0,273
179169,402,"ŞCOALA GIMNAZIALĂ NR.80;","BUCUREŞTI SECTORUL 3",B,1570,8,0,0,8,96,0,0,96,123,12,1,136,134,12,1,147,236,24,1,261,281,30,1,312
179169,403,"ŞCOALA GIMNAZIALĂ NR.80;","BUCUREŞTI SECTORUL 3",B,1056,8,0,0,8,56,1,0,57,77,2,0,79,87,2,0,89,149,8,0,157,196,11,0,207
179169,404,"ŞCOALA GIMNAZIALĂ NR.80;","BUCUREŞTI SECTORUL 3",B,1043,14,0,0,14,49,2,0,51,68,3,0,71,76,3,0,79,146,4,0,150,182,6,0,188
179169,405,"ŞCOALA GIMNAZIALĂ NR.80;","BUCUREŞTI SECTORUL 3",B,858,3,0,0,3,29,0,0,29,57,3,0,60,61,7,0,68,97,7,0,104,125,7,0,132
179169,406,"ŞCOALA GIMNAZIALĂ NR.80;","BUCUREŞTI SECTORUL 3",B,1087,5,0,0,5,44,5,0,49,63,7,0,70,73,7,0,80,109,9,0,118,153,13,0,166
179169,407,"ŞCOALA GIMNAZIALĂ NR.81;","BUCUREŞTI SECTORUL 3",B,1837,17,1,0,18,101,3,0,104,154,11,0,165,167,11,0,178,282,19,0,301,377,21,0,398
179169,408,"ŞCOALA GIMNAZIALĂ NR.81;","BUCUREŞTI SECTORUL 3",B,1500,10,0,0,10,64,16,0,80,97,24,0,121,104,24,0,128,165,40,0,205,199,53,0,252
179169,409,"ŞCOALA GIMNAZIALĂ NR.81;","BUCUREŞTI SECTORUL 3",B,1373,8,2,0,10,42,15,0,57,73,19,0,92,79,22,0,101,153,35,0,188,209,43,0,252
179169,410,"ŞCOALA GIMNAZIALĂ NR.81;","BUCUREŞTI SECTORUL 3",B,1154,15,0,0,15,50,2,0,52,70,5,0,75,79,6,0,85,164,15,0,179,189,19,0,208
179169,411,"ŞCOALA GIMNAZIALĂ NR.81;","BUCUREŞTI SECTORUL 3",B,1741,4,0,0,4,78,6,0,84,114,14,0,128,124,14,0,138,238,22,1,261,314,29,1,344
179169,412,"ŞCOALA GIMNAZIALĂ NR.81;","BUCUREŞTI SECTORUL 3",B,1307,13,0,0,13,43,0,0,43,74,0,0,74,88,0,0,88,145,4,0,149,195,18,1,214
179169,413,"ŞCOALA GIMNAZIALĂ NR.81;","BUCUREŞTI SECTORUL 3",B,1474,9,2,0,11,58,4,0,62,96,5,0,101,112,5,0,117,186,10,0,196,265,16,0,281
179169,414,"ŞCOALA GIMNAZIALĂ NR.81;","BUCUREŞTI SECTORUL 3",B,1378,13,0,0,13,53,1,0,54,81,4,0,85,88,4,0,92,141,6,0,147,186,8,0,194
179169,415,"ŞCOALA GIMNAZIALĂ NR.81;","BUCUREŞTI SECTORUL 3",B,1199,10,0,0,10,57,5,0,62,95,10,0,105,111,11,0,122,189,20,0,209,231,24,0,255
179169,416,"COLEGIUL TEHNIC ""MIHAI BRAVU"";","BUCUREŞTI SECTORUL 3",B,1458,1,1,0,2,20,29,0,49,43,48,0,91,47,51,0,98,95,98,0,193,139,136,0,275
179169,417,"COLEGIUL TEHNIC ""MIHAI BRAVU"";","BUCUREŞTI SECTORUL 3",B,1533,9,3,0,12,36,10,0,46,73,12,0,85,78,12,0,90,159,17,0,176,214,27,0,241
179169,418,"COLEGIUL TEHNIC ""MIHAI BRAVU"";","BUCUREŞTI SECTORUL 3",B,1326,9,0,0,9,67,0,0,67,93,0,1,94,101,0,1,102,158,1,1,160,201,8,1,210
179169,419,"COLEGIUL TEHNIC ""MIHAI BRAVU"";","BUCUREŞTI SECTORUL 3",B,1544,13,2,0,15,71,2,0,73,101,4,0,105,115,4,0,119,187,4,0,191,228,6,0,234
179169,420,"COLEGIUL TEHNIC ""MIHAI BRAVU"";","BUCUREŞTI SECTORUL 3",B,1060,6,0,0,6,43,0,0,43,65,0,0,65,72,0,0,72,106,3,1,110,152,6,1,159
179169,421,"COLEGIUL TEHNIC ""MIHAI BRAVU"";","BUCUREŞTI SECTORUL 3",B,1553,14,0,0,14,52,5,0,57,90,8,0,98,103,8,0,111,180,11,0,191,234,17,0,251
179169,422,"COLEGIUL TEHNIC ""MIHAI BRAVU"";","BUCUREŞTI SECTORUL 3",B,1322,7,1,0,8,55,1,0,56,91,2,0,93,96,2,0,98,144,2,0,146,201,2,0,203
179169,423,"COLEGIUL TEHNIC ""MIHAI BRAVU"";","BUCUREŞTI SECTORUL 3",B,1179,9,0,0,9,67,1,0,68,89,1,0,90,100,2,0,102,163,2,0,165,190,3,0,193
179169,424,"COLEGIUL TEHNIC ""MIHAI BRAVU"";","BUCUREŞTI SECTORUL 3",B,1276,13,0,0,13,66,1,0,67,102,1,0,103,113,1,0,114,181,1,0,182,229,2,0,231
179169,425,"COLEGIUL TEHNIC ""MIHAI BRAVU"";","BUCUREŞTI SECTORUL 3",B,1294,12,2,0,14,58,4,0,62,91,4,0,95,111,4,0,115,195,7,0,202,220,8,0,228
179169,426,"COLEGIUL TEHNIC ""MIHAI BRAVU"";","BUCUREŞTI SECTORUL 3",B,1184,7,0,0,7,55,2,0,57,70,2,1,73,76,2,1,79,127,5,1,133,151,5,1,157
179169,427,"COLEGIUL TEHNIC ""MIHAI BRAVU"";","BUCUREŞTI SECTORUL 3",B,1428,8,0,0,8,59,2,0,61,87,3,0,90,96,3,0,99,160,4,0,164,198,7,0,205
179169,428,"COLEGIUL TEHNIC ""MIHAI BRAVU"";","BUCUREŞTI SECTORUL 3",B,1119,12,2,0,14,69,5,0,74,77,5,0,82,88,5,0,93,138,7,0,145,160,9,0,169
179169,429,"ŞCOALA GIMNAZIALĂ NR.95;","BUCUREŞTI SECTORUL 3",B,1478,18,3,0,21,60,20,1,81,88,29,1,118,95,30,1,126,156,54,1,211,189,74,1,264
179169,430,"ŞCOALA GIMNAZIALĂ NR.95;","BUCUREŞTI SECTORUL 3",B,1848,5,0,0,5,33,4,0,37,59,5,0,64,70,7,0,77,132,16,2,150,189,34,2,225
179169,431,"ŞCOALA GIMNAZIALĂ NR.95;","BUCUREŞTI SECTORUL 3",B,1361,6,0,0,6,40,3,1,44,64,5,1,70,70,5,1,76,107,7,1,115,134,12,1,147
179169,432,"ŞCOALA GIMNAZIALĂ NR.95;","BUCUREŞTI SECTORUL 3",B,959,3,1,0,4,37,1,0,38,51,1,0,52,56,1,0,57,99,3,0,102,132,5,0,137
179169,433,"ŞCOALA GIMNAZIALĂ NR.95;","BUCUREŞTI SECTORUL 3",B,1514,12,0,0,12,54,0,0,54,80,0,0,80,86,0,0,86,150,3,0,153,197,6,0,203
179169,434,"ŞCOALA GIMNAZIALĂ NR.95;","BUCUREŞTI SECTORUL 3",B,1444,6,0,0,6,31,2,0,33,46,3,1,50,49,3,1,53,105,8,1,114,130,10,1,141
179169,435,"ŞCOALA GIMNAZIALĂ NR.95;","BUCUREŞTI SECTORUL 3",B,1366,5,0,0,5,40,0,0,40,60,0,0,60,63,0,0,63,121,3,0,124,166,5,0,171
179169,436,"ŞCOALA GIMNAZIALĂ NR.95;","BUCUREŞTI SECTORUL 3",B,1383,14,1,0,15,50,1,0,51,66,1,0,67,74,1,0,75,149,1,0,150,202,2,0,204
179169,437,"ŞCOALA GIMNAZIALĂ NR.95;","BUCUREŞTI SECTORUL 3",B,1718,14,0,0,14,53,2,0,55,92,2,0,94,104,2,0,106,181,2,0,183,246,3,0,249
179169,438,"ŞCOALA GIMNAZIALĂ NR.95;","BUCUREŞTI SECTORUL 3",B,1588,5,1,0,6,56,4,0,60,84,4,0,88,97,4,0,101,166,8,0,174,204,11,0,215
179169,439,"ŞCOALA GIMNAZIALĂ NR.84","BUCUREŞTI SECTORUL 3",B,1544,9,2,0,11,76,18,0,94,94,20,0,114,118,22,0,140,177,49,0,226,229,56,0,285
179169,440,"ŞCOALA GIMNAZIALĂ NR.84","BUCUREŞTI SECTORUL 3",B,1451,8,0,0,8,37,2,0,39,51,2,0,53,56,2,0,58,96,3,0,99,125,5,0,130
179169,441,"ŞCOALA GIMNAZIALĂ NR.84","BUCUREŞTI SECTORUL 3",B,1299,11,0,0,11,40,11,0,51,57,12,0,69,69,13,0,82,132,15,0,147,177,17,0,194
179169,442,"ŞCOALA GIMNAZIALĂ NR.84","BUCUREŞTI SECTORUL 3",B,1476,8,0,0,8,58,14,0,72,96,18,0,114,120,19,0,139,195,27,0,222,234,35,0,269
179169,443,"ŞCOALA GIMNAZIALĂ NR.84","BUCUREŞTI SECTORUL 3",B,1401,0,0,0,0,31,9,0,40,70,10,0,80,87,11,0,98,144,20,0,164,193,21,0,214
179169,444,"ŞCOALA GIMNAZIALĂ NR.84;","BUCUREŞTI SECTORUL 3",B,1216,11,0,0,11,47,0,0,47,70,6,0,76,74,6,0,80,122,7,0,129,154,7,0,161
179169,445,"ŞCOALA GIMNAZIALĂ NR.86;","BUCUREŞTI SECTORUL 3",B,1360,13,0,0,13,62,4,2,68,90,12,2,104,101,14,2,117,168,34,2,204,202,40,2,244
179169,446,"ŞCOALA GIMNAZIALĂ NR.86;","BUCUREŞTI SECTORUL 3",B,1689,12,0,0,12,73,3,0,76,108,5,0,113,119,8,0,127,208,14,0,222,264,22,0,286
179169,447,"ŞCOALA GIMNAZIALĂ NR.86;","BUCUREŞTI SECTORUL 3",B,1642,7,2,0,9,101,3,0,104,131,4,0,135,142,5,0,147,234,7,0,241,279,8,0,287
179169,448,"ŞCOALA GIMNAZIALĂ NR.86;","BUCUREŞTI SECTORUL 3",B,1661,26,0,0,26,91,1,0,92,120,3,0,123,132,3,0,135,222,8,0,230,257,9,0,266
179169,449,"ŞCOALA GIMNAZIALĂ NR.86;","BUCUREŞTI SECTORUL 3",B,1615,11,2,0,13,47,3,0,50,74,3,0,77,81,5,0,86,143,7,0,150,180,7,0,187
179169,450,"ŞCOALA GIMNAZIALĂ NR.86;","BUCUREŞTI SECTORUL 3",B,1339,17,0,0,17,68,0,0,68,96,1,0,97,103,2,0,105,171,2,0,173,209,3,0,212
179169,451,"ŞCOALA GIMNAZIALĂ NR.86;","BUCUREŞTI SECTORUL 3",B,1659,14,0,0,14,84,1,0,85,110,1,0,111,114,1,0,115,199,1,0,200,243,1,0,244
179169,452,"ŞCOALA GIMNAZIALĂ ""LEONARDO DA VINCI"";","BUCUREŞTI SECTORUL 3",B,1566,4,2,8,14,67,9,8,84,95,17,8,120,108,20,8,136,167,35,8,210,218,44,42,304
179169,453,"ŞCOALA GIMNAZIALĂ ""LEONARDO DA VINCI"";","BUCUREŞTI SECTORUL 3",B,1372,8,0,0,8,66,9,0,75,80,12,0,92,84,13,0,97,163,23,0,186,201,43,0,244
179169,454,"ŞCOALA GIMNAZIALĂ ""LEONARDO DA VINCI"";","BUCUREŞTI SECTORUL 3",B,1508,12,0,0,12,65,1,0,66,97,1,0,98,113,1,0,114,166,3,0,169,187,6,0,193
179169,455,"ŞCOALA GIMNAZIALĂ ""LEONARDO DA VINCI"";","BUCUREŞTI SECTORUL 3",B,1253,8,0,0,8,76,0,0,76,111,0,0,111,117,1,0,118,179,4,0,183,227,8,0,235
179169,456,"ŞCOALA GIMNAZIALĂ ""LEONARDO DA VINCI"";","BUCUREŞTI SECTORUL 3",B,1206,6,18,0,24,55,18,0,73,86,20,0,106,95,20,0,115,158,24,0,182,196,29,0,225
179169,457,"ŞCOALA GIMNAZIALĂ ""LEONARDO DA VINCI"";","BUCUREŞTI SECTORUL 3",B,1090,4,1,0,5,51,8,0,59,75,9,0,84,86,9,0,95,152,13,0,165,186,14,0,200
179169,458,"ŞCOALA GIMNAZIALĂ ""LEONARDO DA VINCI"";","BUCUREŞTI SECTORUL 3",B,1067,10,1,0,11,56,2,0,58,83,2,0,85,93,2,0,95,166,3,0,169,198,6,0,204
179169,459,"ŞCOALA GIMNAZIALĂ ""LEONARDO DA VINCI"";","BUCUREŞTI SECTORUL 3",B,1028,5,0,0,5,44,5,0,49,68,6,0,74,75,12,0,87,122,15,0,137,158,17,0,175
179169,460,"ŞCOALA GIMNAZIALĂ ""LEONARDO DA VINCI"";","BUCUREŞTI SECTORUL 3",B,1184,9,0,0,9,54,1,1,56,78,3,1,82,83,5,1,89,151,7,1,159,191,8,1,200
179169,461,"LICEUL TEORETIC ""BENJAMIN FRANKLIN"";","BUCUREŞTI SECTORUL 3",B,1275,6,0,0,6,45,9,0,54,70,12,0,82,77,13,0,90,127,20,0,147,170,28,0,198
179169,462,"LICEUL TEORETIC ""BENJAMIN FRANKLIN"";","BUCUREŞTI SECTORUL 3",B,1157,1,7,0,8,46,7,0,53,78,9,0,87,87,9,0,96,153,11,0,164,184,14,0,198
179169,463,"LICEUL TEORETIC ""BENJAMIN FRANKLIN"";","BUCUREŞTI SECTORUL 3",B,972,10,0,0,10,53,3,0,56,71,4,0,75,76,4,0,80,111,5,0,116,145,8,0,153
179169,464,"LICEUL TEORETIC ""BENJAMIN FRANKLIN"";","BUCUREŞTI SECTORUL 3",B,1103,12,0,0,12,70,5,0,75,111,6,0,117,123,6,0,129,180,6,0,186,216,6,0,222
179169,465,"ŞCOALA GIMNAZIALĂ""ALEXANDRU IOAN CUZA"";","BUCUREŞTI SECTORUL 3",B,1219,11,1,0,12,43,2,0,45,66,2,0,68,75,2,0,77,151,4,0,155,186,6,0,192
179169,466,"ŞCOALA GIMNAZIALĂ""ALEXANDRU IOAN CUZA"";","BUCUREŞTI SECTORUL 3",B,1361,4,6,0,10,30,10,0,40,65,15,0,80,85,16,0,101,150,20,0,170,195,25,0,220
179169,467,"ŞCOALA GIMNAZIALĂ""ALEXANDRU IOAN CUZA"";","BUCUREŞTI SECTORUL 3",B,1626,11,2,0,13,61,3,0,64,98,5,0,103,111,5,0,116,175,10,0,185,235,17,0,252
179169,468,"ŞCOALA GIMNAZIALĂ""ALEXANDRU IOAN CUZA"";","BUCUREŞTI SECTORUL 3",B,1280,10,0,0,10,61,3,0,64,82,3,0,85,91,3,0,94,158,6,0,164,194,7,0,201
179169,469,"ŞCOALA GIMNAZIALĂ""ALEXANDRU IOAN CUZA"";","BUCUREŞTI SECTORUL 3",B,1009,7,0,0,7,44,0,0,44,64,1,0,65,71,2,0,73,118,3,0,121,152,8,0,160
179169,470,"COLEGIUL TEHNIC ""ANGHEL SALIGNY"";","BUCUREŞTI SECTORUL 3",B,1184,12,2,0,14,44,8,0,52,67,16,0,83,77,17,0,94,145,29,0,174,185,43,0,228
179169,471,"COLEGIUL TEHNIC ""ANGHEL SALIGNY"";","BUCUREŞTI SECTORUL 3",B,1071,17,0,0,17,54,3,0,57,70,3,1,74,79,3,1,83,132,7,1,140,166,8,1,175
179169,472,"ŞCOALA GIMNAZIALĂ NR.88","BUCUREŞTI SECTORUL 3",B,1398,18,0,0,18,83,12,0,95,128,21,0,149,141,21,0,162,220,29,1,250,248,49,1,298
179169,473,"ŞCOALA GIMNAZIALĂ NR.88","BUCUREŞTI SECTORUL 3",B,1413,10,0,0,10,70,6,0,76,98,11,1,110,110,11,1,122,185,17,1,203,241,29,1,271
179169,474,"ŞCOALA GIMNAZIALĂ NR.88","BUCUREŞTI SECTORUL 3",B,1314,11,0,0,11,65,1,0,66,98,2,0,100,110,2,0,112,184,3,1,188,222,4,1,227
179169,475,"ŞCOALA GIMNAZIALĂ NR.88","BUCUREŞTI SECTORUL 3",B,1481,23,0,0,23,94,2,0,96,137,4,0,141,148,4,0,152,212,4,0,216,259,11,0,270
179169,476,"ŞCOALA GIMNAZIALĂ NR.88","BUCUREŞTI SECTORUL 3",B,1512,19,3,0,22,88,3,0,91,121,3,0,124,129,4,0,133,200,5,0,205,236,8,0,244
179169,477,"ŞCOALA GIMNAZIALĂ NR.88","BUCUREŞTI SECTORUL 3",B,1316,11,0,0,11,57,2,0,59,94,2,0,96,104,2,0,106,161,3,2,166,202,6,2,210
179169,478,"ŞCOALA GIMNAZIALĂ ""MIHAI BOTEZ"";","BUCUREŞTI SECTORUL 3",B,1330,7,0,0,7,41,12,0,53,55,31,0,86,62,31,0,93,132,61,0,193,161,78,0,239
179169,479,"ŞCOALA GIMNAZIALĂ ""MIHAI BOTEZ"";","BUCUREŞTI SECTORUL 3",B,1082,7,0,0,7,37,3,0,40,52,8,0,60,61,8,0,69,118,19,0,137,151,22,0,173
179169,480,"ŞCOALA GIMNAZIALĂ ""MIHAI BOTEZ"";","BUCUREŞTI SECTORUL 3",B,1390,13,1,0,14,47,1,0,48,67,3,0,70,84,3,0,87,152,9,0,161,192,9,0,201
179169,481,"ŞCOALA GIMNAZIALĂ ""MIHAI BOTEZ"";","BUCUREŞTI SECTORUL 3",B,2037,15,0,0,15,64,0,0,64,76,1,0,77,102,2,0,104,172,2,0,174,224,7,0,231
179169,482,"ŞCOALA GIMNAZIALĂ ""MIHAI BOTEZ"";","BUCUREŞTI SECTORUL 3",B,1420,10,0,0,10,63,2,0,65,88,6,0,94,105,6,0,111,148,8,0,156,196,8,0,204
179169,483,"ŞCOALA GIMNAZIALĂ ""MIHAI BOTEZ"";","BUCUREŞTI SECTORUL 3",B,1355,11,0,0,11,35,1,0,36,57,3,0,60,67,4,0,71,134,12,0,146,193,14,0,207
179169,484,"ŞCOALA GIMNAZIALĂ ""MIHAI BOTEZ"";","BUCUREŞTI SECTORUL 3",B,1363,10,0,0,10,64,1,0,65,93,1,0,94,112,1,0,113,177,10,1,188,203,17,1,221
179169,485,"ŞCOALA GIMNAZIALĂ ""MIHAI BOTEZ"";","BUCUREŞTI SECTORUL 3",B,1382,9,0,0,9,53,3,0,56,77,3,0,80,90,8,0,98,153,8,0,161,199,9,0,208
179169,486,"ŞCOALA GIMNAZIALĂ ""MIHAI BOTEZ"";","BUCUREŞTI SECTORUL 3",B,1512,9,2,0,11,56,6,0,62,91,6,0,97,102,7,0,109,183,8,0,191,231,9,0,240
179169,487,"ŞCOALA GIMNAZIALĂ ""MIHAI BOTEZ"";","BUCUREŞTI SECTORUL 3",B,1506,18,0,0,18,70,0,0,70,81,0,0,81,97,1,0,98,157,6,1,164,203,7,1,211
179169,488,"ŞCOALA GIMNAZIALĂ ""MIHAI BOTEZ"";","BUCUREŞTI SECTORUL 3",B,1139,10,0,0,10,41,0,0,41,59,0,0,59,64,0,0,64,122,0,0,122,147,2,0,149
179169,489,"LICEUL TEORETIC ""DANTE ALIGHIERI"";","BUCUREŞTI SECTORUL 3",B,1430,12,2,0,14,94,6,0,100,140,11,0,151,156,11,0,167,229,15,0,244,270,24,0,294
179169,490,"LICEUL TEORETIC ""DANTE ALIGHIERI"";","BUCUREŞTI SECTORUL 3",B,1384,12,0,0,12,72,4,0,76,87,5,0,92,107,5,0,112,185,7,0,192,247,13,0,260
179169,491,"LICEUL TEORETIC ""DANTE ALIGHIERI"";","BUCUREŞTI SECTORUL 3",B,1108,15,0,0,15,56,0,0,56,81,0,0,81,90,4,0,94,155,11,0,166,176,12,0,188
179169,492,"LICEUL TEORETIC ""DANTE ALIGHIERI"";","BUCUREŞTI SECTORUL 3",B,1112,8,4,0,12,61,5,0,66,88,6,0,94,108,7,0,115,190,10,0,200,240,12,0,252
179169,493,"LICEUL TEORETIC ""DANTE ALIGHIERI"";","BUCUREŞTI SECTORUL 3",B,1263,16,0,0,16,63,4,0,67,90,7,0,97,93,7,0,100,166,10,0,176,218,10,0,228
179169,494,"ŞCOALA GIMNAZIALĂ NR.195;","BUCUREŞTI SECTORUL 3",B,1223,14,0,0,14,83,5,0,88,120,14,0,134,134,17,0,151,182,29,0,211,229,43,0,272
179169,495,"ŞCOALA GIMNAZIALĂ NR.195;","BUCUREŞTI SECTORUL 3",B,1183,14,2,0,16,67,5,0,72,89,9,0,98,107,9,0,116,173,14,0,187,214,18,0,232
179169,496,"ŞCOALA GIMNAZIALĂ NR.195;","BUCUREŞTI SECTORUL 3",B,1167,0,0,0,0,33,5,0,38,73,7,0,80,87,7,0,94,156,10,0,166,186,14,0,200
179169,497,"ŞCOALA GIMNAZIALĂ NR.195;","BUCUREŞTI SECTORUL 3",B,1005,9,0,0,9,71,1,0,72,91,3,0,94,95,4,0,99,160,5,2,167,200,6,2,208
179169,498,"ŞCOALA GIMNAZIALĂ NR.195;","BUCUREŞTI SECTORUL 3",B,1055,18,0,0,18,51,3,0,54,76,6,0,82,86,7,0,93,145,9,0,154,168,12,0,180
179169,499,"LICEUL TEHNOLOGIC ""ELIE RADU"";","BUCUREŞTI SECTORUL 3",B,1427,11,1,0,12,40,4,12,56,79,15,12,106,92,16,12,120,146,17,12,175,184,21,12,217
179169,500,"LICEUL TEHNOLOGIC ""ELIE RADU"";","BUCUREŞTI SECTORUL 3",B,1474,10,0,0,10,50,1,0,51,69,2,0,71,77,2,0,79,146,4,0,150,181,6,0,187
179169,501,"LICEUL TEHNOLOGIC ""ELIE RADU"";","BUCUREŞTI SECTORUL 3",B,1032,6,0,0,6,38,13,0,51,49,17,0,66,57,18,0,75,92,24,0,116,115,36,0,151
179169,502,"LICEUL TEHNOLOGIC ""ELIE RADU"";","BUCUREŞTI SECTORUL 3",B,1625,6,0,0,6,43,0,0,43,57,3,0,60,68,3,0,71,109,4,0,113,164,8,0,172
179169,503,"LICEUL TEHNOLOGIC ""ELIE RADU"";","BUCUREŞTI SECTORUL 3",B,1468,10,2,0,12,38,2,0,40,51,3,0,54,58,3,0,61,124,5,0,129,154,8,0,162
179169,504,"LICEUL TEORETIC BILINGV ""DECEBAL"";","BUCUREŞTI SECTORUL 3",B,1150,6,2,0,8,38,3,0,41,58,6,0,64,65,7,0,72,129,14,0,143,177,25,0,202
179169,505,"LICEUL TEORETIC BILINGV ""DECEBAL"";","BUCUREŞTI SECTORUL 3",B,1430,9,4,0,13,56,6,0,62,79,6,0,85,97,6,0,103,154,8,0,162,185,12,0,197
179169,506,"LICEUL TEORETIC BILINGV ""DECEBAL"";","BUCUREŞTI SECTORUL 3",B,1485,3,0,0,3,31,0,0,31,47,3,0,50,49,3,0,52,115,7,0,122,141,10,0,151
179169,507,"LICEUL TEORETIC BILINGV ""DECEBAL"";","BUCUREŞTI SECTORUL 3",B,1433,7,4,0,11,20,4,0,24,29,5,0,34,30,6,0,36,66,10,0,76,95,15,0,110
179169,508,"ŞCOALA GIMNAZIALĂ NR.54;","BUCUREŞTI SECTORUL 3",B,1046,4,2,0,6,36,4,0,40,51,4,0,55,54,6,0,60,83,24,0,107,107,28,0,135
179169,509,"ŞCOALA GIMNAZIALĂ NR.54;","BUCUREŞTI SECTORUL 3",B,1342,15,2,0,17,52,3,0,55,74,7,0,81,84,9,0,93,143,11,0,154,185,25,0,210
179169,510,"ŞCOALA GIMNAZIALĂ NR.54;","BUCUREŞTI SECTORUL 3",B,1524,6,1,0,7,51,4,0,55,77,5,0,82,88,5,0,93,145,8,0,153,187,11,0,198
179169,511,"ŞCOALA GIMNAZIALĂ NR.54;","BUCUREŞTI SECTORUL 3",B,1375,22,0,0,22,72,2,0,74,110,4,0,114,117,4,0,121,199,5,0,204,252,10,0,262
179169,512,"ŞCOALA GIMNAZIALĂ NR.54;","BUCUREŞTI SECTORUL 3",B,1335,7,2,0,9,44,2,0,46,70,3,0,73,77,3,0,80,136,7,0,143,178,8,0,186
179169,513,"ŞCOALA GIMNAZIALĂ NR.54;","BUCUREŞTI SECTORUL 3",B,1143,10,0,0,10,41,2,0,43,59,2,0,61,72,2,0,74,123,3,0,126,147,3,1,151
179169,514,"ŞCOALA GIMNAZIALĂ NR.54;","BUCUREŞTI SECTORUL 3",B,1350,10,0,0,10,39,1,0,40,60,1,0,61,76,1,0,77,127,2,0,129,157,2,0,159
179169,515,"ŞCOALA GIMNAZIALĂ NR.54;","BUCUREŞTI SECTORUL 3",B,1187,8,1,0,9,29,8,0,37,54,10,0,64,58,10,0,68,119,11,0,130,150,12,0,162
179169,516,"ŞCOALA GIMNAZIALĂ NR.54;","BUCUREŞTI SECTORUL 3",B,1233,17,0,0,17,66,1,0,67,96,3,0,99,112,4,0,116,170,6,0,176,187,7,0,194
179169,517,"ŞCOALA GIMNAZIALĂ NR.54;","BUCUREŞTI SECTORUL 3",B,1463,13,0,0,13,50,0,2,52,71,0,2,73,77,1,2,80,163,5,2,170,194,10,2,206
179169,518,"ŞCOALA GIMNAZIALĂ ""NICOLAE LABIŞ"";","BUCUREŞTI SECTORUL 3",B,1540,14,0,0,14,65,3,0,68,100,4,0,104,109,4,0,113,195,5,0,200,239,6,0,245
179169,519,"ŞCOALA GIMNAZIALĂ ""NICOLAE LABIŞ"";","BUCUREŞTI SECTORUL 3",B,1194,6,3,0,9,39,7,0,46,63,9,0,72,70,10,0,80,137,17,0,154,178,26,0,204
179169,520,"ŞCOALA GIMNAZIALĂ ""NICOLAE LABIŞ"";","BUCUREŞTI SECTORUL 3",B,1726,4,2,0,6,40,7,0,47,73,10,0,83,80,10,0,90,136,14,0,150,180,18,0,198
179169,521,"ŞCOALA GIMNAZIALĂ ""NICOLAE LABIŞ"";","BUCUREŞTI SECTORUL 3",B,1435,17,1,0,18,64,1,1,66,88,2,1,91,102,2,1,105,185,6,1,192,220,8,1,229
179169,522,"ŞCOALA GIMNAZIALĂ ""NICOLAE LABIŞ"";","BUCUREŞTI SECTORUL 3",B,1586,4,0,0,4,42,0,0,42,68,0,0,68,77,0,0,77,144,5,0,149,186,11,0,197
179169,523,"ŞCOALA GIMNAZIALĂ ""NICOLAE LABIŞ"";","BUCUREŞTI SECTORUL 3",B,1656,8,0,0,8,47,2,0,49,56,2,0,58,65,2,0,67,130,4,0,134,171,6,0,177
179169,524,"ŞCOALA GIMNAZIALĂ ""NICOLAE LABIŞ"";","BUCUREŞTI SECTORUL 3",B,1194,6,1,0,7,50,2,0,52,76,5,0,81,81,5,0,86,147,5,0,152,197,5,0,202
179169,525,"ŞCOALA GIMNAZIALĂ ""NICOLAE LABIŞ"";","BUCUREŞTI SECTORUL 3",B,1252,12,3,0,15,52,14,0,66,96,5,0,101,106,5,0,111,184,8,0,192,236,10,0,246
179169,526,"ŞCOALA GIMNAZIALĂ NR.92;","BUCUREŞTI SECTORUL 3",B,1879,19,3,0,22,75,9,0,84,97,11,0,108,113,12,0,125,191,22,0,213,228,33,0,261
179169,527,"ŞCOALA GIMNAZIALĂ NR.92;","BUCUREŞTI SECTORUL 3",B,1425,11,0,0,11,79,2,0,81,100,5,0,105,115,8,0,123,187,15,0,202,227,17,0,244
179169,528,"ŞCOALA GIMNAZIALĂ NR.92;","BUCUREŞTI SECTORUL 3",B,1851,15,0,0,15,62,0,0,62,88,0,0,88,101,0,0,101,161,2,0,163,211,5,1,217
179169,529,"ŞCOALA GIMNAZIALĂ NR.92;","BUCUREŞTI SECTORUL 3",B,1382,7,0,0,7,46,0,0,46,79,0,0,79,82,0,0,82,152,3,0,155,201,3,0,204
179169,530,"ŞCOALA GIMNAZIALĂ NR.92;","BUCUREŞTI SECTORUL 3",B,1126,3,1,0,4,60,1,0,61,85,5,0,90,99,5,0,104,156,5,0,161,193,6,0,199
179169,531,"ŞCOALA GIMNAZIALĂ NR.92;","BUCUREŞTI SECTORUL 3",B,1692,14,0,0,14,58,0,0,58,96,1,0,97,103,4,0,107,175,5,0,180,233,6,0,239
179169,532,"ŞCOALA GIMNAZIALĂ NR.92;","BUCUREŞTI SECTORUL 3",B,1519,9,0,0,9,48,1,0,49,77,1,0,78,92,1,0,93,164,2,0,166,200,3,0,203
179169,533,"ŞCOALA GIMNAZIALĂ NR.92;","BUCUREŞTI SECTORUL 3",B,1359,19,4,0,23,80,6,0,86,112,7,0,119,130,7,0,137,216,9,0,225,257,9,0,266
179169,534,"ŞCOALA GIMNAZIALĂ NR.92;","BUCUREŞTI SECTORUL 3",B,1466,12,0,0,12,67,0,0,67,92,0,1,93,103,0,1,104,180,4,1,185,220,4,1,225
179169,535,"ŞCOALA GIMNAZIALĂ NR.20;","BUCUREŞTI SECTORUL 3",B,1439,19,0,0,19,84,0,0,84,116,1,0,117,128,1,0,129,195,1,0,196,237,1,0,238
179169,536,"ŞCOALA GIMNAZIALĂ NR.20;","BUCUREŞTI SECTORUL 3",B,1718,23,1,0,24,76,3,0,79,100,8,0,108,118,8,0,126,210,12,0,222,250,15,0,265
179169,537,"ŞCOALA GIMNAZIALĂ NR.20;","BUCUREŞTI SECTORUL 3",B,1974,10,2,0,12,89,10,0,99,121,18,0,139,129,19,0,148,228,37,0,265,295,59,0,354
179169,538,"ŞCOALA GIMNAZIALĂ NR.20;","BUCUREŞTI SECTORUL 3",B,1389,14,0,0,14,55,1,0,56,78,4,0,82,90,4,0,94,160,9,0,169,211,14,0,225
179169,539,"ŞCOALA GIMNAZIALĂ NR.20;","BUCUREŞTI SECTORUL 3",B,1456,10,0,0,10,62,3,0,65,98,3,0,101,111,3,0,114,196,4,0,200,242,7,0,249
179169,540,"ŞCOALA GIMNAZIALĂ NR.20;","BUCUREŞTI SECTORUL 3",B,1419,13,0,0,13,73,2,0,75,105,6,0,111,123,6,0,129,182,9,1,192,236,15,1,252
179169,541,"COLEGIUL TEHNIC ""COSTIN D. NENIŢESCU"";","BUCUREŞTI SECTORUL 3",B,2065,9,5,0,14,87,20,0,107,121,38,0,159,139,39,0,178,208,61,0,269,244,93,0,337
179169,542,"COLEGIUL TEHNIC ""COSTIN D. NENIŢESCU"";","BUCUREŞTI SECTORUL 3",B,1363,11,0,0,11,65,4,0,69,79,24,0,103,83,26,0,109,157,39,0,196,198,57,0,255
179169,543,"COLEGIUL TEHNIC ""COSTIN D. NENIŢESCU"";","BUCUREŞTI SECTORUL 3",B,1488,11,3,0,14,52,3,0,55,86,4,0,90,99,4,0,103,191,7,0,198,234,7,0,241
179169,544,"COLEGIUL TEHNIC ""COSTIN D. NENIŢESCU"";","BUCUREŞTI SECTORUL 3",B,1508,20,2,0,22,75,2,0,77,100,2,0,102,108,2,0,110,186,3,0,189,232,6,0,238
179169,545,"COLEGIUL TEHNIC ""COSTIN D. NENIŢESCU"";","BUCUREŞTI SECTORUL 3",B,1833,12,0,0,12,60,1,0,61,97,1,0,98,107,1,0,108,202,6,0,208,245,7,0,252
179169,546,"ŞCOALA GIMNAZIALĂ NR.112;","BUCUREŞTI SECTORUL 3",B,1246,14,1,0,15,56,6,0,62,90,8,0,98,107,8,0,115,168,13,0,181,196,15,0,211
179169,547,"ŞCOALA GIMNAZIALĂ NR.112;","BUCUREŞTI SECTORUL 3",B,1170,11,0,0,11,54,4,0,58,75,11,0,86,88,13,0,101,155,36,1,192,189,49,1,239
179169,548,"ŞCOALA GIMNAZIALĂ NR.112;","BUCUREŞTI SECTORUL 3",B,1270,16,0,0,16,69,3,0,72,88,7,0,95,104,8,0,112,147,12,0,159,174,17,0,191
179169,549,"ŞCOALA GIMNAZIALĂ NR.112;","BUCUREŞTI SECTORUL 3",B,1549,17,1,0,18,65,3,0,68,102,4,0,106,117,5,0,122,209,17,0,226,258,22,0,280
179169,550,"ŞCOALA GIMNAZIALĂ NR.112;","BUCUREŞTI SECTORUL 3",B,1218,13,2,0,15,53,3,0,56,72,3,0,75,78,3,0,81,135,9,0,144,180,9,0,189
179169,551,"ŞCOALA GIMNAZIALĂ NR.112;","BUCUREŞTI SECTORUL 3",B,1230,17,2,0,19,67,7,0,74,78,8,1,87,94,11,1,106,156,12,1,169,187,12,1,200
179169,552,"ŞCOALA GIMNAZIALĂ NR.112;","BUCUREŞTI SECTORUL 3",B,1186,8,0,0,8,41,2,0,43,61,3,0,64,74,3,0,77,127,5,0,132,154,5,0,159
179169,553,"ŞCOALA GIMNAZIALĂ NR.112;","BUCUREŞTI SECTORUL 3",B,1143,7,0,0,7,48,0,0,48,79,0,0,79,90,1,0,91,150,5,0,155,188,6,0,194
179169,554,"ŞCOALA GIMNAZIALĂ NR.112;","BUCUREŞTI SECTORUL 3",B,1285,16,0,0,16,53,2,0,55,77,2,0,79,93,2,0,95,161,6,0,167,185,7,0,192
179169,555,"ŞCOALA GIMNAZIALĂ NR.112;","BUCUREŞTI SECTORUL 3",B,1195,12,0,0,12,52,1,0,53,59,1,0,60,71,1,0,72,116,1,0,117,143,2,0,145
179169,556,"ŞCOALA GIMNAZIALĂ NR.200;","BUCUREŞTI SECTORUL 3",B,1599,14,0,0,14,76,10,0,86,118,19,0,137,135,20,0,155,210,26,0,236,262,41,0,303
179169,557,"ŞCOALA GIMNAZIALĂ NR.200;","BUCUREŞTI SECTORUL 3",B,1585,17,4,0,21,76,11,0,87,119,13,0,132,130,13,0,143,209,19,0,228,263,23,0,286
179169,558,"ŞCOALA GIMNAZIALĂ NR.200;","BUCUREŞTI SECTORUL 3",B,1405,5,0,0,5,58,5,21,84,91,7,21,119,98,9,21,128,163,11,21,195,190,15,21,226
179169,559,"ŞCOALA GIMNAZIALĂ NR.200;","BUCUREŞTI SECTORUL 3",B,1532,10,2,0,12,56,5,0,61,88,6,0,94,102,6,1,109,147,6,1,154,209,6,2,217
179169,560,"ŞCOALA GIMNAZIALĂ NR.200;","BUCUREŞTI SECTORUL 3",B,1476,5,0,0,5,64,1,0,65,94,1,0,95,106,1,0,107,180,2,0,182,225,4,0,229
179169,561,"ŞCOALA GIMNAZIALĂ NR.200;","BUCUREŞTI SECTORUL 3",B,1387,8,0,0,8,48,0,0,48,55,0,0,55,69,0,0,69,100,2,0,102,132,5,0,137
179169,562,"ŞCOALA GIMNAZIALĂ NR.200;","BUCUREŞTI SECTORUL 3",B,1875,8,5,0,13,67,7,0,74,95,10,0,105,110,10,0,120,193,14,0,207,261,19,0,280
179169,563,"ŞCOALA GIMNAZIALĂ""FEDERICO GARCIA LORCA"";","BUCUREŞTI SECTORUL 3",B,1203,7,1,0,8,58,7,0,65,73,13,0,86,81,14,0,95,151,22,0,173,177,32,0,209
179169,564,"ŞCOALA GIMNAZIALĂ""FEDERICO GARCIA LORCA"";","BUCUREŞTI SECTORUL 3",B,1053,18,4,0,22,53,8,0,61,77,10,0,87,95,10,0,105,168,14,0,182,206,17,1,224
179169,565,"ŞCOALA GIMNAZIALĂ""FEDERICO GARCIA LORCA"";","BUCUREŞTI SECTORUL 3",B,1233,10,0,0,10,67,8,0,75,107,13,0,120,116,13,0,129,193,14,0,207,251,19,0,270
179169,566,"ŞCOALA GIMNAZIALĂ""FEDERICO GARCIA LORCA"";","BUCUREŞTI SECTORUL 3",B,1555,21,4,0,25,71,4,0,75,102,7,0,109,117,7,0,124,204,11,0,215,258,11,0,269
179169,567,"ŞCOALA GIMNAZIALĂ""FEDERICO GARCIA LORCA"";","BUCUREŞTI SECTORUL 3",B,1385,9,0,0,9,51,2,0,53,82,5,0,87,95,6,0,101,168,11,0,179,213,11,0,224
179169,568,"ŞCOALA GIMNAZIALĂ""FEDERICO GARCIA LORCA"";","BUCUREŞTI SECTORUL 3",B,1259,14,2,0,16,69,3,0,72,88,4,0,92,94,4,0,98,173,6,0,179,210,7,0,217
179169,569,"ŞCOALA GIMNAZIALĂ""FEDERICO GARCIA LORCA"";","BUCUREŞTI SECTORUL 3",B,1420,9,0,0,9,41,3,0,44,71,4,0,75,82,4,0,86,132,5,0,137,170,7,0,177
179169,570,"ŞCOALA GIMNAZIALĂ ""MEXIC"";","BUCUREŞTI SECTORUL 3",B,1704,17,1,0,18,63,4,0,67,96,4,0,100,107,7,0,114,172,15,2,189,229,18,2,249
179169,571,"ŞCOALA GIMNAZIALĂ ""MEXIC"";","BUCUREŞTI SECTORUL 3",B,1785,11,3,0,14,48,7,0,55,75,11,0,86,89,12,0,101,192,25,0,217,255,34,0,289
179169,572,"ŞCOALA GIMNAZIALĂ ""MEXIC"";","BUCUREŞTI SECTORUL 3",B,1760,10,1,0,11,45,8,0,53,74,10,0,84,86,13,0,99,157,15,0,172,206,19,0,225
179169,573,"ŞCOALA GIMNAZIALĂ ""MEXIC"";","BUCUREŞTI SECTORUL 3",B,1804,11,1,0,12,45,3,0,48,66,4,0,70,77,5,0,82,126,14,0,140,156,20,0,176
179169,574,"ŞCOALA GIMNAZIALĂ ""MEXIC"";","BUCUREŞTI SECTORUL 3",B,1796,15,2,0,17,65,2,0,67,91,2,0,93,108,2,0,110,177,4,0,181,235,5,0,240
179169,575,"ŞCOALA GIMNAZIALĂ ""MEXIC"";","BUCUREŞTI SECTORUL 3",B,1538,12,3,0,15,62,3,0,65,95,4,0,99,110,4,0,114,188,5,0,193,227,13,0,240
179169,576,"ŞCOALA GIMNAZIALĂ ""MEXIC"";","BUCUREŞTI SECTORUL 3",B,1815,4,6,0,10,63,7,0,70,93,7,0,100,105,7,0,112,180,8,0,188,223,8,0,231
179169,577,"ŞCOALA GIMNAZIALĂ ""MEXIC"";","BUCUREŞTI SECTORUL 3",B,1853,16,0,0,16,51,0,0,51,80,1,0,81,106,4,0,110,176,4,0,180,252,6,0,258
179169,578,"ŞCOALA GIMNAZIALĂ ""LIVIU REBREANU"";","BUCUREŞTI SECTORUL 3",B,1385,15,0,0,15,43,9,0,52,65,12,0,77,77,12,0,89,156,17,0,173,202,20,0,222
179169,579,"ŞCOALA GIMNAZIALĂ ""LIVIU REBREANU"";","BUCUREŞTI SECTORUL 3",B,1038,8,0,0,8,39,0,0,39,67,1,0,68,72,1,0,73,132,4,0,136,158,4,0,162
179169,580,"LICEUL TEORETIC ""AL. I. CUZA"";","BUCUREŞTI SECTORUL 3",B,1394,15,0,0,15,80,4,0,84,103,5,0,108,114,5,0,119,167,5,0,172,204,5,0,209
179169,581,"LICEUL TEORETIC ""AL. I. CUZA"";","BUCUREŞTI SECTORUL 3",B,1340,13,0,0,13,64,0,0,64,78,0,0,78,94,1,0,95,172,2,0,174,222,4,0,226
179169,582,"LICEUL TEORETIC ""AL. I. CUZA"";","BUCUREŞTI SECTORUL 3",B,1266,26,2,0,28,89,10,0,99,109,12,0,121,119,12,0,131,195,24,0,219,233,31,0,264
179169,583,"LICEUL TEORETIC ""AL. I. CUZA"";","BUCUREŞTI SECTORUL 3",B,1346,18,0,0,18,70,2,0,72,111,5,0,116,123,5,0,128,179,10,0,189,220,12,0,232
179169,584,"LICEUL TEORETIC ""AL. I. CUZA"";","BUCUREŞTI SECTORUL 3",B,1323,20,0,0,20,92,3,0,95,117,3,0,120,126,4,0,130,214,6,0,220,237,11,0,248
179169,585,"LICEUL TEORETIC ""AL. I. CUZA"";","BUCUREŞTI SECTORUL 3",B,1488,13,0,0,13,86,1,1,88,109,3,1,113,121,3,1,125,193,4,1,198,224,10,1,235
179169,586,"LICEUL TEORETIC ""NICHITA STĂNESCU"";","BUCUREŞTI SECTORUL 3",B,1181,12,0,0,12,59,8,0,67,85,20,0,105,99,22,0,121,157,27,0,184,192,33,0,225
179169,587,"LICEUL TEORETIC ""NICHITA STĂNESCU"";","BUCUREŞTI SECTORUL 3",B,1000,8,0,0,8,32,4,0,36,53,5,0,58,59,6,0,65,110,18,0,128,140,34,0,174
179169,588,"LICEUL TEORETIC ""NICHITA STĂNESCU"";","BUCUREŞTI SECTORUL 3",B,1522,14,1,0,15,51,5,0,56,79,7,0,86,85,7,0,92,151,12,0,163,188,13,0,201
179169,589,"LICEUL TEORETIC ""NICHITA STĂNESCU"";","BUCUREŞTI SECTORUL 3",B,1126,5,4,0,9,30,5,0,35,52,5,0,57,58,5,0,63,112,6,0,118,143,6,0,149
179169,590,"LICEUL TEORETIC ""NICHITA STĂNESCU"";","BUCUREŞTI SECTORUL 3",B,1380,15,4,0,19,65,6,0,71,88,7,0,95,96,7,0,103,169,9,0,178,203,10,0,213
179169,591,"LICEUL TEORETIC ""NICHITA STĂNESCU"";","BUCUREŞTI SECTORUL 3",B,1470,5,0,0,5,46,1,0,47,67,2,0,69,76,2,0,78,138,10,0,148,183,19,0,202
179169,592,"ŞCOALA GIMNAZIALĂ ""VOIEVOD NEAGOE BASARAB"";","BUCUREŞTI SECTORUL 3",B,1399,16,2,0,18,65,6,0,71,99,6,0,105,115,7,0,122,190,12,0,202,223,18,0,241
179169,593,"ŞCOALA GIMNAZIALĂ ""VOIEVOD NEAGOE BASARAB"";","BUCUREŞTI SECTORUL 3",B,1224,9,2,0,11,56,4,0,60,82,6,0,88,94,6,0,100,147,12,0,159,180,14,0,194
179169,594,"ŞCOALA GIMNAZIALĂ ""VOIEVOD NEAGOE BASARAB"";","BUCUREŞTI SECTORUL 3",B,1539,16,0,0,16,60,0,0,60,94,0,0,94,106,0,0,106,190,0,0,190,244,0,0,244
179169,595,"ŞCOALA GIMNAZIALĂ ""VOIEVOD NEAGOE BASARAB"";","BUCUREŞTI SECTORUL 3",B,1379,11,0,0,11,81,3,0,84,104,3,0,107,121,3,0,124,174,5,0,179,213,8,0,221
179169,596,"ŞCOALA GIMNAZIALĂ NR.149;","BUCUREŞTI SECTORUL 3",B,1523,19,2,0,21,93,11,1,105,149,15,1,165,163,15,1,179,241,23,1,265,278,25,1,304
179169,597,"ŞCOALA GIMNAZIALĂ NR.149;","BUCUREŞTI SECTORUL 3",B,1610,16,0,0,16,53,0,0,53,76,0,0,76,91,0,0,91,169,4,0,173,208,6,0,214
179169,598,"ŞCOALA GIMNAZIALĂ NR.149;","BUCUREŞTI SECTORUL 3",B,1430,11,1,0,12,69,4,0,73,103,7,0,110,115,8,0,123,178,9,0,187,225,9,0,234
179169,599,"ŞCOALA GIMNAZIALĂ NR. 82;","BUCUREŞTI SECTORUL 3",B,1279,7,2,0,9,53,17,0,70,92,25,0,117,109,25,0,134,161,40,0,201,207,48,0,255
179169,600,"ŞCOALA GIMNAZIALĂ NR. 82;","BUCUREŞTI SECTORUL 3",B,1375,9,2,5,16,50,7,5,62,85,11,5,101,98,14,5,117,175,16,5,196,206,26,5,237
179169,601,"ŞCOALA GIMNAZIALĂ NR. 82;","BUCUREŞTI SECTORUL 3",B,1452,8,0,0,8,67,2,0,69,101,2,0,103,114,3,0,117,209,9,0,218,251,16,0,267
179169,602,"ŞCOALA GIMNAZIALĂ NR. 82;","BUCUREŞTI SECTORUL 3",B,1486,25,7,0,32,68,8,0,76,95,9,0,104,104,9,0,113,182,13,0,195,221,18,0,239
179169,603,"ŞCOALA GIMNAZIALĂ NR. 82;","BUCUREŞTI SECTORUL 3",B,1272,0,0,0,0,37,0,0,37,58,0,0,58,77,0,0,77,162,4,0,166,199,12,0,211
179169,604,"ŞCOALA GIMNAZIALĂ NR. 82;","BUCUREŞTI SECTORUL 3",B,1712,7,0,0,7,76,0,0,76,108,0,0,108,120,0,0,120,212,2,0,214,262,3,0,265
179169,605,"ŞCOALA GIMNAZIALĂ NR. 82;","BUCUREŞTI SECTORUL 3",B,1343,4,0,0,4,62,1,0,63,92,2,0,94,115,2,0,117,199,4,0,203,245,5,0,250
179169,606,"ŞCOALA GIMNAZIALĂ NR. 82;","BUCUREŞTI SECTORUL 3",B,1785,6,0,0,6,61,1,0,62,102,1,0,103,118,1,0,119,200,10,0,210,243,13,0,256
179169,607,"ŞCOALA GIMNAZIALĂ NR.116;","BUCUREŞTI SECTORUL 3",B,1672,7,0,0,7,58,0,0,58,94,2,0,96,114,2,0,116,195,3,0,198,233,11,0,244
179169,608,"ŞCOALA GIMNAZIALĂ NR.116;","BUCUREŞTI SECTORUL 3",B,2000,15,2,0,17,59,3,0,62,90,7,0,97,109,9,0,118,184,28,0,212,217,33,0,250
179169,609,"ŞCOALA GIMNAZIALĂ NR.116;","BUCUREŞTI SECTORUL 3",B,1577,4,0,0,4,51,2,0,53,80,5,0,85,94,5,0,99,193,9,0,202,253,15,0,268
179169,610,"ŞCOALA GIMNAZIALĂ NR.116;","BUCUREŞTI SECTORUL 3",B,1561,15,3,0,18,73,6,0,79,115,7,0,122,125,7,0,132,186,9,0,195,234,9,0,243
179169,611,"ŞCOALA GIMNAZIALĂ NR.116;","BUCUREŞTI SECTORUL 3",B,1419,13,0,0,13,68,2,0,70,97,3,0,100,104,4,0,108,170,9,0,179,209,9,0,218
179169,612,"ŞCOALA GIMNAZIALĂ NR.116;","BUCUREŞTI SECTORUL 3",B,1362,14,0,0,14,39,0,0,39,67,0,0,67,67,0,0,67,125,3,0,128,154,3,0,157
179169,613,"ŞCOALA GIMNAZIALĂ NR.116;","BUCUREŞTI SECTORUL 3",B,1749,8,2,0,10,42,10,0,52,75,17,0,92,85,17,0,102,165,21,1,187,240,25,1,266
179169,614,"ŞCOALA GIMNAZIALĂ NR.55;","BUCUREŞTI SECTORUL 3",B,2098,0,0,0,0,3,0,0,3,5,0,0,5,5,0,0,5,9,6,0,15,11,6,0,17
179169,615,"ŞCOALA GIMNAZIALĂ NR.55;","BUCUREŞTI SECTORUL 3",B,1845,1,0,0,1,3,0,0,3,3,4,0,7,3,4,0,7,6,4,0,10,7,4,0,11
179169,616,"ŞCOALA GIMNAZIALĂ NR.55;","BUCUREŞTI SECTORUL 3",B,1607,0,3,0,3,8,3,0,11,12,4,0,16,18,4,0,22,39,5,0,44,52,8,0,60
179169,617,"ŞCOALA GIMNAZIALĂ NR.55;","BUCUREŞTI SECTORUL 3",B,1868,2,1,0,3,11,2,0,13,15,3,0,18,17,3,0,20,38,6,0,44,47,12,0,59
179169,618,"ŞCOALA GIMNAZIALĂ NR.55;","BUCUREŞTI SECTORUL 3",B,1821,0,0,0,0,11,0,0,11,15,0,0,15,18,0,0,18,33,0,0,33,44,0,0,44
179169,619,"ŞCOALA GIMNAZIALĂ NR.55;","BUCUREŞTI SECTORUL 3",B,1545,3,0,0,3,4,0,0,4,7,0,0,7,9,3,0,12,17,3,0,20,24,3,0,27
179169,620,"ŞCOALA GIMNAZIALĂ NR.55;","BUCUREŞTI SECTORUL 3",B,1723,1,1,0,2,15,1,0,16,18,3,0,21,22,3,0,25,58,3,0,61,79,3,0,82
179169,621,"ŞCOALA GIMNAZIALĂ NR.55;","BUCUREŞTI SECTORUL 3",B,1599,4,5,0,9,17,5,0,22,29,5,0,34,38,6,0,44,79,6,0,85,94,7,0,101
179169,622,"ŞCOALA GIMNAZIALĂ NR.55;","BUCUREŞTI SECTORUL 3",B,1711,5,0,0,5,23,0,0,23,30,0,0,30,36,0,0,36,71,0,0,71,115,3,0,118
179169,623,"ŞCOALA GIMNAZIALĂ NR.55;","BUCUREŞTI SECTORUL 3",B,1875,0,0,0,0,16,1,0,17,35,2,0,37,46,2,0,48,97,2,0,99,135,2,0,137
179169,624,"ŞCOALA GIMNAZIALĂ NR.55;","BUCUREŞTI SECTORUL 3",B,2476,5,0,0,5,14,0,0,14,21,0,0,21,26,0,0,26,49,0,0,49,71,3,0,74
179169,625,"ŞCOALA GIMNAZIALĂ NR.55;","BUCUREŞTI SECTORUL 3",B,1410,0,0,0,0,0,1,0,1,0,1,0,1,0,1,0,1,5,2,0,7,5,2,0,7
179169,626,"ŞCOALA GIMNAZIALĂ NR.55;","BUCUREŞTI SECTORUL 3",B,2617,1,0,0,1,10,2,0,12,14,2,0,16,17,2,0,19,38,5,0,43,50,5,0,55
179169,627,"ŞCOALA GIMNAZIALĂ NR.55;","BUCUREŞTI SECTORUL 3",B,2273,0,0,0,0,2,2,0,4,5,2,0,7,5,2,0,7,8,2,0,10,8,2,0,10
179169,628,"ŞCOALA GIMNAZIALĂ NR.55;","BUCUREŞTI SECTORUL 3",B,2284,0,0,0,0,6,0,0,6,8,0,0,8,10,0,0,10,18,0,0,18,28,0,0,28
179169,629,"ŞCOALA GIMNAZIALĂ NR.55;","BUCUREŞTI SECTORUL 3",B,1530,9,3,0,12,17,3,0,20,23,3,0,26,33,3,0,36,63,3,0,66,76,3,0,79
179169,630,"ŞCOALA GIMNAZIALĂ NR.55;","BUCUREŞTI SECTORUL 3",B,1864,8,0,0,8,21,0,0,21,29,0,0,29,40,0,0,40,82,0,0,82,105,1,0,106
179169,631,"ŞCOALA GIMNAZIALĂ NR.55;","BUCUREŞTI SECTORUL 3",B,1712,7,0,0,7,30,0,0,30,46,0,0,46,56,0,0,56,111,0,0,111,153,7,0,160
179169,632,"ŞCOALA GIMNAZIALĂ NR.47;","BUCUREŞTI SECTORUL 3",B,2489,0,0,0,0,0,0,0,0,1,0,0,1,1,0,0,1,8,6,0,14,13,7,0,20
179169,633,"ŞCOALA GIMNAZIALĂ NR.47;","BUCUREŞTI SECTORUL 3",B,2299,0,3,0,3,6,3,0,9,14,3,0,17,14,3,0,17,37,5,0,42,42,7,0,49
179169,634,"ŞCOALA GIMNAZIALĂ NR.47;","BUCUREŞTI SECTORUL 3",B,2314,4,2,0,6,14,3,0,17,14,3,0,17,14,3,0,17,20,3,0,23,32,3,0,35
179169,635,"ŞCOALA GIMNAZIALĂ NR.47;","BUCUREŞTI SECTORUL 3",B,2178,0,0,0,0,3,0,0,3,4,0,0,4,4,0,0,4,11,1,0,12,14,1,0,15
179169,636,"ŞCOALA GIMNAZIALĂ NR.47;","BUCUREŞTI SECTORUL 3",B,2191,0,0,0,0,4,2,0,6,16,3,0,19,17,3,0,20,44,3,0,47,49,4,0,53
179169,637,"ŞCOALA GIMNAZIALĂ NR.47;","BUCUREŞTI SECTORUL 3",B,2174,0,0,0,0,0,0,0,0,2,0,0,2,2,0,0,2,13,2,0,15,22,3,0,25
179169,638,"ŞCOALA GIMNAZIALĂ NR.47;","BUCUREŞTI SECTORUL 3",B,2117,0,0,0,0,8,0,0,8,11,1,0,12,13,1,0,14,27,1,0,28,37,1,0,38
179169,639,"ŞCOALA GIMNAZIALĂ NR.47;","BUCUREŞTI SECTORUL 3",B,2581,0,0,0,0,0,4,0,4,0,4,0,4,0,4,0,4,1,4,0,5,1,6,0,7
179169,640,"ȘCOALA GIMNAZIALĂ NR.47;","BUCUREŞTI SECTORUL 3",B,1882,2,0,0,2,12,2,0,14,14,2,0,16,18,2,0,20,39,2,0,41,44,5,0,49
179169,641,"ŞCOALA GIMNAZIALĂ NR.47;","BUCUREŞTI SECTORUL 3",B,1938,2,0,0,2,13,0,0,13,16,5,0,21,28,5,0,33,74,6,0,80,80,6,0,86
179169,642,"ŞCOALA GIMNAZIALĂ NR.78;","BUCUREŞTI SECTORUL 3",B,1958,6,0,0,6,29,6,0,35,37,7,0,44,44,8,0,52,75,9,0,84,93,17,0,110
179169,643,"ŞCOALA GIMNAZIALĂ NR.78;","BUCUREŞTI SECTORUL 3",B,1780,6,0,0,6,30,0,0,30,64,0,0,64,80,5,0,85,148,6,0,154,197,8,0,205
179169,644,"ŞCOALA GIMNAZIALĂ NR.78;","BUCUREŞTI SECTORUL 3",B,1917,5,0,0,5,9,0,0,9,13,0,0,13,15,0,0,15,36,1,0,37,47,1,0,48
179169,645,"ŞCOALA GIMNAZIALĂ NR.78;","BUCUREŞTI SECTORUL 3",B,1907,4,0,0,4,5,0,0,5,8,0,0,8,10,4,0,14,21,4,0,25,25,4,0,29
179169,646,"ŞCOALA GIMNAZIALĂ NR.78;","BUCUREŞTI SECTORUL 3",B,1862,5,0,0,5,13,0,0,13,22,0,0,22,27,0,0,27,55,6,0,61,63,7,0,70
179169,647,"ŞCOALA GIMNAZIALĂ NR.78;","BUCUREŞTI SECTORUL 3",B,1850,3,0,0,3,29,4,0,33,42,4,0,46,46,4,0,50,81,6,0,87,120,7,0,127
179169,648,"ŞCOALA GIMNAZIALĂ NR.78;","BUCUREŞTI SECTORUL 3",B,2178,0,0,0,0,0,3,0,3,0,3,0,3,0,3,0,3,1,3,0,4,1,3,0,4
179169,649,"ŞCOALA GIMNAZIALĂ NR.78;","BUCUREŞTI SECTORUL 3",B,2196,0,0,0,0,2,0,0,2,3,1,0,4,3,1,0,4,3,1,0,4,3,2,0,5
179169,650,"ŞCOALA GIMNAZIALĂ NR.67;","BUCUREŞTI SECTORUL 3",B,1620,14,1,0,15,47,3,0,50,71,4,0,75,78,4,0,82,169,5,0,174,205,5,0,210
179169,651,"ŞCOALA GIMNAZIALĂ NR.67;","BUCUREŞTI SECTORUL 3",B,1737,12,5,0,17,39,5,0,44,63,6,0,69,81,6,0,87,171,9,0,180,223,10,0,233
179178,652,"COLEGIUL NAŢIONAL ""MIHAI EMINESCU""","BUCUREŞTI SECTORUL 4",B,1601,16,7,0,23,88,29,0,117,129,48,0,177,137,55,0,192,232,93,0,325,291,103,0,394
179178,653,"COLEGIUL NAŢIONAL ""MIHAI EMINESCU""","BUCUREŞTI SECTORUL 4",B,1386,8,0,0,8,68,13,28,109,99,14,28,141,114,14,28,156,180,20,28,228,217,21,28,266
179178,654,"COLEGIUL NAŢIONAL ""MIHAI EMINESCU""","BUCUREŞTI SECTORUL 4",B,1124,10,6,0,16,38,9,0,47,51,15,0,66,64,16,0,80,124,24,0,148,153,27,0,180
179178,655,"COLEGIUL NAȚIONAL DE ARTE ""DINU LIPATTI""","BUCUREŞTI SECTORUL 4",B,1171,3,2,0,5,38,9,0,47,51,16,0,67,55,18,0,73,105,24,0,129,134,36,0,170
179178,656,"LICEUL NAȚIONAL DE ARTE ""DINU LIPATTI""","BUCUREŞTI SECTORUL 4",B,1263,1,3,0,4,33,6,0,39,57,9,0,66,67,10,0,77,122,19,0,141,170,22,0,192
179178,657,"ŞCOALA GIMNAZIALĂ ""IENĂCHIŢĂ VĂCĂRESCU""","BUCUREŞTI SECTORUL 4",B,1155,18,0,0,18,85,27,0,112,105,32,0,137,116,35,0,151,186,59,0,245,221,79,0,300
179178,658,"ŞCOALA GIMNAZIALĂ ""IENĂCHIŢĂ VĂCĂRESCU""","BUCUREŞTI SECTORUL 4",B,1183,15,0,0,15,73,16,0,89,94,20,0,114,109,20,0,129,168,23,0,191,206,32,0,238
179178,659,"ŞCOALA GIMNAZIALĂ ""IENĂCHIŢĂ VĂCĂRESCU""","BUCUREŞTI SECTORUL 4",B,1140,8,0,0,8,55,12,0,67,78,15,0,93,90,15,0,105,162,24,0,186,205,34,0,239
179178,660,"ŞCOALA GIMNAZIALĂ ""IENĂCHIŢĂ VĂCĂRESCU""","BUCUREŞTI SECTORUL 4",B,1449,7,0,0,7,60,8,0,68,77,18,0,95,95,18,0,113,161,25,0,186,219,38,0,257
179178,661,"ŞCOALA GIMNAZIALĂ NR. 79","BUCUREŞTI SECTORUL 4",B,990,13,1,0,14,55,10,0,65,83,10,0,93,85,12,0,97,154,16,0,170,191,25,0,216
179178,662,"ŞCOALA GIMNAZIALĂ NR. 79","BUCUREŞTI SECTORUL 4",B,1031,3,6,0,9,41,20,0,61,69,25,0,94,74,25,0,99,137,36,0,173,170,49,0,219
179178,663,"ŞCOALA GIMNAZIALĂ NR. 79","BUCUREŞTI SECTORUL 4",B,1361,8,0,0,8,44,3,0,47,62,6,0,68,73,8,0,81,136,15,0,151,180,18,0,198
179178,664,"COLEGIUL NAŢIONALION CREANGĂ","BUCUREŞTI SECTORUL 4",B,1326,13,1,0,14,40,12,0,52,59,15,0,74,64,16,0,80,110,29,0,139,145,44,0,189
179178,665,"COLEGIUL NAŢIONALION CREANGĂ","BUCUREŞTI SECTORUL 4",B,1033,3,1,0,4,47,11,0,58,60,19,0,79,63,20,0,83,123,31,0,154,148,45,0,193
179178,666,"COLEGIUL TEHNIC GRIGORE CERCHEZ","BUCUREŞTI SECTORUL 4",B,1060,12,0,0,12,92,5,0,97,92,5,0,97,92,6,0,98,143,16,0,159,194,27,0,221
179178,667,"COLEGIUL TEHNIC GRIGORE CERCHEZ","BUCUREŞTI SECTORUL 4",B,1375,8,0,24,32,51,0,24,75,81,1,24,106,91,4,24,119,181,8,24,213,231,9,24,264
179178,668,"COLEGIUL NAŢIONAL GH.ŞINCAI","BUCUREŞTI SECTORUL 4",B,1149,7,0,0,7,65,0,0,65,101,0,0,101,103,2,0,105,159,4,0,163,185,6,0,191
179178,669,"COLEGIUL NAŢIONAL GH.ŞINCAI","BUCUREŞTI SECTORUL 4",B,1171,11,0,0,11,70,0,0,70,93,8,0,101,104,8,0,112,160,11,0,171,197,12,0,209
179178,670,"COLEGIUL NAŢIONAL GH.ŞINCAI","BUCUREŞTI SECTORUL 4",B,1253,15,2,0,17,88,19,0,107,117,33,0,150,130,41,0,171,210,81,0,291,254,115,0,369
179178,671,"COLEGIUL NAŢIONAL GH.ŞINCAI","BUCUREŞTI SECTORUL 4",B,1100,9,0,0,9,69,16,0,85,109,25,0,134,119,26,0,145,191,35,0,226,231,42,0,273
179178,672,"COLEGIUL NAŢIONAL GH.ŞINCAI","BUCUREŞTI SECTORUL 4",B,1458,9,5,0,14,83,7,0,90,124,9,0,133,140,9,0,149,223,12,0,235,276,12,0,288
179178,673,"ŞCOALA GIMNAZIALĂNR. 97","BUCUREŞTI SECTORUL 4",B,1301,9,1,0,10,68,6,0,74,82,6,0,88,94,6,0,100,166,7,0,173,206,15,0,221
179178,674,"ŞCOALA GIMNAZIALĂNR. 97","BUCUREŞTI SECTORUL 4",B,1368,18,3,0,21,86,13,0,99,127,20,0,147,140,20,0,160,192,25,0,217,246,34,0,280
179178,675,"ŞCOALA GIMNAZIALĂNR. 97","BUCUREŞTI SECTORUL 4",B,1342,20,2,0,22,73,12,0,85,115,19,0,134,128,21,0,149,178,27,0,205,254,32,0,286
179178,676,"ŞCOALA GIMNAZIALĂNR. 97","BUCUREŞTI SECTORUL 4",B,1247,6,3,0,9,61,8,0,69,111,11,0,122,119,12,0,131,182,26,0,208,217,30,0,247
179178,677,"ŞCOALA GIMNAZIALĂNR. 97","BUCUREŞTI SECTORUL 4",B,1041,8,2,0,10,48,7,0,55,64,10,0,74,75,11,0,86,136,26,0,162,171,40,0,211
179178,678,"COLEGIUL TEHNIC PETRU RAREŞ","BUCUREŞTI SECTORUL 4",B,1159,18,0,0,18,89,7,0,96,110,15,0,125,116,15,0,131,196,23,0,219,236,30,0,266
179178,679,"COLEGIUL TEHNIC PETRU RAREŞ","BUCUREŞTI SECTORUL 4",B,1386,11,2,0,13,60,2,0,62,90,3,0,93,99,3,0,102,171,4,0,175,226,6,0,232
179178,680,"COLEGIUL TEHNIC PETRU RAREŞ","BUCUREŞTI SECTORUL 4",B,1060,12,0,0,12,71,3,0,74,104,6,0,110,113,7,0,120,163,7,0,170,197,10,0,207
179178,681,"COLEGIUL TEHNIC PETRU RAREŞ","BUCUREŞTI SECTORUL 4",B,995,6,1,0,7,58,2,0,60,76,3,0,79,83,3,0,86,146,4,0,150,180,5,0,185
179178,682,"COLEGIUL TEHNIC PETRU RAREŞ","BUCUREŞTI SECTORUL 4",B,1585,15,3,0,18,65,8,0,73,109,11,0,120,125,13,0,138,194,30,0,224,232,47,0,279
179178,683,"COLEGIUL TEHNIC PETRU RAREŞ","BUCUREŞTI SECTORUL 4",B,1374,13,0,0,13,77,10,0,87,121,13,0,134,131,13,0,144,190,18,0,208,226,21,0,247
179178,684,"COLEGIUL TEHNIC PETRU RAREŞ","BUCUREŞTI SECTORUL 4",B,1182,5,0,0,5,47,0,0,47,75,0,0,75,90,1,0,91,154,4,0,158,203,6,0,209
179178,685,"COLEGIUL TEHNIC PETRU RAREŞ","BUCUREŞTI SECTORUL 4",B,1439,21,0,0,21,82,0,0,82,115,5,0,120,135,5,0,140,231,5,0,236,282,5,0,287
179178,686,"COLEGIUL TEHNIC PETRU RAREŞ","BUCUREŞTI SECTORUL 4",B,1572,19,0,0,19,75,2,0,77,114,3,0,117,137,5,0,142,227,10,0,237,308,16,0,324
179178,687,"LICEUL TEHNOLOGIC DACIA","BUCUREŞTI SECTORUL 4",B,1949,2,3,0,5,53,10,0,63,94,20,0,114,104,23,0,127,211,34,0,245,272,53,0,325
179178,688,"LICEUL TEHNOLOGIC DACIA","BUCUREŞTI SECTORUL 4",B,1671,11,0,0,11,34,0,0,34,52,0,0,52,62,0,0,62,127,0,0,127,171,0,0,171
179178,689,"LICEUL TEHNOLOGIC DACIA","BUCUREŞTI SECTORUL 4",B,1804,14,0,0,14,50,1,0,51,66,5,0,71,70,5,0,75,130,10,0,140,165,11,0,176
179178,690,"LICEUL TEHNOLOGIC DACIA","BUCUREŞTI SECTORUL 4",B,1836,7,0,0,7,26,0,0,26,46,2,0,48,49,2,0,51,110,4,0,114,147,4,0,151
179178,691,"LICEUL TEHNOLOGIC DACIA","BUCUREŞTI SECTORUL 4",B,1504,0,1,0,1,19,1,0,20,24,4,0,28,28,5,0,33,63,7,0,70,92,7,0,99
179178,692,"LICEUL TEHNOLOGIC DACIA","BUCUREŞTI SECTORUL 4",B,1674,3,0,0,3,27,1,0,28,49,1,0,50,52,1,0,53,100,3,0,103,117,5,0,122
179178,693,"LICEUL TEHNOLOGIC DACIA","BUCUREŞTI SECTORUL 4",B,1453,0,1,0,1,19,1,0,20,38,2,0,40,40,2,0,42,80,5,0,85,127,5,0,132
179178,694,"LICEUL TEHNOLOGIC DACIA","BUCUREŞTI SECTORUL 4",B,1670,2,3,0,5,13,3,0,16,35,4,0,39,45,4,0,49,91,6,0,97,123,10,0,133
179178,695,"ȘCOALA GIMNAZIALĂ NR. 133","BUCUREŞTI SECTORUL 4",B,1407,4,0,0,4,28,1,0,29,57,2,0,59,71,5,0,76,131,10,0,141,172,12,0,184
179178,696,"ȘCOALA GIMNAZIALĂ NR. 133","BUCUREŞTI SECTORUL 4",B,1729,7,3,0,10,37,4,0,41,53,6,0,59,59,6,0,65,123,6,0,129,172,9,0,181
179178,697,"ȘCOALA GIMNAZIALĂ NR. 133","BUCUREŞTI SECTORUL 4",B,1890,8,2,0,10,50,2,0,52,68,3,0,71,72,3,0,75,160,5,0,165,237,6,0,243
179178,698,"ȘCOALA GIMNAZIALĂ NR. 133","BUCUREŞTI SECTORUL 4",B,1633,6,2,0,8,36,2,0,38,74,2,0,76,78,2,0,80,158,3,0,161,194,4,0,198
179178,699,"ȘCOALA GIMNAZIALĂ NR. 133","BUCUREŞTI SECTORUL 4",B,1745,8,5,0,13,49,5,0,54,62,5,0,67,68,5,0,73,160,7,0,167,207,17,0,224
179178,700,"ȘCOALA GIMNAZIALĂ NR. 133","BUCUREŞTI SECTORUL 4",B,1212,3,0,0,3,30,2,0,32,50,5,0,55,59,6,0,65,118,22,0,140,152,30,0,182
179178,701,"ŞCOALA GIMNAZIALĂ NR. 133","BUCUREŞTI SECTORUL 4",B,1614,11,0,0,11,45,2,0,47,65,3,0,68,87,3,0,90,193,10,0,203,248,12,0,260
179178,702,"ŞCOALA GIMNAZIALĂ NR. 133","BUCUREŞTI SECTORUL 4",B,1592,11,1,0,12,64,8,0,72,114,10,0,124,127,12,0,139,213,16,0,229,261,24,0,285
179178,703,"ŞCOALA GIMNAZIALĂ NR. 133","BUCUREŞTI SECTORUL 4",B,1539,14,1,0,15,84,1,0,85,108,5,0,113,129,5,0,134,248,10,0,258,286,11,0,297
179178,704,"ŞCOALA GIMNAZIALĂ NR. 133","BUCUREŞTI SECTORUL 4",B,1654,12,3,0,15,64,5,0,69,93,7,0,100,108,7,0,115,188,8,0,196,237,8,0,245
179178,705,"ŞCOALA GIMNAZIALĂ NR. 133","BUCUREŞTI SECTORUL 4",B,1625,10,0,0,10,61,0,0,61,91,0,0,91,106,2,0,108,207,4,0,211,263,5,0,268
179178,706,"ŞCOALA GIMNAZIALĂ NR. 133","BUCUREŞTI SECTORUL 4",B,1528,8,0,0,8,74,3,0,77,112,4,0,116,119,4,0,123,218,8,0,226,266,9,0,275
179178,707,"ŞCOALA GIMNAZIALĂG-RAL EREMIAGRIGORESCU","BUCUREŞTI SECTORUL 4",B,1829,6,3,0,9,48,5,0,53,80,6,0,86,91,6,0,97,214,9,36,259,273,10,36,319
179178,708,"ŞCOALA GIMNAZIALĂG-RAL EREMIAGRIGORESCU","BUCUREŞTI SECTORUL 4",B,1740,13,2,0,15,72,3,0,75,115,7,0,122,134,7,0,141,207,11,0,218,274,15,0,289
179178,709,"ŞCOALA GIMNAZIALĂG-RAL EREMIAGRIGORESCU","BUCUREŞTI SECTORUL 4",B,1787,8,4,0,12,54,15,3,72,82,19,3,104,95,20,3,118,174,36,3,213,253,52,3,308
179178,710,"ŞCOALA GIMNAZIALĂG-RAL EREMIAGRIGORESCU","BUCUREŞTI SECTORUL 4",B,1981,14,1,0,15,45,10,0,55,70,31,0,101,123,34,0,157,166,72,55,293,228,107,55,390
179178,711,"ŞCOALA GIMNAZIALĂG-RAL EREMIAGRIGORESCU","BUCUREŞTI SECTORUL 4",B,1824,8,0,0,8,47,2,0,49,79,2,0,81,92,3,0,95,167,10,0,177,239,23,0,262
179178,712,"ŞCOALA GIMNAZIALĂG-RAL EREMIAGRIGORESCU","BUCUREŞTI SECTORUL 4",B,1900,5,0,0,5,51,0,0,51,80,0,0,80,104,0,0,104,179,0,0,179,227,0,0,227
179178,713,"ŞCOALA GIMNAZIALĂG-RAL EREMIAGRIGORESCU","BUCUREŞTI SECTORUL 4",B,1714,16,1,0,17,66,1,0,67,94,2,0,96,116,2,0,118,222,6,0,228,272,12,0,284
179178,714,"ŞCOALA GIMNAZIALĂNR. 113","BUCUREŞTI SECTORUL 4",B,1745,24,5,0,29,93,12,0,105,130,18,0,148,151,19,0,170,246,30,0,276,301,45,0,346
179178,715,"ŞCOALA GIMNAZIALĂNR. 113","BUCUREŞTI SECTORUL 4",B,1873,29,0,0,29,94,0,0,94,148,1,0,149,165,3,0,168,269,8,0,277,338,13,0,351
179178,716,"ŞCOALA GIMNAZIALĂNR. 113","BUCUREŞTI SECTORUL 4",B,1751,10,0,0,10,69,0,0,69,108,2,0,110,126,2,0,128,213,10,0,223,272,16,0,288
179178,717,"ŞCOALA GIMNAZIALĂNR. 113","BUCUREŞTI SECTORUL 4",B,1826,22,0,0,22,90,2,0,92,122,3,0,125,143,4,0,147,239,6,0,245,296,6,0,302
179178,718,"ŞCOALA GIMNAZIALĂNR. 113","BUCUREŞTI SECTORUL 4",B,1996,13,8,0,21,73,11,0,84,107,13,0,120,124,13,0,137,204,16,0,220,258,19,0,277
179178,719,"ŞCOALA GIMNAZIALĂNR. 113","BUCUREŞTI SECTORUL 4",B,1842,13,5,0,18,76,5,0,81,116,6,0,122,134,6,0,140,230,9,0,239,281,11,0,292
179178,720,"ŞCOALA GIMNAZIALĂ“MĂRŢIŞOR”","BUCUREŞTI SECTORUL 4",B,1778,15,0,0,15,51,11,0,62,90,19,0,109,118,22,0,140,217,43,0,260,258,49,0,307
179178,721,"ŞCOALA GIMNAZIALĂ“MĂRŢIŞOR”","BUCUREŞTI SECTORUL 4",B,1654,9,0,0,9,69,2,0,71,105,4,0,109,124,5,0,129,199,11,0,210,246,18,0,264
179178,722,"ŞCOALA GIMNAZIALĂ“MĂRŢIŞOR”","BUCUREŞTI SECTORUL 4",B,1622,15,0,0,15,74,1,0,75,113,2,0,115,141,2,0,143,227,2,1,230,279,2,1,282
179178,723,"ŞCOALA GIMNAZIALĂ“MĂRŢIŞOR”","BUCUREŞTI SECTORUL 4",B,1411,4,0,0,4,51,1,0,52,73,1,0,74,87,1,0,88,145,1,0,146,179,5,0,184
179178,724,"ŞCOALA GIMNAZIALĂ“MĂRŢIŞOR”","BUCUREŞTI SECTORUL 4",B,1695,20,0,0,20,79,0,0,79,120,1,0,121,124,1,0,125,230,3,0,233,290,5,0,295
179178,725,"ŞCOALA GIMNAZIALĂ NR. 190","BUCUREŞTI SECTORUL 4",B,1745,22,0,0,22,97,11,0,108,139,20,0,159,162,21,0,183,231,36,0,267,276,40,0,316
179178,726,"ŞCOALA GIMNAZIALĂ NR. 190","BUCUREŞTI SECTORUL 4",B,1368,12,4,0,16,73,8,0,81,91,8,0,99,101,8,0,109,173,19,0,192,223,26,0,249
179178,727,"ŞCOALA GIMNAZIALĂ NR. 190","BUCUREŞTI SECTORUL 4",B,1322,10,7,0,17,52,7,0,59,85,9,0,94,90,9,0,99,155,16,0,171,203,25,0,228
179178,728,"ŞCOALA GIMNAZIALĂ NR. 190","BUCUREŞTI SECTORUL 4",B,1487,14,0,0,14,56,0,0,56,83,3,0,86,94,6,0,100,158,18,0,176,204,32,0,236
179178,729,"ŞCOALA GIMNAZIALĂ NR. 190","BUCUREŞTI SECTORUL 4",B,1348,10,0,0,10,52,2,0,54,71,3,0,74,80,3,0,83,142,4,0,146,182,9,0,191
179178,730,"ŞCOALA GIMNAZIALĂ NR. 190","BUCUREŞTI SECTORUL 4",B,1188,11,0,0,11,50,0,0,50,66,6,0,72,76,7,0,83,123,11,0,134,154,12,0,166
179178,731,"ŞCOALA GIMNAZIALĂ NR. 190","BUCUREŞTI SECTORUL 4",B,1335,8,2,0,10,57,6,0,63,82,11,0,93,82,12,0,94,158,17,0,175,201,17,0,218
179178,732,"ŞCOALA GIMNAZIALĂ NR. 190","BUCUREŞTI SECTORUL 4",B,1804,4,0,0,4,48,0,0,48,76,0,0,76,93,1,0,94,200,2,0,202,248,11,0,259
179178,733,"ŞCOALA GIMNAZIALĂ NR. 190","BUCUREŞTI SECTORUL 4",B,1664,10,2,0,12,72,2,0,74,110,2,0,112,118,2,0,120,215,5,0,220,265,5,0,270
179178,734,"ŞCOALA GIMNAZIALĂ NR. 190","BUCUREŞTI SECTORUL 4",B,1341,5,0,0,5,38,10,0,48,69,13,0,82,69,14,0,83,144,24,0,168,178,30,0,208
179178,735,"ȘCOALA GIMNAZIALĂ NR.190","BUCUREŞTI SECTORUL 4",B,1270,3,0,0,3,35,0,0,35,49,0,0,49,57,0,0,57,106,0,0,106,131,0,0,131
179178,736,"ŞCOALA GIMNAZIALĂ NR. 96","BUCUREŞTI SECTORUL 4",B,956,8,0,0,8,50,1,0,51,66,1,0,67,75,3,0,78,130,3,0,133,159,4,0,163
179178,737,"ŞCOALA GIMNAZIALĂ NR. 96","BUCUREŞTI SECTORUL 4",B,1188,11,5,0,16,48,14,0,62,85,14,0,99,93,14,0,107,168,23,0,191,218,39,0,257
179178,738,"ŞCOALA GIMNAZIALĂ NR. 96","BUCUREŞTI SECTORUL 4",B,1091,13,4,0,17,42,8,0,50,73,11,0,84,78,11,0,89,128,15,0,143,170,22,0,192
179178,739,"ŞCOALA GIMNAZIALĂ NR. 96","BUCUREŞTI SECTORUL 4",B,1619,11,1,0,12,67,1,0,68,105,7,0,112,128,4,0,132,206,5,0,211,260,6,0,266
179178,740,"ŞCOALA GIMNAZIALĂ NR. 96","BUCUREŞTI SECTORUL 4",B,1231,8,0,0,8,69,0,0,69,101,0,0,101,108,0,0,108,176,2,0,178,212,5,0,217
179178,741,"COLEGIUL NAŢIONAL OCTAV ONICESCU","BUCUREŞTI SECTORUL 4",B,1748,16,0,0,16,84,2,0,86,120,6,0,126,134,6,0,140,229,13,0,242,287,15,0,302
179178,742,"COLEGIUL NAŢIONAL OCTAV ONICESCU","BUCUREŞTI SECTORUL 4",B,1192,14,5,0,19,74,5,0,79,102,8,0,110,110,9,0,119,185,12,0,197,219,16,0,235
179178,743,"COLEGIUL NAŢIONAL OCTAV ONICESCU","BUCUREŞTI SECTORUL 4",B,1500,11,2,0,13,70,3,0,73,93,7,0,100,112,7,0,119,182,10,0,192,222,12,0,234
179178,744,"COLEGIUL NAŢIONAL OCTAV ONICESCU","BUCUREŞTI SECTORUL 4",B,1388,17,2,0,19,68,2,0,70,111,2,0,113,125,2,0,127,226,3,0,229,261,4,0,265
179178,745,"ŞCOALA GIMNAZIALĂ NR. 108","BUCUREŞTI SECTORUL 4",B,1349,9,0,0,9,75,7,0,82,110,7,0,117,123,7,0,130,198,14,0,212,262,20,0,282
179178,746,"ŞCOALA GIMNAZIALĂ NR. 108","BUCUREŞTI SECTORUL 4",B,1333,17,4,0,21,91,5,0,96,129,6,0,135,148,6,0,154,230,7,0,237,279,11,0,290
179178,747,"ŞCOALA GIMNAZIALĂ NR. 108","BUCUREŞTI SECTORUL 4",B,1484,15,1,0,16,87,1,0,88,125,4,0,129,141,7,0,148,233,9,0,242,269,10,0,279
179178,748,"ŞCOALA GIMNAZIALĂ NR. 108","BUCUREŞTI SECTORUL 4",B,1552,19,3,0,22,77,4,0,81,116,4,0,120,133,4,0,137,209,6,0,215,269,6,0,275
179178,749,"ŞCOALA GIMNAZIALĂ NR. 108","BUCUREŞTI SECTORUL 4",B,1337,11,2,0,13,74,6,0,80,104,7,0,111,106,7,0,113,178,10,0,188,219,11,0,230
179178,750,"ŞCOALA GIMNAZIALĂ AVRAM IANCU","BUCUREŞTI SECTORUL 4",B,1865,18,1,0,19,83,4,0,87,122,15,0,137,130,15,0,145,213,35,0,248,272,42,0,314
179178,751,"ŞCOALA GIMNAZIALĂ AVRAM IANCU","BUCUREŞTI SECTORUL 4",B,1331,18,3,0,21,73,8,0,81,99,10,0,109,110,11,0,121,170,12,0,182,208,17,0,225
179178,752,"ŞCOALA GIMNAZIALĂ AVRAM IANCU","BUCUREŞTI SECTORUL 4",B,1152,7,4,0,11,52,4,0,56,55,5,0,60,72,5,0,77,140,6,0,146,172,7,0,179
179178,753,"ŞCOALA GIMNAZIALĂ AVRAM IANCU","BUCUREŞTI SECTORUL 4",B,1846,15,1,0,16,59,4,0,63,89,6,0,95,106,6,0,112,169,9,0,178,217,13,0,230
179178,754,"ŞCOALA GIMNAZIALĂ AVRAM IANCU","BUCUREŞTI SECTORUL 4",B,1488,23,0,0,23,108,0,0,108,146,0,0,146,150,0,0,150,248,4,2,254,261,5,2,268
179178,755,"ŞCOALA GIMNAZIALĂ NR. 189","BUCUREŞTI SECTORUL 4",B,1855,7,3,0,10,56,6,0,62,67,12,0,79,72,12,0,84,148,25,0,173,175,32,0,207
179178,756,"ŞCOALA GIMNAZIALĂ NR. 189","BUCUREŞTI SECTORUL 4",B,1461,15,0,0,15,71,3,0,74,94,7,0,101,104,7,0,111,173,8,0,181,212,15,0,227
179178,757,"ŞCOALA GIMNAZIALĂ NR. 189","BUCUREŞTI SECTORUL 4",B,1285,11,1,0,12,70,3,0,73,88,4,0,92,96,4,0,100,164,5,0,169,206,6,0,212
179178,758,"ŞCOALA GIMNAZIALĂ NR. 189","BUCUREŞTI SECTORUL 4",B,1858,24,0,0,24,96,1,1,98,123,2,1,126,134,2,1,137,222,4,1,227,269,4,1,274
179178,759,"ŞCOALA GIMNAZIALĂ NR. 189","BUCUREŞTI SECTORUL 4",B,1327,12,0,0,12,50,2,0,52,74,2,0,76,82,3,0,85,152,7,0,159,182,7,0,189
179178,760,"ŞCOALA GIMNAZIALĂ EMIL RACOVIŢĂ","BUCUREŞTI SECTORUL 4",B,1621,9,1,0,10,50,4,0,54,74,5,0,79,78,5,0,83,139,10,0,149,172,13,0,185
179178,761,"ŞCOALA GIMNAZIALĂ EMIL RACOVIŢĂ","BUCUREŞTI SECTORUL 4",B,1666,20,0,0,20,93,1,0,94,123,4,0,127,142,4,0,146,237,10,0,247,297,10,0,307
179178,762,"ŞCOALA GIMNAZIALĂ EMIL RACOVIŢĂ","BUCUREŞTI SECTORUL 4",B,1661,10,4,0,14,75,7,0,82,99,7,0,106,113,7,0,120,177,8,0,185,214,8,0,222
179178,763,"ŞCOALA GIMNAZIALĂ EMIL RACOVIŢĂ","BUCUREŞTI SECTORUL 4",B,1589,8,6,0,14,57,11,0,68,104,16,0,120,112,18,0,130,199,32,0,231,252,40,0,292
179178,764,"GRĂDINIŢA""101 DALMAŢIENI""","BUCUREŞTI SECTORUL 4",B,1288,12,1,0,13,66,4,0,70,108,4,0,112,123,4,0,127,194,4,0,198,216,6,0,222
179178,765,"GRĂDINIŢA""101 DALMAŢIENI""","BUCUREŞTI SECTORUL 4",B,1005,8,0,0,8,61,4,0,65,85,7,0,92,96,9,0,105,149,11,0,160,172,14,0,186
179178,766,"GRĂDINIŢA""101 DALMAŢIENI""","BUCUREŞTI SECTORUL 4",B,1446,14,2,0,16,72,7,0,79,113,13,0,126,122,13,0,135,214,25,0,239,262,27,0,289
179178,767,"ŞCOALA GIMNAZIALĂ NR. 194","BUCUREŞTI SECTORUL 4",B,1014,8,2,0,10,47,4,0,51,59,6,0,65,71,7,0,78,121,8,0,129,151,10,0,161
179178,768,"ŞCOALA GIMNAZIALĂ NR. 194","BUCUREŞTI SECTORUL 4",B,927,9,0,0,9,50,0,0,50,59,0,0,59,76,4,0,80,130,4,0,134,151,5,0,156
179178,769,"ŞCOALA GIMNAZIALĂ NR. 194","BUCUREŞTI SECTORUL 4",B,1257,5,4,0,9,56,6,0,62,82,6,0,88,90,6,0,96,161,10,0,171,191,13,0,204
179178,770,"ŞCOALA GIMNAZIALĂ NR. 194","BUCUREŞTI SECTORUL 4",B,1579,18,1,0,19,72,1,0,73,106,3,0,109,117,3,0,120,200,6,0,206,237,9,0,246
179178,771,"ŞCOALA GIMNAZIALĂ NR. 194","BUCUREŞTI SECTORUL 4",B,1145,10,0,0,10,65,4,0,69,90,4,0,94,101,5,0,106,161,10,0,171,208,18,0,226
179178,772,"ŞCOALA GIMNAZIALĂ NR. 194","BUCUREŞTI SECTORUL 4",B,1184,14,0,10,24,63,2,10,75,101,7,10,118,115,7,10,132,199,13,10,222,229,17,10,256
179178,773,"GRĂDINIŢA ""DUMBRAVA MINUNATA""","BUCUREŞTI SECTORUL 4",B,1011,16,3,0,19,69,5,0,74,95,11,0,106,99,11,0,110,137,13,0,150,162,16,0,178
179178,774,"GRĂDINIŢA ""DUMBRAVA MINUNATA""","BUCUREŞTI SECTORUL 4",B,1109,14,4,0,18,59,5,0,64,87,8,0,95,89,8,0,97,152,10,0,162,184,12,0,196
179178,775,"ŞCOALA GIMNAZIALĂ”GEORGE BACOVIA”","BUCUREŞTI SECTORUL 4",B,1488,15,5,0,20,60,7,0,67,85,7,0,92,97,7,0,104,153,12,0,165,202,13,0,215
179178,776,"ŞCOALA GIMNAZIALĂ”GEORGE BACOVIA”","BUCUREŞTI SECTORUL 4",B,1340,3,3,0,6,55,7,0,62,77,10,0,87,89,11,0,100,151,15,0,166,184,18,0,202
179178,777,"ŞCOALA GIMNAZIALĂ”GEORGE BACOVIA”","BUCUREŞTI SECTORUL 4",B,1897,12,1,0,13,70,15,0,85,102,24,0,126,111,28,0,139,224,45,0,269,266,69,0,335
179178,778,"ŞCOALA GIMNAZIALĂ”GEORGE BACOVIA”","BUCUREŞTI SECTORUL 4",B,1842,15,1,0,16,72,1,0,73,108,1,0,109,122,1,0,123,203,1,1,205,255,5,1,261
179178,779,"ŞCOALA GIMNAZIALĂ”GEORGE BACOVIA”","BUCUREŞTI SECTORUL 4",B,1770,9,0,0,9,70,0,1,71,108,0,1,109,120,0,1,121,212,0,1,213,248,0,1,249
179178,780,"ŞCOALA GIMNAZIALĂ”GEORGE BACOVIA”","BUCUREŞTI SECTORUL 4",B,1640,11,0,0,11,75,0,0,75,121,1,0,122,132,4,0,136,222,4,0,226,266,9,0,275
179178,781,"ŞCOALA GIMNAZIALĂ”GEORGE BACOVIA”","BUCUREŞTI SECTORUL 4",B,1793,10,1,0,11,50,3,0,53,80,3,0,83,98,3,0,101,189,5,1,195,249,8,1,258
179178,782,"GRĂDINIŢA ”CIUPERCUTA”","BUCUREŞTI SECTORUL 4",B,1136,29,5,0,34,83,8,0,91,114,14,1,129,122,17,1,140,216,28,1,245,257,33,1,291
179178,783,"GRĂDINIŢA ”CIUPERCUTA”","BUCUREŞTI SECTORUL 4",B,1367,13,6,0,19,62,6,0,68,88,7,0,95,104,7,0,111,161,11,0,172,208,13,0,221
179178,784,"ŞCOALA GIMNAZIALĂ “ŞERBAN VODĂ”","BUCUREŞTI SECTORUL 4",B,1720,5,0,0,5,43,2,0,45,54,9,0,63,56,9,0,65,130,20,0,150,169,38,0,207
179178,785,"ŞCOALA GIMNAZIALĂ “ŞERBAN VODĂ”","BUCUREŞTI SECTORUL 4",B,1761,15,0,0,15,58,0,0,58,84,2,0,86,106,2,0,108,206,6,0,212,275,9,0,284
179178,786,"ŞCOALA GIMNAZIALĂ “ŞERBAN VODĂ”","BUCUREŞTI SECTORUL 4",B,1546,11,0,0,11,82,4,0,86,103,4,0,107,117,4,0,121,202,7,0,209,245,9,0,254
179178,787,"ŞCOALA GIMNAZIALĂ “ŞERBAN VODĂ”","BUCUREŞTI SECTORUL 4",B,1411,14,2,0,16,54,8,0,62,74,8,0,82,88,9,0,97,184,12,0,196,231,12,0,243
179178,788,"ŞCOALA GIMNAZIALĂ “ŞERBAN VODĂ”","BUCUREŞTI SECTORUL 4",B,1442,21,3,0,24,72,4,0,76,97,4,0,101,110,4,0,114,198,9,0,207,244,11,0,255
179178,789,"GRĂDINIŢA “ALBĂ CA ZAPADA ŞI PITICII”","BUCUREŞTI SECTORUL 4",B,1397,8,1,0,9,56,9,0,65,70,10,0,80,77,11,0,88,135,11,0,146,173,13,0,186
179178,790,"GRĂDINIŢA “ALBĂ CA ZAPADA ŞI PITICII”","BUCUREŞTI SECTORUL 4",B,1227,7,5,0,12,34,5,0,39,58,7,0,65,69,7,0,76,117,7,0,124,158,9,0,167
179178,791,GRĂDINIŢA“PITICOT”,"BUCUREŞTI SECTORUL 4",B,1532,19,0,0,19,60,2,0,62,84,9,0,93,100,9,0,109,164,17,0,181,211,20,0,231
179178,792,GRĂDINIŢA“PITICOT”,"BUCUREŞTI SECTORUL 4",B,1411,18,0,0,18,70,1,0,71,99,1,0,100,115,4,0,119,194,7,0,201,244,9,0,253
179178,793,"ŞCOALA GIMNAZIALĂ NR. 308","BUCUREŞTI SECTORUL 4",B,1329,9,1,0,10,70,4,0,74,107,6,0,113,117,7,0,124,194,14,0,208,234,18,0,252
179178,794,"ŞCOALA GIMNAZIALĂ NR. 308","BUCUREŞTI SECTORUL 4",B,1234,7,0,0,7,64,0,0,64,92,0,0,92,110,0,0,110,169,2,0,171,211,2,0,213
179178,795,"ŞCOALA GIMNAZIALĂ NR. 308","BUCUREŞTI SECTORUL 4",B,1470,7,0,0,7,52,1,0,53,72,1,0,73,83,1,0,84,143,1,0,144,179,5,0,184
179178,796,"ŞCOALA GIMNAZIALĂ NR. 308","BUCUREŞTI SECTORUL 4",B,1545,10,0,0,10,47,0,0,47,65,0,0,65,79,0,0,79,145,4,0,149,184,6,0,190
179178,797,"ŞCOALA GIMNAZIALĂ NR. 308","BUCUREŞTI SECTORUL 4",B,1857,13,2,0,15,67,4,0,71,99,5,0,104,119,8,0,127,209,12,0,221,269,16,0,285
179178,798,"ŞCOALA GIMNAZIALĂ NR. 308","BUCUREŞTI SECTORUL 4",B,1898,12,0,0,12,78,4,0,82,113,5,0,118,138,5,0,143,223,8,0,231,300,11,0,311
179178,799,"ŞCOALA GIMNAZIALĂ NR. 308","BUCUREŞTI SECTORUL 4",B,1660,16,0,0,16,71,0,0,71,107,0,0,107,116,0,0,116,195,0,0,195,243,6,0,249
179178,800,"ŞCOALA GIMNAZIALĂ NR. 308","BUCUREŞTI SECTORUL 4",B,1887,22,1,0,23,65,3,0,68,90,3,0,93,109,3,0,112,192,3,0,195,252,4,0,256
179178,801,"ŞCOALA GIMNAZIALĂ NR. 119","BUCUREŞTI SECTORUL 4",B,2000,7,0,0,7,42,0,0,42,51,1,0,52,59,1,0,60,117,2,0,119,153,4,0,157
179178,802,"ŞCOALA GIMNAZIALĂ NR. 119","BUCUREŞTI SECTORUL 4",B,1955,2,0,0,2,42,0,0,42,59,0,0,59,70,0,0,70,105,0,0,105,159,0,0,159
179178,803,"ŞCOALA GIMNAZIALĂ NR. 119","BUCUREŞTI SECTORUL 4",B,1916,31,3,0,34,109,10,0,119,145,11,0,156,164,11,0,175,265,13,0,278,349,15,0,364
179178,804,"ŞCOALA GIMNAZIALĂ NR. 119","BUCUREŞTI SECTORUL 4",B,1929,16,0,0,16,106,0,0,106,146,4,0,150,158,9,0,167,275,13,0,288,337,17,0,354
179178,805,"ŞCOALA GIMNAZIALĂ NR. 119","BUCUREŞTI SECTORUL 4",B,1945,9,2,0,11,82,2,0,84,129,7,0,136,149,7,0,156,239,9,0,248,291,9,0,300
179178,806,"ŞCOALA GIMNAZIALĂ NR. 119","BUCUREŞTI SECTORUL 4",B,1879,7,0,0,7,49,3,0,52,83,5,0,88,100,5,0,105,189,8,0,197,224,9,0,233
179178,807,"ŞCOALA GIMNAZIALĂ GEORGE TOPÂRCEANU","BUCUREŞTI SECTORUL 4",B,1508,12,0,0,12,52,3,0,55,72,5,0,77,91,6,0,97,142,8,0,150,190,17,1,208
179178,808,"ŞCOALA GIMNAZIALĂ GEORGE TOPÂRCEANU","BUCUREŞTI SECTORUL 4",B,1516,12,2,0,14,64,3,0,67,90,3,0,93,108,3,0,111,209,6,0,215,255,7,1,263
179178,809,"ŞCOALA GIMNAZIALĂ GEORGE TOPÂRCEANU","BUCUREŞTI SECTORUL 4",B,1411,17,0,0,17,45,2,0,47,68,4,0,72,79,4,0,83,155,5,0,160,214,10,0,224
179178,810,"ŞCOALA GIMNAZIALĂ GEORGE TOPÂRCEANU","BUCUREŞTI SECTORUL 4",B,1632,14,0,0,14,53,0,0,53,87,1,0,88,108,1,0,109,174,3,0,177,218,3,0,221
179178,811,"ŞCOALA GIMNAZIALĂ NR. 129","BUCUREŞTI SECTORUL 4",B,1413,15,1,0,16,72,5,0,77,95,5,0,100,110,5,0,115,179,5,0,184,218,6,0,224
179178,812,"ŞCOALA GIMNAZIALĂ NR. 129","BUCUREŞTI SECTORUL 4",B,1560,18,0,0,18,79,1,0,80,131,5,0,136,144,5,0,149,240,9,0,249,302,15,0,317
179178,813,"ŞCOALA GIMNAZIALĂ NR. 129","BUCUREŞTI SECTORUL 4",B,1719,9,0,0,9,83,0,0,83,119,0,0,119,126,0,0,126,219,0,0,219,274,0,0,274
179178,814,"ŞCOALA GIMNAZIALĂ NR. 129","BUCUREŞTI SECTORUL 4",B,1697,19,1,0,20,75,14,0,89,120,21,1,142,125,21,1,147,221,30,1,252,272,33,1,306
179178,815,"LICEUL TEHNOLOGIC “MIRCEA VULCĂNESCU“","BUCUREŞTI SECTORUL 4",B,1424,14,1,0,15,51,5,0,56,73,8,0,81,89,10,0,99,155,21,1,177,191,36,1,228
179178,816,"LICEUL TEHNOLOGIC “MIRCEA VULCĂNESCU“","BUCUREŞTI SECTORUL 4",B,1409,10,0,0,10,61,4,0,65,90,4,0,94,96,5,0,101,182,10,0,192,229,13,0,242
179178,817,"ŞCOALA GIMNAZIALĂ “IONEL TEODOREANU“","BUCUREŞTI SECTORUL 4",B,1314,19,0,0,19,78,1,0,79,103,1,0,104,112,2,0,114,184,3,18,205,242,5,18,265
179178,818,"ŞCOALA GIMNAZIALĂ “IONEL TEODOREANU“","BUCUREŞTI SECTORUL 4",B,1405,13,2,0,15,63,2,0,65,89,6,0,95,107,7,0,114,203,18,0,221,246,19,0,265
179178,819,"ŞCOALA GIMNAZIALĂ “IONEL TEODOREANU“","BUCUREŞTI SECTORUL 4",B,1560,15,0,0,15,70,1,0,71,102,2,0,104,110,2,0,112,211,6,0,217,258,8,0,266
179178,820,"ŞCOALA GIMNAZIALĂ “IONEL TEODOREANU“","BUCUREŞTI SECTORUL 4",B,1766,21,3,0,24,75,7,0,82,95,7,0,102,111,7,0,118,185,8,0,193,234,11,0,245
179178,821,"ŞCOALA GIMNAZIALĂ “IONEL TEODOREANU“","BUCUREŞTI SECTORUL 4",B,1693,17,0,1,18,58,1,1,60,79,1,1,81,91,1,1,93,174,1,1,176,214,7,1,222
179178,822,"ŞCOALA GIMNAZIALĂ “IONEL TEODOREANU“","BUCUREŞTI SECTORUL 4",B,1536,20,0,0,20,73,2,0,75,93,2,0,95,116,4,0,120,211,5,0,216,254,6,0,260
179178,823,"ŞCOALA GIMNAZIALĂ NR. 99","BUCUREŞTI SECTORUL 4",B,1621,11,1,0,12,61,8,0,69,99,10,1,110,107,12,1,120,195,26,1,222,251,45,1,297
179178,824,"ŞCOALA GIMNAZIALĂ NR. 99","BUCUREŞTI SECTORUL 4",B,1856,20,4,0,24,81,8,0,89,125,8,0,133,129,8,0,137,236,12,0,248,295,15,0,310
179178,825,"ŞCOALA GIMNAZIALĂ NR. 99","BUCUREŞTI SECTORUL 4",B,1564,10,0,0,10,50,2,0,52,69,5,0,74,80,5,0,85,166,5,0,171,219,8,0,227
179178,826,"ŞCOALA GIMNAZIALĂ NR. 99","BUCUREŞTI SECTORUL 4",B,1794,5,0,0,5,40,5,0,45,63,5,0,68,80,6,0,86,167,8,0,175,222,10,0,232
179178,827,"ŞCOALA GIMNAZIALĂ NR. 165","BUCUREŞTI SECTORUL 4",B,1392,9,0,0,9,49,3,0,52,79,6,0,85,92,6,0,98,167,12,0,179,187,17,0,204
179178,828,"ŞCOALA GIMNAZIALĂ NR. 165","BUCUREŞTI SECTORUL 4",B,1894,15,0,0,15,73,1,0,74,87,4,0,91,96,4,0,100,181,5,0,186,234,6,0,240
179178,829,"ŞCOALA GIMNAZIALĂ NR. 165","BUCUREŞTI SECTORUL 4",B,1663,8,0,0,8,24,0,0,24,47,0,0,47,59,3,0,62,126,6,0,132,173,7,0,180
179178,830,"ŞCOALA GIMNAZIALĂ NR. 165","BUCUREŞTI SECTORUL 4",B,1923,16,2,0,18,89,3,1,93,107,3,1,111,120,6,1,127,200,10,1,211,251,11,1,263
179178,831,"ŞCOALA GIMNAZIALĂ NR.165","BUCUREŞTI SECTORUL 4",B,1641,16,0,0,16,53,2,0,55,66,2,0,68,75,2,0,77,143,2,0,145,171,2,0,173
179178,832,"GRĂDINIŢA  “ÎNŞIR’TE MĂRGĂRITE“","BUCUREŞTI SECTORUL 4",B,1352,8,0,0,8,54,0,0,54,80,0,0,80,93,2,0,95,166,2,0,168,198,7,0,205
179178,833,"GRĂDINIŢA  “ÎNŞIR’TE MĂRGĂRITE“","BUCUREŞTI SECTORUL 4",B,1310,13,0,0,13,46,2,0,48,75,3,0,78,80,3,0,83,132,6,0,138,186,13,0,199
179187,834,"ȘCOALA GIMNAZIALĂ NR.134","BUCUREŞTI SECTORUL 5",B,1827,14,0,0,14,44,1,0,45,72,2,0,74,80,5,0,85,156,17,0,173,197,20,0,217
179187,835,"ȘCOALA GIMNAZIALĂ NR.134","BUCUREŞTI SECTORUL 5",B,1775,11,0,0,11,30,1,0,31,48,1,0,49,71,1,0,72,160,1,0,161,204,5,0,209
179187,836,"ȘCOALA GIMNAZIALĂ NR.134","BUCUREŞTI SECTORUL 5",B,1421,2,0,0,2,23,2,0,25,39,3,0,42,55,3,0,58,119,3,0,122,148,5,0,153
179187,837,"ȘCOALA GIMNAZIALĂ NR.134","BUCUREŞTI SECTORUL 5",B,1400,7,0,0,7,25,0,0,25,42,0,0,42,50,0,0,50,103,3,0,106,134,3,0,137
179187,838,"ȘCOALA GIMNAZIALĂ NR.134","BUCUREŞTI SECTORUL 5",B,1530,17,3,0,20,54,11,0,65,85,11,0,96,99,11,0,110,166,14,0,180,199,17,0,216
179187,839,"ȘCOALA GIMNAZIALĂ NR.134","BUCUREŞTI SECTORUL 5",B,1583,11,0,0,11,58,0,0,58,78,0,0,78,95,2,0,97,190,3,0,193,231,3,0,234
179187,840,"ȘCOALA GIMNAZIALĂ NR.134","BUCUREŞTI SECTORUL 5",B,1935,13,1,0,14,38,2,0,40,73,3,0,76,85,3,0,88,173,5,0,178,203,6,0,209
179187,841,"ȘCOALA GIMNAZIALĂ NR.134","BUCUREŞTI SECTORUL 5",B,1754,4,0,0,4,28,2,0,30,47,2,0,49,59,2,0,61,133,2,0,135,164,8,0,172
179187,842,"ȘCOALA GIMNAZIALĂ NR.134","BUCUREŞTI SECTORUL 5",B,1156,3,0,0,3,11,0,0,11,26,0,0,26,28,0,0,28,55,0,0,55,71,3,0,74
179187,843,"ȘCOALA GIMNAZIALĂ NR.134","BUCUREŞTI SECTORUL 5",B,1805,9,0,0,9,32,0,0,32,41,0,0,41,51,0,0,51,91,3,0,94,123,4,0,127
179187,844,"ȘCOALA GIMNAZIALĂ NR.134","BUCUREŞTI SECTORUL 5",B,1566,15,1,0,16,41,1,0,42,57,1,0,58,70,1,0,71,119,5,0,124,155,7,0,162
179187,845,"COLEGIUL TEHNIC ENERGETIC","BUCUREŞTI SECTORUL 5",B,1275,18,5,0,23,59,10,0,69,80,13,0,93,95,13,0,108,161,19,0,180,191,25,0,216
179187,846,"COLEGIUL TEHNIC ENERGETIC","BUCUREŞTI SECTORUL 5",B,1389,11,0,0,11,90,2,0,92,118,7,0,125,138,7,0,145,206,11,0,217,242,15,0,257
179187,847,"COLEGIUL TEHNIC ENERGETIC","BUCUREŞTI SECTORUL 5",B,1026,6,0,0,6,52,1,0,53,61,2,0,63,67,2,0,69,109,2,0,111,141,2,0,143
179187,848,"COLEGIUL TEHNIC ENERGETIC","BUCUREŞTI SECTORUL 5",B,1054,7,1,0,8,55,1,0,56,82,1,0,83,93,2,0,95,157,5,0,162,187,6,0,193
179187,849,"ȘCOALA GIMNAZIALĂ NR.136","BUCUREŞTI SECTORUL 5",B,1969,7,2,0,9,49,6,0,55,59,13,0,72,66,14,0,80,136,20,0,156,171,24,0,195
179187,850,"ȘCOALA GIMNAZIALĂ NR.136","BUCUREŞTI SECTORUL 5",B,1281,9,0,0,9,23,0,0,23,30,0,0,30,39,0,0,39,82,0,0,82,96,0,0,96
179187,851,"ȘCOALA GIMNAZIALĂ NR.136","BUCUREŞTI SECTORUL 5",B,1904,10,0,0,10,24,1,0,25,41,3,0,44,52,4,0,56,81,5,0,86,102,5,0,107
179187,852,"ȘCOALA GIMNAZIALĂ NR.136","BUCUREŞTI SECTORUL 5",B,1318,8,0,0,8,22,0,0,22,42,1,0,43,49,1,0,50,92,2,0,94,123,7,0,130
179187,853,"ȘCOALA GIMNAZIALĂ NR.136","BUCUREŞTI SECTORUL 5",B,1571,10,1,0,11,37,3,0,40,63,3,0,66,65,3,0,68,124,3,0,127,155,7,0,162
179187,854,"ȘCOALA GIMNAZIALĂ NR.136","BUCUREŞTI SECTORUL 5",B,1507,12,0,0,12,41,0,0,41,61,2,0,63,68,2,0,70,129,7,0,136,167,9,0,176
179187,855,"ȘCOALA GIMNAZIALĂ NR.136","BUCUREŞTI SECTORUL 5",B,1466,5,0,0,5,41,1,0,42,55,6,0,61,65,6,0,71,104,6,0,110,147,7,0,154
179187,856,"ȘCOALA GIMNAZIALĂ NR.2","BUCUREŞTI SECTORUL 5",B,1244,8,0,0,8,47,0,0,47,61,1,0,62,76,1,0,77,116,5,0,121,131,6,0,137
179187,857,"ȘCOALA GIMNAZIALĂ NR.2","BUCUREŞTI SECTORUL 5",B,1423,7,3,0,10,25,3,0,28,47,3,0,50,55,3,0,58,96,5,0,101,131,7,0,138
179187,858,"ȘCOALA GIMNAZIALĂ NR.2","BUCUREŞTI SECTORUL 5",B,1234,7,1,0,8,45,4,0,49,61,4,0,65,67,5,0,72,105,6,0,111,130,7,0,137
179187,859,"ȘCOALA GIMNAZIALĂ NR.2","BUCUREŞTI SECTORUL 5",B,1017,2,0,0,2,29,0,0,29,50,0,0,50,56,0,0,56,92,5,0,97,116,5,0,121
179187,860,"ȘCOALA GIMNAZIALĂ NR.2","BUCUREŞTI SECTORUL 5",B,1427,11,3,0,14,51,8,0,59,72,8,0,80,79,8,0,87,114,9,0,123,151,9,0,160
179187,861,"ȘCOALA GIMNAZIALĂ NR.188","BUCUREŞTI SECTORUL 5",B,962,10,0,0,10,48,1,0,49,71,2,0,73,78,3,0,81,134,4,0,138,164,6,0,170
179187,862,"ȘCOALA GIMNAZIALĂ NR.188","BUCUREŞTI SECTORUL 5",B,1294,9,1,0,10,43,5,0,48,69,9,0,78,83,17,0,100,154,27,0,181,193,30,0,223
179187,863,"ȘCOALA GIMNAZIALĂ NR.188","BUCUREŞTI SECTORUL 5",B,927,5,5,0,10,31,5,0,36,57,5,0,62,68,5,0,73,113,8,1,122,145,12,1,158
179187,864,"ȘCOALA GIMNAZIALĂ NR.188","BUCUREŞTI SECTORUL 5",B,1041,7,3,0,10,44,4,0,48,61,5,0,66,74,7,0,81,138,13,0,151,169,16,0,185
179187,865,"ȘCOALA GIMNAZIALĂ NR.188","BUCUREŞTI SECTORUL 5",B,811,4,0,0,4,31,2,0,33,57,3,0,60,70,3,0,73,119,3,0,122,149,3,0,152
179187,866,"ȘCOALA GIMNAZIALĂ ”LUCEAFĂRUL”","BUCUREŞTI SECTORUL 5",B,1167,5,5,0,10,57,19,0,76,67,31,0,98,70,33,0,103,155,75,0,230,181,95,0,276
179187,867,"ȘCOALA GIMNAZIALĂ ”LUCEAFĂRUL”","BUCUREŞTI SECTORUL 5",B,1159,17,4,0,21,60,7,0,67,73,7,0,80,81,10,0,91,132,21,0,153,173,22,0,195
179187,868,"ȘCOALA GIMNAZIALĂ ”LUCEAFĂRUL”","BUCUREŞTI SECTORUL 5",B,1067,10,3,0,13,35,12,0,47,44,12,0,56,49,12,0,61,100,24,0,124,142,29,0,171
179187,869,"ȘCOALA GIMNAZIALĂ ”LUCEAFĂRUL”","BUCUREŞTI SECTORUL 5",B,1308,12,0,0,12,57,0,0,57,67,0,0,67,76,1,0,77,140,1,0,141,197,3,0,200
179187,870,"ȘCOALA GIMNAZIALĂ ”LUCEAFĂRUL”","BUCUREŞTI SECTORUL 5",B,1317,3,2,0,5,33,2,0,35,62,2,0,64,69,2,0,71,121,6,0,127,168,6,0,174
179187,871,"ȘCOALA GIMNAZIALĂ ”LUCEAFĂRUL”","BUCUREŞTI SECTORUL 5",B,1452,9,0,0,9,46,4,0,50,64,5,0,69,78,5,0,83,159,7,0,166,195,9,0,204
179187,872,"ȘCOALA GIMNAZIALĂ ”LUCEAFĂRUL”","BUCUREŞTI SECTORUL 5",B,1128,11,0,0,11,60,2,0,62,75,4,0,79,82,8,0,90,141,9,0,150,171,12,0,183
179187,873,"ȘCOALA GIMNAZIALĂ NR.135","BUCUREŞTI SECTORUL 5",B,1007,12,0,0,12,41,4,0,45,61,7,0,68,74,7,0,81,130,15,0,145,208,33,0,241
179187,874,"ȘCOALA GIMNAZIALĂ NR.135","BUCUREŞTI SECTORUL 5",B,1323,15,3,0,18,50,6,0,56,77,8,0,85,91,8,0,99,172,11,0,183,214,15,0,229
179187,875,"ȘCOALA GIMNAZIALĂ NR.135","BUCUREŞTI SECTORUL 5",B,1294,6,0,0,6,33,1,0,34,54,3,0,57,58,4,0,62,132,8,0,140,171,10,0,181
179187,876,"ȘCOALA GIMNAZIALĂ NR.135","BUCUREŞTI SECTORUL 5",B,1733,14,2,0,16,73,7,0,80,112,8,0,120,129,8,0,137,220,10,0,230,283,13,0,296
179187,877,"ȘCOALA GIMNAZIALĂ NR.127","BUCUREŞTI SECTORUL 5",B,1117,1,2,0,3,32,4,0,36,50,7,0,57,59,8,0,67,115,9,0,124,136,13,0,149
179187,878,"ȘCOALA GIMNAZIALĂ NR.127","BUCUREŞTI SECTORUL 5",B,1117,4,0,0,4,23,0,0,23,32,0,0,32,34,0,0,34,78,7,0,85,106,7,0,113
179187,879,"ȘCOALA GIMNAZIALĂ NR.127","BUCUREŞTI SECTORUL 5",B,1450,3,0,0,3,34,0,0,34,56,0,0,56,64,0,0,64,115,1,0,116,148,1,0,149
179187,880,"ȘCOALA GIMNAZIALĂ NR.127","BUCUREŞTI SECTORUL 5",B,1200,2,1,0,3,16,4,0,20,34,7,0,41,40,8,0,48,90,9,0,99,122,11,0,133
179187,881,"ȘCOALA GIMNAZIALĂ NR.127","BUCUREŞTI SECTORUL 5",B,1179,3,0,0,3,18,0,0,18,35,0,0,35,40,1,0,41,92,4,0,96,107,5,0,112
179187,882,"ȘCOALA GIMNAZIALĂ NR.127","BUCUREŞTI SECTORUL 5",B,1203,6,0,0,6,25,6,0,31,32,6,0,38,39,6,0,45,86,7,0,93,110,7,0,117
179187,883,"ȘCOALA GIMNAZIALĂ NR.127","BUCUREŞTI SECTORUL 5",B,1427,0,0,0,0,1,0,0,1,7,0,0,7,9,0,0,9,30,0,0,30,43,4,0,47
179187,884,"ȘCOALA GIMNAZIALĂ NR.127","BUCUREŞTI SECTORUL 5",B,1879,3,0,0,3,27,0,0,27,40,1,0,41,58,1,0,59,132,4,0,136,169,7,0,176
179187,885,"ȘCOALA GIMNAZIALĂ NR.127","BUCUREŞTI SECTORUL 5",B,1794,12,3,0,15,58,4,0,62,70,4,0,74,80,4,0,84,160,6,0,166,209,11,0,220
179187,886,"ȘCOALA GIMNAZIALĂ NR.127","BUCUREŞTI SECTORUL 5",B,2120,14,1,0,15,44,1,0,45,66,4,0,70,77,4,0,81,164,5,0,169,216,11,0,227
179187,887,"ȘCOALA GIMNAZIALĂ NR.127","BUCUREŞTI SECTORUL 5",B,1801,10,0,0,10,59,0,0,59,80,3,0,83,100,3,0,103,191,7,0,198,244,15,0,259
179187,888,"ȘCOALA GIMNAZIALĂ NR.127","BUCUREŞTI SECTORUL 5",B,1594,7,0,0,7,45,2,0,47,76,2,0,78,80,2,0,82,161,5,0,166,202,5,0,207
179187,889,"GRĂDINIȚA ”PARADISUL VERDE”","BUCUREŞTI SECTORUL 5",B,1732,1,0,0,1,15,0,15,30,19,0,15,34,22,5,15,42,58,7,15,80,84,8,15,107
179187,890,"GRĂDINIȚA ”PARADISUL VERDE”","BUCUREŞTI SECTORUL 5",B,1456,4,0,0,4,25,2,0,27,40,3,0,43,45,4,0,49,85,4,0,89,117,6,0,123
179187,891,"GRĂDINIȚA ”PARADISUL VERDE”","BUCUREŞTI SECTORUL 5",B,1292,3,0,0,3,22,0,0,22,27,6,0,33,30,6,0,36,77,6,0,83,99,6,0,105
179187,892,"GRĂDINIȚA ”PARADISUL VERDE”","BUCUREŞTI SECTORUL 5",B,1585,6,0,0,6,47,0,0,47,71,0,0,71,88,1,0,89,130,7,0,137,153,7,0,160
179187,893,"ȘCOALA GIMNAZIALĂ ”GEORGE CĂLINESCU”","BUCUREŞTI SECTORUL 5",B,1399,6,2,0,8,35,2,0,37,56,5,0,61,63,8,0,71,98,15,0,113,132,26,0,158
179187,894,"ȘCOALA GIMNAZIALĂ ”GEORGE CĂLINESCU”","BUCUREŞTI SECTORUL 5",B,1222,9,0,0,9,39,3,0,42,66,3,0,69,76,3,0,79,136,3,0,139,164,4,0,168
179187,895,"ȘCOALA GIMNAZIALĂ ”GEORGE CĂLINESCU”","BUCUREŞTI SECTORUL 5",B,1522,9,0,0,9,32,0,0,32,60,5,0,65,69,5,0,74,121,6,0,127,164,8,0,172
179187,896,"ȘCOALA GIMNAZIALĂ ”GEORGE CĂLINESCU”","BUCUREŞTI SECTORUL 5",B,1629,10,0,0,10,36,5,0,41,52,7,0,59,70,7,0,77,139,8,0,147,187,9,0,196
179187,897,"ȘCOALA GIMNAZIALĂ ”GEORGE CĂLINESCU”","BUCUREŞTI SECTORUL 5",B,1649,5,0,0,5,41,2,0,43,63,6,0,69,80,7,0,87,147,13,0,160,184,18,0,202
179187,898,"GRĂDINIȚA NR.244","BUCUREŞTI SECTORUL 5",B,1631,5,0,0,5,32,0,0,32,50,4,0,54,69,4,0,73,125,5,0,130,160,8,0,168
179187,899,"GRĂDINIȚA NR.244","BUCUREŞTI SECTORUL 5",B,1698,11,8,0,19,52,11,0,63,78,11,0,89,79,11,0,90,126,13,0,139,161,17,0,178
179187,900,"ȘCOALA GIMNAZIALĂ ”PETRACHE POENARU”","BUCUREŞTI SECTORUL 5",B,1240,5,4,0,9,27,4,0,31,37,8,0,45,45,8,0,53,93,17,0,110,119,22,0,141
179187,901,"ȘCOALA GIMNAZIALĂ ”PETRACHE POENARU”","BUCUREŞTI SECTORUL 5",B,2066,11,2,0,13,37,5,0,42,62,10,0,72,77,13,0,90,137,20,0,157,180,29,0,209
179187,902,"ȘCOALA GIMNAZIALĂ ”PETRACHE POENARU”","BUCUREŞTI SECTORUL 5",B,1591,12,1,0,13,49,4,0,53,63,4,0,67,81,4,0,85,157,8,0,165,182,10,0,192
179187,903,"ȘCOALA GIMNAZIALĂ ”PETRACHE POENARU”","BUCUREŞTI SECTORUL 5",B,1305,13,0,0,13,45,0,0,45,64,1,0,65,75,1,0,76,122,5,0,127,147,7,0,154
179187,904,"ȘCOALA GIMNAZIALĂ ”PETRACHE POENARU”","BUCUREŞTI SECTORUL 5",B,1612,0,0,0,0,16,1,0,17,42,5,0,47,53,7,0,60,91,7,0,98,125,8,0,133
179187,905,"ȘCOALA GIMNAZIALĂ ”PETRACHE POENARU”","BUCUREŞTI SECTORUL 5",B,1522,11,1,0,12,35,8,0,43,48,9,0,57,55,9,0,64,110,9,0,119,157,11,0,168
179187,906,"ȘCOALA GIMNAZIALĂ ”PETRACHE POENARU”","BUCUREŞTI SECTORUL 5",B,1299,3,0,0,3,19,0,0,19,31,0,0,31,41,0,0,41,115,6,1,122,160,6,1,167
179187,907,"ȘCOALA GIMNAZIALĂ ”PRINCIPESA MARGARETA”","BUCUREŞTI SECTORUL 5",B,1014,7,0,0,7,46,2,0,48,63,3,0,66,72,3,0,75,126,3,0,129,169,6,0,175
179187,908,"ȘCOALA GIMNAZIALĂ ”PRINCIPESA MARGARETA”","BUCUREŞTI SECTORUL 5",B,1231,4,0,0,4,37,5,0,42,51,5,0,56,61,6,0,67,100,10,0,110,119,10,0,129
179187,909,"ȘCOALA GIMNAZIALĂ ”PRINCIPESA MARGARETA”","BUCUREŞTI SECTORUL 5",B,1727,2,1,0,3,37,4,0,41,51,4,0,55,56,6,0,62,111,14,0,125,148,18,0,166
179187,910,"ȘCOALA GIMNAZIALĂ ”PRINCIPESA MARGARETA”","BUCUREŞTI SECTORUL 5",B,1167,11,3,0,14,58,5,0,63,76,5,0,81,85,7,0,92,143,9,0,152,172,11,0,183
179187,911,"GRĂDINIȚA NR.168","BUCUREŞTI SECTORUL 5",B,1119,1,5,0,6,27,7,35,69,36,9,35,80,52,9,35,96,98,13,35,146,119,16,35,170
179187,912,"GRĂDINIȚA NR.168","BUCUREŞTI SECTORUL 5",B,906,10,3,0,13,44,5,0,49,61,9,0,70,68,9,0,77,126,11,0,137,158,17,0,175
179187,913,"CLUBUL COPIILOR SECTOR 5","BUCUREŞTI SECTORUL 5",B,1342,7,1,0,8,47,5,0,52,70,23,0,93,78,24,0,102,149,36,0,185,206,47,0,253
179187,914,"CLUBUL COPIILOR SECTOR 5","BUCUREŞTI SECTORUL 5",B,1358,11,0,0,11,60,2,0,62,79,12,0,91,85,13,0,98,154,16,0,170,196,31,0,227
179187,915,"ȘCOALA GIMNAZIALĂ NR.280","BUCUREŞTI SECTORUL 5",B,1409,7,0,0,7,40,9,0,49,71,13,0,84,87,16,0,103,162,33,0,195,215,49,0,264
179187,916,"ȘCOALA GIMNAZIALĂ NR.280","BUCUREŞTI SECTORUL 5",B,1146,10,0,0,10,43,5,0,48,70,7,0,77,88,7,0,95,146,12,0,158,172,18,0,190
179187,917,"ȘCOALA GIMNAZIALĂ NR.280","BUCUREŞTI SECTORUL 5",B,1035,8,5,0,13,31,9,0,40,49,9,0,58,51,9,0,60,109,13,0,122,136,18,0,154
179187,918,"ȘCOALA GIMNAZIALĂ NR.280","BUCUREŞTI SECTORUL 5",B,1104,2,3,0,5,32,3,0,35,38,3,0,41,48,5,0,53,76,6,0,82,99,7,0,106
179187,919,"ȘCOALA GIMNAZIALĂ NR.280","BUCUREŞTI SECTORUL 5",B,945,11,1,0,12,46,3,0,49,62,7,0,69,77,7,0,84,124,7,0,131,151,9,0,160
179187,920,"ȘCOALA GIMNAZIALĂ NR.280","BUCUREŞTI SECTORUL 5",B,1315,17,4,0,21,54,5,0,59,64,9,0,73,75,10,0,85,139,14,0,153,172,14,0,186
179187,921,"ȘCOALA GIMNAZIALĂ NR.280","BUCUREŞTI SECTORUL 5",B,1243,8,0,0,8,46,3,0,49,69,3,0,72,82,3,0,85,123,4,0,127,157,4,0,161
179187,922,"ȘCOALA GIMNAZIALĂ NR.280","BUCUREŞTI SECTORUL 5",B,1115,8,0,0,8,49,3,0,52,74,4,0,78,90,4,0,94,129,4,0,133,181,8,0,189
179187,923,"ȘCOALA GIMNAZIALĂ ”GRIGORE TOCILESCU”","BUCUREŞTI SECTORUL 5",B,1279,10,0,0,10,43,0,0,43,60,1,0,61,65,6,0,71,130,6,0,136,184,8,0,192
179187,924,"ȘCOALA GIMNAZIALĂ ”GRIGORE TOCILESCU”","BUCUREŞTI SECTORUL 5",B,1287,15,5,0,20,63,9,0,72,87,13,0,100,94,13,0,107,153,20,0,173,201,25,0,226
179187,925,"ȘCOALA GIMNAZIALĂ ”GRIGORE TOCILESCU”","BUCUREŞTI SECTORUL 5",B,1259,8,2,0,10,59,9,0,68,78,11,0,89,89,11,0,100,142,17,1,160,185,19,1,205
179187,926,"GRĂDINIȚA NR.205","BUCUREŞTI SECTORUL 5",B,1386,10,1,0,11,70,1,0,71,115,1,0,116,129,2,0,131,218,7,0,225,276,14,0,290
179187,927,"GRĂDINIȚA NR.205","BUCUREŞTI SECTORUL 5",B,1133,16,5,0,21,62,11,0,73,76,19,0,95,81,20,0,101,143,32,0,175,176,40,0,216
179187,928,"GRĂDINIȚA NR.205","BUCUREŞTI SECTORUL 5",B,1328,12,1,0,13,64,10,0,74,75,11,0,86,87,11,0,98,136,14,0,150,182,18,0,200
179187,929,"GRĂDINIȚA NR.205","BUCUREŞTI SECTORUL 5",B,1053,7,5,0,12,49,6,0,55,64,8,0,72,74,8,0,82,122,10,0,132,186,13,0,199
179187,930,"GRĂDINIȚA NR.205","BUCUREŞTI SECTORUL 5",B,1177,8,5,0,13,55,7,0,62,79,9,0,88,90,9,0,99,154,13,0,167,191,16,0,207
179187,931,"LICEUL TEORETIC ”DIMITRIE BOLINTINEANU”","BUCUREŞTI SECTORUL 5",B,1086,6,2,0,8,52,2,0,54,78,2,0,80,90,3,0,93,157,7,0,164,190,11,0,201
179187,932,"LICEUL TEORETIC ”DIMITRIE BOLINTINEANU”","BUCUREŞTI SECTORUL 5",B,966,7,0,0,7,43,3,0,46,70,4,0,74,77,5,0,82,119,5,0,124,141,7,0,148
179187,933,"LICEUL TEORETIC ”DIMITRIE BOLINTINEANU”","BUCUREŞTI SECTORUL 5",B,1133,12,0,0,12,44,1,0,45,58,2,0,60,77,2,0,79,127,4,0,131,167,12,0,179
179187,934,"LICEUL TEORETIC ”DIMITRIE BOLINTINEANU”","BUCUREŞTI SECTORUL 5",B,1312,13,1,0,14,53,7,0,60,83,11,0,94,95,13,0,108,163,25,1,189,194,35,1,230
179187,935,"LICEUL TEORETIC ”DIMITRIE BOLINTINEANU”","BUCUREŞTI SECTORUL 5",B,1257,11,1,0,12,61,10,0,71,85,29,0,114,97,35,0,132,167,62,0,229,218,74,0,292
179187,936,"LICEUL TEORETIC ”DIMITRIE BOLINTINEANU”","BUCUREŞTI SECTORUL 5",B,1452,12,4,0,16,47,9,0,56,66,14,0,80,76,14,0,90,142,17,0,159,173,20,0,193
179187,937,"LICEUL TEORETIC ”DIMITRIE BOLINTINEANU”","BUCUREŞTI SECTORUL 5",B,1252,10,3,0,13,52,9,0,61,80,10,0,90,87,14,0,101,175,21,0,196,203,28,0,231
179187,938,"LICEUL TEORETIC ”DIMITRIE BOLINTINEANU”","BUCUREŞTI SECTORUL 5",B,1267,6,3,0,9,33,8,0,41,58,9,0,67,67,10,0,77,128,18,0,146,158,20,0,178
179187,939,"LICEUL TEORETIC ”DIMITRIE BOLINTINEANU”","BUCUREŞTI SECTORUL 5",B,919,8,1,0,9,49,5,0,54,55,5,1,61,67,5,1,73,123,5,1,129,155,5,1,161
179187,940,"FACULTATEA DE DREPT","BUCUREŞTI SECTORUL 5",B,647,6,8,0,14,31,46,0,77,51,56,0,107,60,56,0,116,95,80,0,175,113,102,0,215
179187,941,"FACULTATEA DE DREPT","BUCUREŞTI SECTORUL 5",B,626,6,2,0,8,26,6,0,32,50,12,0,62,52,12,0,64,76,17,0,93,85,28,0,113
179187,942,"FACULTATEA DE DREPT","BUCUREŞTI SECTORUL 5",B,600,7,0,0,7,49,13,0,62,62,20,0,82,65,22,0,87,82,32,0,114,100,56,0,156
179187,943,"COLEGIUL NAȚIONAL ”GHEORGHE LAZĂR”","BUCUREŞTI SECTORUL 5",B,715,1,0,0,1,46,7,0,53,73,13,0,86,90,13,0,103,110,21,0,131,135,30,0,165
179187,944,"COLEGIUL NAȚIONAL ”GHEORGHE LAZĂR”","BUCUREŞTI SECTORUL 5",B,905,4,3,0,7,51,12,0,63,63,25,0,88,66,28,0,94,116,43,0,159,137,75,0,212
179187,945,"COLEGIUL NAȚIONAL ”GHEORGHE LAZĂR”","BUCUREŞTI SECTORUL 5",B,584,5,3,0,8,21,10,0,31,28,14,0,42,41,15,0,56,68,18,0,86,90,28,0,118
179187,946,"COLEGIUL NAȚIONAL ”GHEORGHE LAZĂR”","BUCUREŞTI SECTORUL 5",B,748,3,5,0,8,45,7,0,52,56,11,0,67,61,11,0,72,92,22,0,114,116,30,0,146
179187,947,"COLEGIUL NAȚIONAL ”GHEORGHE LAZĂR”","BUCUREŞTI SECTORUL 5",B,628,3,1,0,4,36,8,0,44,54,21,0,75,54,23,0,77,89,59,0,148,99,83,0,182
179187,948,"GRĂDINȚA NR.178","BUCUREŞTI SECTORUL 5",B,1833,9,3,0,12,63,6,0,69,91,8,0,99,108,8,0,116,196,16,0,212,252,22,0,274
179187,949,"GRĂDINȚA NR.178","BUCUREŞTI SECTORUL 5",B,965,5,0,0,5,18,5,0,23,35,6,0,41,44,6,0,50,82,13,0,95,102,14,0,116
179187,950,"GRĂDINȚA NR.178","BUCUREŞTI SECTORUL 5",B,1923,9,2,0,11,53,3,1,57,76,3,1,80,92,4,1,97,193,7,2,202,235,7,2,244
179187,951,"LICEUL TEORETIC ""ION BARBU""","BUCUREŞTI SECTORUL 5",B,1200,8,0,0,8,34,9,0,43,56,14,0,70,60,14,0,74,119,16,0,135,144,24,0,168
179187,952,"LICEUL TEORETIC ""ION BARBU""","BUCUREŞTI SECTORUL 5",B,1362,7,1,0,8,27,2,0,29,46,9,0,55,53,9,0,62,117,16,0,133,161,26,0,187
179187,953,"LICEUL TEORETIC ""ION BARBU""","BUCUREŞTI SECTORUL 5",B,949,10,0,0,10,36,0,0,36,54,3,0,57,63,3,0,66,115,5,0,120,161,10,0,171
179187,954,"LICEUL TEORETIC ""ION BARBU""","BUCUREŞTI SECTORUL 5",B,1077,15,0,0,15,65,1,0,66,88,2,0,90,101,2,0,103,175,4,0,179,217,6,0,223
179187,955,"LICEUL TEORETIC ""ION BARBU""","BUCUREŞTI SECTORUL 5",B,1211,14,0,0,14,73,4,0,77,92,5,0,97,99,5,0,104,186,10,0,196,221,11,0,232
179187,956,"LICEUL TEORETIC ""ION BARBU""","BUCUREŞTI SECTORUL 5",B,1837,18,0,0,18,80,0,0,80,117,0,0,117,129,0,0,129,210,8,0,218,274,10,0,284
179187,957,"LICEUL TEORETIC ""ION BARBU""","BUCUREŞTI SECTORUL 5",B,988,7,4,0,11,39,4,0,43,66,4,0,70,69,4,0,73,118,5,0,123,171,5,0,176
179187,958,"LICEUL TEORETIC ""ION BARBU""","BUCUREŞTI SECTORUL 5",B,829,5,0,0,5,37,4,0,41,59,4,0,63,63,5,0,68,104,5,0,109,135,9,0,144
179187,959,"LICEUL TEORETIC ""ION BARBU""","BUCUREŞTI SECTORUL 5",B,1286,6,0,0,6,44,2,0,46,72,3,1,76,74,7,1,82,136,9,1,146,172,12,1,185
179187,960,"ȘCOALA GIMNAZIALĂ NR.115","BUCUREŞTI SECTORUL 5",B,1433,9,0,0,9,41,11,0,52,74,19,0,93,88,19,0,107,166,31,0,197,210,49,0,259
179187,961,"ȘCOALA GIMNAZIALĂ NR.115","BUCUREŞTI SECTORUL 5",B,1194,10,5,0,15,54,12,0,66,78,19,0,97,87,20,0,107,146,30,0,176,171,34,0,205
179187,962,"ȘCOALA GIMNAZIALĂ NR.115","BUCUREŞTI SECTORUL 5",B,1378,12,0,0,12,42,0,5,47,65,7,0,72,83,8,0,91,173,11,2,186,203,13,2,218
179187,963,"ȘCOALA GIMNAZIALĂ NR.115","BUCUREŞTI SECTORUL 5",B,1165,9,0,0,9,49,3,0,52,65,3,0,68,67,4,0,71,140,6,0,146,178,7,0,185
179187,964,"ȘCOALA GIMNAZIALĂ NR.115","BUCUREŞTI SECTORUL 5",B,1128,9,3,0,12,44,4,0,48,58,4,0,62,71,4,0,75,119,6,0,125,144,12,0,156
179187,965,"ȘCOALA GIMNAZIALĂ NR.115","BUCUREŞTI SECTORUL 5",B,1196,10,3,0,13,40,4,0,44,53,4,0,57,59,4,0,63,117,14,0,131,155,22,0,177
179187,966,"ȘCOALA GIMNAZIALĂ ”I. G. DUCA”","BUCUREŞTI SECTORUL 5",B,1096,15,3,0,18,91,22,0,113,114,46,0,160,123,46,0,169,186,58,0,244,231,86,0,317
179187,967,"ȘCOALA GIMNAZIALĂ ”I. G. DUCA”","BUCUREŞTI SECTORUL 5",B,966,9,0,0,9,64,0,0,64,81,2,40,123,87,2,40,129,138,7,40,185,173,10,40,223
179187,968,"ȘCOALA GIMNAZIALĂ ”I. G. DUCA”","BUCUREŞTI SECTORUL 5",B,1077,8,0,0,8,69,1,0,70,91,2,0,93,96,2,0,98,166,7,0,173,211,11,0,222
179187,969,"ȘCOALA GIMNAZIALĂ ”I. G. DUCA”","BUCUREŞTI SECTORUL 5",B,899,6,0,0,6,41,2,0,43,64,2,0,66,70,2,0,72,123,7,0,130,176,9,0,185
179187,970,"ȘCOALA GIMNAZIALĂ ”I. G. DUCA”","BUCUREŞTI SECTORUL 5",B,1019,15,0,0,15,60,2,1,63,78,6,1,85,90,6,1,97,137,18,1,156,177,20,1,198
179187,971,"ȘCOALA GIMNAZIALĂ NR.150","BUCUREŞTI SECTORUL 5",B,705,11,0,0,11,31,5,0,36,53,6,0,59,63,6,0,69,97,10,99,206,122,14,99,235
179187,972,"ȘCOALA GIMNAZIALĂ NR.150","BUCUREŞTI SECTORUL 5",B,686,6,0,0,6,40,10,0,50,53,17,0,70,56,19,0,75,97,36,0,133,124,47,0,171
179187,973,"ȘCOALA GIMNAZIALĂ NR.150","BUCUREŞTI SECTORUL 5",B,739,6,1,0,7,42,4,0,46,65,5,0,70,66,5,0,71,102,12,0,114,127,14,0,141
179187,974,"ȘCOALA GIMNAZIALĂ NR.150","BUCUREŞTI SECTORUL 5",B,695,3,0,0,3,38,1,0,39,54,2,0,56,56,4,0,60,100,9,0,109,130,11,0,141
179187,975,"ȘCOALA GIMNAZIALĂ NR.150","BUCUREŞTI SECTORUL 5",B,700,1,0,0,1,30,4,0,34,63,5,0,68,69,5,0,74,105,7,0,112,136,9,0,145
179187,976,"ȘCOALA GIMNAZIALĂ NR.150","BUCUREŞTI SECTORUL 5",B,775,3,0,0,3,22,0,0,22,48,2,0,50,51,3,0,54,108,5,0,113,131,5,0,136
179187,977,"ȘCOALA GIMNAZIALĂ NR.128","BUCUREŞTI SECTORUL 5",B,824,1,3,0,4,21,8,0,29,34,11,0,45,40,11,0,51,66,15,0,81,106,17,0,123
179187,978,"ȘCOALA GIMNAZIALĂ NR.128","BUCUREŞTI SECTORUL 5",B,786,1,0,0,1,13,0,0,13,26,0,0,26,28,0,0,28,55,6,0,61,63,9,0,72
179187,979,"ȘCOALA GIMNAZIALĂ NR.128","BUCUREŞTI SECTORUL 5",B,782,4,0,0,4,29,3,0,32,38,3,0,41,41,4,0,45,78,7,0,85,97,7,0,104
179187,980,"ȘCOALA GIMNAZIALĂ NR.128","BUCUREŞTI SECTORUL 5",B,728,12,1,0,13,44,6,0,50,54,7,0,61,64,8,0,72,127,9,0,136,160,11,0,171
179187,981,"GRĂDINIȚA NR.268","BUCUREŞTI SECTORUL 5",B,712,6,0,0,6,69,0,0,69,87,0,0,87,100,8,0,108,145,14,0,159,169,19,0,188
179187,982,"GRĂDINIȚA NR.268","BUCUREŞTI SECTORUL 5",B,1229,27,0,0,27,106,7,0,113,131,15,23,169,148,15,23,186,243,26,23,292,268,31,23,322
179187,983,"GRĂDINIȚA NR.268","BUCUREŞTI SECTORUL 5",B,847,7,0,0,7,57,1,0,58,85,2,0,87,96,6,0,102,161,7,0,168,199,7,0,206
179187,984,"ȘCOALA GIMNAZIALĂ NR.125","BUCUREŞTI SECTORUL 5",B,1640,12,1,0,13,58,3,0,61,81,5,0,86,97,5,0,102,155,9,0,164,235,10,0,245
179187,985,"ȘCOALA GIMNAZIALĂ NR.125","BUCUREŞTI SECTORUL 5",B,1769,10,0,0,10,36,0,0,36,68,0,0,68,81,0,0,81,171,0,0,171,229,0,0,229
179187,986,"ȘCOALA GIMNAZIALĂ NR.125","BUCUREŞTI SECTORUL 5",B,1492,9,1,0,10,38,5,0,43,50,6,0,56,61,9,0,70,117,19,0,136,139,23,0,162
179187,987,"ȘCOALA GIMNAZIALĂ NR.131","BUCUREŞTI SECTORUL 5",B,1448,9,4,0,13,34,8,0,42,43,14,0,57,58,16,0,74,114,25,0,139,140,27,265,432
179187,988,"ȘCOALA GIMNAZIALĂ NR.131","BUCUREŞTI SECTORUL 5",B,1632,3,0,0,3,35,0,0,35,42,0,0,42,59,0,0,59,96,2,134,232,130,3,134,267
179187,989,"ȘCOALA GIMNAZIALĂ NR.131","BUCUREŞTI SECTORUL 5",B,1375,7,0,0,7,29,0,0,29,38,0,0,38,46,0,0,46,92,0,61,153,137,3,61,201
179187,990,"ȘCOALA GIMNAZIALĂ NR.131","BUCUREŞTI SECTORUL 5",B,1817,10,0,0,10,41,7,0,48,66,7,0,73,83,7,0,90,149,11,47,207,191,14,47,252
179187,991,"ȘCOALA GIMNAZIALĂ NR.131","BUCUREŞTI SECTORUL 5",B,1485,17,0,0,17,51,0,0,51,64,0,0,64,75,0,0,75,138,1,147,286,189,4,147,340
179187,992,"ȘCOALA GIMNAZIALĂ NR.131","BUCUREŞTI SECTORUL 5",B,1804,18,1,0,19,70,3,0,73,99,4,0,103,115,4,0,119,178,7,193,378,227,12,193,432
179187,993,"ȘCOALA GIMNAZIALĂ NR.126","BUCUREŞTI SECTORUL 5",B,1695,15,5,0,20,62,11,0,73,99,14,0,113,125,14,0,139,209,18,0,227,260,19,0,279
179187,994,"ȘCOALA GIMNAZIALĂ NR.126","BUCUREŞTI SECTORUL 5",B,1379,20,0,0,20,82,3,0,85,95,6,0,101,109,6,0,115,184,13,0,197,218,14,0,232
179187,995,"ȘCOALA GIMNAZIALĂ NR.126","BUCUREŞTI SECTORUL 5",B,1315,11,0,0,11,63,5,0,68,90,5,0,95,101,5,0,106,179,5,0,184,226,7,0,233
179187,996,"ȘCOALA GIMNAZIALĂ NR.126","BUCUREŞTI SECTORUL 5",B,1683,9,0,0,9,40,2,0,42,52,3,0,55,57,3,0,60,104,4,0,108,139,6,0,145
179187,997,"ȘCOALA GIMNAZIALĂ NR.126","BUCUREŞTI SECTORUL 5",B,1185,8,0,0,8,29,0,0,29,41,1,0,42,48,1,0,49,91,1,0,92,116,5,0,121
179187,998,"ȘCOALA GIMNAZIALĂ NR.126","BUCUREŞTI SECTORUL 5",B,1087,4,5,0,9,30,5,0,35,45,6,0,51,49,6,0,55,109,7,0,116,143,10,0,153
179187,999,"ȘCOALA GIMNAZIALĂ NR.126","BUCUREŞTI SECTORUL 5",B,1298,5,4,0,9,32,5,0,37,53,6,0,59,61,7,0,68,135,7,0,142,162,8,0,170
179187,1000,"ȘCOALA GIMNAZIALĂ ”MIRCEA SÂNTIMBREANU”","BUCUREŞTI SECTORUL 5",B,1013,6,0,0,6,38,2,0,40,61,2,0,63,70,2,0,72,108,11,0,119,150,14,0,164
179187,1001,"ȘCOALA GIMNAZIALĂ ”MIRCEA SÂNTIMBREANU”","BUCUREŞTI SECTORUL 5",B,997,5,0,0,5,19,0,0,19,33,5,0,38,46,5,0,51,96,8,0,104,127,11,0,138
179187,1002,"ȘCOALA GIMNAZIALĂ ”MIRCEA SÂNTIMBREANU”","BUCUREŞTI SECTORUL 5",B,923,5,0,0,5,43,0,0,43,71,0,0,71,88,0,0,88,139,0,0,139,168,6,0,174
179187,1003,"ȘCOALA GIMNAZIALĂ ”MIRCEA SÂNTIMBREANU”","BUCUREŞTI SECTORUL 5",B,989,15,0,0,15,51,5,0,56,74,5,0,79,89,5,0,94,148,6,0,154,175,6,0,181
179187,1004,"ȘCOALA GIMNAZIALĂ ”MIRCEA SÂNTIMBREANU”","BUCUREŞTI SECTORUL 5",B,1005,8,0,0,8,38,0,0,38,60,1,0,61,69,8,0,77,116,11,0,127,139,13,0,152
179187,1005,"GRĂDINIȚA NR.35","BUCUREŞTI SECTORUL 5",B,1175,6,1,0,7,44,3,0,47,70,10,0,80,81,14,0,95,125,19,0,144,161,25,0,186
179187,1006,"GRĂDINIȚA NR.35","BUCUREŞTI SECTORUL 5",B,1187,16,1,0,17,55,1,0,56,70,5,0,75,85,5,0,90,139,7,0,146,175,8,0,183
179187,1007,"GRĂDINIȚA NR.35","BUCUREŞTI SECTORUL 5",B,989,7,0,0,7,29,2,0,31,38,3,0,41,51,3,0,54,109,9,0,118,119,12,0,131
179187,1008,"GRĂDINIȚA NR.35","BUCUREŞTI SECTORUL 5",B,1037,8,0,0,8,36,3,0,39,62,5,0,67,68,5,0,73,128,8,0,136,163,9,0,172
179187,1009,"GRĂDINIȚA NR.35","BUCUREŞTI SECTORUL 5",B,1099,14,0,0,14,49,2,0,51,72,3,0,75,80,4,0,84,137,4,0,141,179,7,0,186
179187,1010,"GRĂDINIȚA NR.35","BUCUREŞTI SECTORUL 5",B,1083,7,0,0,7,22,0,0,22,45,0,0,45,56,0,0,56,118,2,0,120,157,4,0,161
179187,1011,"GRĂDINIȚA NR.35","BUCUREŞTI SECTORUL 5",B,1183,5,0,0,5,54,1,0,55,80,3,0,83,91,3,0,94,150,9,0,159,175,13,0,188
179187,1012,"GRĂDINIȚA ”FLOAREA-SOARELUI”","BUCUREŞTI SECTORUL 5",B,1184,4,1,0,5,36,5,0,41,53,6,0,59,68,12,0,80,118,21,0,139,142,32,0,174
179187,1013,"GRĂDINIȚA ”FLOAREA-SOARELUI”","BUCUREŞTI SECTORUL 5",B,1083,7,0,0,7,27,0,0,27,36,0,0,36,47,3,0,50,93,6,0,99,139,7,0,146
179187,1014,"ȘCOALA GIMNAZIALĂ NR.144","BUCUREŞTI SECTORUL 5",B,1872,17,8,0,25,53,15,0,68,98,18,0,116,116,25,0,141,205,47,0,252,257,73,0,330
179187,1015,"ȘCOALA GIMNAZIALĂ NR.144","BUCUREŞTI SECTORUL 5",B,1563,13,0,0,13,64,0,0,64,86,1,0,87,104,1,0,105,179,7,0,186,216,9,0,225
179187,1016,"ȘCOALA GIMNAZIALĂ NR.144","BUCUREŞTI SECTORUL 5",B,1524,8,1,0,9,48,1,0,49,67,1,0,68,79,1,0,80,149,7,0,156,183,8,0,191
179187,1017,"ȘCOALA GIMNAZIALĂ NR.143","BUCUREŞTI SECTORUL 5",B,1081,4,0,0,4,40,0,0,40,52,2,0,54,65,2,0,67,114,2,0,116,144,8,0,152
179187,1018,"ȘCOALA GIMNAZIALĂ NR.143","BUCUREŞTI SECTORUL 5",B,1219,7,1,0,8,25,9,0,34,45,10,0,55,57,11,0,68,115,18,0,133,155,20,0,175
179187,1019,"ȘCOALA GIMNAZIALĂ NR.143","BUCUREŞTI SECTORUL 5",B,1141,8,7,0,15,34,13,0,47,54,15,0,69,59,15,0,74,104,21,0,125,138,24,0,162
179187,1020,"ȘCOALA GIMNAZIALĂ NR.143","BUCUREŞTI SECTORUL 5",B,1160,11,0,0,11,43,0,0,43,72,0,0,72,86,0,0,86,129,0,0,129,159,0,0,159
179187,1021,"ȘCOALA GIMNAZIALĂ NR.143","BUCUREŞTI SECTORUL 5",B,1021,7,1,0,8,45,3,0,48,64,6,0,70,70,6,0,76,127,8,0,135,158,8,0,166
179187,1022,"ȘCOALA GIMNAZIALĂ NR.143","BUCUREŞTI SECTORUL 5",B,1283,7,0,0,7,38,0,0,38,69,3,0,72,77,3,0,80,150,6,0,156,184,9,0,193
179187,1023,"ȘCOALA GIMNAZIALĂ NR.143","BUCUREŞTI SECTORUL 5",B,1092,8,0,0,8,47,0,0,47,74,1,0,75,89,1,0,90,132,3,0,135,162,4,0,166
179187,1024,"ȘCOALA GIMNAZIALĂ NR.143","BUCUREŞTI SECTORUL 5",B,1109,5,0,0,5,53,1,0,54,81,3,0,84,91,8,0,99,139,8,0,147,163,8,0,171
179187,1025,"ȘCOALA GIMNAZIALĂ NR.143","BUCUREŞTI SECTORUL 5",B,1285,7,0,0,7,29,3,0,32,53,3,0,56,74,3,0,77,137,5,0,142,180,5,0,185
179187,1026,"ȘCOALA GIMNAZIALĂ NR.143","BUCUREŞTI SECTORUL 5",B,1146,8,0,0,8,32,1,0,33,53,1,0,54,64,1,0,65,114,2,0,116,139,4,0,143
179187,1027,"ȘCOALA GIMNAZIALĂ NR.143","BUCUREŞTI SECTORUL 5",B,1196,5,0,0,5,40,0,0,40,58,0,0,58,69,3,0,72,135,4,0,139,149,6,0,155
179187,1028,"ȘCOALA GIMNAZIALĂ NR.143","BUCUREŞTI SECTORUL 5",B,967,2,3,0,5,24,3,0,27,31,3,0,34,37,3,0,40,74,4,0,78,95,5,0,100
179187,1029,"ȘCOALA GIMNAZIALĂ NR.143","BUCUREŞTI SECTORUL 5",B,1157,4,0,0,4,25,1,0,26,38,4,0,42,43,4,0,47,84,6,0,90,112,8,0,120
179187,1030,"ȘCOALA GIMNAZIALĂ NR.143","BUCUREŞTI SECTORUL 5",B,1036,15,0,0,15,43,2,0,45,76,5,0,81,83,5,0,88,131,5,0,136,153,6,0,159
179196,1031,"SERVICIUL STARE CIVILĂ SECTOR 6","BUCUREŞTI SECTORUL 6",B,1138,5,4,0,9,43,6,0,49,62,6,0,68,71,7,0,78,132,11,0,143,155,13,0,168
179196,1032,"SERVICIUL STARE CIVILĂ SECTOR 6","BUCUREŞTI SECTORUL 6",B,1242,17,0,0,17,51,8,0,59,87,13,0,100,94,14,0,108,180,22,0,202,230,27,0,257
179196,1033,"ŞCOALA GIMNAZIALĂ NR.311","BUCUREŞTI SECTORUL 6",B,1548,14,5,0,19,68,21,0,89,89,28,0,117,107,30,0,137,198,48,0,246,262,63,0,325
179196,1034,"ŞCOALA GIMNAZIALĂ NR.311","BUCUREŞTI SECTORUL 6",B,1411,14,3,0,17,65,6,0,71,96,11,0,107,106,12,0,118,175,19,0,194,202,24,0,226
179196,1035,"ŞCOALA GIMNAZIALĂ NR.311","BUCUREŞTI SECTORUL 6",B,1516,24,1,0,25,103,2,0,105,137,6,0,143,149,6,0,155,233,9,0,242,299,15,0,314
179196,1036,"ŞCOALA GIMNAZIALĂ NR.311","BUCUREŞTI SECTORUL 6",B,1531,17,1,0,18,97,6,0,103,138,6,0,144,154,6,0,160,250,8,0,258,311,11,0,322
179196,1037,"ŞCOALA GIMNAZIALĂ NR.311","BUCUREŞTI SECTORUL 6",B,1278,4,1,0,5,55,3,0,58,81,3,0,84,95,3,0,98,150,4,0,154,187,7,0,194
179196,1038,"ŞCOALA GIMNAZIALĂ NR.311","BUCUREŞTI SECTORUL 6",B,1172,11,6,0,17,59,11,0,70,90,12,0,102,107,12,0,119,172,15,0,187,207,16,0,223
179196,1039,"ŞCOALA GIMNAZIALĂ NR.59","BUCUREŞTI SECTORUL 6",B,964,14,0,0,14,73,2,0,75,105,6,0,111,113,6,0,119,175,7,0,182,192,8,0,200
179196,1040,"ŞCOALA GIMNAZIALĂ NR.59","BUCUREŞTI SECTORUL 6",B,1233,19,0,2,21,77,9,0,86,110,9,0,119,123,10,0,133,194,12,0,206,237,16,0,253
179196,1041,"ŞCOALA GIMNAZIALĂ NR.59","BUCUREŞTI SECTORUL 6",B,1247,25,2,0,27,74,5,0,79,105,13,0,118,114,19,0,133,172,28,0,200,212,42,0,254
179196,1042,"ŞCOALA GIMNAZIALĂ NR.59","BUCUREŞTI SECTORUL 6",B,1481,17,1,0,18,72,1,0,73,110,4,0,114,122,4,0,126,196,8,0,204,249,12,0,261
179196,1043,"ŞCOALA GIMNAZIALĂ NR.59","BUCUREŞTI SECTORUL 6",B,1217,16,0,0,16,79,0,0,79,103,0,0,103,114,0,0,114,172,5,0,177,234,9,0,243
179196,1044,"ŞCOALA GIMNAZIALĂ NR.59","BUCUREŞTI SECTORUL 6",B,1295,8,0,0,8,48,2,0,50,93,7,0,100,110,7,0,117,180,11,0,191,239,15,0,254
179196,1045,"ŞCOALA GIMNAZIALĂ ""ADRIAN PĂUNESCU""","BUCUREŞTI SECTORUL 6",B,1254,20,1,0,21,82,6,0,88,124,7,0,131,130,7,0,137,208,9,0,217,234,11,0,245
179196,1046,"ŞCOALA GIMNAZIALĂ ""ADRIAN PĂUNESCU""","BUCUREŞTI SECTORUL 6",B,1375,22,4,0,26,84,11,0,95,112,19,0,131,125,21,0,146,198,24,0,222,242,40,0,282
179196,1047,"ŞCOALA GIMNAZIALĂ ""ADRIAN PĂUNESCU""","BUCUREŞTI SECTORUL 6",B,837,3,2,0,5,37,15,0,52,56,22,0,78,66,25,0,91,114,29,0,143,133,33,0,166
179196,1048,"ŞCOALA GIMNAZIALĂ ""ADRIAN PĂUNESCU""","BUCUREŞTI SECTORUL 6",B,1349,18,0,0,18,88,1,0,89,119,3,0,122,125,8,0,133,215,16,0,231,246,18,0,264
179196,1049,"ŞCOALA GIMNAZIALĂ ""ADRIAN PĂUNESCU""","BUCUREŞTI SECTORUL 6",B,1356,16,1,0,17,93,1,0,94,132,4,0,136,144,4,0,148,234,6,0,240,274,9,0,283
179196,1050,"ŞCOALA GIMNAZIALĂ ""ADRIAN PĂUNESCU""","BUCUREŞTI SECTORUL 6",B,1268,7,1,0,8,48,1,0,49,73,1,0,74,83,2,0,85,145,2,0,147,183,2,0,185
179196,1051,"ŞCOALA GIMNAZIALĂ NR.197","BUCUREŞTI SECTORUL 6",B,1557,15,0,0,15,98,2,0,100,143,5,0,148,163,5,0,168,245,5,0,250,295,7,0,302
179196,1052,"ŞCOALA GIMNAZIALĂ NR.197","BUCUREŞTI SECTORUL 6",B,1072,14,2,0,16,68,4,0,72,88,6,0,94,101,6,0,107,154,11,0,165,181,17,0,198
179196,1053,"ŞCOALA GIMNAZIALĂ NR.197","BUCUREŞTI SECTORUL 6",B,998,12,3,0,15,72,9,0,81,104,22,0,126,110,22,0,132,186,45,0,231,204,57,0,261
179196,1054,"ŞCOALA GIMNAZIALĂ NR.197","BUCUREŞTI SECTORUL 6",B,1364,19,3,0,22,118,4,0,122,153,4,0,157,163,4,0,167,249,8,0,257,302,9,0,311
179196,1055,"ŞCOALA GIMNAZIALĂ NR.197","BUCUREŞTI SECTORUL 6",B,1135,12,2,0,14,63,3,1,67,86,5,1,92,89,5,1,95,140,9,1,150,171,13,1,185
179196,1056,"ŞCOALA GIMNAZIALĂ NR.197","BUCUREŞTI SECTORUL 6",B,1071,8,0,0,8,85,0,0,85,111,4,0,115,128,4,0,132,216,10,0,226,254,11,0,265
179196,1057,"ŞCOALA GIMNAZIALĂ NR.197","BUCUREŞTI SECTORUL 6",B,938,8,0,0,8,52,2,0,54,73,5,0,78,76,6,0,82,126,7,0,133,162,7,0,169
179196,1058,"A.D.P.D.U. SECTOR 6","BUCUREŞTI SECTORUL 6",B,1208,19,4,0,23,95,6,0,101,141,8,0,149,149,8,0,157,238,13,0,251,264,19,0,283
179196,1059,"ŞCOALA GIMNAZIALĂ NR.193","BUCUREŞTI SECTORUL 6",B,1079,13,2,0,15,63,11,0,74,89,13,0,102,94,16,0,110,153,32,0,185,202,48,0,250
179196,1060,"ŞCOALA GIMNAZIALĂ NR.193","BUCUREŞTI SECTORUL 6",B,1107,11,0,0,11,60,5,0,65,81,7,0,88,92,7,0,99,165,14,0,179,211,21,0,232
179196,1061,"ŞCOALA GIMNAZIALĂ NR.193","BUCUREŞTI SECTORUL 6",B,984,8,2,0,10,58,11,0,69,76,18,0,94,77,19,0,96,147,35,0,182,179,46,0,225
179196,1062,"ŞCOALA GIMNAZIALĂ NR.193","BUCUREŞTI SECTORUL 6",B,1221,5,4,0,9,75,6,0,81,113,6,0,119,122,6,0,128,186,8,0,194,229,11,0,240
179196,1063,"COLEGIUL NAŢIONAL ""GRIGORE MOISIL""","BUCUREŞTI SECTORUL 6",B,1257,17,2,0,19,85,11,0,96,113,18,0,131,123,20,0,143,189,32,0,221,243,49,0,292
179196,1064,"COLEGIUL NAŢIONAL ""GRIGORE MOISIL""","BUCUREŞTI SECTORUL 6",B,1362,16,1,0,17,77,8,0,85,106,10,0,116,121,10,0,131,201,17,0,218,232,25,0,257
179196,1065,"COLEGIUL NAŢIONAL ""GRIGORE MOISIL""","BUCUREŞTI SECTORUL 6",B,1227,7,0,0,7,57,1,0,58,77,3,0,80,89,4,0,93,189,4,0,193,202,7,0,209
179196,1066,"COLEGIUL NAŢIONAL ""GRIGORE MOISIL""","BUCUREŞTI SECTORUL 6",B,1109,10,3,0,13,65,5,0,70,104,5,0,109,112,6,0,118,149,8,0,157,184,13,0,197
179196,1067,"ŞCOALA GIMNAZIALĂ NR.164","BUCUREŞTI SECTORUL 6",B,1045,12,4,0,16,71,20,1,92,94,27,1,122,100,32,1,133,162,64,1,227,194,79,1,274
179196,1068,"ŞCOALA GIMNAZIALĂ NR.164","BUCUREŞTI SECTORUL 6",B,1140,21,5,0,26,93,8,1,102,113,9,1,123,125,9,1,135,198,12,1,211,246,14,1,261
179196,1069,"ŞCOALA GIMNAZIALĂ NR.164","BUCUREŞTI SECTORUL 6",B,1018,7,0,0,7,69,1,0,70,93,6,0,99,97,6,0,103,161,13,0,174,207,15,0,222
179196,1070,"COLEGIUL TEHNIC ""GHEORGHE ASACHI""","BUCUREŞTI SECTORUL 6",B,1399,26,1,0,27,36,6,0,42,107,10,0,117,117,11,0,128,176,24,0,200,233,34,0,267
179196,1071,"COLEGIUL TEHNIC ""GHEORGHE ASACHI""","BUCUREŞTI SECTORUL 6",B,1159,4,1,0,5,64,9,0,73,87,11,0,98,93,11,0,104,157,16,0,173,183,19,0,202
179196,1072,"COLEGIUL TEHNIC ""GHEORGHE ASACHI""","BUCUREŞTI SECTORUL 6",B,1113,10,0,14,24,76,1,14,91,92,1,14,107,98,3,14,115,165,3,14,182,199,3,14,216
179196,1073,"COLEGIUL TEHNIC ""GHEORGHE ASACHI""","BUCUREŞTI SECTORUL 6",B,1195,21,0,0,21,89,0,0,89,116,0,0,116,124,0,0,124,178,9,0,187,220,11,0,231
179196,1074,"LICEUL TEHNOLOGIC ""ANTIM IVIREANU""","BUCUREŞTI SECTORUL 6",B,1235,17,6,0,23,83,15,0,98,96,22,0,118,113,23,0,136,176,42,0,218,217,55,0,272
179196,1075,"LICEUL TEHNOLOGIC ""ANTIM IVIREANU""","BUCUREŞTI SECTORUL 6",B,1112,15,0,0,15,69,10,0,79,89,11,0,100,102,11,0,113,169,14,0,183,206,18,0,224
179196,1076,"LICEUL TEHNOLOGIC ""ANTIM IVIREANU""","BUCUREŞTI SECTORUL 6",B,1186,13,3,0,16,92,5,0,97,127,5,0,132,138,5,0,143,203,5,2,210,252,6,2,260
179196,1077,"LICEUL TEHNOLOGIC ""ANTIM IVIREANU""","BUCUREŞTI SECTORUL 6",B,1196,13,0,0,13,51,3,0,54,77,3,0,80,81,3,0,84,135,7,0,142,177,9,0,186
179196,1078,"LICEUL TEHNOLOGIC ""ANTIM IVIREANU""","BUCUREŞTI SECTORUL 6",B,1044,19,1,0,20,56,5,0,61,80,5,0,85,92,5,0,97,160,7,0,167,185,8,0,193
179196,1079,"LICEUL TEHNOLOGIC ""ANTIM IVIREANU""","BUCUREŞTI SECTORUL 6",B,1205,12,3,0,15,58,4,0,62,83,7,0,90,93,7,0,100,152,7,0,159,191,9,0,200
179196,1080,"LICEUL TEHNOLOGIC ""ANTIM IVIREANU""","BUCUREŞTI SECTORUL 6",B,1531,14,2,0,16,68,2,0,70,98,2,0,100,111,3,0,114,186,4,0,190,234,9,0,243
179196,1081,"ŞCOALA GIMNAZIALĂ NR.169 CORPI","BUCUREŞTI SECTORUL 6",B,1153,16,1,0,17,87,5,0,92,114,12,0,126,117,13,0,130,191,22,0,213,226,29,0,255
179196,1082,"ŞCOALA GIMNAZIALĂ NR.169 CORPI","BUCUREŞTI SECTORUL 6",B,1134,10,1,0,11,65,8,0,73,97,13,0,110,107,13,0,120,162,18,0,180,199,23,0,222
179196,1083,"ŞCOALA GIMNAZIALĂ NR.169 CORPI","BUCUREŞTI SECTORUL 6",B,1315,6,0,0,6,75,0,0,75,104,2,0,106,115,6,0,121,207,13,0,220,245,15,0,260
179196,1084,"ŞCOALA GIMNAZIALĂ NR.169 CORPI","BUCUREŞTI SECTORUL 6",B,1311,2,0,0,2,61,2,0,63,90,4,0,94,104,5,0,109,186,11,0,197,229,13,0,242
179196,1085,"ŞCOALA GIMNAZIALĂ NR.169 CORPI","BUCUREŞTI SECTORUL 6",B,1273,13,0,0,13,77,0,0,77,101,6,0,107,125,6,0,131,211,6,0,217,263,6,0,269
179196,1086,"ŞCOALA GIMNAZIALĂ NR.169 CORPII","BUCUREŞTI SECTORUL 6",B,1424,21,0,0,21,99,1,0,100,138,10,0,148,152,10,0,162,238,14,0,252,283,19,1,303
179196,1087,"ŞCOALA GIMNAZIALĂ NR.169 CORPII","BUCUREŞTI SECTORUL 6",B,1262,21,0,0,21,90,3,0,93,113,5,0,118,135,5,0,140,210,7,0,217,244,10,0,254
179196,1088,"ŞCOALA GIMNAZIALĂ NR.169 CORPII","BUCUREŞTI SECTORUL 6",B,1198,13,0,0,13,42,1,0,43,57,3,0,60,69,5,0,74,134,11,0,145,180,11,0,191
179196,1089,"ŞCOALA GIMNAZIALĂ NR.169 CORPII","BUCUREŞTI SECTORUL 6",B,1175,17,5,0,22,74,6,0,80,98,6,0,104,115,6,0,121,188,10,1,199,221,18,1,240
179196,1090,"COLEGIUL NAŢIONAL ""ELENA CUZA""","BUCUREŞTI SECTORUL 6",B,1241,13,0,0,13,86,14,0,100,112,21,0,133,129,25,0,154,197,28,0,225,237,42,0,279
179196,1091,"COLEGIUL NAŢIONAL ""ELENA CUZA""","BUCUREŞTI SECTORUL 6",B,1064,15,0,0,15,77,0,0,77,112,3,0,115,128,3,0,131,183,5,0,188,215,9,0,224
179196,1092,"COLEGIUL NAŢIONAL ""ELENA CUZA""","BUCUREŞTI SECTORUL 6",B,1153,19,0,0,19,78,1,0,79,93,1,0,94,101,1,0,102,144,1,1,146,202,6,2,210
179196,1093,"COLEGIUL NAŢIONAL ""ELENA CUZA""","BUCUREŞTI SECTORUL 6",B,957,11,0,0,11,64,0,0,64,85,0,0,85,93,0,0,93,143,1,0,144,165,4,0,169
179196,1094,"LICEUL TEORETIC ""EUGEN LOVINESCU""","BUCUREŞTI SECTORUL 6",B,1451,13,1,0,14,77,9,0,86,126,18,0,144,133,20,0,153,227,44,0,271,279,67,0,346
179196,1095,"LICEUL TEORETIC ""EUGEN LOVINESCU""","BUCUREŞTI SECTORUL 6",B,1282,14,2,0,16,84,5,0,89,115,5,0,120,130,6,0,136,207,8,0,215,257,12,0,269
179196,1096,"LICEUL TEORETIC ""EUGEN LOVINESCU""","BUCUREŞTI SECTORUL 6",B,1574,15,1,0,16,100,4,0,104,145,6,0,151,161,6,0,167,249,8,0,257,295,10,0,305
179196,1097,"LICEUL TEORETIC ""EUGEN LOVINESCU""","BUCUREŞTI SECTORUL 6",B,1482,19,0,0,19,86,0,0,86,120,0,0,120,120,0,0,120,204,0,0,204,249,0,0,249
179196,1098,"LICEUL TEORETIC ""EUGEN LOVINESCU""","BUCUREŞTI SECTORUL 6",B,1406,30,2,0,32,90,4,0,94,133,4,0,137,145,5,0,150,222,10,0,232,257,11,0,268
179196,1099,"LICEUL TEORETIC ""EUGEN LOVINESCU""","BUCUREŞTI SECTORUL 6",B,1240,9,0,0,9,66,7,0,73,93,10,0,103,103,10,0,113,196,11,0,207,222,11,0,233
179196,1100,"LICEUL TEORETIC ""EUGEN LOVINESCU""","BUCUREŞTI SECTORUL 6",B,1185,5,0,0,5,69,1,0,70,91,1,0,92,100,1,0,101,157,1,0,158,198,1,0,199
179196,1101,"LICEUL TEORETIC ""EUGEN LOVINESCU""","BUCUREŞTI SECTORUL 6",B,1254,10,0,0,10,71,3,0,74,96,3,0,99,105,4,0,109,174,5,0,179,201,6,0,207
179196,1102,"LICEUL TEORETIC ""EUGEN LOVINESCU""","BUCUREŞTI SECTORUL 6",B,867,6,1,0,7,52,1,0,53,65,1,0,66,71,3,0,74,121,7,1,129,151,7,1,159
179196,1103,"ŞCOALA GIMNAZIALĂ NR.279","BUCUREŞTI SECTORUL 6",B,1467,15,3,0,18,47,5,0,52,80,12,0,92,92,12,0,104,170,15,0,185,208,21,0,229
179196,1104,"ŞCOALA GIMNAZIALĂ NR.279","BUCUREŞTI SECTORUL 6",B,1564,15,0,0,15,78,7,0,85,110,12,0,122,120,12,0,132,180,15,0,195,228,26,0,254
179196,1105,"ŞCOALA GIMNAZIALĂ NR.279","BUCUREŞTI SECTORUL 6",B,1797,12,1,0,13,70,4,0,74,100,5,0,105,113,6,0,119,208,7,0,215,258,10,0,268
179196,1106,"ŞCOALA GIMNAZIALĂ NR.279","BUCUREŞTI SECTORUL 6",B,1585,21,0,0,21,84,2,0,86,129,2,0,131,144,2,0,146,212,7,0,219,271,9,0,280
179196,1107,"ŞCOALA GIMNAZIALĂ NR.279","BUCUREŞTI SECTORUL 6",B,1430,15,0,0,15,80,5,0,85,125,7,0,132,137,7,0,144,210,9,1,220,261,10,1,272
179196,1108,"ŞCOALA GIMNAZIALĂ SPECIALĂ ""CONSTANTIN PĂUNESCU""","BUCUREŞTI SECTORUL 6",B,1746,17,0,0,17,88,5,0,93,137,10,0,147,154,11,0,165,239,12,0,251,277,22,0,299
179196,1109,"ŞCOALA GIMNAZIALĂ SPECIALĂ ""CONSTANTIN PĂUNESCU""","BUCUREŞTI SECTORUL 6",B,1538,8,1,0,9,85,1,0,86,129,3,0,132,144,8,0,152,230,11,0,241,264,12,0,276
179196,1110,"ŞCOALA GIMNAZIALĂ SPECIALĂ PENTRU DEFICIENŢI DE AUZ ""SF. MARIA""","BUCUREŞTI SECTORUL 6",B,1940,12,0,0,12,90,9,0,99,122,12,0,134,135,13,0,148,217,20,0,237,291,25,0,316
179196,1111,"ŞCOALA GIMNAZIALĂ SPECIALĂ PENTRU DEFICIENŢI DE AUZ ""SF. MARIA""","BUCUREŞTI SECTORUL 6",B,2046,12,0,0,12,75,2,0,77,118,6,0,124,131,6,0,137,223,6,0,229,278,13,0,291
179196,1112,"ŞCOALA GIMNAZIALĂ SPECIALĂ PENTRU DEFICIENŢI DE AUZ ""SF. MARIA""","BUCUREŞTI SECTORUL 6",B,1720,16,1,0,17,81,2,0,83,111,3,0,114,126,3,0,129,202,5,0,207,262,9,0,271
179196,1113,"ŞCOALA GIMNAZIALĂ ""SF. ANDREI""","BUCUREŞTI SECTORUL 6",B,1335,11,0,0,11,61,7,0,68,89,10,0,99,107,11,0,118,176,16,0,192,209,24,0,233
179196,1114,"ŞCOALA GIMNAZIALĂ ""SF. ANDREI""","BUCUREŞTI SECTORUL 6",B,1601,18,3,0,21,88,12,0,100,116,21,0,137,133,27,0,160,226,37,0,263,264,45,0,309
179196,1115,"ŞCOALA GIMNAZIALĂ ""SF. ANDREI""","BUCUREŞTI SECTORUL 6",B,1405,29,0,0,29,106,0,0,106,150,0,0,150,155,0,0,155,259,13,1,273,283,24,1,308
179196,1116,"ŞCOALA GIMNAZIALĂ ""SF. ANDREI""","BUCUREŞTI SECTORUL 6",B,1583,22,3,0,25,92,7,0,99,123,9,0,132,138,11,0,149,219,24,0,243,268,42,0,310
179196,1117,"ŞCOALA GIMNAZIALĂ ""SF. ANDREI""","BUCUREŞTI SECTORUL 6",B,1769,12,0,0,12,68,0,1,69,110,0,1,111,125,0,1,126,231,1,1,233,288,4,1,293
179196,1118,"ŞCOALA GIMNAZIALĂ ""SF. ANDREI""","BUCUREŞTI SECTORUL 6",B,1439,16,0,0,16,59,1,0,60,97,1,0,98,112,2,0,114,186,5,0,191,235,7,0,242
179196,1119,"ŞCOALA GIMNAZIALĂ ""SF. ANDREI""","BUCUREŞTI SECTORUL 6",B,1465,18,1,0,19,90,3,0,93,134,4,0,138,146,5,0,151,242,10,0,252,281,11,0,292
179196,1120,"ŞCOALA GIMNAZIALĂ ""SF. ANDREI""","BUCUREŞTI SECTORUL 6",B,1256,9,0,0,9,53,0,0,53,90,0,0,90,102,0,0,102,175,0,0,175,212,4,0,216
179196,1121,"ŞCOALA GIMNAZIALĂ ""SF. ANDREI""","BUCUREŞTI SECTORUL 6",B,1864,20,4,0,24,75,9,0,84,118,14,0,132,135,14,0,149,280,21,0,301,365,22,0,387
179196,1122,"ŞCOALA GIMNAZIALĂ ""SF. ANDREI""","BUCUREŞTI SECTORUL 6",B,1425,6,1,0,7,40,2,0,42,69,2,0,71,74,2,0,76,148,8,0,156,216,8,0,224
179196,1123,"ŞCOALA GIMNAZIALĂ NR.206","BUCUREŞTI SECTORUL 6",B,1377,10,2,0,12,69,14,0,83,100,17,0,117,112,18,0,130,210,28,0,238,239,32,0,271
179196,1124,"ŞCOALA GIMNAZIALĂ NR.206","BUCUREŞTI SECTORUL 6",B,1417,13,0,0,13,70,0,0,70,94,6,0,100,108,6,0,114,177,7,0,184,212,14,0,226
179196,1125,"ŞCOALA GIMNAZIALĂ NR.206","BUCUREŞTI SECTORUL 6",B,1471,11,0,0,11,70,1,0,71,96,1,0,97,105,1,0,106,173,5,0,178,213,5,0,218
179196,1126,"ŞCOALA GIMNAZIALĂ NR.206","BUCUREŞTI SECTORUL 6",B,1307,7,3,0,10,68,8,0,76,105,8,0,113,119,8,0,127,179,8,0,187,231,12,0,243
179196,1127,"ŞCOALA GIMNAZIALĂ NR.206","BUCUREŞTI SECTORUL 6",B,1454,11,2,0,13,61,5,3,69,90,5,3,98,98,5,3,106,162,6,3,171,209,7,3,219
179196,1128,"ŞCOALA GIMNAZIALĂ NR.206","BUCUREŞTI SECTORUL 6",B,1521,18,4,0,22,104,5,0,109,134,5,0,139,145,5,0,150,233,6,0,239,272,7,0,279
179196,1129,"ŞCOALA GIMNAZIALĂ ""SF. CONSTANTIN ŞI ELENA""","BUCUREŞTI SECTORUL 6",B,1236,8,1,0,9,44,1,0,45,66,2,0,68,80,2,0,82,134,14,0,148,163,17,0,180
179196,1130,"ŞCOALA GIMNAZIALĂ ""SF. CONSTANTIN ŞI ELENA""","BUCUREŞTI SECTORUL 6",B,1540,15,5,0,20,59,20,0,79,92,25,0,117,119,27,0,146,208,39,0,247,239,56,0,295
179196,1131,"ŞCOALA GIMNAZIALĂ ""SF. CONSTANTIN ŞI ELENA""","BUCUREŞTI SECTORUL 6",B,1162,14,1,0,15,60,3,0,63,78,5,0,83,86,5,0,91,157,10,0,167,205,13,0,218
179196,1132,"ŞCOALA GIMNAZIALĂ ""SF. CONSTANTIN ŞI ELENA""","BUCUREŞTI SECTORUL 6",B,1322,5,5,0,10,58,6,0,64,70,7,0,77,77,8,0,85,152,10,0,162,199,11,0,210
179196,1133,"ŞCOALA GIMNAZIALĂ ""SF. CONSTANTIN ŞI ELENA""","BUCUREŞTI SECTORUL 6",B,1540,10,0,0,10,90,5,0,95,124,7,0,131,138,8,0,146,205,10,0,215,250,15,0,265
179196,1134,"ŞCOALA GIMNAZIALĂ ""SF. CONSTANTIN ŞI ELENA""","BUCUREŞTI SECTORUL 6",B,977,3,3,0,6,22,3,0,25,31,4,0,35,38,4,0,42,80,6,0,86,95,8,0,103
179196,1135,"SCOALA GIMNAZIALA SFINTII CONSTANTIN SI ELENA","BUCUREŞTI SECTORUL 6",B,1758,6,0,0,6,59,0,0,59,86,4,0,90,98,4,0,102,193,6,0,199,240,9,0,249
179196,1136,"SCOALA GIMNAZIALA SFINTII CONSTANTIN SI ELENA","BUCUREŞTI SECTORUL 6",B,1702,7,0,0,7,71,2,0,73,102,2,0,104,111,3,0,114,173,4,0,177,223,7,0,230
179196,1137,"ŞCOALA GIMNAZIALĂ NR.309","BUCUREŞTI SECTORUL 6",B,1563,14,3,0,17,71,26,0,97,112,40,0,152,129,46,0,175,217,50,0,267,257,52,0,309
179196,1138,"ŞCOALA GIMNAZIALĂ NR.309","BUCUREŞTI SECTORUL 6",B,1545,17,1,0,18,74,4,0,78,112,13,0,125,130,18,0,148,212,39,0,251,247,61,0,308
179196,1139,"ŞCOALA GIMNAZIALĂ NR.309","BUCUREŞTI SECTORUL 6",B,1489,14,0,0,14,59,0,0,59,98,4,0,102,115,4,0,119,173,25,0,198,225,37,0,262
179196,1140,"ŞCOALA GIMNAZIALĂ NR.309","BUCUREŞTI SECTORUL 6",B,1649,16,3,0,19,66,5,0,71,90,15,0,105,103,15,0,118,183,20,0,203,234,29,0,263
179196,1141,"ŞCOALA GIMNAZIALĂ NR.309","BUCUREŞTI SECTORUL 6",B,1309,10,2,0,12,55,4,0,59,82,4,0,86,99,4,0,103,162,4,0,166,203,5,0,208
179196,1142,"ŞCOALA GIMNAZIALĂ NR.309","BUCUREŞTI SECTORUL 6",B,1635,15,3,0,18,72,4,0,76,100,6,0,106,107,6,0,113,171,9,0,180,221,9,0,230
179196,1143,"ŞCOALA GIMNAZIALĂ ""ION DUMITRIU""","BUCUREŞTI SECTORUL 6",B,1270,9,0,0,9,49,6,0,55,73,13,0,86,81,13,0,94,150,21,0,171,182,31,1,214
179196,1144,"ŞCOALA GIMNAZIALĂ ""ION DUMITRIU""","BUCUREŞTI SECTORUL 6",B,1570,11,0,0,11,53,2,0,55,86,9,0,95,107,11,0,118,184,18,0,202,222,25,0,247
179196,1145,"ŞCOALA GIMNAZIALĂ ""ION DUMITRIU""","BUCUREŞTI SECTORUL 6",B,1217,9,1,0,10,39,5,0,44,57,8,0,65,76,8,0,84,138,14,0,152,160,18,0,178
179196,1146,"ŞCOALA GIMNAZIALĂ ""ION DUMITRIU""","BUCUREŞTI SECTORUL 6",B,1698,19,1,0,20,64,6,0,70,98,8,0,106,110,10,0,120,179,15,0,194,229,17,0,246
179196,1147,"ŞCOALA GIMNAZIALĂ ""ION DUMITRIU""","BUCUREŞTI SECTORUL 6",B,1373,9,1,0,10,58,1,0,59,78,4,0,82,103,4,0,107,171,5,0,176,207,6,0,213
179196,1148,"ŞCOALA GIMNAZIALĂ ""ION DUMITRIU""","BUCUREŞTI SECTORUL 6",B,1617,17,0,0,17,64,3,1,68,92,5,1,98,104,6,1,111,189,6,1,196,239,8,1,248
179196,1149,"ŞCOALA GIMNAZIALĂ ""ION DUMITRIU""","BUCUREŞTI SECTORUL 6",B,1340,7,1,0,8,33,1,0,34,61,3,0,64,68,3,0,71,121,4,0,125,161,6,0,167
179196,1150,"ŞCOALA GIMNAZIALĂ ""ION DUMITRIU""","BUCUREŞTI SECTORUL 6",B,1489,14,2,0,16,64,2,0,66,91,2,0,93,97,2,0,99,177,3,0,180,213,3,0,216
179196,1151,"ŞCOALA GIMNAZIALĂ ""ION DUMITRIU""","BUCUREŞTI SECTORUL 6",B,1646,9,1,0,10,71,3,0,74,115,3,0,118,127,3,0,130,228,7,0,235,271,9,0,280
179196,1152,"ŞCOALA GIMNAZIALĂ ""ION DUMITRIU""","BUCUREŞTI SECTORUL 6",B,1611,2,0,0,2,23,2,0,25,44,3,0,47,57,3,0,60,105,4,0,109,143,6,0,149
179196,1153,"CENTRUL EUROPEAN SECTOR 6","BUCUREŞTI SECTORUL 6",B,1963,17,11,0,28,89,19,0,108,137,24,0,161,144,27,0,171,231,57,0,288,301,72,0,373
179196,1154,"LICEUL TEHNOLOGIC ""PETRU PONI""","BUCUREŞTI SECTORUL 6",B,1667,11,2,0,13,34,10,0,44,56,19,0,75,61,20,0,81,121,32,0,153,155,48,0,203
179196,1155,"LICEUL TEHNOLOGIC ""PETRU PONI""","BUCUREŞTI SECTORUL 6",B,2060,12,0,0,12,57,7,0,64,94,14,0,108,104,18,0,122,166,32,0,198,201,43,0,244
179196,1156,"ŞCOALA GIMNAZIALĂ ""SFÂNTA TREIME""","BUCUREŞTI SECTORUL 6",B,1734,10,0,0,10,47,5,0,52,82,14,0,96,83,15,0,98,165,34,0,199,211,42,0,253
179196,1157,"ŞCOALA GIMNAZIALĂ ""SFÂNTA TREIME""","BUCUREŞTI SECTORUL 6",B,1871,8,0,0,8,56,6,8,70,89,7,8,104,94,7,8,109,164,12,8,184,228,22,8,258
179196,1158,"ŞCOALA GIMNAZIALĂ ""SFÂNTA TREIME""","BUCUREŞTI SECTORUL 6",B,1709,19,3,0,22,63,6,0,69,89,7,0,96,93,7,0,100,236,18,0,254,214,28,0,242
179196,1159,"ŞCOALA GIMNAZIALĂ ""SFÂNTA TREIME""","BUCUREŞTI SECTORUL 6",B,1880,15,5,1,21,72,14,1,87,94,21,1,116,104,23,1,128,172,32,1,205,258,38,1,297
179196,1160,"ŞCOALA GIMNAZIALĂ ""SFÂNTA TREIME""","BUCUREŞTI SECTORUL 6",B,1566,18,1,0,19,70,4,0,74,93,6,0,99,106,6,0,112,187,6,0,193,228,6,0,234
179196,1161,"ŞCOALA GIMNAZIALĂ ""SFÂNTA TREIME""","BUCUREŞTI SECTORUL 6",B,1552,13,0,0,13,48,0,0,48,61,0,0,61,69,0,0,69,147,0,0,147,190,0,0,190
179196,1162,"ŞCOALA GIMNAZIALĂ ""SFÂNTA TREIME""","BUCUREŞTI SECTORUL 6",B,1644,14,0,0,14,81,5,3,89,110,8,3,121,120,8,3,131,240,13,3,256,288,18,3,309
179196,1163,"ŞCOALA GIMNAZIALĂ NR.198","BUCUREŞTI SECTORUL 6",B,1830,18,2,0,20,57,18,0,75,83,22,0,105,89,23,0,112,159,28,0,187,224,34,0,258
179196,1164,"ŞCOALA GIMNAZIALĂ NR.198","BUCUREŞTI SECTORUL 6",B,1719,14,1,0,15,66,12,0,78,94,18,0,112,106,18,0,124,203,36,0,239,251,48,0,299
179196,1165,"ŞCOALA GIMNAZIALĂ NR.198","BUCUREŞTI SECTORUL 6",B,1485,15,0,0,15,64,8,0,72,107,14,0,121,115,14,0,129,180,18,0,198,222,23,0,245
179196,1166,"ŞCOALA GIMNAZIALĂ NR.198","BUCUREŞTI SECTORUL 6",B,1459,16,0,0,16,79,0,0,79,122,0,0,122,134,0,0,134,212,12,0,224,270,5,0,275
179196,1167,"ŞCOALA GIMNAZIALĂ NR.198","BUCUREŞTI SECTORUL 6",B,1759,19,1,0,20,74,8,0,82,100,10,0,110,106,11,0,117,198,13,0,211,264,19,0,283
179196,1168,"ŞCOALA GIMNAZIALĂ NR.198","BUCUREŞTI SECTORUL 6",B,1563,7,1,0,8,59,17,0,76,84,22,0,106,94,22,0,116,188,25,0,213,238,28,1,267
179196,1169,"ŞCOALA GIMNAZIALĂ ""CONSTANTIN BRÂNCUŞI""","BUCUREŞTI SECTORUL 6",B,1410,5,0,0,5,62,0,0,62,86,0,0,86,90,0,0,90,153,6,0,159,201,7,0,208
179196,1170,"ŞCOALA GIMNAZIALĂ ""CONSTANTIN BRÂNCUŞI""","BUCUREŞTI SECTORUL 6",B,1379,20,3,0,23,69,8,0,77,102,10,0,112,109,10,0,119,172,19,0,191,218,26,0,244
179196,1171,"ŞCOALA GIMNAZIALĂ ""CONSTANTIN BRÂNCUŞI""","BUCUREŞTI SECTORUL 6",B,1405,18,0,0,18,81,4,0,85,107,10,0,117,114,12,0,126,197,34,0,231,250,40,0,290
179196,1172,"ŞCOALA GIMNAZIALĂ ""CONSTANTIN BRÂNCUŞI""","BUCUREŞTI SECTORUL 6",B,1188,11,0,0,11,70,1,2,73,91,5,2,98,100,5,2,107,166,11,2,179,203,23,2,228
179196,1173,"ŞCOALA GIMNAZIALĂ ""CONSTANTIN BRÂNCUŞI""","BUCUREŞTI SECTORUL 6",B,1508,18,0,0,18,74,3,0,77,111,4,0,115,129,5,0,134,205,7,0,212,263,9,0,272
179196,1174,"ŞCOALA GIMNAZIALĂ ""CONSTANTIN BRÂNCUŞI""","BUCUREŞTI SECTORUL 6",B,925,12,0,0,12,68,1,0,69,91,2,0,93,100,7,0,107,151,9,0,160,181,13,0,194
179196,1175,"ŞCOALA GIMNAZIALĂ ""CONSTANTIN BRÂNCUŞI""","BUCUREŞTI SECTORUL 6",B,981,17,0,0,17,60,2,0,62,82,2,0,84,88,2,0,90,145,3,0,148,179,6,0,185
179196,1176,"ŞCOALA GIMNAZIALĂ ""REGELE MIHAI I""","BUCUREŞTI SECTORUL 6",B,1479,15,5,0,20,65,18,0,83,106,30,0,136,118,31,0,149,203,55,0,258,336,69,0,405
179196,1177,"ŞCOALA GIMNAZIALĂ ""REGELE MIHAI I""","BUCUREŞTI SECTORUL 6",B,1276,6,1,0,7,36,1,0,37,56,4,0,60,67,4,0,71,124,7,0,131,150,18,0,168
179196,1178,"ŞCOALA GIMNAZIALĂ ""REGELE MIHAI I""","BUCUREŞTI SECTORUL 6",B,804,1,0,0,1,28,2,0,30,41,9,0,50,46,9,0,55,94,13,0,107,129,13,0,142
179196,1179,"ŞCOALA GIMNAZIALĂ ""REGELE MIHAI I""","BUCUREŞTI SECTORUL 6",B,1047,8,2,0,10,45,2,0,47,75,2,0,77,81,2,0,83,134,4,0,138,173,7,0,180
179196,1180,"ŞCOALA GIMNAZIALĂ NR.156","BUCUREŞTI SECTORUL 6",B,1703,8,2,0,10,82,24,0,106,107,35,0,142,119,36,0,155,203,48,0,251,265,67,0,332
179196,1181,"ŞCOALA GIMNAZIALĂ NR.156","BUCUREŞTI SECTORUL 6",B,1801,21,0,0,21,94,9,0,103,123,12,0,135,132,12,0,144,230,12,0,242,276,18,0,294
179196,1182,"ŞCOALA GIMNAZIALĂ NR.156","BUCUREŞTI SECTORUL 6",B,1592,17,1,0,18,91,7,0,98,129,15,0,144,139,17,0,156,239,39,0,278,282,49,0,331
179196,1183,"ŞCOALA GIMNAZIALĂ NR.156","BUCUREŞTI SECTORUL 6",B,1424,8,3,0,11,57,7,0,64,89,9,0,98,109,12,0,121,180,24,0,204,241,26,0,267
179196,1184,"ŞCOALA GIMNAZIALĂ NR.156","BUCUREŞTI SECTORUL 6",B,1316,13,4,0,17,68,7,0,75,97,10,0,107,107,10,0,117,165,10,0,175,203,19,0,222
179196,1185,"ŞCOALA GIMNAZIALĂ NR.156","BUCUREŞTI SECTORUL 6",B,1390,16,4,0,20,97,15,0,112,123,16,0,139,138,18,0,156,205,28,0,233,252,36,0,288
179196,1186,"ŞCOALA GIMNAZIALĂ NR.156","BUCUREŞTI SECTORUL 6",B,1813,8,6,0,14,77,8,0,85,108,8,0,116,124,8,0,132,191,9,0,200,232,15,0,247
179196,1187,"ŞCOALA GIMNAZIALĂ NR.156","BUCUREŞTI SECTORUL 6",B,1518,15,0,0,15,65,0,0,65,100,0,0,100,114,0,0,114,187,5,0,192,233,8,0,241
179196,1188,"ŞCOALA GIMNAZIALĂ NR.156","BUCUREŞTI SECTORUL 6",B,1477,6,0,0,6,46,4,0,50,65,4,0,69,72,5,0,77,138,10,0,148,172,10,0,182
179196,1189,"ŞCOALA GIMNAZIALĂ NR.156","BUCUREŞTI SECTORUL 6",B,1861,5,3,0,8,48,9,0,57,71,11,0,82,80,12,0,92,158,12,0,170,204,14,0,218
179196,1190,"LICEUL TEHNOLOGIC ""COSTIN C. KIRIŢESCU""","BUCUREŞTI SECTORUL 6",B,1196,12,1,0,13,53,5,0,58,72,7,0,79,82,8,0,90,148,9,0,157,175,12,0,187
179196,1191,"LICEUL TEHNOLOGIC ""COSTIN C. KIRIŢESCU""","BUCUREŞTI SECTORUL 6",B,1443,14,0,0,14,71,4,0,75,87,6,0,93,101,7,0,108,169,16,0,185,219,24,0,243
179196,1192,"LICEUL TEHNOLOGIC ""COSTIN C. KIRIŢESCU""","BUCUREŞTI SECTORUL 6",B,1320,16,0,0,16,73,9,0,82,98,11,0,109,100,15,0,115,165,29,0,194,188,39,0,227
179196,1193,"LICEUL TEHNOLOGIC ""COSTIN C. KIRIŢESCU""","BUCUREŞTI SECTORUL 6",B,1362,7,1,0,8,51,5,0,56,71,5,0,76,88,7,0,95,143,12,0,155,180,14,0,194
179196,1194,"LICEUL TEHNOLOGIC ""COSTIN C. KIRIŢESCU""","BUCUREŞTI SECTORUL 6",B,1472,5,1,0,6,38,3,0,41,56,3,0,59,64,5,0,69,134,6,0,140,170,7,0,177
179196,1195,"LICEUL TEHNOLOGIC ""COSTIN C. KIRIŢESCU""","BUCUREŞTI SECTORUL 6",B,1091,14,2,1,17,63,4,1,68,93,6,1,100,102,6,1,109,176,9,1,186,215,11,1,227
179196,1196,"LICEUL TEHNOLOGIC ""COSTIN C. KIRIŢESCU""","BUCUREŞTI SECTORUL 6",B,1220,12,2,0,14,76,3,0,79,107,4,0,111,118,5,0,123,183,8,0,191,212,9,0,221
179196,1197,"LICEUL TEHNOLOGIC ""COSTIN C. KIRIŢESCU""","BUCUREŞTI SECTORUL 6",B,1127,13,0,0,13,57,0,0,57,78,0,0,78,87,0,0,87,135,2,0,137,178,3,0,181
179196,1198,"LICEUL TEHNOLOGIC ""COSTIN C. KIRIŢESCU""","BUCUREŞTI SECTORUL 6",B,1666,17,5,0,22,63,6,0,69,89,10,0,99,102,10,0,112,191,14,0,205,247,16,0,263
179196,1199,"LICEUL TEHNOLOGIC ""COSTIN C. KIRIŢESCU""","BUCUREŞTI SECTORUL 6",B,1799,13,1,0,14,73,1,0,74,102,4,0,106,115,4,0,119,205,7,0,212,252,10,0,262
179196,1200,"LICEUL TEHNOLOGIC ""COSTIN C. KIRIŢESCU""","BUCUREŞTI SECTORUL 6",B,1848,10,2,0,12,52,3,0,55,77,4,0,81,89,4,0,93,192,6,0,198,247,12,0,259
179196,1201,"ŞCOALA GIMNAZIALĂ NR.142","BUCUREŞTI SECTORUL 6",B,1213,11,1,0,12,38,11,0,49,57,27,0,84,64,27,0,91,118,34,0,152,150,43,0,193
179196,1202,"ŞCOALA GIMNAZIALĂ NR.142","BUCUREŞTI SECTORUL 6",B,1406,10,0,0,10,64,6,0,70,97,7,0,104,105,7,0,112,195,22,0,217,236,37,0,273
179196,1203,"ŞCOALA GIMNAZIALĂ NR.142","BUCUREŞTI SECTORUL 6",B,1601,11,0,0,11,88,7,0,95,130,8,0,138,146,8,0,154,209,18,0,227,276,24,0,300
179196,1204,"ŞCOALA GIMNAZIALĂ NR.142","BUCUREŞTI SECTORUL 6",B,1569,12,0,0,12,61,1,0,62,96,4,0,100,105,4,0,109,212,8,0,220,261,11,0,272
179196,1205,"ŞCOALA GIMNAZIALĂ NR.142","BUCUREŞTI SECTORUL 6",B,1319,6,0,0,6,47,3,0,50,82,6,0,88,88,7,0,95,152,8,0,160,186,8,0,194
179196,1206,"ŞCOALA GIMNAZIALĂ NR.142","BUCUREŞTI SECTORUL 6",B,1779,15,0,0,15,60,2,0,62,83,7,0,90,96,8,0,104,173,10,0,183,221,10,0,231
179196,1207,"ŞCOALA GIMNAZIALĂ NR.142","BUCUREŞTI SECTORUL 6",B,1525,14,1,0,15,52,3,0,55,79,4,0,83,83,4,0,87,130,12,0,142,173,15,0,188
179196,1208,"ŞCOALA GIMNAZIALĂ NR.142","BUCUREŞTI SECTORUL 6",B,1352,11,0,0,11,70,0,0,70,91,1,0,92,99,1,0,100,163,2,0,165,207,5,0,212
179196,1209,"ŞCOALA GIMNAZIALĂ NR.142","BUCUREŞTI SECTORUL 6",B,1443,12,3,0,15,72,5,0,77,103,5,0,108,120,5,0,125,187,6,0,193,233,7,0,240
179196,1210,"ŞCOALA GIMNAZIALĂ NR.117","BUCUREŞTI SECTORUL 6",B,1857,13,1,0,14,80,5,0,85,113,6,0,119,131,6,0,137,211,11,0,222,266,12,0,278
179196,1211,"ŞCOALA GIMNAZIALĂ NR.117","BUCUREŞTI SECTORUL 6",B,1519,10,3,0,13,63,13,0,76,92,17,0,109,105,17,0,122,181,24,0,205,234,36,0,270
179196,1212,"ŞCOALA GIMNAZIALĂ NR.117","BUCUREŞTI SECTORUL 6",B,1548,10,3,0,13,63,14,0,77,87,20,0,107,101,26,0,127,155,62,0,217,210,90,0,300
179196,1213,"ŞCOALA GIMNAZIALĂ NR.117","BUCUREŞTI SECTORUL 6",B,1750,16,3,0,19,92,16,0,108,127,19,0,146,144,22,0,166,213,40,0,253,257,50,0,307
179196,1214,"ŞCOALA GIMNAZIALĂ NR.117","BUCUREŞTI SECTORUL 6",B,1634,15,4,0,19,55,15,1,71,72,18,1,91,83,19,1,103,137,32,1,170,163,36,1,200
179196,1215,"ŞCOALA GIMNAZIALĂ NR.117","BUCUREŞTI SECTORUL 6",B,1303,8,4,0,12,37,4,0,41,54,8,0,62,60,10,0,70,132,14,0,146,158,14,0,172
179196,1216,"ŞCOALA GIMNAZIALĂ NR.117","BUCUREŞTI SECTORUL 6",B,1165,14,0,0,14,69,5,0,74,92,5,0,97,98,5,0,103,154,6,0,160,194,12,0,206
179196,1217,"LICEUL TEORETIC ""TUDOR VLADIMIRESCU""","BUCUREŞTI SECTORUL 6",B,1418,22,2,0,24,88,18,0,106,131,35,0,166,148,37,0,185,222,79,0,301,274,105,0,379
179196,1218,"LICEUL TEORETIC ""TUDOR VLADIMIRESCU""","BUCUREŞTI SECTORUL 6",B,1095,13,0,0,13,45,4,0,49,76,14,0,90,83,14,0,97,148,22,0,170,190,27,0,217
179196,1219,"LICEUL TEORETIC ""TUDOR VLADIMIRESCU""","BUCUREŞTI SECTORUL 6",B,1428,11,3,0,14,71,9,0,80,102,13,0,115,122,14,0,136,211,23,0,234,249,35,0,284
179196,1220,"LICEUL TEORETIC ""TUDOR VLADIMIRESCU""","BUCUREŞTI SECTORUL 6",B,957,11,0,0,11,58,3,0,61,80,9,0,89,89,9,0,98,145,11,0,156,169,11,0,180
179196,1221,"LICEUL TEORETIC ""TUDOR VLADIMIRESCU""","BUCUREŞTI SECTORUL 6",B,1406,12,4,0,16,70,17,0,87,100,17,0,117,115,18,0,133,189,30,0,219,241,43,0,284
179196,1222,"CLUBUL SPORTIV SCOLAR NR. 5","BUCUREŞTI SECTORUL 6",B,2033,7,0,0,7,76,9,0,85,106,9,55,170,111,9,55,175,213,16,55,284,271,20,55,346
179196,1223,"COLEGIUL UCECOM ""SPIRU HARET""","BUCUREŞTI SECTORUL 6",B,1769,1,8,0,9,24,48,0,72,39,74,0,113,42,82,0,124,90,163,0,253,124,248,0,372
179196,1224,"ŞCOALA GIMNAZIALĂ NR.168","BUCUREŞTI SECTORUL 6",B,1905,4,0,0,4,50,0,0,50,87,1,19,107,102,2,19,123,202,2,19,223,253,3,23,279
179196,1225,"ŞCOALA GIMNAZIALĂ NR.168","BUCUREŞTI SECTORUL 6",B,1617,13,2,0,15,58,13,0,71,102,23,0,125,123,23,0,146,164,32,0,196,212,52,0,264
179196,1226,"ŞCOALA GIMNAZIALĂ NR.168","BUCUREŞTI SECTORUL 6",B,1278,7,0,0,7,36,5,0,41,49,8,0,57,54,8,0,62,118,17,0,135,164,21,0,185
179196,1227,"ŞCOALA GIMNAZIALĂ NR.168","BUCUREŞTI SECTORUL 6",B,1360,12,1,0,13,57,1,0,58,88,1,0,89,99,3,0,102,175,7,0,182,212,11,0,223
179196,1228,"ŞCOALA GIMNAZIALĂ NR.168","BUCUREŞTI SECTORUL 6",B,1511,3,1,0,4,33,5,0,38,60,10,0,70,71,11,0,82,148,22,0,170,186,27,0,213
179196,1229,"COLEGIUL TEHNIC ""CAROL I""","BUCUREŞTI SECTORUL 6",B,1646,4,3,0,7,50,16,0,66,76,24,0,100,78,25,0,103,142,60,0,202,186,97,0,283
179196,1230,"COLEGIUL TEHNIC ""CAROL I""","BUCUREŞTI SECTORUL 6",B,1721,5,3,0,8,62,4,0,66,91,7,0,98,99,8,0,107,178,9,0,187,234,16,0,250
179196,1231,"COLEGIUL TEHNIC ""CAROL I""","BUCUREŞTI SECTORUL 6",B,1824,10,0,0,10,55,2,0,57,77,4,0,81,83,6,0,89,160,8,0,168,220,16,0,236
179196,1232,"COLEGIUL TEHNIC ""CAROL I""","BUCUREŞTI SECTORUL 6",B,1415,13,0,0,13,55,0,0,55,89,4,0,93,96,4,0,100,156,5,0,161,196,6,0,202
179196,1233,"COLEGIUL TEHNIC ""CAROL I""","BUCUREŞTI SECTORUL 6",B,1258,8,0,0,8,46,0,0,46,71,3,0,74,75,3,0,78,141,5,0,146,194,7,0,201
179196,1234,"COLEGIUL TEHNIC ""CAROL I""","BUCUREŞTI SECTORUL 6",B,1202,11,0,0,11,49,0,0,49,75,0,0,75,84,0,0,84,191,1,0,192,179,2,0,181
179196,1235,"COLEGIUL TEHNIC ""CAROL I""","BUCUREŞTI SECTORUL 6",B,1392,7,0,0,7,56,0,1,57,83,0,1,84,89,0,1,90,147,0,1,148,183,0,1,184
179196,1236,"COLEGIUL TEHNIC ""CAROL I""","BUCUREŞTI SECTORUL 6",B,1385,19,0,0,19,64,2,0,66,78,3,0,81,94,4,0,98,159,4,0,163,202,6,0,208
179196,1237,"ŞCOALA GIMNAZIALĂ NR.163","BUCUREŞTI SECTORUL 6",B,1717,16,1,0,17,62,4,0,66,98,12,0,110,118,13,0,131,190,26,0,216,248,45,0,293
179196,1238,"ŞCOALA GIMNAZIALĂ NR.163","BUCUREŞTI SECTORUL 6",B,1631,11,0,0,11,55,4,0,59,68,5,0,73,72,5,0,77,132,15,0,147,185,16,0,201
179196,1239,"ŞCOALA GIMNAZIALĂ NR.163","BUCUREŞTI SECTORUL 6",B,1224,9,2,0,11,50,8,0,58,70,10,0,80,78,10,0,88,121,11,0,132,156,13,0,169
179196,1240,"ŞCOALA GIMNAZIALĂ NR.163","BUCUREŞTI SECTORUL 6",B,1141,5,0,0,5,38,4,0,42,56,5,0,61,63,5,0,68,112,7,0,119,151,8,0,159
179196,1241,"ŞCOALA GIMNAZIALĂ NR.163","BUCUREŞTI SECTORUL 6",B,1305,14,2,0,16,45,4,0,49,72,4,0,76,83,4,0,87,162,8,0,170,186,8,0,194
179196,1242,"ŞCOALA GIMNAZIALĂ NR.163","BUCUREŞTI SECTORUL 6",B,1262,11,0,0,11,51,1,0,52,67,1,0,68,71,1,0,72,123,6,0,129,156,6,1,163
179196,1243,"ŞCOALA GIMNAZIALĂ NR.163","BUCUREŞTI SECTORUL 6",B,1431,13,3,0,16,73,3,0,76,101,3,0,104,111,3,0,114,165,3,0,168,197,3,0,200
179196,1244,"ŞCOALA GIMNAZIALĂ NR.163","BUCUREŞTI SECTORUL 6",B,1178,7,0,0,7,49,0,0,49,64,1,0,65,73,1,0,74,132,5,0,137,152,7,0,159
179196,1245,"ŞCOALA GIMNAZIALĂ NR.163","BUCUREŞTI SECTORUL 6",B,1249,9,3,0,12,67,3,0,70,85,3,0,88,97,5,0,102,170,5,0,175,211,6,0,217
179196,1246,"LICEUL TEORETIC ""MARIN PREDA""","BUCUREŞTI SECTORUL 6",B,1899,13,2,0,15,82,3,0,85,124,3,0,127,139,6,0,145,232,10,0,242,287,12,0,299
179196,1247,"LICEUL TEORETIC ""MARIN PREDA""","BUCUREŞTI SECTORUL 6",B,1346,16,0,0,16,66,8,0,74,95,13,0,108,106,13,0,119,175,25,0,200,217,39,0,256
179196,1248,"LICEUL TEORETIC ""MARIN PREDA""","BUCUREŞTI SECTORUL 6",B,1010,11,0,0,11,45,1,0,46,80,7,0,87,91,7,0,98,142,7,0,149,175,7,0,182
179196,1249,"LICEUL TEORETIC ""MARIN PREDA""","BUCUREŞTI SECTORUL 6",B,1486,16,4,0,20,81,6,0,87,110,6,0,116,122,6,0,128,206,6,0,212,266,8,0,274
179196,1250,"ŞCOALA GIMNAZIALĂ NR.167","BUCUREŞTI SECTORUL 6",B,1408,4,1,0,5,32,10,0,42,52,15,0,67,58,16,0,74,103,28,0,131,135,40,0,175
179196,1251,"ŞCOALA GIMNAZIALĂ NR.167","BUCUREŞTI SECTORUL 6",B,1565,8,0,0,8,51,3,0,54,78,5,0,83,89,5,0,94,167,11,0,178,205,14,0,219
179196,1252,"ŞCOALA GIMNAZIALĂ NR.167","BUCUREŞTI SECTORUL 6",B,1222,11,0,0,11,64,7,1,72,100,10,1,111,108,12,1,121,157,18,1,176,197,24,1,222
179196,1253,"ŞCOALA GIMNAZIALĂ NR.167","BUCUREŞTI SECTORUL 6",B,1120,4,0,0,4,36,0,0,36,51,3,0,54,61,3,0,64,112,12,0,124,152,18,0,170
179196,1254,"ŞCOALA GIMNAZIALĂ NR.167","BUCUREŞTI SECTORUL 6",B,1651,16,0,0,16,72,5,0,77,83,8,0,91,89,11,0,100,159,21,0,180,210,36,0,246
179196,1255,"ŞCOALA GIMNAZIALĂ NR.167","BUCUREŞTI SECTORUL 6",B,1580,8,0,0,8,73,0,0,73,110,0,0,110,125,4,0,129,201,6,0,207,254,11,0,265
179196,1256,"ŞCOALA GIMNAZIALĂ NR.167","BUCUREŞTI SECTORUL 6",B,1104,12,0,0,12,44,0,0,44,61,0,0,61,65,0,0,65,108,0,0,108,140,0,0,140
179196,1257,"ŞCOALA GIMNAZIALĂ NR.167","BUCUREŞTI SECTORUL 6",B,1198,11,0,0,11,36,0,1,37,57,0,1,58,60,0,1,61,114,0,1,115,159,0,1,160
179196,1258,"ŞCOALA GIMNAZIALĂ NR.167","BUCUREŞTI SECTORUL 6",B,1380,18,0,0,18,52,0,0,52,89,2,0,91,106,2,0,108,150,5,0,155,213,6,0,219
179196,1259,"ŞCOALA GIMNAZIALĂ NR.162","BUCUREŞTI SECTORUL 6",B,1076,9,0,0,9,31,0,0,31,41,0,0,41,50,3,0,53,105,4,0,109,129,8,0,137
179196,1260,"ŞCOALA GIMNAZIALĂ NR.162","BUCUREŞTI SECTORUL 6",B,1361,19,3,0,22,54,3,0,57,74,5,0,79,88,5,0,93,149,5,0,154,188,5,0,193
179196,1261,"ŞCOALA GIMNAZIALĂ NR.153","BUCUREŞTI SECTORUL 6",B,1951,12,1,0,13,40,1,0,41,67,4,0,71,82,4,0,86,168,11,0,179,210,14,0,224
179196,1262,"ŞCOALA GIMNAZIALĂ NR.153","BUCUREŞTI SECTORUL 6",B,1549,13,0,0,13,46,1,0,47,70,4,0,74,81,4,0,85,161,8,0,169,203,14,0,217
179196,1263,"ŞCOALA GIMNAZIALĂ NR.161","BUCUREŞTI SECTORUL 6",B,1034,4,4,0,8,14,4,0,18,21,5,0,26,28,5,0,33,62,5,0,67,75,5,0,80
179196,1264,"SCOALA NR. 161","BUCUREŞTI SECTORUL 6",B,1156,8,0,0,8,28,0,0,28,42,0,0,42,59,4,0,63,116,4,0,120,149,7,0,156
20304,1,"ŞCOALA GIMNAZIALĂ NR. 9",BACĂU,BC,1254,6,0,0,6,43,7,0,50,61,7,0,68,82,7,0,89,148,12,0,160,185,14,0,199
20304,2,"ŞCOALA GIMNAZIALĂ NR. 9",BACĂU,BC,1108,9,0,0,9,40,9,0,49,61,12,0,73,81,12,0,93,161,23,0,184,186,30,0,216
20304,3,"ȘCOALA GIMNAZIALĂ ,,GEORGETA MIRCEA CANCICOV”",BACĂU,BC,1559,7,0,0,7,25,4,0,29,40,6,0,46,53,6,0,59,136,17,0,153,182,18,0,200
20304,4,"ȘCOALA GIMNAZIALĂ ,,GEORGETA MIRCEA CANCICOV”",BACĂU,BC,1552,14,3,0,17,50,3,0,53,68,3,0,71,87,3,0,90,173,5,0,178,229,7,0,236
20304,5,"DIRECȚIA DE ASISTENTĂ SOCIALĂ",BACĂU,BC,1392,14,4,0,18,44,7,0,51,57,9,0,66,67,11,0,78,135,16,0,151,194,22,0,216
20304,6,"GRĂDINIȚA CU PROGRAM PRELUNGIT ,,CRAI NOU""",BACĂU,BC,1098,5,1,0,6,28,1,0,29,39,4,0,43,44,4,0,48,100,7,0,107,134,11,0,145
20304,7,"GRĂDINIȚA CU PROGRAM PRELUNGIT ,,CRAI NOU""",BACĂU,BC,1096,12,0,0,12,39,10,0,49,53,11,0,64,55,11,0,66,112,13,0,125,145,21,0,166
20304,8,"ȘCOALA GIMNAZIALĂ ,,MIHAIL SADOVEANU""",BACĂU,BC,1430,12,0,0,12,41,1,0,42,52,3,0,55,68,3,0,71,139,11,1,151,181,11,1,193
20304,9,"ȘCOALA GIMNAZIALĂ ,,MIHAIL SADOVEANU""",BACĂU,BC,1423,5,0,0,5,31,0,0,31,48,6,0,54,54,6,0,60,141,6,0,147,184,7,0,191
20304,10,"ȘCOALA GIMNAZIALĂ ,,MIHAIL SADOVEANU""",BACĂU,BC,1409,3,1,0,4,32,4,0,36,41,7,0,48,52,7,0,59,148,12,0,160,198,13,0,211
20304,11,"ȘCOALA GIMNAZIALĂ ,,MIHAIL SADOVEANU""",BACĂU,BC,1421,8,0,0,8,25,4,0,29,47,6,0,53,72,6,0,78,151,12,0,163,194,15,0,209
20304,12,"ȘCOALA GIMNAZIALĂ ,,GEORGETAMIRCEA CANCICOV,,",BACĂU,BC,1492,16,0,0,16,55,5,0,60,85,5,0,90,101,6,0,107,211,6,0,217,259,22,0,281
20304,13,"ȘCOALA GIMNAZIALĂ ”GEORGETAMIRCEA CANCICOV”",BACĂU,BC,1477,10,0,0,10,61,5,0,66,82,6,0,88,88,6,0,94,264,7,0,271,264,8,0,272
20304,14,"GRĂDINIŢA CU PROGRAM NORMAL NR. 4",BACĂU,BC,1206,5,0,0,5,32,0,0,32,39,0,0,39,52,0,0,52,130,12,0,142,171,14,0,185
20304,15,"GRĂDINIŢA CU PROGRAM NORMAL NR. 4",BACĂU,BC,1225,4,0,0,4,32,5,0,37,51,8,1,60,70,8,1,79,160,9,1,170,203,10,1,214
20304,16,"ȘCOALA GIMNAZIALĂ ,,MIHAI DRĂGAN,,",BACĂU,BC,1143,7,2,0,9,44,6,0,50,78,9,0,87,94,15,0,109,175,18,0,193,220,31,0,251
20304,17,"ȘCOALA GIMNAZIALĂ ,,MIHAI DRĂGAN,,",BACĂU,BC,1269,9,0,0,9,55,1,0,56,75,1,0,76,95,1,0,96,193,5,0,198,253,10,0,263
20304,18,"ȘCOALA GIMNAZIALĂ ,,MIHAI DRĂGAN,,",BACĂU,BC,1984,19,0,0,19,68,0,0,68,84,0,0,84,101,5,0,106,198,5,0,203,239,8,0,247
20304,19,"GRADINIȚA CU PROGRAM PRELUNGIT ,,RAZA DE SOARE,,",BACĂU,BC,1048,12,4,0,16,45,4,0,49,60,4,0,64,77,4,0,81,161,5,0,166,190,9,0,199
20304,20,"GRADINIȚA CU PROGRAM PRELUNGIT ,,RAZA DE SOARE,,",BACĂU,BC,1467,21,0,0,21,56,6,0,62,80,7,0,87,103,9,0,112,202,12,0,214,265,16,0,281
20304,21,"ADMINISTRAȚIA FINANȚELOR PUBLICE BACĂU",BACĂU,BC,1027,10,0,0,10,40,4,0,44,49,4,0,53,66,4,0,70,134,6,0,140,159,9,0,168
20304,22,"COLEGIUL NAŢIONAL ,,GHEORGHE VRÂNCEANU,,",BACĂU,BC,1426,10,0,0,10,69,9,0,78,84,10,0,94,97,13,0,110,228,18,0,246,287,22,0,309
20304,23,"COLEGIUL NAŢIONAL ,,GHEORGHE VRÂNCEANU,,",BACĂU,BC,890,10,0,0,10,34,2,0,36,51,3,0,54,69,3,0,72,137,4,0,141,166,10,0,176
20304,24,"ŞCOALA GIMNAZIALĂ ,,ALEXANDRU IOAN CUZA,,",BACĂU,BC,1256,18,0,0,18,94,4,0,98,116,6,0,122,135,7,0,142,243,20,0,263,299,31,0,330
20304,25,"COLEGIUL NAŢIONAL ,,FERDIAND I,,",BACĂU,BC,1274,9,0,0,9,31,2,0,33,70,3,0,73,81,3,0,84,172,6,0,178,197,6,0,203
20304,26,"COLEGIUL NAŢIONAL ,,FERDIAND I,,",BACĂU,BC,981,10,0,0,10,36,2,0,38,51,3,0,54,61,3,0,64,161,16,0,177,187,19,0,206
20304,27,"COLEGIUL NAŢIONAL ,,FERDIAND I,,",BACĂU,BC,1536,12,0,0,12,77,1,0,78,94,1,0,95,119,2,0,121,232,8,0,240,271,11,0,282
20304,28,"DIRECŢIA PENTRU AGRICULTURĂ BACĂU",BACĂU,BC,1527,13,0,0,13,40,0,0,40,63,4,0,67,86,5,0,91,178,13,0,191,236,17,0,253
20304,29,"GRADINITA CU PROGRAM PRELUNGIT NR.29",BACĂU,BC,1252,15,1,0,16,58,2,0,60,68,3,0,71,79,3,0,82,161,9,0,170,206,13,0,219
20304,30,"GRADINITA CU PROGRAM PRELUNGIT NR.29",BACĂU,BC,1069,5,0,0,5,45,0,0,45,60,0,0,60,71,0,0,71,136,1,0,137,172,1,0,173
20304,31,"GRADINITA CU PROGRAM PRELUNGIT NR.29",BACĂU,BC,1135,8,0,0,8,52,0,0,52,73,5,0,78,80,6,0,86,165,9,0,174,205,10,0,215
20304,32,"GRĂDINIŢA CU PROGRAM NORMAL NR.26",BACĂU,BC,1258,14,5,0,19,37,8,0,45,58,10,0,68,72,11,0,83,165,14,0,179,201,16,0,217
20304,33,"GRĂDINIŢA CU PROGRAM NORMAL NR.26",BACĂU,BC,1620,14,0,0,14,84,0,0,84,114,1,0,115,133,3,0,136,246,5,0,251,304,8,0,312
20304,34,"ȘCOALA GIMNAZIALĂ ”ION CREANGĂ”",BACĂU,BC,1393,14,1,0,15,46,2,0,48,59,9,0,68,75,12,0,87,189,19,0,208,247,26,0,273
20304,35,"ȘCOALA GIMNAZIALĂ ”ION CREANGĂ”",BACĂU,BC,1445,11,0,0,11,52,0,0,52,63,0,0,63,71,0,0,71,156,0,0,156,216,0,0,216
20304,36,"ȘCOALA GIMNAZIALĂ ”ION CREANGĂ”",BACĂU,BC,1277,10,2,0,12,38,2,0,40,54,3,0,57,76,4,0,80,199,8,0,207,248,11,0,259
20304,37,"COLEGIUL TEHNIC DE COMUNICAȚII ""NICOLAE VASILESCU-KARPEN""",BACĂU,BC,1382,14,1,0,15,66,6,0,72,89,9,0,98,104,9,0,113,216,25,0,241,266,39,0,305
20304,38,"COLEGIUL TEHNIC DE COMUNICAȚII ""NICOLAE VASILESCU-KARPEN""",BACĂU,BC,1787,20,5,0,25,75,5,0,80,107,5,0,112,128,6,0,134,245,9,0,254,290,16,0,306
20304,39,"COLEGIUL TEHNIC DE COMUNICAȚII ""NICOLAE VASILESCU-KARPEN""",BACĂU,BC,1955,4,3,0,7,27,3,0,30,37,3,0,40,46,3,0,49,90,5,0,95,115,6,0,121
20304,40,"COLEGIUL TEHNIC DE COMUNICAȚII ""NICOLAE VASILESCU-KARPEN""",BACĂU,BC,1679,10,0,0,10,59,3,0,62,84,3,0,87,106,3,0,109,221,3,0,224,284,3,0,287
20304,41,"COLEGIUL TEHNIC ""ANGHEL SALIGNY"" - CORPUL F",BACĂU,BC,1382,10,0,0,10,40,3,0,43,58,6,0,64,88,7,0,95,195,20,0,215,225,21,170,416
20304,42,"COLEGIUL TEHNIC ""ANGHEL SALIGNY"" - CORPUL F",BACĂU,BC,1313,8,0,0,8,53,4,0,57,65,7,0,72,93,7,0,100,203,8,169,380,242,9,169,420
20304,43,"COLEGIUL ''MIHAI EMINESCU""",BACĂU,BC,1123,16,3,0,19,78,4,34,116,95,5,34,134,109,5,34,148,214,11,34,259,223,26,40,289
20304,44,"COLEGIUL ''MIHAI EMINESCU""",BACĂU,BC,1463,14,2,0,16,62,2,0,64,80,5,0,85,109,7,0,116,216,8,0,224,243,11,0,254
20304,45,"SCOALA GIMNAZIALĂ ”ALEXANDRU CEL BUN”",BACĂU,BC,1296,19,0,0,19,90,8,1,99,116,11,1,128,132,13,1,146,225,17,2,244,268,20,3,291
20304,46,"GRĂDINIŢA CU PROGRAM PRELUNGIT NR.12",BACĂU,BC,1021,20,0,1,21,78,2,1,81,92,2,1,95,109,2,1,112,200,2,1,203,237,5,1,243
20304,47,"COLEGIUL NATIONAL ”VASILE ALECSANDRI”",BACĂU,BC,915,7,2,0,9,64,3,1,68,85,4,1,90,105,6,1,112,165,11,1,177,183,24,1,208
20304,48,"COLEGIUL NATIONAL ”VASILE ALECSANDRI”",BACĂU,BC,883,11,0,0,11,55,7,0,62,69,7,0,76,82,7,0,89,159,8,0,167,183,19,0,202
20304,49,"COLEGIUL NAȚIONAL DE ARTĂ ”GEORGE APOSTU”",BACĂU,BC,785,8,6,0,14,52,6,0,58,65,11,0,76,79,11,0,90,139,12,0,151,166,15,0,181
20304,50,"COLEGIUL NAȚIONAL PEDAGOGIC ”ŞTEFAN CEL MARE”",BACĂU,BC,1373,7,2,0,9,65,6,0,71,89,10,0,99,105,11,0,116,187,24,11,222,237,31,11,279
20304,51,"COLEGIUL NAȚIONAL PEDAGOGIC ”ŞTEFAN CEL MARE”",BACĂU,BC,1462,19,2,0,21,67,2,6,75,84,3,97,184,106,6,97,209,218,15,97,330,259,15,97,371
20304,52,"ŞCOALA GIMNAZIALĂ ”GEORGE BACOVIA”",BACĂU,BC,1292,15,0,0,15,61,3,0,64,79,9,0,88,100,9,0,109,188,13,0,201,228,17,0,245
20304,53,"ŞCOALA GIMNAZIALĂ ”GEORGE BACOVIA”",BACĂU,BC,1319,19,1,0,20,86,1,0,87,114,1,0,115,141,6,0,147,213,11,0,224,254,13,0,267
20304,54,"GRĂDINIŢA CU PROGRAM PRELUNGIT NR.28",BACĂU,BC,1087,21,0,0,21,88,1,1,90,101,7,1,109,132,11,1,144,234,22,1,257,272,27,1,300
20304,55,"GRĂDINIŢA CU PROGRAM PRELUNGIT NR.28",BACĂU,BC,1219,11,4,0,15,62,4,0,66,81,4,0,85,101,4,0,105,168,5,0,173,202,6,0,208
20304,56,"GRĂDINIŢA CU PROGRAM PRELUNGIT NR.28",BACĂU,BC,1274,11,0,0,11,41,0,0,41,53,0,0,53,73,0,0,73,165,5,0,170,195,6,0,201
20304,57,"ŞCOALA GIMNAZIALĂ ”DOMNIȚA MARIA”",BACĂU,BC,1520,16,0,0,16,61,0,0,61,78,1,0,79,113,4,0,117,248,12,0,260,303,21,0,324
20304,58,"ŞCOALA GIMNAZIALĂ ”DOMNIȚA MARIA”",BACĂU,BC,1280,11,2,0,13,37,2,0,39,64,3,0,67,80,3,0,83,159,7,0,166,201,7,0,208
20304,59,"ŞCOALA GIMNAZIALĂ ”DOMNIȚA MARIA”",BACĂU,BC,1448,22,0,0,22,73,0,0,73,96,5,0,101,138,5,0,143,227,6,0,233,273,6,0,279
20304,60,"ŞCOALA GIMNAZIALĂ ”DOMNIȚA MARIA”",BACĂU,BC,1373,12,0,0,12,49,6,0,55,70,8,0,78,96,9,0,105,178,14,0,192,217,16,0,233
20304,61,"ŞCOALA GIMNAZIALĂ ”DOMNIȚA MARIA”",BACĂU,BC,1555,10,0,0,10,63,5,0,68,98,5,0,103,151,5,0,156,251,6,0,257,321,7,0,328
20304,62,"ȘCOALA GIMNAZIALĂ ""DR.ALEXANDRU ŞAFRAN""",BACĂU,BC,1561,20,1,0,21,56,6,0,62,77,6,1,84,99,7,1,107,171,19,1,191,206,20,1,227
20304,63,"ȘCOALA GIMNAZIALĂ ""DR.ALEXANDRU ŞAFRAN""",BACĂU,BC,1778,14,0,0,14,71,1,0,72,94,2,0,96,128,2,0,130,244,6,0,250,287,11,0,298
20304,64,"GRADINITA CU PROGRAM PRELUNGIT NR.24",BACĂU,BC,1411,22,8,0,30,52,10,0,62,89,10,0,99,111,12,0,123,243,15,0,258,289,18,0,307
20304,65,"COLEGIUL „GRIGORE ANTIPA”",BACĂU,BC,1431,7,0,0,7,48,1,0,49,66,2,0,68,73,3,0,76,152,5,0,157,208,15,0,223
20304,66,"COLEGIUL TEHNIC ”DUMITRU MANGERON” (FOST GRUP ȘCOLAR INDUSTRIAL ”LETEA”)",BACĂU,BC,1700,21,0,0,21,65,3,0,68,91,7,0,98,123,11,0,134,229,15,0,244,285,16,0,301
20304,67,"ŞCOALA GIMNAZIALĂ NR.10",BACĂU,BC,1347,15,2,0,17,85,2,0,87,104,2,0,106,125,3,0,128,272,5,0,277,318,8,0,326
20304,68,"ȘCOALA GIMNAZIALĂ NR.10",BACĂU,BC,1250,17,2,0,19,80,5,1,86,101,11,2,114,128,11,2,141,251,12,3,266,289,16,3,308
20304,69,"ȘCOALA GIMNAZIALĂ NR.10",BACĂU,BC,795,14,2,0,16,51,3,0,54,68,3,0,71,79,6,0,85,149,9,0,158,176,9,0,185
20304,70,"COLEGIUL ,,GRIGORE ANTIPA"" BACAU",BACĂU,BC,1452,10,6,0,16,50,9,0,59,71,9,0,80,81,9,0,90,175,20,0,195,213,25,0,238
20304,71,"COLEGIUL TEHNIC ”DUMITRU MANGERON”",BACĂU,BC,1635,4,1,0,5,30,11,0,41,44,14,0,58,57,14,0,71,133,18,0,151,165,25,0,190
20304,72,"COLEGIUL TEHNIC ”DUMITRU MANGERON”",BACĂU,BC,1805,8,0,0,8,34,0,0,34,43,0,0,43,50,4,0,54,134,8,0,142,180,13,0,193
20304,73,"ŞCOALA PRIMARĂ NR.1",BACĂU,BC,1911,5,0,0,5,28,4,0,32,45,5,0,50,64,6,0,70,112,6,0,118,141,9,0,150
20304,74,"ŞCOALA PRIMARĂ NR.1",BACĂU,BC,1689,5,5,0,10,30,7,0,37,39,7,0,46,53,7,0,60,105,8,0,113,138,8,0,146
20304,75,"SCOALA GIMNAZIALĂ ''OCTAVIAN VOICU""",BACĂU,BC,1142,7,3,0,10,38,6,0,44,53,8,0,61,68,8,0,76,147,8,0,155,170,14,0,184
20304,76,"SCOALA GIMNAZIALĂ ''OCTAVIAN VOICU""",BACĂU,BC,1066,5,0,0,5,37,0,0,37,54,1,0,55,73,1,0,74,142,6,0,148,167,6,0,173
20304,77,"SCOALA GIMNAZIALĂ ''OCTAVIAN VOICU""",BACĂU,BC,1241,2,0,0,2,27,0,0,27,37,0,0,37,48,2,0,50,138,5,0,143,184,5,0,189
20304,78,"SCOALA GIMNAZIALĂ ''OCTAVIAN VOICU""",BACĂU,BC,1249,15,4,0,19,47,4,0,51,58,4,0,62,75,5,0,80,147,7,0,154,182,9,0,191
20304,79,"GRĂDINIŢA CU PROGRAM PRELUNGIT ”DUMBRAVA MINUNATĂ”",BACĂU,BC,1259,16,0,0,16,48,6,0,54,75,7,0,82,94,7,0,101,162,10,0,172,198,10,0,208
20304,80,"GRĂDINIŢA CU PROGRAM PRELUNGIT ”DUMBRAVA MINUNATĂ”",BACĂU,BC,1146,7,0,0,7,29,0,0,29,44,0,0,44,58,5,0,63,128,6,0,134,172,6,0,178
20304,81,"GRĂDINIŢA CU PROGRAM PRELUNGIT NR.31",BACĂU,BC,1098,12,0,0,12,50,0,0,50,71,2,0,73,87,2,0,89,165,10,0,175,198,13,0,211
20304,82,"ŞCOALA GIMNAZIALĂ ”NICOLAE IORGA”",BACĂU,BC,1337,12,1,0,13,51,2,0,53,76,4,0,80,92,9,0,101,185,10,0,195,233,21,0,254
20304,83,"ŞCOALA GIMNAZIALĂ ”NICOLAE IORGA”",BACĂU,BC,1155,13,0,0,13,33,3,0,36,45,3,0,48,64,4,0,68,149,7,0,156,184,7,0,191
20304,84,"ŞCOALA GIMNAZIALĂ ”NICOLAE IORGA”",BACĂU,BC,1382,14,2,0,16,36,2,0,38,69,4,0,73,98,4,0,102,190,6,0,196,235,7,0,242
20304,85,"ŞCOALA GIMNAZIALĂ ”NICOLAE IORGA”",BACĂU,BC,1474,10,0,0,10,46,4,0,50,64,5,0,69,107,5,0,112,191,6,0,197,250,7,0,257
20304,86,"COLEGIUL TEHNIC ”DUMITRU MANGERON” (FOSTUL GRUP ŞCOLAR IND. LETEA)",BACĂU,BC,1600,14,3,0,17,63,6,0,69,81,6,0,87,120,7,0,127,210,7,0,217,249,9,0,258
20304,87,"COLEGIUL TEHNIC ”DUMITRU MANGERON” (FOSTUL GRUP ŞCOLAR IND. LETEA)",BACĂU,BC,1724,10,4,0,14,52,5,0,57,69,8,0,77,107,9,0,116,219,9,0,228,286,11,0,297
20304,88,"GRĂDINIŢA CU PROGRAM PRELUNGIT NR.21 (CORPUL I)",BACĂU,BC,840,12,0,0,12,65,1,0,66,82,2,0,84,92,2,0,94,156,3,0,159,183,7,0,190
20304,89,"UNIVERSITATEA ”VASILE ALECSANDRI” - CORPUL A",BACĂU,BC,1014,4,0,0,4,39,8,0,47,55,13,0,68,75,16,0,91,156,28,0,184,201,31,0,232
20304,90,"UNIVERSITATEA ”VASILE ALECSANDRI” - CORPUL A",BACĂU,BC,878,9,0,0,9,41,4,0,45,51,5,0,56,60,7,0,67,122,10,0,132,146,17,0,163
20304,91,"GRĂDNIŢA CU PROGRAM PRELUNGIT NR.30",BACĂU,BC,1098,14,0,0,14,50,0,0,50,63,3,0,66,84,3,0,87,166,5,0,171,199,17,0,216
20304,92,"GRĂDNIŢA CU PROGRAM PRELUNGIT NR.30",BACĂU,BC,1004,17,2,0,19,59,3,0,62,76,5,0,81,95,5,0,100,167,11,0,178,207,12,0,219
20304,93,"ŞCOALA GIMNAZIALĂ ”ION LUCA”",BACĂU,BC,965,9,3,0,12,30,4,0,34,42,5,0,47,56,9,0,65,129,16,0,145,152,21,0,173
20304,94,"ŞCOALA GIMNAZIALĂ ”ION LUCA”",BACĂU,BC,1406,11,2,0,13,48,2,0,50,66,9,0,75,91,9,0,100,185,10,0,195,225,12,0,237
20304,95,"ŞCOALA GIMNAZIALĂ ”ION LUCA”",BACĂU,BC,1318,17,4,0,21,40,5,0,45,56,5,0,61,75,6,0,81,165,7,0,172,214,10,0,224
20304,96,"ŞCOALA GIMNAZIALĂ ”ION LUCA”",BACĂU,BC,1147,11,0,0,11,46,0,0,46,69,7,0,76,91,7,0,98,184,9,0,193,220,9,0,229
20304,97,"GRĂDINIŢA CU PROGRAM PRELUNGIT NR.27",BACĂU,BC,1286,16,0,0,16,47,2,0,49,66,3,0,69,83,3,0,86,163,8,0,171,200,11,0,211
20304,98,"GRĂDINIŢA CU PROGRAM PRELUNGIT NR.27",BACĂU,BC,1371,12,4,0,16,70,5,0,75,83,5,0,88,97,5,0,102,169,9,0,178,209,9,0,218
20304,99,"ŞCOALAGIMNAZIALĂ ”ALECU RUSSO”",BACĂU,BC,1793,14,0,0,14,49,3,0,52,68,3,0,71,90,4,0,94,195,11,0,206,238,18,0,256
20304,100,"ȘCOALA GIMNAZIALĂ ”ALECU RUSSO”",BACĂU,BC,1691,17,0,0,17,59,7,0,66,83,7,0,90,110,9,0,119,187,13,0,200,229,14,0,243
20304,101,"ŞCOALA GIMNAZIALĂ ”ALECU RUSSO”",BACĂU,BC,1357,4,4,0,8,34,6,0,40,38,6,0,44,56,6,0,62,129,7,0,136,170,7,0,177
20304,102,"BAZINUL OLIMPIC BACĂU",BACĂU,BC,1753,11,0,0,11,74,0,0,74,95,2,0,97,127,2,0,129,245,6,0,251,285,12,0,297
20304,103,"BAZINUL OLIMPIC BACĂU",BACĂU,BC,1832,10,0,0,10,23,2,0,25,32,2,0,34,35,3,0,38,66,4,0,70,78,8,0,86
20304,104,"UNIVERSITATEA ”GEORGE BACOVIA”",BACĂU,BC,904,13,2,0,15,44,4,0,48,56,4,0,60,66,4,0,70,132,4,0,136,167,6,0,173
20304,105,"UNIVERSITATEA ,,GEORGE BACOVIA""",BACĂU,BC,1479,6,3,0,9,35,4,0,39,44,5,0,49,53,5,0,58,107,6,0,113,129,7,0,136
20304,106,"CĂMINUL PENTRU PERSOANE VÂRSTNICE BACĂU",BACĂU,BC,1374,22,13,0,35,90,45,0,135,119,51,0,170,151,57,0,208,276,72,0,348,301,76,0,377
20304,107,"ŞCOALA GIMNAZIALĂ ”MIRON COSTIN”",BACĂU,BC,1255,16,3,0,19,55,7,0,62,68,9,0,77,86,9,0,95,127,9,0,136,171,10,0,181
20304,108,"ŞCOALA GIMNAZIALĂ ”MIRON COSTIN”",BACĂU,BC,1413,15,0,0,15,53,0,0,53,76,3,0,79,104,3,0,107,217,4,0,221,273,11,0,284
20304,109,"ŞCOALA GIMNAZIALĂ ”MIRON COSTIN”",BACĂU,BC,1357,17,2,0,19,83,3,0,86,107,3,0,110,133,4,0,137,228,8,0,236,281,9,0,290
20304,110,"GRĂDINIŢA CU PROGRAM PRELUNGIT NR.23",BACĂU,BC,1115,11,5,0,16,39,6,0,45,54,6,0,60,64,6,0,70,121,8,0,129,155,9,0,164
20304,111,"GRĂDINIŢA CU PROGRAM PRELUNGIT NR.23",BACĂU,BC,1289,11,5,0,16,54,5,0,59,78,5,0,83,111,6,0,117,213,6,0,219,261,8,1,270
20304,112,"GRĂDINIŢA CU PROGRAM PRELUNGIT NR.33",BACĂU,BC,1341,11,0,0,11,59,2,0,61,95,5,0,100,122,5,0,127,210,8,0,218,266,13,0,279
20304,113,"LICEUL CU PROGRAM SPORTIV",BACĂU,BC,1091,11,0,0,11,62,2,0,64,82,10,0,92,105,11,0,116,173,17,1,191,216,28,1,245
20304,114,"LICEUL CU PROGRAM SPORTIV",BACĂU,BC,1307,21,4,0,25,76,10,0,86,100,17,0,117,113,20,0,133,196,26,0,222,233,32,0,265
20304,115,"LICEUL CU PROGRAM SPORTIV",BACĂU,BC,1159,16,0,0,16,55,2,0,57,85,3,0,88,103,7,0,110,201,9,0,210,258,16,0,274
20304,116,"ŞCOALA GIMNAZIALĂ ”COSTANTIN PLATON”",BACĂU,BC,1495,17,1,0,18,81,5,0,86,95,8,1,104,111,15,1,127,200,21,1,222,240,27,1,268
20304,117,"ŞCOALA GIMNAZIALĂ ”COSTANTIN PLATON”",BACĂU,BC,1406,30,2,0,32,115,3,0,118,134,3,0,137,158,5,0,163,288,14,0,302,332,23,0,355
20304,118,"ŞCOALA GIMNAZIALĂ ”COSTANTIN PLATON”",BACĂU,BC,1486,14,4,0,18,70,5,0,75,121,7,0,128,135,7,0,142,226,10,0,236,278,14,0,292
20304,119,"COLEGIUL ECONOMIC ”ION GHICA”",BACĂU,BC,1111,13,0,0,13,50,4,0,54,64,9,0,73,73,9,0,82,203,20,0,223,214,47,0,261
20304,120,"COLEGIUL ECONOMIC ”ION GHICA”",BACĂU,BC,1116,7,0,0,7,32,1,0,33,45,1,0,46,57,1,0,58,120,3,0,123,139,20,0,159
20304,121,"LICEUL TEHNOLOGIC ”PETRU RAREȘ”",BACĂU,BC,1531,17,1,0,18,49,4,0,53,74,10,0,84,100,14,0,114,235,18,0,253,298,23,0,321
20304,122,"LICEUL TEHNOLOGIC ”PETRU RAREȘ”",BACĂU,BC,1291,19,0,0,19,31,1,0,32,54,2,0,56,83,6,0,89,176,15,2,193,223,19,2,244
20304,123,"ŞCOALA GIMNAZIALĂ ”NICU ENEA”",BACĂU,BC,1302,5,0,0,5,35,0,0,35,49,1,0,50,64,1,0,65,149,4,0,153,208,8,0,216
20304,124,"ȘCOALA GIMNAZIALĂ ”NICU ENEA”",BACĂU,BC,1292,9,0,0,9,29,0,0,29,56,0,0,56,71,6,0,77,172,8,0,180,228,8,0,236
20304,125,"ȘCOALA GIMNAZIALĂ ”NICU ENEA”",BACĂU,BC,1350,9,0,0,9,30,5,0,35,47,6,0,53,87,6,0,93,197,6,0,203,259,9,0,268
20885,126,"LICEUL SPIRU HARET",MOINEŞTI,BC,940,17,4,0,21,43,12,0,55,56,14,0,70,76,14,0,90,171,15,0,186,218,17,0,235
20885,127,"LICEUL SPIRU HARET",MOINEŞTI,BC,1060,11,2,0,13,50,5,0,55,78,8,0,86,99,10,0,109,188,14,0,202,225,16,0,241
20885,128,"SALA DE SPORT A LICEULUI SPIRU HARET",MOINEŞTI,BC,1288,16,1,0,17,51,5,0,56,73,6,0,79,99,6,0,105,221,13,0,234,288,21,0,309
20885,129,"ŞCOALA ŞTEFAN LUCHIAN",MOINEŞTI,BC,1205,23,0,0,23,66,8,0,74,85,9,88,182,121,11,88,220,232,19,88,339,270,20,88,378
20885,130,"ŞCOALA ŞTEFAN LUCHIAN",MOINEŞTI,BC,1158,9,1,0,10,48,7,0,55,54,7,0,61,80,7,0,87,229,7,0,236,276,11,0,287
20885,131,"BIBLIOTECA MUNICIPALA",MOINEŞTI,BC,1283,16,0,0,16,58,3,0,61,71,5,0,76,96,5,0,101,218,9,0,227,278,15,0,293
20885,132,"ŞCOALA GEORGE ENESCU",MOINEŞTI,BC,1616,17,2,0,19,60,6,1,67,97,7,1,105,128,9,1,138,301,16,1,318,355,19,1,375
20885,133,"ŞCOALA GEORGE ENESCU",MOINEŞTI,BC,1311,12,0,0,12,45,0,0,45,53,0,0,53,75,1,0,76,166,4,0,170,215,6,0,221
20885,134,"ŞCOALA GEORGE ENESCU",MOINEŞTI,BC,1220,27,0,0,27,68,2,71,141,100,3,71,174,117,6,71,194,245,11,71,327,291,15,71,377
20885,135,"CLUBUL ELEVILOR",MOINEŞTI,BC,1363,25,0,0,25,57,0,0,57,76,0,0,76,103,0,0,103,290,5,3,298,357,7,3,367
20885,136,"ŞCOALA TRISTAN TZARA",MOINEŞTI,BC,1277,20,0,0,20,59,2,0,61,79,3,22,104,117,3,22,142,276,8,29,313,317,9,29,355
20885,137,"ŞCOALA TRISTAN TZARA",MOINEŞTI,BC,1352,9,0,0,9,51,2,0,53,66,2,5,73,92,2,6,100,226,7,8,241,299,7,8,314
20885,138,"CLĂDIRE ŞCOALA LUNCA",MOINEŞTI,BC,1149,11,2,0,13,40,2,0,42,58,4,0,62,86,4,0,90,198,8,0,206,252,11,1,264
20885,139,"ŞCOALA ALEXANDRU SEVER",MOINEŞTI,BC,658,4,0,0,4,25,3,0,28,27,3,0,30,31,3,0,34,130,11,0,141,156,11,0,167
20885,140,"ŞCOALA ALEXANDRU SEVER",MOINEŞTI,BC,1076,7,0,0,7,28,2,0,30,33,2,0,35,58,4,0,62,177,8,0,185,244,9,0,253
20885,141,"ŞCOALA ALEXANDRU SEVER HANGANI",MOINEŞTI,BC,1158,2,0,0,2,29,1,0,30,35,7,0,42,65,7,0,72,236,14,0,250,307,22,0,329
20885,142,"CLĂDIRE ŞCOALA GĂZĂRIE",MOINEŞTI,BC,1030,15,4,0,19,42,6,0,48,65,6,0,71,101,6,0,107,241,9,0,250,289,11,0,300
20572,143,"COLEGIUL NAŢIONAL ""GRIGORE C.MOISIL""",ONEŞTI,BC,1394,18,0,0,18,70,5,0,75,105,6,0,111,123,7,0,130,232,7,0,239,273,8,0,281
20572,144,"COLEGIUL NAŢIONAL ""GRIGORE C.MOISIL""",ONEŞTI,BC,1136,4,0,0,4,54,3,0,57,70,6,0,76,92,6,0,98,148,20,0,168,201,24,0,225
20572,145,"COLEGIUL NAŢIONAL ""GRIGORE C.MOISIL""",ONEŞTI,BC,969,18,6,0,24,64,9,0,73,79,10,0,89,96,10,0,106,177,12,0,189,200,13,0,213
20572,146,"ȘCOALA GIMNAZIALĂ ""SFÂNTUL VOIEVOD ȘTEFAN CEL MARE"" (FOSTA NR.9)",ONEŞTI,BC,1274,19,4,0,23,82,7,0,89,105,10,0,115,114,11,0,125,191,13,0,204,226,18,0,244
20572,147,"ȘCOALA GIMNAZIALĂ ""SFÂNTUL VOIEVOD ȘTEFAN CEL MARE""(FOSTA NR.9)",ONEŞTI,BC,1372,16,0,0,16,69,3,0,72,95,4,0,99,112,6,0,118,214,8,0,222,251,11,0,262
20572,148,"ȘCOALA GIMNAZIALĂ ""EMIL RACOVIȚĂ"" (FOSTA NR.10)",ONEŞTI,BC,1186,15,4,0,19,59,7,1,67,65,7,1,73,83,7,1,91,179,10,1,190,205,10,1,216
20572,149,"ȘCOALA GIMNAZIALĂ""EMIL RACOVIȚĂ"" (FOSTA NR.10)",ONEŞTI,BC,1310,20,0,0,20,46,0,0,46,61,0,0,61,81,0,0,81,155,0,0,155,186,0,0,186
20572,150,"ȘCOALA GIMNAZIALĂ""EMIL RACOVIȚĂ"" (FOSTA NR.10)",ONEŞTI,BC,1035,12,2,0,14,57,7,0,64,74,10,0,84,92,11,0,103,145,16,0,161,179,25,0,204
20572,151,"LICEUL TEHNOLOGIC (FOSTA NR.7)",ONEŞTI,BC,1266,15,8,0,23,46,11,0,57,51,12,0,63,67,12,0,79,125,14,0,139,152,18,0,170
20572,152,"LICEUL TEHNOLOGIC (FOSTA NR.7)",ONEŞTI,BC,1183,9,0,0,9,39,0,0,39,49,0,0,49,61,0,0,61,129,7,0,136,158,9,0,167
20572,153,"LICEUL TEHNOLOGIC (FOSTA NR.7)",ONEŞTI,BC,1211,4,4,0,8,41,8,0,49,59,9,0,68,77,9,0,86,155,14,0,169,179,15,0,194
20572,154,"LICEUL TEHNOLOGIC (FOSTA NR.7)",ONEŞTI,BC,1211,6,7,0,13,37,9,0,46,52,10,0,62,61,10,0,71,151,11,0,162,193,14,0,207
20572,155,"ŞCOALA GIMNAZIALĂ ""GHIŢĂ MOCANU"" (FOSTĂ NR.5)",ONEŞTI,BC,1202,7,0,0,7,42,1,0,43,58,2,0,60,77,3,0,80,149,4,0,153,197,8,0,205
20572,156,"ŞCOALA GIMNAZIALĂ ""GHIŢĂ MOCANU"" (FOSTĂ NR.5)",ONEŞTI,BC,837,4,5,0,9,29,6,0,35,46,9,0,55,50,10,0,60,117,15,0,132,145,20,0,165
20572,157,"ȘCOALA GIMNAZIALĂ ""GHIȚĂ MOCANU"" (FOSTĂ NR.5)",ONEŞTI,BC,1484,25,0,0,25,95,8,0,103,120,8,0,128,137,9,0,146,224,15,0,239,263,24,0,287
20572,158,"ȘCOALA GIMNAZIALĂ ""GHIȚĂ MOCANU"" (FOSTĂ NR.5)",ONEŞTI,BC,1581,18,5,0,23,69,7,0,76,83,8,0,91,104,8,0,112,214,10,0,224,251,10,0,261
20572,159,"ȘCOALA GIMNAZIALĂ NR.1",ONEŞTI,BC,1017,19,1,0,20,76,1,0,77,91,2,0,93,103,2,0,105,165,5,0,170,194,7,0,201
20572,160,"ȘCOALA GIMNAZIALĂ NR.1",ONEŞTI,BC,1362,17,0,0,17,54,6,0,60,67,14,0,81,84,18,0,102,163,24,0,187,226,24,0,250
20572,161,"ȘCOALA GIMNAZIALĂ NR.1",ONEŞTI,BC,1339,19,0,0,19,50,0,0,50,75,7,0,82,95,7,0,102,208,12,0,220,263,14,0,277
20572,162,"COLEGIUL SPORTIV ""NADIA COMĂNECI""",ONEŞTI,BC,1080,17,3,0,20,73,6,0,79,97,6,0,103,112,6,0,118,212,8,94,314,232,11,94,337
20572,163,"COLEGIUL SPORTIV ""NADIA COMĂNECI""",ONEŞTI,BC,1174,8,0,0,8,58,2,0,60,80,3,0,83,102,5,0,107,213,8,0,221,254,13,0,267
20572,164,"COLEGIUL SPORTIV ""NADIA COMĂNECI""",ONEŞTI,BC,1466,9,0,0,9,56,0,0,56,73,7,0,80,88,7,0,95,206,15,0,221,267,16,0,283
20572,165,"COLEGIU NAŢIONAL ""DIMITRIE CANTEMIR""",ONEŞTI,BC,1230,7,1,0,8,28,8,0,36,53,9,0,62,65,9,0,74,151,13,0,164,200,14,0,214
20572,166,"COLEGIU NAŢIONAL ""DIMITRIE CANTEMIR""",ONEŞTI,BC,1439,17,0,0,17,48,2,0,50,72,2,0,74,81,2,0,83,151,4,0,155,191,7,0,198
20572,167,"COLEGIU NAŢIONAL ""DIMITRIE CANTEMIR""",ONEŞTI,BC,1244,9,0,0,9,37,0,0,37,56,0,0,56,69,1,0,70,120,1,0,121,153,5,0,158
20572,168,"COLEGIUL TEHNIC ""PETRU PONI""",ONEŞTI,BC,958,6,0,0,6,30,0,0,30,46,1,0,47,56,2,0,58,126,5,0,131,157,14,0,171
20572,169,"COLEGIUL TEHNIC ""PETRU PONI""",ONEŞTI,BC,935,11,0,0,11,33,2,0,35,43,4,0,47,56,4,0,60,108,7,0,115,133,11,0,144
20572,170,"ȘCOALA GIMNAZIALĂ ""GEORGE CĂLINESCU"" (FOSTĂ NR.8)",ONEŞTI,BC,1499,11,1,0,12,44,5,0,49,60,5,0,65,82,6,0,88,175,15,0,190,239,16,0,255
20572,171,"ȘCOALA GIMNAZIALĂ ""GEORGE CĂLINESCU"" (FOSTĂ NR.8)",ONEŞTI,BC,1353,5,2,0,7,34,3,0,37,54,3,0,57,69,3,0,72,171,5,0,176,230,14,0,244
20572,172,"COLEGIUL TEHNIC ""GHEORGHE ASACHI""",ONEŞTI,BC,1382,9,0,0,9,36,0,0,36,50,6,0,56,62,6,0,68,127,8,0,135,163,8,0,171
20572,173,"COLEGIUL TEHNIC ""GHEORGHE ASACHI""",ONEŞTI,BC,1258,9,0,0,9,33,1,0,34,47,1,0,48,71,6,0,77,155,8,0,163,202,12,0,214
20572,174,"LICEUL TEHNOLOGIC (TCR)",ONEŞTI,BC,923,4,0,0,4,25,1,0,26,36,4,0,40,52,4,0,56,113,5,0,118,146,7,0,153
20572,175,"SERA BORZEŞTI",ONEŞTI,BC,829,1,0,0,1,11,0,0,11,14,0,0,14,23,0,0,23,70,2,0,72,106,3,0,109
20590,176,"CENTRUL SOCIAL SLOBOZIA",SLOBOZIA,BC,1068,6,0,0,6,13,3,0,16,38,4,0,42,66,4,0,70,156,14,0,170,195,16,0,211
20572,177,"GRĂDINIŢA ""SFÂNTUL PAUL""",ONEŞTI,BC,1360,13,0,0,13,44,1,0,45,59,2,0,61,83,2,0,85,155,7,6,168,200,11,6,217
20572,178,"GRĂDINIŢA ""SFÂNTUL PAUL""",ONEŞTI,BC,1313,8,0,0,8,31,3,0,34,46,7,0,53,73,9,0,82,184,9,0,193,221,10,0,231
20787,179,"PRIMĂRIA ORAŞ BUHUŞI",BUHUŞI,BC,1338,21,6,0,27,70,12,0,82,87,12,0,99,109,13,0,122,247,17,0,264,273,19,4,296
20787,180,"COLEGIUL TEHNIC ION BORCEA",BUHUŞI,BC,1432,24,0,0,24,61,1,0,62,79,3,0,82,91,3,0,94,198,8,0,206,226,8,0,234
20787,181,"COLEGIUL TEHNIC ION BORCEA",BUHUŞI,BC,1346,17,4,0,21,55,6,16,77,74,6,16,96,93,7,16,116,177,11,18,206,204,15,18,237
20787,182,"CASA DE CULTURĂ",BUHUŞI,BC,1563,34,5,0,39,101,13,0,114,115,13,0,128,137,15,0,152,282,34,0,316,320,38,0,358
20787,183,"ŞCOALA GIMNAZIALĂ M.EMINESCU",BUHUŞI,BC,1578,20,1,0,21,53,2,0,55,78,2,0,80,108,6,0,114,242,13,0,255,288,17,0,305
20787,184,"BIBLIOTECA ORĂŞENEASCĂ GEORGE BACOVIA",BUHUŞI,BC,1409,16,0,0,16,73,2,5,80,98,5,5,108,121,5,5,131,268,13,5,286,309,18,5,332
20787,185,"ŞCOALA GIMNAZIALĂ NR.2",BUHUŞI,BC,1632,12,0,0,12,46,0,0,46,64,0,0,64,88,0,0,88,198,2,0,200,233,4,8,245
20787,186,"COMPLEXUL DE SERVICII COMUNITARE",BUHUŞI,BC,1752,13,1,0,14,32,4,0,36,49,4,0,53,82,7,0,89,189,9,0,198,218,10,5,233
20787,187,"ŞCOALA GIMNAZIALĂ ŞTEFAN CEL MARE",BUHUŞI,BC,1917,11,4,0,15,38,5,0,43,53,6,0,59,69,6,0,75,147,11,0,158,175,11,1,187
20787,188,"ŞCOALA GIMNAZIALĂ MIHAI ANDREI",BUHUŞI,BC,1722,4,2,0,6,29,5,0,34,42,5,0,47,63,5,0,68,182,7,0,189,250,11,0,261
20787,189,"SALA POLIVALENTĂ MOLDOVA",BUHUŞI,BC,1797,13,0,0,13,33,0,0,33,55,0,0,55,71,0,0,71,201,2,0,203,255,5,0,260
20787,190,"ŞCOALA GIMNAZIALĂ",BUHUŞI,BC,1357,6,1,0,7,17,6,0,23,28,6,0,34,36,7,0,43,129,10,0,139,138,10,0,148
20830,191,"CENTRUL 5",COMĂNEŞTI,BC,1101,6,4,0,10,38,8,0,46,55,14,0,69,80,18,0,98,210,24,0,234,276,26,0,302
20830,192,"ŞCOALA CIPRIAN PORUMBESCU",COMĂNEŞTI,BC,1304,21,5,0,26,59,5,0,64,81,7,0,88,105,8,0,113,243,11,0,254,292,13,0,305
20830,193,"ȘCOALA CIPRIAN PORUMBESCU",COMĂNEŞTI,BC,1281,9,1,0,10,29,9,69,107,48,10,69,127,60,11,69,140,168,15,70,253,222,17,70,309
20830,194,"SCOALA CIPRIAN PORUMBESCU",COMĂNEŞTI,BC,503,3,0,0,3,7,2,0,9,7,5,0,12,15,5,0,20,72,8,0,80,84,8,0,92
20830,195,"BIBLIOTECA ORAŞULUI COMĂNEȘTI",COMĂNEŞTI,BC,1471,22,2,0,24,90,6,0,96,121,14,0,135,141,15,0,156,264,23,0,287,307,29,0,336
20830,196,"SCOALA LIVIU REBREANU",COMĂNEŞTI,BC,1636,9,0,0,9,74,1,0,75,114,11,0,125,148,14,0,162,245,17,0,262,296,24,0,320
20830,197,"ŞCOALA LIVIU REBREANU",COMĂNEŞTI,BC,1024,7,0,0,7,36,2,0,38,49,2,0,51,62,2,0,64,149,4,0,153,178,7,0,185
20830,198,"ŞCOALA LIVIU REBREANU",COMĂNEŞTI,BC,641,9,1,0,10,26,2,0,28,36,6,0,42,46,6,0,52,85,10,0,95,99,15,0,114
20830,199,"PRIMĂRIA ORAȘULUI COMĂNEȘTI",COMĂNEŞTI,BC,1428,13,0,0,13,41,0,0,41,57,3,0,60,83,11,0,94,192,20,0,212,249,24,0,273
20830,200,"ŞCOALA ŞUPAN",COMĂNEŞTI,BC,1487,8,5,0,13,28,8,0,36,36,8,0,44,62,9,0,71,178,14,0,192,239,14,0,253
20830,201,"ŞCOALA LĂLOAIA",COMĂNEŞTI,BC,1206,7,5,0,12,35,7,0,42,51,8,0,59,95,10,0,105,219,12,0,231,278,15,0,293
20830,202,"ŞCOALA NR.5 BIS SUBLĂLOAIA",COMĂNEŞTI,BC,1500,6,0,0,6,24,2,0,26,42,4,0,46,68,5,0,73,230,11,0,241,331,20,0,351
20830,203,"ŞCOALA COSTACHI S.CIOCAN LĂLOAIA",COMĂNEŞTI,BC,747,2,0,0,2,13,0,0,13,23,4,0,27,44,4,0,48,116,8,0,124,138,10,0,148
20830,204,"ŞCOALA NR.3 LEORDA",COMĂNEŞTI,BC,1326,12,6,0,18,29,7,2,38,50,8,3,61,64,10,3,77,244,20,3,267,323,21,3,347
20830,205,"ŞCOALA DIMITRIE GHICA ZĂVOI",COMĂNEŞTI,BC,1267,8,7,0,15,46,7,0,53,63,7,0,70,95,7,0,102,222,13,0,235,265,15,0,280
20830,206,"ŞCOALA VERMEŞTI",COMĂNEŞTI,BC,1088,6,4,0,10,19,4,0,23,25,12,0,37,46,12,0,58,120,13,0,133,150,13,0,163
20830,207,"CLĂDIRE ŞIPOTENI (FOSTĂ ȘCOALĂ ȘIPOTENI)",COMĂNEŞTI,BC,639,3,0,0,3,6,0,0,6,14,2,0,16,22,9,0,31,81,11,0,92,93,11,0,104
22175,208,"ŞCOALA NR.2 DĂRMĂNEȘTI",DĂRMĂNEŞTI,BC,1362,12,0,0,12,32,2,0,34,37,2,0,39,61,3,0,64,189,6,0,195,233,6,0,239
22175,209,"LICEULTEHNOLOGIC DĂRMĂNEȘTI",DĂRMĂNEŞTI,BC,1548,5,4,0,9,59,4,0,63,66,6,0,72,84,8,0,92,223,14,0,237,284,16,0,300
22175,210,"CENTRUL CULTURAL NEMIRA",DĂRMĂNEŞTI,BC,776,3,0,0,3,17,7,0,24,30,7,0,37,43,7,0,50,115,9,0,124,160,9,0,169
22175,211,"SCOALA NR.2",DĂRMĂNEŞTI,BC,978,7,0,0,7,28,0,0,28,36,0,0,36,48,3,0,51,117,6,0,123,146,6,0,152
22175,212,"ŞCOALA NR.3 DĂRMĂNEȘTI",DĂRMĂNEŞTI,BC,715,6,2,0,8,16,5,0,21,23,5,0,28,32,7,0,39,88,8,0,96,112,8,0,120
22175,213,"ŞCOALA NR.3 DĂRMĂNEȘTI",DĂRMĂNEŞTI,BC,1015,1,0,0,1,3,0,0,3,5,0,0,5,14,0,0,14,58,0,0,58,120,0,0,120
22193,214,"SCOALA LAPOȘ",LĂPOŞ,BC,806,3,0,0,3,9,2,0,11,15,2,0,17,23,2,0,25,95,7,0,102,118,8,0,126
22219,215,"ŞCOALA CU CLASELEI-VIIIPLOPU",PLOPU,BC,1247,3,0,0,3,21,5,22,48,35,5,22,62,56,8,22,86,195,20,22,237,257,21,22,300
22175,216,"GRĂDINIŢA SĂLĂTRUC",DĂRMĂNEŞTI,BC,644,2,2,0,4,17,5,0,22,25,8,0,33,41,10,0,51,114,16,0,130,154,16,0,170
22175,217,"ŞCOALACU CLASELE L-IV PĂGUBENI",DĂRMĂNEŞTI,BC,311,1,0,0,1,5,1,0,6,8,1,0,9,14,2,0,16,60,4,0,64,76,4,0,80
22175,218,"PRIMĂRIA DĂRMĂNEȘTI",DĂRMĂNEŞTI,BC,1312,5,0,0,5,38,5,0,43,63,7,0,70,70,8,0,78,167,12,0,179,229,13,0,242
22175,219,"SCOALA CU CLASELEI-IV DĂRMĂNEASCA",DĂRMĂNEŞTI,BC,700,3,3,0,6,17,6,0,23,19,8,0,27,34,8,0,42,108,9,0,117,135,11,0,146
20938,220,"SCOALA GIMNAZIALA NR. 3",CERDAC,BC,1098,2,0,0,2,20,4,0,24,36,5,0,41,48,8,0,56,112,15,0,127,144,21,0,165
20929,221,"SCOALA NR. 1 SLĂNIC",SLĂNIC-MOLDOVA,BC,1546,19,20,0,39,75,126,0,201,98,154,0,252,111,172,0,283,195,224,0,419,237,257,0,494
20947,222,"SCOALA NR. 2 CIRESOAIA",CIREŞOAIA,BC,1487,1,0,0,1,11,2,0,13,20,5,0,25,29,5,0,34,118,7,0,125,184,11,0,195
20974,223,"SCOALA GENERALA NR. 1","TÎRGU OCNA",BC,1363,15,3,0,18,41,9,82,132,61,11,82,154,77,14,82,173,165,32,82,279,205,35,82,322
20974,224,"CLUBUL ELEVILOR","TÎRGU OCNA",BC,1396,18,4,0,22,60,37,0,97,92,49,0,141,101,52,0,153,214,79,0,293,272,89,0,361
20974,225,"COLEGIUL NATIONAL COSTACHE NEGRI","TÎRGU OCNA",BC,1476,18,0,0,18,60,57,0,117,82,68,0,150,99,72,0,171,229,87,0,316,299,99,0,398
20974,226,"SCOALA GENERALA NR. 2","TÎRGU OCNA",BC,1547,21,0,0,21,57,8,0,65,86,10,0,96,103,12,0,115,200,27,0,227,254,29,0,283
20974,227,"SCOALA GENERALA NR. 3","TÎRGU OCNA",BC,1061,7,0,0,7,25,0,0,25,37,0,0,37,58,0,0,58,130,0,0,130,157,2,0,159
20974,228,"SCOALA GENERALA NR. 4","TÎRGU OCNA",BC,1206,5,2,0,7,24,74,37,135,39,74,37,150,74,75,39,188,173,79,39,291,226,84,39,349
20983,229,"SCOALA GENERALA NR. 5",POIENI,BC,788,5,0,0,5,9,0,0,9,11,0,0,11,17,1,0,18,94,4,0,98,107,7,0,114
20992,230,"SCOALA GENERALA NR. 6",VÎLCELE,BC,1015,5,0,0,5,13,5,0,18,20,5,0,25,28,5,0,33,87,8,0,95,113,10,0,123
20974,231,"SCOALA GENERALA NR. 3-SALA DE SPORT","TÎRGU OCNA",BC,893,1,0,0,1,21,6,0,27,29,7,0,36,47,7,0,54,145,15,0,160,165,18,0,183
21016,232,"CONSILIUL LOCAL AGĂŞ",AGĂŞ,BC,1017,14,5,0,19,39,10,0,49,45,11,0,56,61,12,0,73,142,17,2,161,175,18,2,195
21043,233,"ŞCOALA CU CLASELE I-IV COTUMBA",COTUMBA,BC,1127,10,0,0,10,34,4,0,38,41,4,0,45,78,4,0,82,196,14,0,210,235,20,0,255
21089,234,"ŞCOALA GENERALĂ SULŢA",SULŢA,BC,831,5,1,0,6,32,5,0,37,39,5,0,44,46,5,0,51,105,8,1,114,131,10,1,142
21034,235,"CĂMINUL CULTURAL COŞNEA",COŞNEA,BC,363,0,0,0,0,1,0,0,1,3,0,0,3,11,2,0,13,38,5,0,43,42,6,0,48
21070,236,"ŞCOALA GENERALĂ PRELUCI",PRELUCI,BC,978,11,0,0,11,77,3,0,80,84,3,0,87,94,3,0,97,204,6,0,210,254,13,0,267
21061,237,"ŞCOALA GENERALĂ GOIOASA",GOIOASA,BC,696,1,0,0,1,3,0,0,3,6,1,0,7,17,9,0,26,68,16,0,84,101,22,0,123
21105,238,"ŞCOALA NR.1 ARDEOANI",ARDEOANI,BC,1305,7,0,0,7,16,0,0,16,20,2,13,35,42,4,13,59,160,24,13,197,192,33,13,238
21114,239,"ŞCOALA LEONTINEŞTI",LEONTINEŞTI,BC,688,11,8,0,19,22,9,0,31,30,9,2,41,42,11,2,55,99,14,3,116,143,15,3,161
21132,240,"ŞCOALA GENERALA CU CLASELE I-VIII ASAU",ASĂU,BC,878,3,0,0,3,21,0,0,21,41,0,0,41,78,0,0,78,187,3,0,190,247,6,0,253
21132,241,"ŞCOALA GENERALĂ CU CLASELE I-VIII ASAU",ASĂU,BC,916,8,1,0,9,22,3,0,25,30,4,0,34,53,5,0,58,167,17,0,184,216,22,0,238
21169,242,"ŞCOALA CU CLASELEI-IV LUNCA ASĂU","LUNCA ASĂU",BC,646,19,1,0,20,56,2,0,58,71,2,0,73,95,3,0,98,196,14,0,210,264,16,0,280
21187,243,"ŞCOALA CU CLASELEI-IV STRAJA",STRAJA,BC,992,5,0,0,5,18,1,0,19,24,1,0,25,32,2,0,34,150,9,0,159,193,11,0,204
21150,244,"ŞCOALA CU CLASELEI-IV CIOBĂNUŞ",CIOBĂNUŞ,BC,443,5,0,0,5,12,0,0,12,18,5,0,23,22,7,0,29,73,11,0,84,84,13,0,97
21141,245,"ŞCOALA GENERALĂCU CLASELEI-VIII APA-ASĂU","APA ASĂU",BC,676,0,0,0,0,4,0,0,4,6,0,0,6,19,1,0,20,85,4,0,89,134,5,0,139
21141,246,"ŞCOALA GENERALĂCU CLASELE I-VIII APA-ASĂU","APA ASĂU",BC,598,2,0,0,2,9,2,0,11,20,2,0,22,31,3,0,34,89,4,0,93,130,5,0,135
21178,247,"ŞCOALA CU CLASELE I-IV PĂLTINIŞ",PĂLTINIŞ,BC,528,11,2,0,13,25,2,0,27,36,4,0,40,61,4,0,65,151,8,0,159,177,9,0,186
21203,248,"PRIMĂRIA BALCANI",BALCANI,BC,1146,11,2,0,13,34,5,0,39,45,5,13,63,70,5,13,88,245,11,13,269,300,15,15,330
21212,249,"GRĂDINIŢA FRUMOASA",FRUMOASA,BC,1041,3,0,0,3,11,4,0,15,20,7,0,27,46,8,0,54,118,9,0,127,167,10,0,177
21212,250,"GRĂDINIŢA FRUMOASA",FRUMOASA,BC,1434,5,0,0,5,10,1,0,11,17,4,0,21,59,8,0,67,172,11,0,183,212,15,0,227
21212,251,"GRĂDINIŢA FRUMOASA",FRUMOASA,BC,542,3,0,0,3,19,0,0,19,19,2,0,21,33,4,0,37,68,8,0,76,86,10,0,96
21230,252,"GRADINITA NR.2 SCHITU-FRUMOASA","SCHITU FRUMOASA",BC,652,9,2,0,11,13,5,0,18,19,6,0,25,36,6,0,42,136,14,0,150,158,15,0,173
21230,253,"ŞCOALA GIMNAZIALASCHITU-FRUMOASA","SCHITU FRUMOASA",BC,942,2,2,0,4,5,3,0,8,9,4,0,13,56,7,0,63,186,12,19,217,236,13,20,269
21221,254,"ŞCOALA GIMNAZIALALUDAŞI",LUDAŞI,BC,797,4,2,0,6,12,2,0,14,18,4,4,26,24,5,4,33,184,11,6,201,255,17,6,278
21258,255,"CĂMINUL CULTURAL BEREŞTI-BISTRIŢA",BEREŞTI-BISTRIŢA,BC,930,10,1,0,11,29,7,0,36,45,9,7,61,68,13,7,88,160,34,7,201,197,40,7,244
21329,256,"SCOALA CU CLASELE I-IV PĂDURENI",PĂDURENI,BC,370,2,0,0,2,11,0,0,11,23,3,5,31,28,3,5,36,72,10,5,87,100,12,5,117
21285,257,"ŞCOALA CU CLASELE I-IV CLIMEŞTI",CLIMEŞTI,BC,251,2,2,0,4,10,4,0,14,21,6,0,27,29,9,0,38,60,20,0,80,74,26,0,100
21267,258,"ŞCOALA CU CLASELE I-IV BRAD",BRAD,BC,143,7,2,0,9,16,5,0,21,19,5,0,24,26,5,0,31,49,12,0,61,52,20,0,72
21347,259,"ŞCOALA CU CLASELEI-VIII BEREŞTI-TAZLĂU",BEREŞTI-TAZLĂU,BC,970,6,2,0,8,22,2,0,24,28,3,0,31,52,5,0,57,217,12,13,242,296,13,13,322
21356,260,"ŞCOALA GENERALĂ BOŞOTENI",BOŞOTENI,BC,363,2,0,0,2,9,2,0,11,13,2,0,15,19,2,0,21,68,13,15,96,97,15,15,127
21365,261,"ŞCOALA GENERALĂ ENĂCHEŞTI",ENĂCHEŞTI,BC,641,4,1,0,5,14,5,0,19,19,6,44,69,30,9,44,83,151,19,44,214,185,21,44,250
21374,262,"ŞCOALA GENERALĂ PRISACA",PRISACA,BC,412,5,0,0,5,15,2,0,17,20,2,0,22,29,2,0,31,92,7,8,107,141,9,8,158
21383,263,"ŞCOALA GENERALĂ ROMÂNEŞTI",ROMÂNEŞTI,BC,353,5,2,0,7,17,4,0,21,24,6,11,41,36,7,11,54,97,15,11,123,131,17,11,159
21392,264,"ŞCOALA GENERALĂ TESCANI",TESCANI,BC,631,12,3,0,15,22,4,0,26,25,6,0,31,30,6,0,36,108,10,0,118,139,12,0,151
21409,265,"ŞCOALA GENERALĂ TURLUIANU",TURLUIANU,BC,1059,10,0,0,10,20,0,0,20,24,0,0,24,46,1,0,47,212,4,24,240,288,5,24,317
21427,266,"ŞCOALA CU CLASELE I-VIII ALEXANDRU CEL BUN BERZUNŢI",BERZUNŢI,BC,1411,5,0,0,5,15,4,0,19,21,6,0,27,51,6,0,57,207,18,0,225,284,22,0,306
21427,267,"ŞCOALA CU CLASELE I-IV NR. 2 BERZUNŢI",BERZUNŢI,BC,680,7,6,0,13,15,7,0,22,18,7,0,25,43,8,0,51,122,13,0,135,148,14,0,162
21445,268,"SCOALA CU CLASELE I-IV NR. 1 DRAGOMIR",DRAGOMIR,BC,962,8,0,0,8,16,1,0,17,21,2,0,23,37,2,0,39,154,6,0,160,243,12,0,255
21445,269,"ŞCOALA CU CLASELE I-VIII NR.2 DRAGOMIR",DRAGOMIR,BC,690,5,4,0,9,30,5,0,35,70,5,0,75,77,6,0,83,210,15,0,225,269,16,0,285
21436,270,"SCOALA CU CLASELE I-IV BUDA",BUDA,BC,457,1,0,0,1,12,3,0,15,26,6,0,32,42,8,0,50,133,42,0,175,183,47,0,230
21463,271,"PRIMĂRIA BÎRSĂNEŞTI",BÎRSĂNEŞTI,BC,1479,4,0,0,4,11,0,0,11,22,0,0,22,30,1,0,31,140,14,0,154,190,20,0,210
21472,272,"ŞCOALA GIMNAZIALĂ ALBELE",ALBELE,BC,540,1,0,0,1,7,0,1,8,11,2,1,14,13,2,1,16,70,5,1,76,96,8,1,105
21481,273,"ŞCOALA GIMNAZIALĂ BRĂTEŞTI",BRĂTEŞTI,BC,908,4,1,0,5,5,2,0,7,12,2,0,14,20,3,0,23,76,6,0,82,113,12,0,125
21490,274,"ŞCOALA GIMNAZIALĂ CARACLĂU",CARACLĂU,BC,937,13,0,0,13,29,3,0,32,39,4,0,43,48,6,0,54,219,11,0,230,300,17,1,318
21515,275,"ŞCOALA CU CLASELE I-VIII NR.1 BLĂGEŞTI",BLĂGEŞTI,BC,970,5,0,0,5,9,0,0,9,13,0,0,13,25,1,0,26,81,3,0,84,100,5,0,105
21515,276,"ŞCOALA CU CLASELE .I-VIII NR.1 BLĂGEŞTI",BLĂGEŞTI,BC,955,4,1,0,5,10,3,0,13,13,6,0,19,22,9,0,31,74,14,0,88,94,16,0,110
21524,277,"ŞCOALA CU CLASELE I-VIII NR.1 BUDA",BUDA,BC,1559,15,2,0,17,70,6,0,76,96,8,0,104,150,14,0,164,376,20,0,396,456,29,0,485
21551,278,"ŞCOALA CU CLASELE.I-VIII NR.1 VALEA LUI ION","VALEA LUI ION",BC,1151,9,1,0,10,23,2,0,25,26,2,0,28,38,3,0,41,148,9,0,157,203,13,0,216
21542,279,"ŞCOALA CU CLASELE I-IVŢÎRDENII MARI","ŢÎRDENII MARI",BC,598,0,0,0,0,4,3,0,7,7,3,0,10,9,3,0,12,68,5,0,73,104,9,0,113
21533,280,"ŞCOALA CU CLASELE I-IV POIANA NEGUSTORULUI","POIANA NEGUSTORULUI",BC,533,1,4,0,5,16,5,0,21,41,5,0,46,55,5,0,60,209,6,0,215,275,7,0,282
21579,281,"ŞCOALA GIMNAZIALĂ BOGDĂNEŞTI",BOGDĂNEŞTI,BC,926,3,0,0,3,7,0,0,7,11,0,0,11,36,2,0,38,91,7,0,98,109,10,0,119
21579,282,"ŞCOALA GIMNAZIALĂ BOGDĂNEŞTI",BOGDĂNEŞTI,BC,884,7,0,0,7,13,4,0,17,19,4,0,23,39,5,0,44,101,9,0,110,126,11,0,137
21588,283,"GRĂDINIŢA FILIPEŞTI",FILIPEŞTI,BC,511,2,0,0,2,7,2,0,9,11,3,0,14,26,5,0,31,70,10,0,80,86,14,0,100
21604,284,"PRIMĂRIA BRUSTUROASA",BRUSTUROASA,BC,1294,1,0,0,1,29,8,0,37,31,10,0,41,45,11,0,56,208,20,1,229,271,22,1,294
21631,285,"ŞCOALA PRIMARĂ CAMENCA",CAMENCA,BC,774,5,2,0,7,17,2,0,19,22,2,0,24,46,2,0,48,169,8,0,177,220,9,0,229
21604,286,"ŞCOALA PRIMARĂ CUCHINIŞ",BRUSTUROASA,BC,629,1,0,0,1,5,0,0,5,5,0,0,5,11,0,0,11,74,2,0,76,96,3,0,99
20705,287,"ŞCOALA GIMNAZIALĂ BUCIUMI",BUCIUMI,BC,1182,9,7,0,16,40,10,0,50,60,14,0,74,81,19,0,100,319,36,0,355,550,55,0,605
20732,288,"ŞCOALA GIMNAZIALĂ RĂCĂUŢI",RĂCĂUŢI,BC,1235,13,2,0,15,65,2,0,67,140,7,0,147,205,7,0,212,467,19,0,486,523,33,0,556
21677,289,"ŞCOALA CU CLASELE I-VIII BUHOCI",BUHOCI,BC,1421,12,0,0,12,27,2,0,29,29,4,0,33,44,7,0,51,121,22,0,143,146,26,0,172
21686,290,"SCOALA CU CLASELE I-VIII BIJGHIR",BIJGHIR,BC,1088,6,0,0,6,14,1,0,15,29,2,0,31,64,3,0,67,132,6,0,138,176,11,0,187
21686,291,"SCOALA CU CLASELE I-VIII BIJGHIR",BIJGHIR,BC,939,1,0,0,1,7,0,0,7,20,1,0,21,32,1,0,33,100,2,0,102,135,3,0,138
21702,292,"ŞCOALA CU CLASELE I-IV COTENI",COTENI,BC,623,0,1,0,1,4,1,0,5,7,1,0,8,13,1,0,14,58,5,0,63,63,5,0,68
21739,293,"ŞCOALA GIMNAZIALĂ N.PÂSLARU CAŞIN",CAŞIN,BC,1380,3,0,0,3,21,2,0,23,30,3,0,33,50,4,0,54,164,14,0,178,221,22,0,243
21739,294,"ŞCOALA GIMNAZIALĂ N.PÂSLARU CAŞIN",CAŞIN,BC,1252,1,0,0,1,10,0,0,10,17,0,0,17,33,0,0,33,90,0,0,90,134,0,0,134
21748,295,"GRĂDINIŢA CURIŢA",CURIŢA,BC,630,1,1,0,2,8,2,0,10,12,2,0,14,21,2,0,23,67,12,0,79,82,12,0,94
21766,296,"SCOALA GIMNAZIALA CAIUTI",CĂIUŢI,BC,1345,6,4,0,10,21,7,0,28,24,7,0,31,43,7,0,50,136,15,0,151,179,20,0,199
21828,297,"ŞCOALA POPENI",POPENI,BC,667,2,0,0,2,9,1,0,10,17,1,0,18,22,6,0,28,69,11,0,80,93,17,0,110
21775,298,"ŞCOALA BLIDARI",BLIDARI,BC,591,0,2,0,2,11,3,0,14,17,4,0,21,21,4,0,25,57,6,0,63,91,11,0,102
21837,299,"ŞCOALA PRALEA",PRALEA,BC,739,0,1,0,1,2,10,0,12,12,5,0,17,32,5,0,37,91,6,0,97,154,12,0,166
21784,300,"ŞCOALA BOIŞTEA",BOIŞTEA,BC,147,1,2,0,3,2,4,0,6,3,4,0,7,4,4,0,8,21,8,0,29,27,9,0,36
21800,301,"ŞCOALA HELTIU",HELTIU,BC,314,1,1,0,2,4,2,0,6,6,2,0,8,7,2,0,9,26,7,0,33,46,14,0,60
21846,302,"ŞCOALA VRÂNCENI",VRÎNCENI,BC,305,0,0,0,0,0,3,0,3,4,3,0,7,7,4,0,11,23,9,0,32,47,10,0,57
21819,303,"SCOALA PRIMARA MARCESTI",MĂRCEŞTI,BC,115,0,2,0,2,0,5,0,5,0,9,0,9,0,9,0,9,47,9,0,56,47,11,0,58
21864,304,"ŞCOALA NR.1 CLEJA",CLEJA,BC,771,10,3,0,13,19,8,0,27,23,11,0,34,27,14,0,41,34,22,0,56,47,32,0,79
21864,305,"SCOALA NR.1 CLEJA",CLEJA,BC,1527,22,2,0,24,34,3,0,37,46,3,0,49,58,6,0,64,76,9,0,85,111,10,0,121
21864,306,"ŞCOALA NR.2 CLEJA",CLEJA,BC,1449,3,0,0,3,11,0,0,11,19,0,0,19,55,1,0,56,102,1,0,103,161,6,0,167
21873,307,"ŞCOALA SOMUŞCA",SOMUŞCA,BC,1187,2,0,0,2,6,0,0,6,9,0,0,9,29,3,0,32,86,4,0,90,122,6,0,128
21882,308,"ŞCOALA VALEA MICĂ","VALEA MICĂ",BC,570,6,1,0,7,8,1,0,9,15,2,0,17,25,2,0,27,83,7,0,90,121,12,0,133
21908,309,"ŞCOALA GIMNAZIALĂ COLONEŞTI",COLONEŞTI,BC,1098,14,2,0,16,16,5,0,21,23,5,0,28,44,7,0,51,229,16,0,245,304,26,0,330
21944,310,"ŞCOALA GIMNAZIALĂ SPRIA",SPRIA,BC,273,4,0,0,4,9,0,0,9,9,4,0,13,11,5,0,16,73,13,0,86,107,19,0,126
21935,311,"ŞCOALA PRIMARĂ SATU NOU","SATU NOU",BC,272,5,2,0,7,13,2,0,15,13,2,0,15,15,2,0,17,73,5,0,78,101,6,0,107
21980,312,"CĂMIN CULTURAL CORBASCA",CORBASCA,BC,618,12,0,0,12,22,1,0,23,27,1,0,28,55,8,0,63,201,37,0,238,261,46,0,307
22031,313,"ŞCOALA CU CLASELE I -IV SCARISOARA",SCĂRIŞOARA,BC,640,5,1,0,6,7,4,0,11,16,5,0,21,26,5,0,31,102,11,0,113,190,20,0,210
22004,314,"ŞCOALA CU CLASELE I-VIII MARVILA",MARVILA,BC,474,3,1,0,4,10,2,0,12,13,2,0,15,19,2,0,21,55,9,0,64,82,12,0,94
22040,315,"ŞCOALA CU CLASELE.I-IV VÎLCELE",VÎLCELE,BC,494,5,0,0,5,5,0,0,5,10,0,0,10,14,1,0,15,53,3,0,56,124,6,0,130
21999,316,"ŞCOALA CU CLASELE.I-VIII BĂCIOIU",BĂCIOIU,BC,1541,11,0,0,11,61,1,0,62,83,1,0,84,85,3,0,88,141,14,0,155,257,21,0,278
22022,317,"ŞCOALA CU CLASELE .I-IV ROGOAZA",ROGOAZA,BC,260,8,1,0,9,12,2,0,14,18,2,0,20,21,2,0,23,54,11,0,65,72,14,0,86
22068,318,PRIMĂRIACOŢOFĂNEŞTI,COŢOFĂNEŞTI,BC,996,15,0,0,15,40,2,0,42,51,3,0,54,82,5,0,87,227,26,0,253,295,32,0,327
22095,319,"ŞCOALA CU CLASELE I-VIII BORŞANI",BORŞANI,BC,589,4,2,0,6,17,6,0,23,20,11,2,33,44,16,2,62,134,24,2,160,186,27,2,215
22077,320,"ŞCOALA CU CLASELE I-IV BÎLCA",BÎLCA,BC,593,9,2,0,11,31,5,0,36,44,7,0,51,62,7,0,69,154,19,0,173,198,26,0,224
22102,321,"ŞCOALA CU CLASELE I-IV TĂMĂSOAIA",TĂMĂŞOAIA,BC,369,6,3,0,9,67,6,0,73,73,7,0,80,87,8,0,95,139,11,0,150,173,14,0,187
22120,322,"ŞCOALA GENERALĂ CU CLASELE I-IV DĂMIENEŞTI",DĂMIENEŞTI,BC,454,4,1,0,5,6,1,0,7,9,2,0,11,31,5,0,36,100,21,0,121,118,29,0,147
22139,323,"ŞCOALA GENERALĂCU CLASELE I-VIII CĂLUGĂRENI",CĂLUGĂRENI,BC,793,6,0,0,6,19,2,0,21,26,2,0,28,41,2,0,43,144,11,0,155,171,13,0,184
22148,324,"ŞCOALA GENERALĂ CU CASELE I-IV DRĂGEŞTI",DRĂGEŞTI,BC,221,5,0,0,5,10,1,0,11,13,1,0,14,21,6,0,27,62,21,0,83,69,23,0,92
22246,325,"GRADINITA DEALU MORII","DEALU MORII",BC,901,4,0,0,4,15,2,0,17,21,3,0,24,52,8,0,60,213,39,23,275,300,53,23,376
22326,326,"ŞCOALA CU CLASELE I-IV CĂUIA",CĂUIA,BC,536,7,0,0,7,14,5,19,38,20,7,19,46,39,7,19,65,120,15,19,154,186,22,19,227
22362,327,"ŞCOALA CU CLASELE I-VIII NEGULEŞTI",NEGULEŞTI,BC,472,1,3,0,4,7,3,0,10,10,3,0,13,22,6,0,28,83,17,0,100,132,24,0,156
22371,328,"ŞCOALA TĂVĂDĂRĂŞTI",TĂVĂDĂREŞTI,BC,308,4,1,0,5,15,2,0,17,18,3,13,34,29,6,13,48,68,17,13,98,86,19,13,118
22399,329,"SCOALA SCARLAT LONGHINDOFTEANA",DOFTEANA,BC,1308,15,0,0,15,39,0,0,39,58,1,3,62,85,2,3,90,196,5,5,206,289,5,5,299
22399,330,"SCOALA SCARLAT LONGHIN DOFTEANA",DOFTEANA,BC,1286,5,4,0,9,30,7,0,37,42,8,5,55,60,10,5,75,146,13,5,164,206,18,5,229
22424,331,"ŞCOALA GENERALA CU CLASELE I-VIII HĂGHIAC",HĂGHIAC,BC,1245,5,0,0,5,24,3,0,27,40,4,11,55,67,4,11,82,200,6,11,217,285,8,11,304
22406,332,"ȘCOALA CU CLASELE I-IV BOGATA",BOGATA,BC,714,6,2,0,8,21,4,0,25,25,5,0,30,32,5,0,37,113,8,0,121,168,13,5,186
22415,333,"SCOALA GENERALA CU CLASELEI-VIII CUCUIETI",CUCUIEŢI,BC,915,13,0,0,13,22,3,0,25,25,3,0,28,48,3,0,51,151,4,6,161,185,4,6,195
22415,334,"SCOALA GENERALA CU CLASELEI-VIII CUCUIETI",CUCUIEŢI,BC,1035,4,3,0,7,21,3,0,24,30,3,0,33,56,4,0,60,144,5,7,156,233,6,7,246
22433,335,"ŞCOALA GENERALA CU CLASELE I-VIII LARGA",LARGA,BC,1050,15,0,0,15,45,2,0,47,73,2,0,75,122,2,0,124,314,12,0,326,408,15,20,443
22451,336,"ŞCOALA GENERALA CU CLASELE I-IV ŞTEFAN VODĂ","ŞTEFAN VODĂ",BC,939,11,1,0,12,26,2,0,28,42,6,3,51,59,6,3,68,171,6,3,180,239,10,3,252
22442,337,"ŞCOALA GENERALA CUCLASELE I-IV SEACA",SEACA,BC,377,8,3,0,11,13,3,0,16,18,4,0,22,24,4,0,28,80,5,3,88,106,5,3,114
22479,338,"ŞCOALA GIMNAZIALA NR.1 FARAOANI",FARAOANI,BC,1346,8,0,0,8,15,1,0,16,26,5,0,31,75,7,0,82,114,7,0,121,202,13,0,215
22479,339,"ŞCOALA GIMNAZIALA NR.1 FARAOANI",FARAOANI,BC,1154,15,0,0,15,28,0,0,28,34,0,0,34,40,1,0,41,106,3,0,109,194,6,0,200
22479,340,"ŞCOALA GIMNAZIALA NR.2 FARAOANI",FARAOANI,BC,1003,5,0,0,5,8,0,0,8,14,3,0,17,27,5,0,32,113,7,0,120,173,15,0,188
22479,341,"ŞCOALA GIMNAZIALA NR.2 FARAOANI",FARAOANI,BC,908,6,1,0,7,10,2,0,12,15,2,0,17,28,2,0,30,114,6,0,120,175,9,0,184
22497,342,"PRIMĂRIA FILIPENI",FILIPENI,BC,553,6,1,0,7,14,2,0,16,23,3,21,47,37,8,22,67,142,38,22,202,161,48,22,231
22530,343,"ŞCOALA CU CLASELE I-IV MĂRĂŞTI",MĂRĂŞTI,BC,584,7,0,0,7,18,3,0,21,22,6,0,28,29,7,0,36,98,25,19,142,159,41,19,219
22521,344,"ŞCOALA CU CLASELE I-IV FRUNTEŞTI",FRUNTEŞTI,BC,622,4,4,0,8,11,4,0,15,18,6,0,24,28,8,0,36,87,21,0,108,133,35,0,168
22585,345,"ŞCOALA FILIPEŞTI",FILIPEŞTI,BC,808,6,1,0,7,13,9,0,22,27,9,0,36,48,13,0,61,109,46,0,155,138,53,0,191
22638,346,"ŞCOALA GALBENI",GALBENI,BC,717,4,0,0,4,14,3,0,17,17,11,0,28,26,14,0,40,74,31,0,105,103,37,1,141
22601,347,"ŞCOALA CÎRLIGI",CÎRLIGI,BC,936,3,1,0,4,13,4,0,17,18,6,0,24,20,7,0,27,63,12,0,75,83,20,0,103
22656,348,"ŞCOALA ONIŞCANI",ONIŞCANI,BC,397,1,0,0,1,7,2,0,9,10,2,0,12,12,2,0,14,34,10,0,44,44,16,0,60
22594,349,"ŞCOALA BOANŢA",BOANŢA,BC,270,1,1,0,2,4,4,0,8,7,6,0,13,11,7,0,18,32,14,0,46,45,21,0,66
22647,350,"ŞCOALA HÎRLEŞTI",HÎRLEŞTI,BC,636,2,1,0,3,13,2,0,15,20,4,0,24,27,4,0,31,81,13,0,94,90,20,0,110
22674,351,"PRIMĂRIA GĂICEANA",GĂICEANA,BC,743,9,2,0,11,18,5,0,23,19,5,0,24,32,7,0,39,113,15,0,128,151,18,0,169
22683,352,"ŞCOALA ARINI",ARINI,BC,984,3,0,0,3,5,0,0,5,25,1,0,26,38,1,0,39,150,2,0,152,197,5,0,202
22692,353,"ŞCOALA HUŢU",HUŢU,BC,471,2,0,0,2,3,2,0,5,6,6,0,12,10,7,0,17,31,13,0,44,35,15,0,50
22727,354,"PRIMĂRIA FĂGET",FĂGET,BC,1100,0,0,0,0,11,0,0,11,15,1,0,16,19,1,0,20,73,9,0,82,113,13,0,126
22772,355,"ŞCOALA GENERALA CU CLASELE I-VIII TĂRHĂUŞI",TĂRHĂUŞI,BC,654,0,0,0,0,3,0,0,3,5,0,0,5,12,0,0,12,57,1,0,58,84,4,0,88
22754,356,"ŞCOALA GENERALA CU CLASELE I-VIII GHIMEŞ",GHIMEŞ,BC,874,1,0,0,1,4,0,0,4,6,1,0,7,9,1,0,10,49,7,0,56,92,15,0,107
22745,357,"ŞCOALA GENERALA CU CLASELE I-IV FĂGETUL DE SUS","FĂGETU DE SUS",BC,201,1,1,0,2,5,2,0,7,7,7,0,14,8,7,0,15,25,7,0,32,36,9,0,45
22736,358,"ŞCOALA GENERALA CU CLASELE I-VIII BOLOVĂNIŞ",BOLOVĂNIŞ,BC,742,3,1,0,4,6,1,0,7,8,4,0,12,9,6,0,15,50,7,0,57,83,12,1,96
22763,359,"ŞCOALA GENERALA CU CLASELE I-IV RĂCHITIŞ",RĂCHITIŞ,BC,184,0,0,0,0,3,0,0,3,5,0,0,5,11,1,0,12,61,10,0,71,67,14,0,81
25736,360,"ŞCOALA GENERALA CU CLASELE I-VIII ION STRAT GIOSENI",GIOSENI,BC,1080,2,2,0,4,12,2,0,14,15,2,0,17,38,2,0,40,118,3,0,121,146,6,0,152
25736,361,"ŞCOALA GENERALA CU CLASELE I-VIII ION STRAT GIOSENI",GIOSENI,BC,1041,4,1,0,5,9,4,0,13,11,5,0,16,33,5,0,38,95,11,0,106,131,13,0,144
25736,362,"SCOALA GENERALA CU CLASELEI-VIIIION STRAT GIOSENI",GIOSENI,BC,1043,4,1,0,5,11,1,0,12,16,1,0,17,36,1,0,37,82,4,0,86,110,5,0,115
22790,363,"ŞCOALA CU CL.I-VIII GÎRLENII DE SUS","GÎRLENII DE SUS",BC,1450,0,0,0,0,7,6,0,13,14,6,0,20,26,10,0,36,68,19,0,87,87,21,0,108
22807,364,"ŞCOALA CU CL.I-VIII GÎRLENI",GÎRLENI,BC,1041,5,0,0,5,15,3,0,18,17,3,0,20,23,5,0,28,71,16,0,87,91,21,0,112
22807,365,"ŞCOALA CU CL.I-VIII GÎRLENI",GÎRLENI,BC,950,5,0,0,5,13,0,0,13,15,0,0,15,23,0,0,23,76,8,0,84,102,8,0,110
22816,366,"ŞCOALA CU CL.I-VIII LESPEZI",LESPEZI,BC,1011,3,1,0,4,4,1,0,5,8,3,0,11,18,3,0,21,78,7,0,85,101,11,0,112
22816,367,"ŞCOALA CU CL.I-VIII LESPEZI",LESPEZI,BC,1214,4,0,0,4,7,0,0,7,13,0,0,13,36,0,0,36,87,0,0,87,119,0,0,119
22843,368,"CĂMINUL CULTURAL GLĂVĂNEŞTI",GLĂVĂNEŞTI,BC,1438,8,0,0,8,22,2,0,24,28,2,12,42,84,9,12,105,197,23,22,242,285,30,22,337
22852,369,"CĂMINUL CULTURAL FRUMUŞELU",FRUMUŞELU,BC,1054,2,0,0,2,6,0,0,6,12,1,0,13,37,3,0,40,140,31,0,171,214,46,0,260
22861,370,"SCOALA MUNCELU",MUNCELU,BC,195,1,0,0,1,3,1,0,4,5,1,0,6,10,1,0,11,30,7,0,37,43,10,0,53
20616,371,"PRIMĂRIA GURA VĂII","GURA VĂII",BC,1257,9,0,0,9,15,0,0,15,20,2,0,22,39,3,0,42,132,17,0,149,176,20,0,196
20616,372,"GRĂDINIŢA PĂTRĂŞCANI","GURA VĂII",BC,311,4,0,0,4,10,1,0,11,15,1,0,16,19,2,0,21,41,4,0,45,61,7,0,68
20643,373,"CASA PRAZNICALĂBISERICAORTODOXĂ SF.TREIME - MOTOCEŞTI",MOTOCEŞTI,BC,117,4,2,0,6,13,2,0,15,16,5,0,21,17,5,0,22,21,5,0,26,23,5,0,28
20661,374,"ŞCOALA TEMELIA",TEMELIA,BC,760,3,0,0,3,13,1,0,14,15,2,4,21,18,2,4,24,52,3,4,59,71,8,4,83
20652,375,"ŞCOALA PĂLTINATA",PĂLTINATA,BC,377,1,1,0,2,7,3,0,10,14,4,9,27,17,4,9,30,70,8,9,87,93,13,9,115
20634,376,"SCOALA GENERALA CU CLASELE I-VIIIDUMBRAVA",DUMBRAVA,BC,990,1,0,0,1,14,1,0,15,15,1,0,16,45,1,0,46,165,10,0,175,215,20,0,235
20625,377,"ŞCOALA CAPĂTA",CAPĂTA,BC,284,2,0,0,2,8,0,0,8,11,0,0,11,32,4,0,36,66,5,0,71,78,7,0,85
22905,378,"ŞCOALA GIMNAZIALĂ HELEGIU",HELEGIU,BC,960,3,0,0,3,8,2,0,10,11,2,0,13,21,3,0,24,87,14,0,101,127,19,0,146
22914,379,"ŞCOALA GIMNAZIALĂ BRĂTILA 2",BRĂTILA,BC,669,7,4,0,11,9,5,0,14,9,7,0,16,13,7,0,20,76,17,0,93,89,20,0,109
22914,380,"SCOALA CU CLASELE I-VIII BRATILA 1",BRĂTILA,BC,865,5,0,0,5,17,0,0,17,20,2,0,22,35,3,0,38,120,9,0,129,148,12,0,160
22923,381,"SCOALA GIMNAZIALA DELENI",DELENI,BC,1382,3,1,0,4,5,1,0,6,15,2,0,17,29,2,0,31,122,3,0,125,195,10,0,205
22932,382,"ŞCOALA GIMNAZIALĂ NR.1 DRĂGUGEŞTI",DRĂGUGEŞTI,BC,1245,2,0,0,2,7,0,0,7,11,1,0,12,24,1,0,25,114,9,0,123,170,14,0,184
22932,383,"ŞCOALA PRIMARĂ NR.2 DRĂGUGEŞTI",DRĂGUGEŞTI,BC,365,2,0,0,2,7,2,0,9,8,2,0,10,13,8,0,21,41,8,0,49,47,9,0,56
20322,384,"CĂMINUL CULTURAL HEMEIUŞ",HEMEIUŞ,BC,1435,10,2,0,12,46,5,0,51,57,8,0,65,69,10,0,79,175,23,0,198,228,30,0,258
20322,385,"ŞCOALA GENERALA GRIGORE TĂBĂCARU HEMEIUŞ",HEMEIUŞ,BC,799,8,1,0,9,30,1,0,31,38,2,0,40,59,4,0,63,123,23,1,147,152,38,1,191
20340,386,"SCOALA GENERALA ION SIMIONESCU, LILIECI",LILIECI,BC,1460,2,0,0,2,19,0,0,19,30,4,0,34,44,7,0,51,186,14,0,200,224,22,0,246
20340,387,"ŞCOALA GENERALA ION SIMIONESCU LILIECI",LILIECI,BC,1118,9,2,0,11,27,6,0,33,38,6,0,44,54,10,0,64,137,16,0,153,177,21,0,198
22950,388,"PRIMĂRIA HORGEŞTI",HORGEŞTI,BC,1393,4,0,0,4,25,2,0,27,33,2,0,35,89,6,0,95,227,13,0,240,274,17,0,291
23029,389,"ŞCOALA SOHODOR",SOHODOR,BC,963,4,0,0,4,28,2,0,30,42,5,0,47,48,8,0,56,160,10,0,170,251,11,0,262
23010,390,"ŞCOALA RECEA",RECEA,BC,659,11,2,0,13,17,5,0,22,21,7,0,28,38,7,0,45,176,23,0,199,222,33,4,259
22996,391,"ŞCOALA RĂCĂTĂU",RĂCĂTĂU-RĂZEŞI,BC,895,6,4,0,10,14,4,0,18,14,4,0,18,18,4,0,22,133,18,0,151,168,20,1,189
23056,392,"PRIMĂRIA HURUIEŞTI",HURUIEŞTI,BC,586,9,3,0,12,15,5,0,20,22,9,0,31,40,10,0,50,98,17,0,115,131,20,0,151
23109,393,"FOSTUL LOCAL AL ŞCOLII PERCHIU",PERCHIU,BC,126,1,2,0,3,3,3,0,6,6,3,0,9,8,3,0,11,19,6,0,25,23,6,0,29
23118,394,"FOSTUL LOCAL AL ŞCOLII PRADAIŞ",PRĂDAIŞ,BC,261,6,5,0,11,13,6,0,19,16,7,0,23,21,8,0,29,70,14,0,84,86,20,0,106
23065,395,"FOSTUL LOCAL AL ŞCOLII CAPOTEŞTI",CĂPOTEŞTI,BC,173,2,6,0,8,5,11,0,16,8,11,0,19,15,13,0,28,65,22,0,87,77,30,0,107
23092,396,"LOCALUL ŞCOLII OCHENI",OCHENI,BC,294,1,1,0,2,4,1,0,5,8,1,0,9,13,1,0,14,42,8,0,50,64,12,0,76
23074,397,"FOSTUL LOCAL AL ŞCOLII FLOREŞTI",FLOREŞTI,BC,136,1,1,0,2,4,1,0,5,6,2,0,8,10,2,0,12,22,7,0,29,28,8,0,36
23083,398,"LOCALUL ŞCOLII FUNDOAIA",FUNDOAIA,BC,333,0,0,0,0,5,0,0,5,10,4,0,14,18,6,0,24,123,18,0,141,156,21,0,177
21310,399,"ŞCOALA CL.I-VIII ITEŞTI",ITEŞTI,BC,698,4,1,0,5,13,4,0,17,14,5,0,19,22,5,0,27,76,17,0,93,111,20,0,131
21294,400,"ŞCOALA DUMBRAVA",DUMBRAVA,BC,364,3,2,0,5,5,4,0,9,9,4,0,13,15,5,0,20,50,19,0,69,73,26,0,99
21276,401,"CĂMINUL CULTURAL CIUMAŞI",CIUMAŞI,BC,146,3,4,0,7,6,6,0,12,8,6,0,14,11,11,0,22,26,21,0,47,28,27,0,55
23136,402,"ŞCOALA CONSTANTIN MOSCUIZV.BERHECIULUI","IZVORU BERHECIULUI",BC,650,2,0,0,2,10,1,0,11,13,1,0,14,22,1,0,23,76,5,0,81,99,12,0,111
23145,403,"ŞCOALA GENERALĂ ANTOHEŞTI",ANTOHEŞTI,BC,309,0,1,0,1,4,2,0,6,11,2,0,13,12,4,0,16,43,12,0,55,60,14,0,74
23172,404,"ŞCOALA GENERALĂ OBÎRŞIA",OBÎRŞIA,BC,322,6,3,0,9,10,3,0,13,12,3,0,15,20,4,0,24,69,17,0,86,91,20,0,111
20368,405,"ŞCOALA COORDONATOARE LETEA VECHE","LETEA VECHE",BC,1406,13,0,0,13,36,0,0,36,45,6,0,51,74,9,0,83,223,32,0,255,264,41,0,305
20368,406,"SCOALA COORDONATOARE LETEA VECHE","LETEA VECHE",BC,1568,16,0,0,16,55,0,0,55,79,0,0,79,89,3,0,92,227,20,0,247,288,28,0,316
20377,407,"ŞCOALA HOLT",HOLT,BC,1449,8,6,0,14,25,7,0,32,42,9,0,51,93,14,0,107,270,36,0,306,371,45,0,416
20386,408,"ŞCOALA RADOMIREŞTI",RADOMIREŞTI,BC,335,2,0,0,2,4,0,0,4,7,3,0,10,16,3,0,19,37,8,0,45,60,10,0,70
20395,409,"ŞCOALA RUŞI CIUTEA",RUŞI-CIUTEA,BC,584,0,2,0,2,20,3,0,23,36,7,0,43,57,13,0,70,147,38,0,185,207,59,0,266
20402,410,"ŞCOALA SIRETU",SIRETU,BC,455,3,0,0,3,6,1,0,7,15,5,0,20,31,9,0,40,86,21,0,107,116,26,0,142
23216,411,"ŞCOALA CU CLASELE I-VIII M.EMINESCU LIPOVA",LIPOVA,BC,513,8,3,0,11,15,3,0,18,15,9,2,26,30,13,2,45,139,29,2,170,170,32,2,204
23252,412,"ŞCOALA CU CLASELE I-IV VALEA HOGEI","VALEA HOGEI",BC,226,3,0,0,3,11,1,0,12,14,3,0,17,19,4,0,23,58,20,0,78,77,20,0,97
23234,413,"ŞCOALA CU CLASELE I-VIII SATU NOU","SATU NOU",BC,388,6,0,0,6,10,0,0,10,16,0,0,16,20,0,0,20,99,6,0,105,114,7,0,121
23243,414,"ŞCOALA CU CLASELE I-IV VALEA CASELOR","VALEA CASELOR",BC,370,20,1,0,21,63,3,0,66,111,10,0,121,125,12,0,137,157,17,4,178,173,17,4,194
23225,415,"ŞCOALA CU CLASELE I-VIII MÎLOSU",MÎLOSU,BC,747,7,1,0,8,12,3,0,15,17,3,0,20,30,3,0,33,124,5,0,129,158,8,0,166
23298,416,"ŞCOALA GIMNAZIALĂ NR.1 LIVEZI",LIVEZI,BC,778,1,0,0,1,7,2,0,9,11,2,0,13,20,5,0,25,85,7,0,92,117,10,0,127
23314,417,"ŞCOALA PRIMARĂ ORĂŞA",ORĂŞA,BC,706,5,0,0,5,10,0,0,10,13,0,0,13,26,1,0,27,106,8,0,114,141,12,0,153
23332,418,"ŞCOALA PRIMARĂ PRĂJOAIA",PRAJOAIA,BC,784,1,0,0,1,3,0,0,3,7,0,0,7,19,0,0,19,101,0,0,101,154,0,0,154
23341,419,"ŞCOALA PRIMARĂ SCĂRIGA",SCĂRIGA,BC,450,0,1,0,1,4,1,0,5,7,3,0,10,12,4,0,16,61,6,0,67,86,8,0,94
23323,420,"ŞCOALA GIMNAZIALĂ POIANA",POIANA,BC,742,4,0,0,4,9,6,0,15,15,8,0,23,26,12,0,38,100,20,0,120,120,22,0,142
23305,421,"ŞCOALA PRIMARĂ BĂLĂNEASA",BĂLĂNEASA,BC,922,0,0,0,0,3,0,0,3,9,0,0,9,14,1,0,15,76,8,0,84,108,9,0,117
23369,422,"ŞCOALA CU CLASELE I-VIII LUIZI CĂLUGĂRA",LUIZI-CĂLUGĂRA,BC,1242,6,1,0,7,18,5,0,23,26,5,0,31,63,9,0,72,173,14,0,187,244,16,0,260
23369,423,"ŞCOALA CU CLASELEI-VIII LUIZI CĂLUGĂRA",LUIZI-CĂLUGĂRA,BC,1227,3,0,0,3,9,0,0,9,16,0,0,16,45,0,0,45,151,8,0,159,220,26,0,246
23378,424,"ŞCOALA CU CLASELE I-VIII OSEBIŢI",OSEBIŢI,BC,878,5,0,0,5,9,0,0,9,11,0,0,11,23,0,0,23,134,0,0,134,167,0,0,167
23378,425,"ŞCOALA CU CLASELE I-VIII OSEBIŢI",OSEBIŢI,BC,892,4,0,0,4,10,1,0,11,14,1,0,15,22,1,0,23,143,5,0,148,186,10,0,196
23396,426,"CAMINUL CULTURAL MAGIRESTI",MĂGIREŞTI,BC,1494,14,0,0,14,40,0,1,41,55,1,1,57,105,2,1,108,372,9,1,382,447,13,1,461
23412,427,"ŞCOALA CU CLASELE.I-IV STĂNEŞTI (CORP NOU)",STĂNEŞTI,BC,505,3,0,0,3,9,0,0,9,14,1,0,15,27,1,0,28,116,6,0,122,171,11,0,182
23430,428,"ŞCOALA CU CLASELE I-VIII VALEA ARINILOR","VALEA ARINILOR",BC,993,5,4,0,9,16,6,0,22,25,8,0,33,49,10,0,59,214,14,0,228,273,15,0,288
23403,429,"SCOALA CU CLASELEI-IV PRAJESTII",PRĂJEŞTI,BC,506,10,3,0,13,22,6,0,28,25,8,0,33,36,12,0,48,138,18,0,156,175,20,0,195
20420,430,"ŞCOALA NR.2 MĂGURA-SALA 1",MĂGURA,BC,902,6,0,0,6,19,1,0,20,22,2,0,24,43,2,0,45,125,20,0,145,157,22,1,180
20420,431,"SCOALA NR.2 SAT MAGURA - SALA 2",MĂGURA,BC,602,3,2,0,5,19,2,0,21,27,4,0,31,44,5,0,49,106,12,0,118,127,17,0,144
20420,432,"ŞCOALA GENERALA NR.1 EMIL BRĂIESCU MĂGURA",MĂGURA,BC,1735,8,0,0,8,24,2,0,26,41,4,0,45,60,5,0,65,138,23,0,161,188,39,0,227
20439,433,"ŞCOALA GENERALĂ CRIHAN",CRIHAN,BC,1086,2,0,0,2,5,1,0,6,7,6,0,13,7,6,0,13,73,21,0,94,111,24,0,135
23458,434,"CĂMINUL CULTURAL SATUL MĂNĂSTIREA CAŞIN","MĂNĂSTIREA CAŞIN",BC,1586,8,2,0,10,25,5,0,30,35,11,0,46,77,13,0,90,234,18,0,252,319,21,0,340
23476,435,"CĂMINUL CULTURAL SATUL MĂNĂSTIREA CAŞIN",PÎRVULEŞTI,BC,612,1,0,0,1,2,0,0,2,2,0,0,2,10,0,0,10,58,0,0,58,73,0,0,73
23485,436,"ŞCOALA GENERALA.NR.2 MĂNĂSTIREA CAŞIN",SCUTARU,BC,1646,10,0,0,10,25,3,0,28,35,3,0,38,57,3,0,60,227,13,0,240,356,17,0,373
23467,437,"ŞCOALA LUPEŞTI",LUPEŞTI,BC,629,8,2,0,10,12,2,0,14,13,3,0,16,31,6,0,37,73,15,0,88,100,16,0,116
20475,438,"ŞCOALA CU CLASELE I-VIII MĂRGINENI",MĂRGINENI,BC,1171,6,0,0,6,20,2,0,22,27,4,0,31,51,5,0,56,130,15,0,145,153,22,0,175
20475,439,"ŞCOALA CU CLASELE I-VIII MĂRGINENI",MĂRGINENI,BC,1207,6,3,0,9,15,3,0,18,20,3,0,23,44,5,0,49,127,6,0,133,153,11,0,164
20475,440,"ŞCOALA CU CLASELE I-VIII MĂRGINENI",MĂRGINENI,BC,1094,9,0,0,9,21,0,0,21,28,0,0,28,66,3,0,69,140,5,0,145,167,6,0,173
20484,441,"ŞCOALA CU CLASELE I-VIII BARAŢI",BARAŢI,BC,1719,13,2,0,15,33,9,0,42,48,12,0,60,81,12,0,93,236,28,0,264,334,37,0,371
20536,442,"ŞCOALA CU CLASELE I-VIII TREBEŞ",TREBEŞ,BC,714,3,0,0,3,12,0,0,12,18,0,0,18,34,0,0,34,98,4,0,102,133,7,0,140
20545,443,"ŞCOALA CU CLASELEI - IV VALEA BUDULUI","VALEA BUDULUI",BC,410,3,2,0,5,12,3,0,15,21,3,0,24,29,3,0,32,87,9,0,96,92,11,0,103
20509,444,"ŞCOALA CU CLASELE I - IV PĂDURENI",PĂDURENI,BC,313,2,3,0,5,5,3,0,8,10,4,0,14,12,4,0,16,54,5,0,59,62,5,0,67
20493,445,"ŞCOALA CU CLASELE I-VIII LUNCANI",LUNCANI,BC,1024,1,0,0,1,15,5,0,20,19,6,0,25,29,6,0,35,78,34,0,112,96,49,0,145
20518,446,"ŞCOALA CU CLASELE I - IV PODIȘ",PODIŞ,BC,535,5,1,0,6,6,6,0,12,11,9,0,20,21,12,0,33,60,48,0,108,83,66,0,149
23500,447,"PRIMĂRIA MOTOŞENI",MOTOŞENI,BC,851,4,1,0,5,17,7,0,24,20,8,0,28,40,9,0,49,219,38,0,257,276,43,0,319
23635,448,"ŞCOALA SATUL ŢEPOAIA",ŢEPOAIA,BC,436,0,0,0,0,5,0,0,5,9,0,0,9,14,0,0,14,86,7,0,93,113,12,0,125
23546,449,"ŞCOALA SATUL COCIU",COCIU,BC,253,2,0,0,2,5,2,0,7,5,2,0,7,16,4,0,20,74,13,0,87,93,17,0,110
23591,450,"ŞCOALA SATUL POIANA",POIANA,BC,270,8,0,0,8,13,2,0,15,17,5,0,22,34,5,0,39,102,36,0,138,131,49,0,180
23564,451,"ŞCOALA SATUL FÎNTÎNELE",FÎNTÎNELE,BC,545,3,2,0,5,7,3,0,10,10,4,0,14,15,7,0,22,113,33,0,146,172,39,0,211
23626,452,"ŞCOALA SATUL ŞENDREŞTI",ŞENDREŞTI,BC,303,4,0,0,4,10,0,0,10,17,4,0,21,29,11,0,40,93,23,0,116,123,34,0,157
23653,453,"ŞCOALA COSTACHE NEGRI SATUL NEGRI",NEGRI,BC,1081,5,0,0,5,15,4,0,19,32,8,0,40,53,12,0,65,138,20,0,158,184,33,0,217
23699,454,"ŞCOALA ION IONESCU DE LA BRADSATUL POIANA-NEGRI",POIANA,BC,1191,8,0,0,8,28,0,0,28,49,1,0,50,76,5,0,81,157,20,0,177,228,24,0,252
23724,455,"SCOALA NICOLAE BALCESCU","NICOLAE BĂLCESCU",BC,1207,4,0,0,4,11,0,0,11,16,0,0,16,32,3,0,35,112,6,0,118,171,10,0,181
23724,456,"SCOALA NICOLAE BALCESCU","NICOLAE BĂLCESCU",BC,1517,2,0,0,2,8,0,0,8,10,0,0,10,23,0,0,23,124,0,0,124,191,9,0,200
23724,457,"SCOALA NICOLAE BALCESCU","NICOLAE BĂLCESCU",BC,1566,3,0,0,3,9,0,0,9,10,1,0,11,25,1,0,26,133,10,0,143,202,12,0,214
23751,458,"ŞCOALA SATUL GALBENI",GALBENI,BC,1201,5,2,0,7,14,3,0,17,24,6,0,30,47,6,0,53,190,18,0,208,272,20,0,292
23788,459,"GRADINITA NR.1 VALEA SEACA","VALEA SEACĂ",BC,800,3,0,0,3,8,0,0,8,8,0,0,8,18,2,0,20,58,15,0,73,74,20,0,94
23788,460,"GRADINITA NR.1 VALEA SEACA","VALEA SEACĂ",BC,984,2,0,0,2,6,0,0,6,9,0,0,9,13,0,0,13,69,0,0,69,95,0,0,95
23788,461,"GRADINITA NR.1 VALEA SEACA","VALEA SEACĂ",BC,686,2,0,0,2,7,1,0,8,12,1,0,13,24,1,0,25,77,11,0,88,99,17,0,116
23760,462,"ŞCOALA SATUL LĂRGUŢA",LĂRGUŢA,BC,180,0,0,0,0,6,3,0,9,9,3,0,12,12,3,0,15,59,3,0,62,63,3,0,66
25442,463,"ŞCOALA CU CLASELE I-IV ODOBEŞTI",ODOBEŞTI,BC,379,7,5,0,12,15,6,0,21,18,8,0,26,23,9,0,32,85,35,0,120,115,39,0,154
25451,464,"ŞCOALA CU CLASELE I-VIII TISA SILVESTRI",TISA-SILVESTRI,BC,879,13,4,0,17,45,10,0,55,67,17,0,84,101,18,0,119,268,35,16,319,331,51,16,398
25415,465,"ŞCOALA CU CLASELE I-VIII CIUTUREŞTI",CIUTUREŞTI,BC,653,5,2,0,7,11,4,0,15,14,5,0,19,32,10,0,42,149,29,0,178,201,35,0,236
23804,466,"SCOALA GIMNAZIALA, COMUNA OITUZ",OITUZ,BC,520,9,0,0,9,14,2,0,16,27,3,0,30,34,4,0,38,66,7,0,73,85,13,0,98
23804,467,"SCOALA GIMNAZIALA NR. 1 OITUZ",OITUZ,BC,1371,3,0,0,3,17,1,0,18,23,1,0,24,65,2,0,67,139,6,0,145,188,11,0,199
23804,468,"GRADINITA NR. 1 OITUZ",OITUZ,BC,1510,3,0,0,3,11,0,0,11,16,1,0,17,33,1,0,34,101,6,0,107,135,10,0,145
23804,469,"GRADINITA NR. 2 OITUZ",OITUZ,BC,927,0,0,0,0,3,3,0,6,15,4,0,19,36,4,0,40,93,13,0,106,116,19,0,135
23804,470,"GRADINITA NR.3 OITUZ",OITUZ,BC,1048,3,0,0,3,10,0,0,10,17,0,0,17,33,1,0,34,104,1,0,105,143,5,0,148
23840,471,"GRĂDINIŢA MARGINEA",MARGINEA,BC,608,3,0,0,3,11,0,0,11,15,0,0,15,27,0,0,27,85,1,0,86,120,4,0,124
23813,472,"GRĂDINIŢA CĂLCÂI",CĂLCÎI,BC,385,4,0,0,4,7,0,0,7,10,0,0,10,17,0,0,17,40,1,0,41,57,6,0,63
23822,473,"ŞCOALA GIMNAZIALA FERESTRAU",FERESTRĂU-OITUZ,BC,880,5,0,0,5,11,2,0,13,13,2,0,15,22,2,0,24,84,13,0,97,117,16,0,133
23831,474,"AŞEZĂMÂNT FILANTROPIC ""SFÂNTUL VOIEVOD ŞTEFAN CEL MARE"" HÎRJA",HÎRJA,BC,260,6,9,0,15,25,39,0,64,28,44,17,89,46,47,17,110,67,70,17,154,69,79,17,165
23859,475,"SCOALA POIANA-SĂRATĂ","POIANA SĂRATĂ",BC,220,4,0,0,4,16,4,0,20,16,6,0,22,26,7,0,33,46,19,0,65,49,20,0,69
23877,476,"CĂMINUL CULTURAL SATUL ONCEŞTI",ONCEŞTI,BC,758,5,1,0,6,8,4,0,12,13,6,0,19,74,11,0,85,139,27,0,166,166,34,0,200
23920,477,"SALA DE FESTIVITĂŢI SATUL TARNIŢA",TARNIŢA,BC,528,8,0,0,8,16,2,0,18,20,6,0,26,24,7,0,31,106,16,0,122,167,19,0,186
23957,478,"ŞCOALA CU CLASELE I-VIII SATUL ORBENI",ORBENI,BC,925,10,2,0,12,26,3,0,29,36,5,0,41,56,11,0,67,150,29,13,192,190,37,13,240
23957,479,"ŞCOALA PRIMARĂ NR.2 SATUL ORBENI",ORBENI,BC,678,8,2,0,10,16,3,0,19,17,5,0,22,34,6,0,40,88,12,9,109,157,16,9,182
23966,480,"ŞCOALA GIMNAZIALA NR. 1 SATUL SCURTA",SCURTA,BC,1397,4,1,0,5,16,9,0,25,22,14,0,36,35,14,0,49,249,31,3,283,303,36,3,342
23984,481,"PRIMĂRIA PALANCA",PALANCA,BC,1274,8,1,0,9,34,4,0,38,46,6,0,52,72,11,0,83,225,32,0,257,275,43,1,319
24007,482,"CĂMINUL CULTURAL SATUL CIUGHEŞ",CIUGHEŞ,BC,1481,16,0,0,16,31,2,0,33,38,2,0,40,47,3,0,50,222,18,0,240,314,19,0,333
23993,483,"ŞCOALA SATUL CĂDĂRĂŞTI",CĂDĂREŞTI,BC,90,3,1,0,4,4,1,0,5,4,1,0,5,7,1,0,8,12,2,0,14,12,3,0,15
24043,484,"PRIMARIA COMUNEI PARAVA (SALA DE FESTIVITATI)",PARAVA,BC,731,6,0,0,6,9,1,0,10,10,1,2,13,25,5,2,32,90,23,2,115,128,25,2,155
24052,485,"ŞCOALA GIMNAZIALĂ SATUL DRĂGUŞANI",DRĂGUŞANI,BC,703,0,0,0,0,2,2,0,4,8,4,0,12,15,11,0,26,50,21,0,71,90,32,0,122
24061,486,"ŞCOALA GIMNAZIALĂ SATUL RĂDOAIA",RĂDOAIA,BC,960,5,2,0,7,46,4,1,51,64,6,1,71,67,6,1,74,96,9,1,106,145,9,1,155
24070,487,"ŞCOALA PRIMARĂ SATUL TEIUŞ",TEIUŞ,BC,210,2,1,0,3,3,1,0,4,7,3,0,10,8,3,0,11,59,7,0,66,74,12,0,86
24098,488,"LICEUL TEHNOLOGIC ""G.J.CANCICOV"" PARINCEA",PARINCEA,BC,749,7,1,0,8,33,5,0,38,36,6,0,42,50,6,0,56,128,13,0,141,156,18,0,174
23038,489,"ŞCOALA VĂLENI",VĂLENI,BC,450,0,0,0,0,6,0,0,6,8,0,0,8,9,0,0,9,52,8,0,60,76,11,0,87
24178,490,"ŞCOALA VLADNIC",VLADNIC,BC,693,6,3,0,9,12,5,0,17,17,7,0,24,28,9,0,37,144,20,0,164,212,28,0,240
24132,491,"ŞCOALA NĂNEŞTI",NĂNEŞTI,BC,592,1,2,0,3,7,2,0,9,11,4,0,15,22,6,0,28,72,13,0,85,109,15,0,124
24150,492,"ŞCOALA POIENI",POIENI,BC,237,2,0,0,2,3,5,0,8,9,8,0,17,11,8,0,19,28,13,0,41,35,14,0,49
24179,493,"ŞCOALAMILEŞTII DE JOS","MILEŞTII DE JOS",BC,227,4,1,0,5,7,1,0,8,11,2,0,13,19,2,0,21,68,6,0,74,93,12,0,105
24347,494,"ŞCOALA SATUL PÎRJOL",PÂRJOL,BC,727,12,7,0,19,20,9,0,29,24,10,23,57,50,19,23,92,157,33,23,213,181,41,23,245
24418,495,"ŞCOALA SATUL TARIŢA",TĂRÎŢA,BC,842,1,0,0,1,8,4,0,12,17,4,0,21,18,4,0,22,85,12,0,97,138,20,0,158
24356,496,"ŞCOALA SATUL BĂHNĂŞENI",BĂHNĂŞENI,BC,708,5,3,0,8,14,3,0,17,17,3,0,20,31,3,0,34,162,19,0,181,201,25,0,226
24365,497,"ŞCOALA SATUL BĂRNEŞTI",BĂRNEŞTI,BC,189,4,2,0,6,7,5,0,12,11,6,0,17,12,6,0,18,51,9,1,61,60,9,1,70
24374,498,"ŞCOALA SATUL BĂSEŞTI",BĂSĂŞTI,BC,517,2,0,0,2,10,1,0,11,21,2,0,23,42,7,0,49,124,18,0,142,145,22,0,167
24392,499,"ŞCOALA SATUL HĂINEALA",HÂINEALA,BC,225,2,2,0,4,2,3,0,5,7,4,0,11,8,9,0,17,34,17,0,51,40,17,0,57
24383,500,"ŞCOALA SATUL CÎMPENI",CÎMPENI,BC,511,6,0,0,6,13,0,14,27,25,0,14,39,47,1,14,62,126,5,14,145,148,6,14,168
24409,501,"GRĂDINIŢA PUSTIANA",PUSTIANA,BC,687,6,0,0,6,13,2,0,15,16,7,0,23,39,8,0,47,77,11,0,88,99,11,0,110
24409,502,"ŞCOALA CU CLASELE .I-VIII PUSTIANA",PUSTIANA,BC,893,2,1,0,3,9,3,0,12,13,5,0,18,23,5,0,28,101,11,0,112,131,16,0,147
24196,503,"ŞCOALA NR.1 PÎNCEŞTI",PÎNCEŞTI,BC,1169,5,4,0,9,41,8,0,49,52,12,0,64,72,14,0,86,176,37,0,213,299,50,0,349
24212,504,"ŞCOALA SATUL DIENEŢ",DIENEŢ,BC,540,7,0,0,7,7,0,0,7,10,2,0,12,20,3,0,23,64,13,0,77,86,17,0,103
24258,505,"ŞCOALA GENERALĂ SATUL PETREŞTI",PETREŞTI,BC,661,6,4,0,10,22,7,0,29,31,8,0,39,37,13,0,50,108,23,0,131,196,33,0,229
24267,506,"ŞCOALA GENERALĂ SATUL SOCI",SOCI,BC,639,2,3,0,5,14,4,0,18,18,4,0,22,26,4,0,30,90,10,0,100,130,13,0,143
24221,507,"ŞCOALA GENERALĂ SATUL FULGERIŞ",FULGERIŞ,BC,401,1,6,0,7,13,6,0,19,17,7,0,24,23,8,0,31,114,16,0,130,134,19,0,153
24310,508,"GRĂDINIŢA CU PROGRAM NORMAL SATUL PÎRÎU BOGHII","PÎRÎU BOGHII",BC,370,5,3,0,8,12,4,0,16,13,4,0,17,33,4,0,37,85,5,0,90,93,7,0,100
24285,509,"ŞCOALA GIMNAZIALĂDUMITRU MĂRTINAŞ SATUL PÎRGĂREŞTI",PÎRGĂREŞTI,BC,828,0,0,0,0,6,0,0,6,10,0,0,10,12,0,0,12,61,6,0,67,88,15,0,103
24329,510,"ŞCOALA GIMNAZIALĂ VASILE GH.RADU SATUL SATU NOU","SATU NOU",BC,1360,3,1,0,4,6,1,0,7,10,3,0,13,11,4,0,15,120,9,0,129,153,11,0,164
24301,511,"ŞCOALA GIMNAZIALĂ CONSTANTIN MUŞAT SATUL NICOREŞTI",NICOREŞTI,BC,828,4,0,0,4,6,2,0,8,6,2,0,8,21,5,0,26,133,5,0,138,145,6,0,151
24294,512,"GRĂDINIŢA CU PROGRAM NORMAL BAHNA",BAHNA,BC,482,2,0,0,2,10,0,0,10,12,1,0,13,20,1,0,21,65,3,0,68,80,5,0,85
24436,513,"PRIMĂRIA PLOPANA",PLOPANA,BC,766,6,0,0,6,18,1,0,19,25,2,0,27,40,3,0,43,189,24,0,213,253,36,16,305
24463,514,"ŞCOALA CU CLASELE I-IV SATUL FUNDU TUTOVEI","FUNDU TUTOVEI",BC,468,4,2,0,6,24,7,0,31,32,9,0,41,41,14,0,55,114,21,0,135,139,25,0,164
24472,515,"ŞCOALA CU CLASELE I-IV SATUL IŢCANI",IŢCANI,BC,618,5,0,0,5,10,3,0,13,17,3,0,20,24,3,0,27,150,15,0,165,191,20,2,213
24481,516,"ŞCOALA CU CLASELE I-VIII SATUL RUSENII-RĂZEŞI","RUSENII RĂZEŞI",BC,318,1,0,0,1,4,3,0,7,5,5,0,10,8,5,0,13,57,13,1,71,88,16,1,105
24506,517,"ŞCOALA CU CLASELE I-IV SATUL STRĂMINOASA",STRĂMINOASA,BC,341,4,3,0,7,8,5,0,13,10,7,0,17,21,7,0,28,82,17,0,99,139,24,0,163
24533,518,"CĂMINUL CULTURAL PODU TURCULUI","PODU TURCULUI",BC,1828,20,3,0,23,51,7,0,58,70,10,0,80,118,12,0,130,258,35,10,303,431,51,10,492
24533,519,"ȘCOALA GENERALĂ NR. 3 PODU TURCULUI","PODU TURCULUI",BC,524,28,0,0,28,91,1,0,92,97,1,0,98,108,3,0,111,200,5,8,213,253,7,8,268
24551,520,"CĂMINUL CULTURAL SATUL CĂBEŞTI",CĂBEŞTI,BC,746,5,2,0,7,20,5,0,25,23,7,0,30,32,10,0,42,120,36,0,156,149,38,0,187
24597,521,"ŞCOALA GENERALĂ SATUL LEHANCEA",LEHANCEA,BC,530,5,2,0,7,17,6,0,23,17,6,0,23,21,6,0,27,83,12,0,95,142,17,0,159
24622,522,"ŞCOALA GENERALĂ SATUL SÎRBI",SÎRBI,BC,373,8,0,0,8,18,0,0,18,24,0,0,24,56,2,0,58,117,5,0,122,163,7,0,170
24640,523,"ŞCOALA SATUL PODURI",PODURI,BC,1200,14,3,1,18,27,4,1,32,37,8,1,46,54,9,1,64,301,25,1,327,393,27,1,421
24640,524,"ŞCOALA SATUL PODURI",PODURI,BC,1011,14,3,0,17,28,6,0,34,36,8,0,44,49,8,0,57,265,16,3,284,332,19,3,354
24702,525,"ŞCOALA SATUL VALEA ŞOSII","VALEA ŞOŞII",BC,962,11,0,0,11,24,1,0,25,33,1,7,41,38,1,7,46,250,8,9,267,335,14,11,360
24695,526,"ŞCOALA SATUL PROHOZEŞTI",PROHOZEŞTI,BC,802,13,0,0,13,30,3,0,33,39,3,0,42,62,4,0,66,202,11,3,216,238,14,3,255
24659,527,"ŞCOALA SATUL BUCŞEŞTI",BUCŞEŞTI,BC,1333,11,2,0,13,27,3,0,30,40,4,0,44,58,7,0,65,259,14,0,273,337,16,0,353
24668,528,"ŞCOALA SATUL CERNU",CERNU,BC,1193,8,0,0,8,24,3,0,27,31,8,0,39,41,8,0,49,217,20,0,237,288,25,3,316
25914,529,"SCOALA GIMNAZIALA GHEORGHE AVRAMESCU PRAJESTI-SALA DE SPORT",PRĂJEŞTI,BC,986,1,0,0,1,11,1,0,12,24,3,0,27,30,5,0,35,125,20,0,145,188,26,0,214
25914,530,"SCOALA GIMNAZIALA GHEORGHE AVRAMESCU PRĂJEŞTI - SALA CANCELARIEI",PRĂJEŞTI,BC,940,2,0,0,2,13,0,0,13,20,2,0,22,24,4,0,28,95,27,0,122,143,28,0,171
24720,531,"ŞCOALA NR.1 IOAN BORCEA RACOVA",RACOVA,BC,1300,8,0,0,8,23,3,0,26,36,8,0,44,57,8,0,65,164,19,0,183,214,24,0,238
24720,532,"ŞCOALA NR.2 RACOVA-ŞES",RACOVA,BC,605,3,0,0,3,14,1,0,15,18,3,0,21,34,3,0,37,99,10,0,109,119,12,0,131
24739,533,"ŞCOALA SATUL GURA VĂII","GURA VĂII",BC,1039,1,0,0,1,8,3,0,11,19,4,0,23,27,4,0,31,132,17,0,149,164,21,0,185
24775,534,"CASA DE CULTURĂ NICOLAE STROE SATUL RĂCĂCIUNI",RĂCĂCIUNI,BC,1542,8,0,0,8,22,2,0,24,29,5,0,34,53,6,0,59,175,15,0,190,246,20,4,270
24775,535,"GRĂDINIŢA NR.2 SATUL RĂCĂCIUNI",RĂCĂCIUNI,BC,1323,7,2,0,9,18,3,0,21,34,3,0,37,78,8,0,86,167,12,0,179,212,18,4,234
24800,536,"ŞCOALA CU CLASELE I-VIII SATUL GHEORGHE DOJA","GHEORGHE DOJA",BC,932,1,0,0,1,7,1,0,8,9,2,0,11,26,3,0,29,69,5,0,74,105,12,0,117
24819,537,"ŞCOALA CU CLASELE I-VIII SATUL GÎŞTENI",GÎŞTENI,BC,745,2,16,0,18,10,73,0,83,11,74,19,104,26,75,19,120,105,90,19,214,134,90,19,243
24793,538,"ŞCOALA CU CLASELE I-VIII SATUL FUNDU RĂCĂCIUNI","FUNDU RĂCĂCIUNI",BC,1512,26,4,0,30,37,4,0,41,42,5,0,47,88,7,0,95,179,10,0,189,309,14,0,323
24784,539,"ŞCOALA CU CLASELE I-IV SATUL CIUCANI",CIUCANI,BC,476,5,0,0,5,5,0,0,5,6,0,0,6,14,0,0,14,45,4,0,49,89,7,0,96
24846,540,"CĂMINUL CULTURAL SATUL RĂCHITOASA",RĂCHITOASA,BC,1131,7,0,0,7,13,1,0,14,17,2,73,92,33,3,73,109,149,12,73,234,177,16,73,266
24926,541,"ŞCOALA CU CLASELE .I-IV SATUL FUNDĂTURA-RĂCHITOASA","FUNDĂTURA RĂCHITOASA",BC,227,2,3,0,5,4,6,0,10,12,6,0,18,13,6,0,19,32,8,0,40,51,9,0,60
24908,542,"ŞCOALA CU CLASELE.I-VIII SATUL DUMBRAVA",DUMBRAVA,BC,532,5,3,0,8,10,3,0,13,10,3,0,13,14,3,0,17,58,3,0,61,95,4,0,99
24882,543,"ŞCOALA CU CLASELE.I-VIII SATUL BURDUSACI",BURDUSACI,BC,711,5,3,0,8,14,4,0,18,15,4,0,19,19,4,0,23,50,21,0,71,81,22,0,103
24855,544,"ŞCOALA CU CLASELE.I-IV SATUL BARCANA",BARCANA,BC,523,1,3,0,4,7,4,0,11,13,5,0,18,15,5,0,20,102,5,0,107,133,8,0,141
24873,545,"ŞCOALA CU CLASELE .I-VIII SATUL BUDA",BUDA,BC,541,3,0,0,3,8,9,0,17,8,9,0,17,10,10,0,20,46,17,0,63,56,19,0,75
25004,546,"ŞCOALA GIMNAZIALĂ NR.1 SATUL ROŞIORI",ROŞIORI,BC,1014,7,5,0,12,9,5,0,14,13,5,0,18,26,9,0,35,131,15,0,146,249,23,0,272
25031,547,"ŞCOALA PRIMARĂ SATUL POIENI",POIENI,BC,286,3,3,0,6,8,6,0,14,9,6,0,15,25,7,0,32,58,16,0,74,88,25,0,113
25040,548,"ŞCOALA PRIMARĂ SATUL VALEA MARE","VALEA MARE",BC,473,4,3,0,7,10,3,0,13,13,3,0,16,13,3,0,16,41,8,0,49,73,9,0,82
25077,549,"LICEUL JACQUES MENACHEN ELIAS SASCUT",SASCUT,BC,1342,16,5,0,21,31,10,0,41,61,12,0,73,89,13,0,102,218,41,0,259,303,52,0,355
25077,550,"LICEUL JACQUES MENACHEN ELIAS SASCUT",SASCUT,BC,1269,15,1,0,16,25,2,0,27,42,3,0,45,60,4,0,64,193,18,16,227,268,22,16,306
25086,551,"SCOALA GENERALA CU CLASELE I-IV BERESTI",BEREŞTI,BC,1150,14,9,0,23,64,16,0,80,174,20,0,194,201,23,0,224,357,44,0,401,696,59,23,778
25095,552,"SCOALA CU CLASELE I-IV SATUL CONTESTI",CONŢEŞTI,BC,454,6,17,5,28,11,17,5,33,14,12,5,31,15,13,5,33,81,19,21,121,126,22,21,169
25102,553,"SCOALA CU CLASELE I-VIIINR 1 PANCESTI",PĂNCEŞTI,BC,933,18,0,0,18,60,0,0,60,76,0,0,76,91,0,0,91,225,19,4,248,472,28,4,504
25102,554,"SCOALA CU CLASELE I-VIII NR 1 PANCESTI",PĂNCEŞTI,BC,1279,33,0,0,33,59,3,0,62,69,3,0,72,97,5,0,102,302,19,10,331,720,22,10,752
25111,555,"SCOALA CU CLASELE I-VIII SATUL SASCUT-SAT",SASCUT-SAT,BC,908,8,1,0,9,27,5,0,32,34,6,10,50,43,7,10,60,131,24,10,165,219,27,10,256
25111,556,"SCOALA CU CLASELE I-VIII SATUL SASCUT-SAT",SASCUT-SAT,BC,783,3,2,0,5,14,4,0,18,24,4,7,35,42,6,7,55,126,11,7,144,163,13,7,183
25157,557,"ŞOALA GENERALĂCU CLASELE I-VIII SĂNDULENI",SĂNDULENI,BC,1609,2,0,0,2,10,2,0,12,17,3,0,20,43,3,0,46,208,16,0,224,259,21,0,280
25219,558,"ŞCOALA GENERALA CU CLASELE I-VIII VERŞEŞTI",VERŞEŞTI,BC,676,1,0,0,1,12,0,0,12,18,0,0,18,54,2,0,56,186,13,0,199,247,14,0,261
25175,559,"ŞCOALA GENERALĂ CU CLASELE I-VIII COMAN",COMAN,BC,1078,1,0,0,1,6,1,0,7,6,1,0,7,17,1,0,18,142,4,0,146,171,8,0,179
25193,560,"ŞCOALA GENERALĂ CU CLASELE I-IV STUFU",STUFU,BC,303,2,0,0,2,7,0,0,7,14,0,0,14,19,5,0,24,75,10,0,85,85,12,0,97
23779,561,"SCOALA NR. 1 SĂRATA",SĂRATA,BC,591,6,2,0,8,12,5,0,17,19,5,0,24,30,8,0,38,105,16,0,121,121,21,1,143
23779,562,"SCOALA NR. 2 SĂRATA",SĂRATA,BC,814,7,2,0,9,20,8,0,28,31,9,2,42,47,10,2,59,112,24,2,138,143,28,2,173
23779,563,"SCOALA NR. 3 SĂRATA",SĂRATA,BC,395,0,3,0,3,18,3,0,21,20,3,0,23,26,3,0,29,73,8,0,81,94,9,0,103
25237,564,"ŞCOALA I.S.STURZA SATUL SĂUCEŞTI",SĂUCEŞTI,BC,1091,18,2,0,20,44,5,0,49,56,7,0,63,81,9,0,90,160,26,0,186,208,34,0,242
25237,565,"ŞCOALA I.S.STURZA SATUL SĂUCEŞTI",SĂUCEŞTI,BC,948,5,0,0,5,28,2,0,30,37,2,0,39,54,4,0,58,117,16,0,133,150,20,0,170
25264,566,"ŞCOALA SATUL SCHINENI",SCHINENI,BC,673,7,1,0,8,15,4,0,19,22,5,0,27,31,9,0,40,98,31,0,129,144,40,0,184
25273,567,"ŞCOALA SATUL SIRETU",SIRETU,BC,650,11,9,0,20,24,13,0,37,30,13,0,43,40,15,0,55,97,23,0,120,149,33,0,182
25282,568,"ŞCOALA SATUL ŞERBEŞTI",ŞERBEŞTI,BC,477,6,2,0,8,26,3,0,29,32,5,0,37,36,6,0,42,70,11,0,81,108,18,0,126
25246,569,"ŞCOALA SATUL BOGDAN VODĂ","BOGDAN VODĂ",BC,555,12,3,0,15,17,4,0,21,24,7,0,31,46,8,0,54,98,17,0,115,122,20,0,142
25308,570,"ŞCOALA CU CLASELE I-VIII SATUL SCORŢENI",SCORŢENI,BC,1265,4,2,0,6,7,2,0,9,12,3,0,15,29,5,0,34,139,11,0,150,180,13,0,193
25335,571,"CAMIN CULTURAL GRIGORENI",GRIGORENI,BC,684,2,0,0,2,6,3,0,9,16,3,0,19,21,3,0,24,117,38,0,155,157,53,0,210
25326,572,"CAMIN CULTURAL FLORESTI",FLOREŞTI,BC,554,2,2,0,4,5,4,0,9,10,5,0,15,11,5,0,16,70,13,0,83,97,15,0,112
25371,573,"ŞCOALA GIMNAZIALĂ SATUL SECUIENI",SECUIENI,BC,1109,2,1,0,3,11,5,0,16,19,6,0,25,42,12,0,54,186,26,0,212,232,28,0,260
25424,574,"ŞCOALA SATUL FUNDENI",FUNDENI,BC,292,1,0,0,1,5,0,0,5,10,2,0,12,18,2,0,20,58,25,0,83,63,30,0,93
25406,575,"ŞCOALA SATUL CHITICENI",CHITICENI,BC,150,7,2,0,9,17,8,0,25,18,8,0,26,22,11,0,33,35,13,0,48,47,17,0,64
25433,576,"ŞCOALA SATUL GLODIŞOARELE",GLODIŞOARELE,BC,218,0,0,0,0,1,0,0,1,4,0,0,4,11,1,0,12,38,3,0,41,56,4,0,60
25497,577,"ŞCOALA CU CLASELE I-VIII SATUL SOLONŢ",SOLONŢ,BC,1226,11,0,0,11,36,2,0,38,48,2,1,51,101,3,1,105,311,20,1,332,381,25,1,407
25512,578,"CABINET MEDICAL",SĂRATA,BC,686,4,0,0,4,14,0,0,14,17,2,6,25,29,5,6,40,146,8,6,160,193,9,6,208
25503,579,"ŞCOALA CU CLASELE I-VIII SATUL CUCUIEȚI",CUCUIEŢI,BC,1044,4,0,0,4,10,5,0,15,23,6,24,53,58,7,24,89,230,11,24,265,331,22,24,377
25530,580,"PRIMĂRIA STĂNIŞEŞTI",STĂNIŞEŞTI,BC,811,5,1,0,6,24,9,8,41,32,10,8,50,50,15,8,73,162,32,8,202,238,39,8,285
25567,581,"MODUL TIP BIROU (CONTAINER MODULAR)",BENEŞTI,BC,372,2,3,0,5,5,4,5,14,8,4,5,17,15,5,5,25,55,6,5,66,130,9,5,144
25576,582,"SCOALA SATUL CRĂIEŞTI",CRĂIEŞTI,BC,366,0,0,0,0,1,0,0,1,2,2,0,4,2,2,0,4,62,21,0,83,108,27,0,135
25594,583,"SCOALASLOBOZIANR. 2",SLOBOZIA,BC,476,0,0,0,0,3,3,0,6,7,6,0,13,11,8,0,19,63,29,0,92,93,40,0,133
25594,584,"ŞCOALA 1 SATUL SLOBOZIA",SLOBOZIA,BC,746,2,3,0,5,4,9,0,13,4,10,5,19,10,13,5,28,46,17,5,68,76,24,5,105
25601,585,"ŞCOALA SATUL SLOBOZIA NOUĂ","SLOBOZIA NOUĂ",BC,561,3,2,0,5,9,9,7,25,15,9,7,31,29,10,7,46,157,24,7,188,187,26,7,220
25638,586,"ŞCOALA GENERALĂ SATUL STRUGARI",STRUGARI,BC,846,11,1,0,12,26,1,0,27,33,1,0,34,47,1,0,48,170,12,0,182,219,12,0,231
25683,587,"ŞCOALA GENERALĂ SATUL RĂCHITIŞ",RĂCHITIŞU,BC,337,4,4,0,8,7,5,6,18,9,6,6,21,21,7,6,34,88,12,6,106,110,14,6,130
25674,588,"ŞCOALA GENERALĂ SATUL PETRICICA",PETRICICA,BC,588,2,0,0,2,6,0,0,6,11,5,0,16,17,7,0,24,106,22,0,128,123,23,0,146
25684,589,"SCOALA GENERALA CETATUIA",CETĂŢUIA,BC,221,4,1,0,5,14,4,2,20,23,4,2,29,27,4,2,33,49,9,2,60,71,12,2,85
20689,590,"GRĂDINIŢA CU PROGRAM NORMAL SATUL ŞTEFAN CEL MARE","ŞTEFAN CEL MARE",BC,754,3,0,0,3,5,0,0,5,8,0,0,8,12,0,0,12,82,6,0,88,142,13,0,155
20689,591,"GRĂDINIŢA CU PROGRAM NORMAL SATUL STEFAN CEL MARE","ŞTEFAN CEL MARE",BC,489,4,0,0,4,46,1,0,47,46,2,0,48,50,2,0,52,109,18,0,127,142,22,0,164
20723,592,"BIBLIOTECA COMUNALĂ SATUL NEGOIEŞTI",NEGOIEŞTI,BC,723,5,4,0,9,13,8,0,21,29,8,0,37,44,8,0,52,106,18,0,124,152,20,0,172
20750,593,"GRĂDINIŢA CU PROGRAM NORMAL SATUL VIIŞOARA",VIIŞOARA,BC,507,5,1,0,6,10,1,0,11,12,1,0,13,25,4,0,29,92,10,0,102,114,13,0,127
20714,594,"GRĂDINIŢA CU PROGRAM NORMAL SATUL GUTINAŞ",GUTINAŞ,BC,342,7,1,0,8,11,2,0,13,16,4,0,20,18,5,0,23,63,8,0,71,85,11,1,97
20741,595,"GRĂDINIŢA CU PROGRAM NORMAL SATUL RĂDEANA",RĂDEANA,BC,1199,6,2,0,8,13,3,0,16,16,3,0,19,30,3,0,33,75,8,0,83,222,14,0,236
25709,596,"CENTRUL EDUCAŢIONAL ÎNV.DUMITRU NEDIŢĂ TAMAŞI",TAMAŞI,BC,1261,3,0,0,3,32,1,0,33,52,1,0,53,98,4,0,102,254,35,0,289,403,39,0,442
25718,597,"ŞCOALA CU CLASELE I-VIII SATUL CHETRIŞ",CHETRIŞ,BC,635,4,2,0,6,13,6,0,19,16,7,0,23,27,9,0,36,84,18,0,102,116,21,0,137
25727,598,"ŞCOALA CU CLASELE I-IV SATUL FURNICARI",FURNICARI,BC,532,1,0,0,1,10,3,0,13,16,4,0,20,27,5,0,32,99,7,0,106,154,13,0,167
25754,599,"PRIMĂRIA TĂTĂRĂŞTI",TĂTĂRĂŞTI,BC,381,3,2,0,5,5,2,0,7,7,2,0,9,12,2,0,14,82,7,0,89,115,9,0,124
25772,600,"ŞCOALA GIMNAZIALA SATUL CORNII DE SUS","CORNII DE SUS",BC,728,5,1,0,6,10,3,0,13,14,3,0,17,21,3,0,24,112,13,0,125,211,18,0,229
25807,601,"ŞCOALA PRIMARA SATUL GIURGENI",GIURGENI,BC,198,0,1,0,1,2,2,0,4,5,4,0,9,10,6,0,16,29,8,0,37,80,16,0,96
25781,602,"ŞCOALA PRIMARA SATUL DRĂGEŞTI",DRĂGEŞTI,BC,299,2,0,0,2,4,5,0,9,11,9,0,20,20,11,0,31,56,15,0,71,112,22,0,134
25790,603,"ŞCOALA PRIMARA SATUL GHERDANA",GHERDANA,BC,289,0,0,0,0,1,0,0,1,4,0,0,4,11,4,0,15,38,5,0,43,78,9,0,87
25852,604,"GRĂDINIŢA CU PROGRAMNORMAL SATUL VIIŞOARA",VIIŞOARA,BC,928,5,6,0,11,16,6,0,22,22,7,0,29,40,9,0,49,98,20,0,118,138,26,0,164
25834,605,"GRĂDINIŢA CU PROGRAM NORMAL TG.TROTUŞ","TÎRGU TROTUŞ",BC,927,2,1,0,3,14,4,0,18,19,4,0,23,37,4,0,41,101,7,0,108,123,11,0,134
25834,606,"GRĂDINIŢA CU PROGRAM NORMAL TG.TROTUŞ","TÎRGU TROTUŞ",BC,905,5,0,0,5,20,0,0,20,24,0,0,24,39,2,0,41,124,5,0,129,150,6,0,156
25843,607,"GRĂDINIŢA CU PROGRAM NORMAL SATUL TUTA",TUTA,BC,824,7,0,0,7,19,0,0,19,20,0,0,20,24,0,0,24,78,3,0,81,137,7,0,144
25843,608,"GRĂDINIŢA CU PROGRAM NORMAL SATUL TUTA",TUTA,BC,944,4,0,0,4,19,0,0,19,31,7,0,38,36,7,0,43,127,12,0,139,209,19,0,228
25870,609,"ŞCOALA CU CLASELE I-VIII SATUL TRAIAN",TRAIAN,BC,1439,6,1,0,7,23,10,0,33,38,13,0,51,85,22,0,107,226,36,0,262,250,47,0,297
25889,610,"ŞCOALA CU CLASELE I-IV SATUL BOGDĂNEŞTI",BOGDĂNEŞTI,BC,460,0,0,0,0,3,0,0,3,4,2,0,6,15,3,0,18,57,5,0,62,72,8,0,80
25923,611,"ŞCOALA CU CLASELE I-IV SATUL ZĂPODIA",ZĂPODIA,BC,519,5,1,0,6,9,7,0,16,9,8,0,17,12,8,0,20,23,14,0,37,37,17,0,54
25898,612,"ŞCOALA CU CLASELE I-IV SATUL HERTIOANA DE JOS","HERTIOANA DE JOS",BC,147,0,0,0,0,3,1,0,4,3,1,0,4,6,2,0,8,25,17,0,42,29,20,0,49
25941,613,"CĂMINUL CULTURAL UNGURENI",UNGURENI,BC,774,14,9,0,23,43,12,0,55,45,14,0,59,70,18,0,88,149,30,0,179,186,36,0,222
26001,614,SCOALAVIFORENI,VIFORENI,BC,377,1,2,0,3,13,6,0,19,20,8,0,28,27,8,0,35,80,15,0,95,103,18,0,121
25950,615,"ŞCOALA SATUL BĂRTĂŞEŞTI",BĂRTĂŞEŞTI,BC,294,9,1,0,10,34,9,0,43,41,9,0,50,58,9,0,67,114,12,0,126,122,13,0,135
25987,616,"CĂMINUL CULTURAL SATUL BOTEŞTI",BOTEŞTI,BC,679,3,3,0,6,16,4,0,20,25,5,0,30,42,5,0,47,117,15,0,132,152,18,0,170
25969,617,"SCOALA BIBIRESTI II",BIBIREŞTI,BC,769,6,2,0,8,20,4,0,24,31,4,0,35,55,5,0,60,168,17,0,185,226,26,0,252
26038,618,"SALA DE CEREMONII",URECHEŞTI,BC,1410,7,1,0,8,26,3,0,29,32,3,0,35,53,3,0,56,172,23,0,195,226,29,0,255
26047,619,"CĂMINUL CULTURAL SATUL CORNĂŢEL",CORNĂŢEL,BC,696,2,0,0,2,7,0,0,7,15,2,0,17,22,4,0,26,97,17,0,114,154,22,0,176
26074,620,"GRĂDINIŢA SATUL SLOBOZIA",SLOBOZIA,BC,458,2,2,0,4,18,7,0,25,21,8,0,29,30,9,0,39,88,14,0,102,132,19,0,151
26056,621,"ŞCOALA GENERALA CU CASELE I-IV SATUL LUNCA DOCHIEI","LUNCA DOCHIEI",BC,274,3,1,0,4,6,1,0,7,9,4,0,13,9,6,0,15,49,11,0,60,61,12,0,73
26065,622,"ŞCOALA GENERALACU CLASELEI-IV SATUL SATU NOU","SATU NOU",BC,262,1,0,0,1,4,0,0,4,10,0,0,10,14,4,0,18,51,8,0,59,80,10,0,90
26092,623,"ŞCOALA GIMNAZIALĂ NR.1 VALEA SEACĂ","VALEA SEACĂ",BC,927,16,6,0,22,42,11,0,53,61,13,0,74,82,14,0,96,232,33,5,270,324,41,5,370
26092,624,"ŞCOALA PRIMARĂ NR.2 VALEA SEACĂ","VALEA SEACĂ",BC,661,7,1,0,8,29,5,0,34,41,13,0,54,66,16,0,82,162,41,10,213,215,60,10,285
26092,625,"ŞCOALA PRIMARĂ NR.3 VALEA SEACĂ","VALEA SEACĂ",BC,737,6,4,0,10,22,5,0,27,36,7,0,43,54,9,0,63,157,31,9,197,244,38,9,291
26109,626,"ŞCOALA PRIMARĂ CUCOVA",CUCOVA,BC,556,4,5,0,9,8,6,0,14,15,9,0,24,27,14,0,41,108,31,4,143,179,40,4,223
26270,627,"SCOALA VULTURENI",VULTURENI,BC,411,1,0,0,1,7,0,0,7,11,0,0,11,13,0,0,13,70,12,0,82,91,15,0,106
26127,628,"SOCIETATEA AREAL SA",LICHITIŞENI,BC,437,1,2,0,3,7,3,0,10,12,3,0,15,12,3,0,15,48,11,5,64,66,17,5,88
26172,629,"CENTRUL EDUCAŢIONAL COMUNITAR GODINEŞTII DE JOS","GODINEŞTII DE JOS",BC,303,0,0,0,0,12,5,0,17,12,5,0,17,21,11,0,32,75,18,0,93,88,19,5,112
26190,630,"ŞCOALA MEDELENI",MEDELENI,BC,147,2,0,0,2,3,3,0,6,5,4,0,9,5,4,0,9,23,8,0,31,33,13,0,46
26163,631,"ŞCOALA GHILĂVEŞTI",GHILĂVEŞTI,BC,224,5,0,0,5,5,0,0,5,6,0,0,6,6,1,0,7,11,3,0,14,16,5,0,21
26298,632,"ŞCOALA MIHAI EMINESCU ZEMEŞ",ZEMEŞ,BC,1090,7,0,0,7,17,1,0,18,27,1,0,28,63,2,0,65,162,8,3,173,204,10,3,217
26298,633,"ŞCOALA STEFAN CEL MARE ZEMEŞ",ZEMEŞ,BC,1206,23,1,0,24,67,3,0,70,79,3,25,107,104,3,25,132,264,7,25,296,320,9,25,354
26305,634,"ŞCOALA ION CREANGĂ ZEMEŞ",BOLĂTĂU,BC,873,5,1,0,6,21,3,0,24,25,3,0,28,32,3,0,35,127,13,0,140,147,14,0,161
26298,635,"ŞCOALA ŞTEFAN CEL MARE ZEMEŞ",ZEMEŞ,BC,724,6,0,0,6,40,0,0,40,48,0,10,58,68,0,10,78,138,0,10,148,171,2,10,183
26573,1,"COLEGIUL ECONOMIC” PARTENIE COSMA ”",ORADEA,BH,639,9,4,0,13,30,6,0,36,48,13,0,61,58,13,0,71,103,18,0,121,125,26,0,151
26573,2,"ȘCOALA GIMNAZIALĂ "" LUCREŢIA SUCIU """,ORADEA,BH,1241,17,1,0,18,54,4,0,58,76,13,52,141,87,15,52,154,166,19,56,241,227,24,56,307
26573,3,"LICEUL TEHNOLOGIC SANITAR ”VASILE VOICULESCU”",ORADEA,BH,1332,18,1,0,19,71,3,0,74,114,9,0,123,125,9,0,134,203,16,0,219,265,17,1,283
26573,4,"LICEUL TEHNOLOGIC SANITAR“VASILE VOICULESCU”",ORADEA,BH,1421,17,6,0,23,70,9,0,79,115,13,0,128,118,13,0,131,207,16,0,223,269,22,0,291
26573,5,"GRĂDINIŢA CU PROGRAM PRELUNGIT NR.22",ORADEA,BH,1455,9,3,0,12,49,9,0,58,71,13,0,84,83,13,0,96,184,24,0,208,255,29,0,284
26573,6,"GRĂDINIŢA CU PROGRAM PRELUNGIT NR.22",ORADEA,BH,1527,10,2,0,12,64,6,0,70,110,6,0,116,116,8,0,124,249,17,0,266,344,21,0,365
26573,7,"CREȘA NR. 2 ” PICIORUȘE VESELE ”",ORADEA,BH,773,1,3,0,4,30,7,0,37,55,7,0,62,59,8,0,67,111,18,0,129,150,27,0,177
26573,8,"GRĂDINIȚA CU PROGRAM PRELUNGIT NR. 22",ORADEA,BH,1203,4,0,0,4,39,2,0,41,72,3,1,76,78,3,1,82,166,10,1,177,214,13,1,228
26573,9,"CREŞA NR.2”PICIORUŞE VESELE”",ORADEA,BH,1264,10,0,0,10,58,3,0,61,83,5,0,88,93,5,0,98,184,14,0,198,237,19,0,256
26573,10,"ŞCOALA GIMNAZIALĂ ""IOAN SLAVICI""",ORADEA,BH,1444,15,3,0,18,81,8,0,89,154,11,0,165,171,14,0,185,297,17,0,314,365,27,0,392
26573,11,"ŞCOALA GIMNAZIALĂ ""IOAN SLAVICI""",ORADEA,BH,1587,14,0,0,14,58,0,0,58,152,3,0,155,161,5,0,166,265,6,0,271,386,13,0,399
26573,12,"ŞCOALA GIMNAZIALĂ ""IOAN SLAVICI""",ORADEA,BH,1308,42,0,0,42,136,4,0,140,206,9,0,215,226,10,0,236,380,14,0,394,452,20,0,472
26573,13,"ŞCOALA GIMNAZIALĂ ""IOAN SLAVICI""",ORADEA,BH,1449,19,0,0,19,67,1,0,68,108,1,0,109,137,2,0,139,244,3,0,247,324,9,0,333
26573,14,"ŞCOALA GIMNAZIALĂ ""IOAN SLAVICI""",ORADEA,BH,786,25,1,0,26,61,2,0,63,124,5,1,130,136,6,1,143,175,6,1,182,216,8,1,225
26573,15,"GRĂDINIŢA CU PROGRAM PRELUNGIT NR.25",ORADEA,BH,727,9,1,0,10,43,2,0,45,65,5,0,70,72,8,0,80,136,12,0,148,177,13,0,190
26573,16,"GRĂDINIŢA CU PROGRAM PRELUNGIT NR.25",ORADEA,BH,1122,7,3,0,10,33,4,0,37,58,7,0,65,64,7,0,71,136,10,0,146,170,10,0,180
26573,17,"ŞCOALA GIMNAZIALĂ ""DIMITRIE CANTEMIR""",ORADEA,BH,728,4,8,0,12,57,16,0,73,70,23,0,93,74,26,0,100,126,39,0,165,166,70,0,236
26573,18,"ŞCOALA GIMNAZIALĂ ""DIMITRIE CANTEMIR""",ORADEA,BH,1076,20,3,0,23,67,5,0,72,117,6,0,123,130,6,0,136,219,10,0,229,264,11,0,275
26573,19,"ŞCOALA GIMNAZIALĂ ""DIMITRIE CANTEMIR""",ORADEA,BH,1516,16,7,0,23,61,8,0,69,109,8,0,117,123,8,0,131,236,9,0,245,312,9,0,321
26573,20,"GRĂDINIŢA CU PROGRAM PRELUNGIT NR.24",ORADEA,BH,1431,28,1,0,29,106,6,0,112,138,6,0,144,156,8,0,164,276,21,0,297,326,28,0,354
26573,21,"LICEUL TEORETIC”ONISIFOR GHIBU”",ORADEA,BH,1380,13,5,0,18,59,13,0,72,101,25,0,126,105,26,0,131,171,37,0,208,227,43,0,270
26573,22,"GRĂDINIȚA CU PROGRAM PRELUNGIT NR. 56",ORADEA,BH,1168,15,4,0,19,71,15,0,86,117,22,1,140,131,25,1,157,259,45,1,305,327,62,1,390
26573,23,"GRĂDINIȚA CU PROGRAM PRELUNGIT NR. 56",ORADEA,BH,1840,38,3,0,41,151,9,0,160,230,16,0,246,261,16,0,277,423,26,0,449,554,35,0,589
26573,24,"GRĂDINIȚA CU PROGRAM PRELUNGIT NR. 56",ORADEA,BH,1699,25,5,0,30,101,7,0,108,135,11,0,146,151,12,0,163,293,16,0,309,388,18,1,407
26573,25,"GRĂDINIȚA CU PROGRAM PRELUNGIT NR. 56",ORADEA,BH,1825,24,4,0,28,103,5,0,108,158,8,2,168,173,8,2,183,325,10,2,337,409,13,2,424
26573,26,"GRĂDINIȚA CU PROGRAM PRELUNGIT NR. 56",ORADEA,BH,1860,18,3,0,21,109,4,0,113,159,6,0,165,175,8,0,183,337,9,0,346,449,12,0,461
26573,27,"LICEUL TEORETIC ""ONISIFOR GHIBU""",ORADEA,BH,1500,24,1,0,25,87,6,0,93,145,6,0,151,165,15,0,180,271,30,0,301,331,36,0,367
26573,28,"LICEUL TEORETIC ""ONISIFOR GHIBU""",ORADEA,BH,1820,26,1,0,27,97,9,0,106,137,12,0,149,151,12,0,163,281,25,0,306,356,29,0,385
26573,29,"LICEUL TEORETIC ""ONISIFOR GHIBU""",ORADEA,BH,1660,8,2,0,10,73,18,0,91,119,34,0,153,138,34,0,172,230,49,0,279,339,63,0,402
26573,30,"LICEUL TEORETIC ""ONISIFOR GHIBU""",ORADEA,BH,1518,11,6,0,17,83,20,0,103,124,33,0,157,149,34,0,183,273,52,0,325,346,70,1,417
26573,31,"GRĂDINIŢA CU PROGRAM NORMAL NR.2",ORADEA,BH,1739,42,2,0,44,132,13,0,145,180,21,0,201,196,21,0,217,349,51,0,400,448,70,0,518
26573,32,"GRĂDINIŢA CU PROGRAM PRELUNGIT NR. 28",ORADEA,BH,1496,19,6,0,25,115,15,0,130,145,26,0,171,151,27,0,178,263,32,0,295,325,47,1,373
26573,33,"CREȘA NR. 3 ”SCUFIȚA ROȘIE”",ORADEA,BH,1507,27,0,0,27,91,8,0,99,135,13,0,148,157,13,0,170,265,17,0,282,378,26,0,404
26573,34,"CREȘA NR.13”LIZUCA ȘI PATROCLE”",ORADEA,BH,1523,16,0,0,16,94,8,0,102,148,18,0,166,165,18,0,183,288,24,0,312,381,31,0,412
26573,35,"CREȘA NR.13”LIZUCA ȘI PATROCLE”",ORADEA,BH,1505,14,1,0,15,79,7,0,86,126,9,0,135,144,12,0,156,258,22,0,280,332,25,0,357
26573,36,"ŞCOALA GIMNAZIALĂ""DIMITRIE CANTEMIR""",ORADEA,BH,1778,30,0,0,30,119,13,0,132,184,24,0,208,203,26,0,229,333,38,0,371,407,54,0,461
26573,37,"ŞCOALA GIMNAZIALĂ""DIMITRIE CANTEMIR""",ORADEA,BH,1459,27,0,0,27,67,3,0,70,116,5,0,121,131,7,0,138,244,8,0,252,335,14,0,349
26573,38,"GRĂDINIŢA CU PROGRAM PRELUNGIT NR.46",ORADEA,BH,763,7,2,0,9,44,2,0,46,69,4,0,73,76,4,0,80,133,12,0,145,177,20,0,197
26573,39,"GRĂDINIŢA CU PROGRAM PRELUNGIT NR.46",ORADEA,BH,1185,11,0,0,11,52,3,0,55,84,4,0,88,97,4,0,101,169,6,0,175,210,14,0,224
26573,40,"ŞCOALA GIMNAZIALĂ ""NICOLAE BĂLCESCU""",ORADEA,BH,1143,11,3,0,14,51,5,0,56,76,10,0,86,88,11,0,99,162,21,0,183,195,29,0,224
26573,41,"ŞCOALA GIMNAZIALĂ ""NICOLAE BĂLCESCU""",ORADEA,BH,1122,10,4,0,14,32,5,0,37,61,5,0,66,70,5,0,75,152,7,0,159,185,7,0,192
26573,42,"ŞCOALA GIMNAZIALĂ",ORADEA,BH,709,5,0,0,5,23,0,0,23,27,1,0,28,34,1,0,35,87,3,0,90,125,7,0,132
26573,43,"GRĂDINIŢA CU PROGRAM PRELUNGIT NR.53",ORADEA,BH,878,7,4,0,11,34,6,0,40,50,6,0,56,57,6,0,63,100,10,0,110,133,17,0,150
26573,44,"GRĂDINIŢA CU PROGRAM PRELUNGIT NR.53",ORADEA,BH,856,8,0,0,8,44,0,0,44,66,0,0,66,84,3,0,87,142,6,0,148,194,8,0,202
26573,45,"GRĂDINIŢA CU PROGRAM PRELUNGIT NR.52",ORADEA,BH,855,7,0,0,7,28,2,0,30,46,2,0,48,48,2,0,50,104,9,0,113,126,14,0,140
26573,46,"GRĂDINIŢA CU PROGRAM PRELUNGIT NR.52",ORADEA,BH,1377,7,0,0,7,50,0,0,50,86,1,0,87,100,1,0,101,182,7,0,189,236,11,0,247
26573,47,"GRĂDINIŢA CU PROGRAM PRELUNGIT NR.52",ORADEA,BH,1068,10,0,0,10,36,3,0,39,69,5,0,74,81,7,0,88,136,13,0,149,176,18,0,194
26573,48,"ŞCOALA GIMNAZIALĂ NR.16",ORADEA,BH,1089,11,1,0,12,52,7,0,59,73,10,0,83,82,12,0,94,152,24,0,176,202,29,0,231
26573,49,"ŞCOALA GIMNAZIALĂ NR.16",ORADEA,BH,871,8,0,0,8,26,1,0,27,43,1,0,44,53,6,0,59,120,6,0,126,165,8,0,173
26573,50,"ŞCOALA GIMNAZIALĂ NR.16",ORADEA,BH,1021,20,1,0,21,61,3,0,64,90,4,0,94,103,4,0,107,184,5,0,189,228,6,2,236
26573,51,"ŞCOALA GIMNAZIALĂ NR.16",ORADEA,BH,1462,14,4,0,18,71,10,0,81,104,13,0,117,116,13,0,129,209,18,0,227,281,21,0,302
26573,52,"LICEUL TEORETIC ""LUCIAN BLAGA""",ORADEA,BH,1267,13,4,0,17,65,9,0,74,116,13,0,129,118,14,0,132,208,24,0,232,263,35,0,298
26573,53,"LICEUL TEORETIC ""LUCIAN BLAGA""",ORADEA,BH,1617,24,7,0,31,92,8,0,100,117,13,0,130,125,13,0,138,226,25,0,251,296,35,0,331
26573,54,"LICEUL TEORETIC ""LUCIAN BLAGA""",ORADEA,BH,1356,26,1,0,27,119,7,0,126,148,9,0,157,160,9,0,169,263,17,0,280,305,18,0,323
26573,55,"LICEUL TEORETIC ""LUCIAN BLAGA""",ORADEA,BH,1463,13,6,0,19,67,6,0,73,109,7,0,116,115,7,0,122,204,9,0,213,258,12,0,270
26573,56,"GRĂDINIŢA CU PROGRAM NORMAL NR.17",ORADEA,BH,1633,26,0,0,26,130,2,0,132,162,5,0,167,172,5,0,177,269,13,0,282,332,20,0,352
26573,57,"GRĂDINIŢA CU PROGRAM PRELUNGIT NR.20",ORADEA,BH,1431,18,8,0,26,66,9,0,75,83,15,0,98,89,15,0,104,168,27,0,195,216,39,0,255
26573,58,"LICEUL ORTODOX ""EPISCOP ROMAN CIOROGARIU""",ORADEA,BH,845,10,5,0,15,37,8,0,45,48,16,0,64,59,18,0,77,107,34,0,141,131,45,0,176
26573,59,"LICEUL ORTODOX ""EPISCOP ROMAN CIOROGARIU""",ORADEA,BH,875,5,0,0,5,50,0,0,50,76,0,0,76,89,0,0,89,155,8,0,163,185,8,0,193
26573,60,"LICEUL ORTODOX ""EPISCOP ROMAN CIOROGARIU""",ORADEA,BH,924,3,0,0,3,24,5,0,29,47,6,0,53,51,6,0,57,105,9,0,114,141,12,0,153
26573,61,"LICEUL ORTODOX ""EPISCOP ROMAN CIOROGARIU""",ORADEA,BH,1264,9,0,0,9,52,1,0,53,88,1,0,89,99,1,0,100,199,3,0,202,264,6,0,270
26573,62,"LICEUL ORTODOX ""EPISCOP ROMAN CIOROGARIU""",ORADEA,BH,1466,10,1,0,11,82,4,0,86,113,6,0,119,128,8,0,136,211,10,0,221,263,15,0,278
26573,63,"LICEUL ORTODOX ""EPISCOP ROMAN CIOROGARIU""",ORADEA,BH,1320,16,4,0,20,78,4,0,82,101,4,0,105,116,4,0,120,196,5,0,201,246,9,0,255
26573,64,"GRĂDINIŢA CU PROGRAM PRELUNGIT NR. 54",ORADEA,BH,1025,21,3,0,24,81,5,0,86,101,11,0,112,110,11,0,121,192,19,0,211,234,27,0,261
26573,65,"GRĂDINIŢA CU PROGRAM PRELUNGIT NR. 54",ORADEA,BH,1046,12,0,0,12,63,2,0,65,86,5,0,91,92,5,0,97,153,7,0,160,204,10,0,214
26573,66,"ŞCOALA GIMNAZIALĂ ""DACIA""",ORADEA,BH,1239,15,1,0,16,77,3,0,80,99,10,0,109,119,14,0,133,211,27,0,238,273,44,0,317
26573,67,"ŞCOALA GIMNAZIALĂ ""DACIA""",ORADEA,BH,1472,18,0,0,18,71,3,0,74,139,6,0,145,144,8,0,152,245,10,0,255,335,22,1,358
26573,68,"ŞCOALA GIMNAZIALĂ ""DACIA""",ORADEA,BH,1109,13,1,0,14,47,5,0,52,86,5,0,91,93,5,0,98,171,7,0,178,225,15,0,240
26573,69,"GRĂDINIŢA CU PROGRAM PRELUNGIT NR. 45",ORADEA,BH,1070,14,4,0,18,49,5,0,54,72,7,0,79,80,10,0,90,158,17,0,175,209,27,0,236
26573,70,"GRĂDINIŢA CU PROGRAM PRELUNGIT NR. 45",ORADEA,BH,1391,18,1,0,19,90,5,0,95,122,7,0,129,143,8,0,151,246,11,0,257,297,14,0,311
26573,71,"GRĂDINIŢA CU PROGRAM PRELUNGIT NR. 45",ORADEA,BH,1466,15,0,0,15,54,0,0,54,77,2,0,79,103,2,0,105,190,7,0,197,249,15,0,264
26573,72,"GRĂDINIŢA CU PROGRAM PRELUNGIT NR. 45",ORADEA,BH,1188,11,0,0,11,62,1,0,63,97,4,0,101,100,4,0,104,175,5,0,180,228,6,0,234
26573,73,"LICEUL DE ARTE",ORADEA,BH,1747,16,5,0,21,84,6,0,90,133,8,0,141,144,8,0,152,231,10,0,241,331,13,0,344
26573,74,"LICEUL DE ARTE",ORADEA,BH,1528,26,1,0,27,89,7,0,96,132,10,0,142,143,10,0,153,256,17,0,273,311,26,0,337
26573,75,"LICEUL DE ARTE",ORADEA,BH,1611,19,0,0,19,90,12,0,102,127,13,0,140,141,13,0,154,279,21,0,300,341,34,0,375
26573,76,"LICEUL DE ARTE",ORADEA,BH,1383,10,1,0,11,77,2,0,79,114,4,0,118,131,5,0,136,199,6,0,205,283,9,0,292
26573,77,"LICEUL DE ARTE",ORADEA,BH,1387,14,0,0,14,75,1,1,77,103,1,1,105,109,1,1,111,205,2,1,208,256,3,1,260
26573,78,"LICEUL DE ARTE",ORADEA,BH,1484,11,4,0,15,75,4,0,79,112,4,0,116,126,4,0,130,229,13,0,242,305,19,0,324
26573,79,ORĂŞELULCOPIILOR,ORADEA,BH,1586,17,0,0,17,76,4,0,80,115,22,4,141,122,22,4,148,221,31,4,256,300,40,91,431
26573,80,"GRĂDINIŢA CU PROGRAM NORMAL NR. 15",ORADEA,BH,1900,9,0,0,9,39,10,10,59,72,13,10,95,88,13,10,111,228,19,10,257,297,22,10,329
26573,81,"ŞCOALA GIMNAZIALĂ""JUHASZ GYULA""",ORADEA,BH,1018,6,0,0,6,54,4,0,58,76,4,0,80,88,5,0,93,150,6,0,156,187,8,0,195
26573,82,"ŞCOALA GIMNAZIALĂ""JUHASZ GYULA""",ORADEA,BH,1096,3,0,0,3,34,6,0,40,51,7,0,58,59,7,0,66,125,8,0,133,161,12,0,173
26573,83,"GRĂDINIȚA CU PROGRAM PRELUNGIT NR.42",ORADEA,BH,1593,13,0,0,13,81,7,0,88,123,12,0,135,133,12,0,145,261,15,0,276,334,19,0,353
26573,84,"GRĂDINIȚA CU PROGRAM PRELUNGIT NR.42",ORADEA,BH,893,10,2,0,12,45,2,0,47,86,4,0,90,98,4,0,102,172,6,0,178,229,12,0,241
26573,85,"GRĂDINIȚA CU PROGRAM PRELUNGIT NR.42",ORADEA,BH,1470,10,0,0,10,47,0,0,47,77,5,0,82,83,5,0,88,185,11,0,196,250,15,0,265
26573,86,"ŞCOALA GIMNAZIALĂ""OCTAVIAN GOGA""",ORADEA,BH,1394,16,1,0,17,54,8,0,62,104,12,0,116,131,13,0,144,260,27,0,287,320,33,0,353
26573,87,"ŞCOALA GIMNAZIALĂ""OCTAVIAN GOGA""",ORADEA,BH,1427,11,5,0,16,74,8,0,82,135,10,0,145,156,13,0,169,265,16,0,281,342,21,0,363
26573,88,"COLEGIUL TEHNIC ""CONSTANTIN BRÂNCUȘI""",ORADEA,BH,1585,21,2,0,23,65,5,0,70,103,11,0,114,126,14,0,140,265,21,1,287,323,54,1,378
26573,89,"COLEGIUL TEHNIC ""CONSTANTIN BRÂNCUȘI""",ORADEA,BH,1602,9,0,0,9,67,2,0,69,108,4,0,112,121,4,0,125,249,9,0,258,344,26,0,370
26573,90,"COLEGIUL TEHNIC ""TRAIAN VUIA""",ORADEA,BH,1001,14,0,0,14,48,6,0,54,72,6,0,78,80,6,0,86,196,13,0,209,268,22,1,291
26573,91,"GRĂDINIŢA CU PROGRAM PRELUNGITNR. 55",ORADEA,BH,1150,25,3,0,28,94,7,0,101,121,10,0,131,137,10,0,147,270,15,0,285,348,20,0,368
26573,92,"FUNDAŢIA DE SCLEROZĂ MULTIPLĂ",ORADEA,BH,1323,14,5,0,19,83,7,0,90,121,10,0,131,135,10,0,145,249,14,0,263,317,20,0,337
26573,93,"FUNDAŢIA DE SCLEROZĂ MULTIPLĂ",ORADEA,BH,1287,12,6,0,18,60,6,0,66,89,6,0,95,95,6,0,101,163,6,0,169,215,8,0,223
26573,94,"GRĂDINIŢA CU PROGRAM PRELUNGITNR. 35",ORADEA,BH,1169,13,1,0,14,59,4,0,63,73,6,0,79,81,10,0,91,154,16,0,170,210,23,0,233
26573,95,"GRĂDINIŢA CU PROGRAM PRELUNGITNR. 35",ORADEA,BH,1033,5,1,0,6,74,2,0,76,92,2,0,94,104,4,0,108,191,5,0,196,245,8,0,253
26573,96,"CENTRUL DE ÎNGRIJIRE DE ZI",ORADEA,BH,1324,11,1,0,12,63,4,0,67,98,6,0,104,106,6,0,112,213,13,0,226,285,15,0,300
26573,97,"CENTRUL DE ÎNGRIJIRE DE ZI",ORADEA,BH,1222,16,2,0,18,55,3,0,58,99,4,0,103,106,4,0,110,193,6,0,199,241,9,0,250
26573,98,"CENTRU ŞCOLAR PENTRU EDUCAŢIE INCLUZIVĂ ""ORIZONT""",ORADEA,BH,1397,14,4,0,18,52,6,0,58,85,9,0,94,100,10,0,110,204,14,0,218,269,19,0,288
26573,99,"ŞCOALA GIMNAZIALĂ NR. 11",ORADEA,BH,1111,15,5,0,20,61,17,0,78,96,19,0,115,103,24,0,127,168,33,0,201,219,57,0,276
26573,100,"ŞCOALA GIMNAZIALĂ NR. 11",ORADEA,BH,1553,21,0,0,21,67,5,0,72,113,6,0,119,130,8,0,138,252,9,0,261,318,10,0,328
26573,101,"ŞCOALA GIMNAZIALĂ NR. 11",ORADEA,BH,1225,17,2,0,19,58,3,0,61,101,5,0,106,118,5,0,123,188,6,0,194,234,8,0,242
26573,102,"ŞCOALA GIMNAZIALĂ NR. 11",ORADEA,BH,1047,8,1,0,9,45,1,0,46,61,2,0,63,73,4,0,77,168,5,0,173,206,7,0,213
26573,103,"ŞCOALA GIMNAZIALĂ NR. 11",ORADEA,BH,1499,21,4,0,25,69,7,0,76,122,8,0,130,147,10,0,157,252,15,0,267,352,24,0,376
26573,104,"ŞCOALA GIMNAZIALĂ NR. 11",ORADEA,BH,1332,11,0,0,11,73,0,0,73,117,0,0,117,124,6,0,130,228,8,0,236,283,11,0,294
26573,105,"ŞCOALA GIMNAZIALĂ NR. 11",ORADEA,BH,821,10,0,0,10,45,0,0,45,69,0,0,69,78,0,0,78,142,2,0,144,175,5,0,180
26573,106,"ŞCOALA GIMNAZIALĂ NR. 11",ORADEA,BH,1378,21,0,0,21,76,0,0,76,117,2,0,119,125,2,0,127,228,5,0,233,307,6,0,313
26573,107,"GRĂDINIŢA CU PROGRAM PRELUNGIT NR. 41",ORADEA,BH,1780,25,2,0,27,95,4,0,99,137,4,0,141,157,4,0,161,244,4,0,248,332,8,0,340
26573,108,"GRĂDINIŢA CU PROGRAM PRELUNGIT NR. 41",ORADEA,BH,1721,22,0,0,22,87,7,0,94,130,11,0,141,145,11,0,156,278,21,0,299,347,27,0,374
26573,109,"ŞCOALA GIMNAZIALĂ""ION BOGDAN""",ORADEA,BH,1875,38,2,0,40,180,3,0,183,290,6,0,296,324,6,0,330,493,11,0,504,577,12,2,591
26573,110,"ŞCOALA GIMNAZIALĂ""ION BOGDAN""",ORADEA,BH,1927,50,1,0,51,178,7,0,185,263,17,0,280,289,20,0,309,475,41,0,516,592,50,0,642
26573,111,"GRĂDINIȚA ”WALDORF ” ( FOSTĂ ŞCOALA GIMNAZIALĂ ""DACIA"")",ORADEA,BH,1247,27,1,0,28,97,3,0,100,137,5,49,191,153,8,49,210,272,19,49,340,363,24,49,436
26573,112,"GRĂDINIȚA ”WALDORF ” ( FOSTĂ ŞCOALA GIMNAZIALĂ ""DACIA"")",ORADEA,BH,1583,15,0,0,15,96,3,0,99,137,4,1,142,157,6,1,164,285,12,1,298,335,17,1,353
26573,113,"GRĂDINIȚA CU PROGRAM PRELUNGIT NR. 23",ORADEA,BH,1088,11,3,0,14,49,5,104,158,86,10,104,200,93,10,104,207,153,14,104,271,195,18,104,317
26573,114,"GRĂDINIȚA CU PROGRAM PRELUNGIT NR. 23",ORADEA,BH,1811,30,4,0,34,119,14,0,133,179,20,0,199,190,24,0,214,320,30,103,453,413,49,103,565
26573,115,"GRĂDINIŢA CU PROGRAM NORMAL NR. 16",ORADEA,BH,1858,58,22,0,80,148,66,0,214,197,73,13,283,231,80,13,324,383,90,14,487,473,107,14,594
26573,116,"UNIVERSITATEA DINORADEA FACULTATEA DE TEXTILE-PIELĂRIE",ORADEA,BH,1133,16,0,0,16,50,1,0,51,98,6,0,104,105,8,0,113,179,11,0,190,228,19,1,248
26573,117,"UNIVERSITATEA DINORADEA FACULTATEA DE TEXTILE-PIELĂRIE",ORADEA,BH,1037,10,3,0,13,63,8,0,71,81,9,0,90,91,9,0,100,171,14,0,185,218,15,0,233
26573,118,"LICEUL DE ARTE",ORADEA,BH,1059,10,0,0,10,71,4,16,91,100,8,16,124,110,8,16,134,165,14,16,195,193,36,18,247
26573,119,"PALATUL COPIILOR ŞI ELEVILOR",ORADEA,BH,1519,13,0,0,13,83,10,17,110,126,11,17,154,145,18,17,180,237,24,17,278,288,37,17,342
26573,120,"COLEGIUL NAŢIONAL ""MIHAI EMINESCU""",ORADEA,BH,1122,11,0,0,11,40,3,0,43,65,6,0,71,74,6,0,80,141,15,0,156,172,22,0,194
26573,121,"ŞCOALA GIMNAZIALĂ ""SZACSVAY IMRE""",ORADEA,BH,1376,16,3,0,19,89,5,0,94,127,5,0,132,141,9,0,150,245,12,36,293,288,13,36,337
26573,122,"LICEUL TEORETIC ""ADY ENDRE""",ORADEA,BH,1322,12,1,0,13,62,9,165,236,96,20,165,281,103,20,165,288,185,37,166,388,233,53,166,452
26573,123,"LICEUL REFORMAT ""LORANTFFY ZSUZSANNA""",ORADEA,BH,1501,18,1,0,19,79,25,211,315,112,33,213,358,125,35,213,373,218,55,213,486,270,65,214,549
26573,124,"COLEGIUL NAŢIONAL ""EMANUIL GOJDU""",ORADEA,BH,1226,10,0,0,10,55,2,0,57,92,5,0,97,105,5,0,110,176,6,0,182,230,8,0,238
26573,125,"COLEGIUL NAŢIONAL ""EMANUIL GOJDU""",ORADEA,BH,822,14,5,0,19,42,13,0,55,75,16,1,92,81,16,1,98,150,39,1,190,184,52,1,237
26573,126,"LICEUL TEORETIC”AUREL LAZĂR”",ORADEA,BH,1102,6,0,0,6,37,15,0,52,55,21,0,76,59,23,0,82,103,36,0,139,136,42,0,178
26573,127,"LICEUL GRECO-CATOLIC ”IULIU MANIU”",ORADEA,BH,1112,13,0,0,13,38,12,0,50,59,13,0,72,65,14,0,79,124,21,0,145,165,27,0,192
26573,128,"LICEUL GRECO-CATOLIC ”IULIU MANIU”",ORADEA,BH,1102,14,6,0,20,31,11,0,42,49,13,0,62,65,13,0,78,125,26,0,151,179,38,0,217
26573,129,"COLEGIUL NAŢIONAL ""IOSIF VULCAN""",ORADEA,BH,835,6,1,0,7,34,4,0,38,45,4,0,49,51,4,0,55,106,7,0,113,143,19,1,163
26573,130,"COLEGIUL NAŢIONAL ""IOSIF VULCAN""",ORADEA,BH,980,6,0,0,6,24,3,0,27,49,6,0,55,56,13,0,69,95,17,0,112,124,28,0,152
26573,131,"LICEUL TEORETIC GERMAN ""FRIEDRICH SCHILLER""",ORADEA,BH,912,16,0,0,16,46,9,0,55,67,9,0,76,79,9,0,88,122,11,0,133,154,14,0,168
26573,132,"LICEUL TEORETIC GERMAN ""FRIEDRICH SCHILLER""",ORADEA,BH,1550,9,4,0,13,52,5,0,57,89,5,0,94,101,5,0,106,200,7,0,207,244,8,0,252
26573,133,"LICEUL TEORETIC GERMAN ""FRIEDRICH SCHILLER""",ORADEA,BH,1013,6,7,0,13,48,12,0,60,78,14,0,92,83,15,0,98,149,19,0,168,184,20,0,204
26573,134,"LICEUL TEORETIC GERMAN ""FRIEDRICH SCHILLER""",ORADEA,BH,1015,17,4,0,21,53,7,0,60,90,9,0,99,94,11,0,105,172,25,0,197,207,31,0,238
26573,135,"COLEGIUL NAȚIONAL ""IOSIF VULCAN""",ORADEA,BH,1719,14,3,0,17,96,17,0,113,153,30,0,183,175,37,0,212,285,70,0,355,375,98,0,473
26573,136,"COLEGIUL NAȚIONAL ""IOSIF VULCAN""",ORADEA,BH,1310,13,9,0,22,72,14,0,86,120,15,0,135,138,17,0,155,242,21,0,263,311,35,0,346
26573,137,"COLEGIUL NAȚIONAL ""IOSIF VULCAN""",ORADEA,BH,1151,15,4,0,19,76,6,0,82,120,7,0,127,130,8,0,138,209,13,0,222,267,31,0,298
26573,138,"COLEGIUL NAȚIONAL ""IOSIF VULCAN""",ORADEA,BH,1044,13,0,0,13,57,0,0,57,69,2,0,71,78,2,0,80,167,4,0,171,209,12,0,221
26573,139,"ŞCOALA GIMNAZIALĂ ""AVRAM IANCU""",ORADEA,BH,1132,23,0,0,23,94,1,0,95,142,1,0,143,170,8,0,178,290,12,0,302,346,14,0,360
26573,140,"ŞCOALA GIMNAZIALĂ ""AVRAM IANCU""",ORADEA,BH,1042,29,8,0,37,70,10,0,80,106,14,0,120,124,15,0,139,240,21,0,261,311,25,0,336
26573,141,"GRĂDINIŢA CU PROGRAM PRELUNGIT NR. 44",ORADEA,BH,1566,48,4,0,52,141,11,0,152,210,23,0,233,243,23,0,266,420,39,2,461,505,60,2,567
26573,142,"GRĂDINIŢA CU PROGRAM PRELUNGIT NR. 44",ORADEA,BH,1740,24,5,0,29,122,6,0,128,172,7,0,179,197,7,0,204,371,21,1,393,494,29,1,524
26573,143,"IMPRIMERIA DE VEST",ORADEA,BH,1863,24,4,0,28,123,10,0,133,195,12,0,207,218,13,0,231,353,26,1,380,460,41,1,502
26813,144,"PRIMĂRIA MUNICIPIULUI BEIUŞ",BEIUŞ,BH,1349,21,2,0,23,68,7,0,75,93,15,1,109,122,19,1,142,277,44,1,322,362,60,1,423
26813,145,"LICEUL PEDAGOGIC",BEIUŞ,BH,1294,15,5,0,20,63,14,0,77,110,18,0,128,126,20,0,146,295,34,0,329,370,45,1,416
26813,146,"GRĂDINIŢA CU PROGRAM PRELUNGIT",BEIUŞ,BH,1219,12,1,0,13,55,8,0,63,98,15,27,140,114,16,27,157,224,23,27,274,297,34,30,361
26813,147,"COLEGIUL TEHNIC ""IOAN CIORDAŞ""",BEIUŞ,BH,1227,14,3,0,17,70,6,0,76,97,6,0,103,119,7,0,126,245,9,0,254,317,24,5,346
26813,148,"ŞCOALA GIMNAZIALĂ ""NICOLAE POPOVICIU""",BEIUŞ,BH,1473,19,0,0,19,75,20,0,95,118,21,3,142,162,23,3,188,342,36,3,381,455,54,3,512
26813,149,"GRĂDINIŢA "" FLOARE DE COLŢ""",BEIUŞ,BH,1308,26,3,0,29,87,9,0,96,126,12,0,138,155,13,0,168,266,23,0,289,347,25,0,372
26813,150,"BLOC PARTER",BEIUŞ,BH,1171,24,0,0,24,57,6,0,63,113,9,0,122,132,9,0,141,268,21,0,289,350,33,0,383
26822,151,"CĂMINUL CULTURAL",DELANI,BH,295,4,0,0,4,6,0,0,6,16,0,0,16,31,0,0,31,84,7,0,91,121,11,1,133
26886,152,"COLEGIUL NAŢIONAL""OCTAVIANGOGA""",MARGHITA,BH,1542,13,2,1,16,38,5,1,44,51,6,1,58,71,6,1,78,160,12,1,173,262,17,1,280
26886,153,"COLEGIUL NAŢIONAL ""OCTAVIAN GOGA""",MARGHITA,BH,1481,13,1,0,14,33,1,0,34,50,1,0,51,81,2,0,83,219,9,0,228,269,10,0,279
26886,154,"COLEGIUL NAŢIONAL ""OCTAVIAN GOGA""",MARGHITA,BH,1325,12,0,0,12,35,0,0,35,53,0,0,53,64,2,0,66,154,14,0,168,204,18,0,222
26886,155,"COLEGIUL NAŢIONAL ""OCTAVIAN GOGA""",MARGHITA,BH,1228,12,0,0,12,52,5,0,57,77,7,0,84,88,8,0,96,174,10,0,184,225,12,0,237
26886,156,"COLEGIUL NAŢIONAL ""OCTAVIAN GOGA""",MARGHITA,BH,1345,16,0,0,16,48,1,0,49,67,2,0,69,83,4,0,87,173,7,0,180,231,7,0,238
26886,157,"PRIMĂRIA MUNICIPIULUI MARGHITA",MARGHITA,BH,1282,5,5,0,10,33,10,0,43,57,10,0,67,72,10,0,82,134,12,0,146,174,14,0,188
26886,158,"CLUBUL COPIILOR",MARGHITA,BH,1331,14,0,0,14,45,0,0,45,63,2,2,67,76,5,2,83,147,9,2,158,181,11,2,194
26886,159,"LICEUL TEORETIC ""HORVÁTHJÁNOS""",MARGHITA,BH,1381,15,3,0,18,59,5,0,64,85,8,2,95,107,8,2,117,210,16,2,228,261,18,2,281
26886,160,"GRĂDINIŢA CU PROGRAM PRELUNGIT NR.4",MARGHITA,BH,1074,7,3,0,10,19,3,0,22,23,4,0,27,31,4,0,35,78,6,0,84,111,12,0,123
26886,161,"GRĂDINIŢA CU PROGRAM PRELUNGIT NR.4",MARGHITA,BH,1338,8,0,0,8,31,0,0,31,51,1,0,52,61,1,0,62,150,2,0,152,237,4,0,241
26895,162,"ŞCOALA CU CLASELEI-VIII CHEŢ",CHEŢ,BH,914,5,2,0,7,21,2,0,23,42,3,0,45,55,3,0,58,122,8,0,130,214,8,0,222
26902,163,"ŞCOALA CU CLASELE I-VIII GHENETEA",GHENETEA,BH,593,2,1,0,3,10,4,0,14,17,6,0,23,25,7,0,32,87,11,0,98,111,17,0,128
26984,164,"FOSTUL MAGAZIN WAGNER",SALONTA,BH,1486,9,1,0,10,40,4,0,44,73,4,0,77,86,4,0,90,139,4,0,143,177,8,0,185
26984,165,"GRĂDINIȚA FLOAREA SOARELUI",SALONTA,BH,1555,6,1,0,7,33,2,0,35,59,2,0,61,68,3,0,71,115,6,0,121,148,8,37,193
26984,166,"LICEUL TEORETIC ARANY JANOS",SALONTA,BH,1163,6,3,0,9,32,3,0,35,43,6,11,60,62,8,11,81,103,9,11,123,127,12,11,150
26984,167,"GRĂDINIȚA CURCUBEU",SALONTA,BH,807,2,5,0,7,10,6,0,16,13,6,0,19,17,6,0,23,37,8,0,45,46,8,0,54
26984,168,"CASA DE CULTURĂZILAHY LAJOS",SALONTA,BH,1451,10,0,0,10,49,7,0,56,67,9,0,76,77,9,0,86,140,10,0,150,183,13,0,196
26984,169,"GRĂDINIȚA TOLDI",SALONTA,BH,1128,4,0,0,4,29,3,0,32,45,11,0,56,60,12,0,72,123,18,0,141,154,43,0,197
26984,170,"COLEGIUL NAȚIONALTEODOR NEŞ",SALONTA,BH,779,3,0,0,3,22,2,0,24,34,3,0,37,41,4,0,45,74,9,0,83,94,12,0,106
26984,171,"GRĂDINIȚA URSULEȚ",SALONTA,BH,1352,16,4,0,20,49,8,0,57,76,8,0,84,106,8,0,114,171,8,0,179,212,8,0,220
26984,172,"GRĂDINIȚA URSULEȚ",SALONTA,BH,609,3,0,0,3,18,0,0,18,34,0,0,34,38,1,0,39,65,2,0,67,82,3,0,85
26984,173,"CASA SFÂNTUL ANTON",SALONTA,BH,481,6,4,0,10,20,4,0,24,34,5,0,39,42,5,0,47,68,5,0,73,81,5,0,86
26984,174,"ȘCOALA GENERALĂ",SALONTA,BH,1118,12,0,0,12,42,0,0,42,60,3,0,63,67,3,0,70,120,9,0,129,171,14,0,185
26984,175,"GRĂDINIȚA FLUIERAȘUL FERMECAT",SALONTA,BH,1621,4,0,0,4,40,0,0,40,57,0,0,57,78,0,0,78,184,7,0,191,234,9,0,243
26984,176,"LICEUL TEHNOLOGIC NR.1",SALONTA,BH,825,12,2,0,14,17,2,0,19,33,2,0,35,36,2,0,38,96,5,0,101,114,6,0,120
26984,177,"GRĂDINIȚA PRICHINDEL",SALONTA,BH,826,4,0,0,4,18,1,0,19,30,3,0,33,42,4,0,46,86,6,0,92,116,8,0,124
26984,178,"ȘCOALA GENERALĂ FÜVESKERT",SALONTA,BH,774,5,2,0,7,33,3,0,36,48,4,0,52,67,4,0,71,128,6,0,134,169,8,0,177
26706,179,"PRIMĂRIA ALEȘD- SALA MARE",ALEŞD,BH,1314,20,0,0,20,69,8,0,77,123,11,44,178,144,13,44,201,305,22,44,371,376,42,44,462
26706,180,"LICEUL TEORETIC CONSTANTIN ȘERBAN",ALEŞD,BH,1457,17,1,0,18,99,11,0,110,128,13,0,141,157,13,0,170,272,22,0,294,343,30,0,373
26706,181,"COLEGIUL TEHNIC ALEXANDRU ROMAN",ALEŞD,BH,1529,28,2,0,30,74,8,0,82,106,12,0,118,117,14,0,131,271,27,1,299,344,31,1,376
26706,182,"GRĂDINIȚA CU PROGRAM NORMAL NR. 1",ALEŞD,BH,1208,18,0,0,18,78,5,0,83,127,7,0,134,146,9,0,155,325,20,0,345,392,31,0,423
26706,183,"CENTRUL MULTIFUNCȚIONAL",ALEŞD,BH,1041,1,0,0,1,31,0,0,31,135,4,0,139,141,4,0,145,272,8,0,280,430,16,0,446
26724,184,"ȘCOALA GIMNAZIALĂ NR. 1",PEŞTIŞ,BH,1119,33,5,0,38,100,9,0,109,140,15,0,155,174,15,0,189,338,21,0,359,473,30,3,506
26733,185,"GRĂDINIȚA CU PROGRAM NORMAL NR. 4",TINĂUD,BH,653,31,4,0,35,132,10,0,142,182,16,0,198,210,16,0,226,322,29,0,351,366,37,0,403
26715,186,"ȘCOALA PRIMARĂ NR. 2","PĂDUREA NEAGRĂ",BH,596,5,0,0,5,14,0,0,14,20,0,0,20,23,0,0,23,63,4,0,67,95,7,0,102
26939,187,"ŞCOALA GIMNAZIALĂ NR. 1 NUCET",NUCET,BH,1229,12,0,0,12,70,15,0,85,117,22,1,140,137,32,1,170,333,82,1,416,487,99,44,630
26948,188,"CĂMINUL CULTURAL BĂIŢA",BĂIŢA,BH,524,11,0,0,11,34,1,0,35,56,7,1,64,63,8,1,72,140,33,1,174,209,76,44,329
30933,189,"ŞCOALA GENERALĂ",CADEA,BH,932,932,1,0,933,2,0,0,2,5,0,0,5,14,0,0,14,30,0,0,30,35,0,0,35
30951,190,"ŞCOALA GENERALĂ",CUBULCUT,BH,696,0,0,0,0,2,0,0,2,2,0,0,2,4,0,0,4,17,0,0,17,31,1,0,32
30960,191,"ŞCOALA GENERALĂ",OLOSIG,BH,439,2,1,0,3,6,1,0,7,8,2,0,10,10,3,0,13,20,3,0,23,26,6,0,32
30979,192,"ŞCOALA GENERALĂ","SÂNNICOLAU DE MUNTE",BH,706,0,2,0,2,7,2,0,9,9,2,0,11,13,2,0,15,56,5,0,61,91,6,0,97
30924,193,"ȘCOALA CU CLASELE I-IV",SĂCUENI,BH,1144,8,1,0,9,16,2,0,18,27,2,0,29,35,2,0,37,61,3,0,64,104,7,0,111
30924,194,"GRĂDINIȚA ȘI ȘCOALA CU CLASELE I-IV",SĂCUENI,BH,1391,0,0,0,0,11,0,0,11,15,0,0,15,16,0,0,16,37,0,0,37,91,4,0,95
30924,195,"GRĂDINIȚĂ CU PROGRAM PRELUNGIT",SĂCUENI,BH,1213,3,0,0,3,17,3,0,20,36,4,0,40,41,5,0,46,90,6,0,96,124,8,0,132
30924,196,"GRĂDINIȚA DE LA LOCUL DE CASĂ",SĂCUENI,BH,925,2,0,0,2,15,3,0,18,20,4,0,24,22,4,0,26,50,4,0,54,63,4,0,67
30924,197,"CLĂDIREA MUZEULUI",SĂCUENI,BH,1486,10,0,0,10,28,2,0,30,41,4,0,45,50,4,0,54,95,12,0,107,122,16,0,138
30942,198,"CLUBUL TINERETULUI",CIOCAIA,BH,776,2,0,0,2,14,1,0,15,22,4,0,26,29,4,0,33,76,7,0,83,92,10,0,102
26859,199,"CASA DE CULTURĂ „MIRON POMPILIU” ŞTEI",ŞTEI,BH,1137,12,7,0,19,42,8,9,59,74,11,9,94,100,12,9,121,200,22,9,231,251,41,9,301
26859,200,"ŞCOALA GIMNAZIALĂ CU CLASELE I-VIII „MIRON POMPILIU” ŞTEI - ŞCOALA MICĂ",ŞTEI,BH,1014,21,2,0,23,66,3,0,69,88,3,100,191,96,3,100,199,197,4,100,301,274,8,100,382
26859,201,"COLEGIUL TEHNIC„UNIREA” ŞTEI",ŞTEI,BH,1267,28,2,0,30,70,4,0,74,102,5,0,107,123,6,0,129,236,18,1,255,307,26,1,334
26859,202,"COLEGIUL TEHNIC „UNIREA” ŞTEI - ŞCOALA DE ŞOFERI",ŞTEI,BH,1376,14,0,0,14,56,3,0,59,96,3,0,99,120,3,0,123,237,10,0,247,296,14,0,310
26859,203,"ŞCOALA GIMNAZIALĂ CU CLASELE I-VIII „MIRON POMPILIU” ŞTEI",ŞTEI,BH,1299,15,3,0,18,88,4,0,92,129,5,93,227,158,5,93,256,316,8,93,417,395,15,93,503
32036,204,"ŞCOALA GIMNAZIALĂ VALEA LUI MIHAI","VALEA LUI MIHAI",BH,1280,10,3,0,13,34,4,0,38,43,4,0,47,52,5,0,57,119,9,0,128,155,9,0,164
32036,205,"ŞCOALA GIMNAZIALĂ VALEA LUI MIHAI","VALEA LUI MIHAI",BH,1385,10,4,0,14,29,5,0,34,40,6,0,46,44,6,0,50,117,8,0,125,153,17,0,170
32036,206,"ŞCOALA GIMNAZIALĂ VALEA LUI MIHAI","VALEA LUI MIHAI",BH,1228,10,0,0,10,36,6,0,42,53,8,0,61,62,9,0,71,138,14,0,152,171,17,0,188
32036,207,"ŞCOALA GIMNAZIALĂ VALEA LUI MIHAI","VALEA LUI MIHAI",BH,1342,5,0,0,5,16,4,0,20,25,5,0,30,39,5,0,44,79,5,0,84,94,6,0,100
32036,208,"ŞCOALA GIMNAZIALĂ VALEA LUI MIHAI","VALEA LUI MIHAI",BH,1171,5,6,0,11,9,6,0,15,10,6,10,26,14,6,10,30,56,7,10,73,90,9,10,109
32036,209,"ŞCOALA GIMNAZIALĂ VALEA LUI MIHAI","VALEA LUI MIHAI",BH,1348,7,3,0,10,14,3,0,17,21,3,0,24,28,3,0,31,78,3,0,81,101,3,0,104
32036,210,"ŞCOALA GIMNAZIALĂ VALEA LUI MIHAI (GRĂDINIŢĂ)","VALEA LUI MIHAI",BH,1233,3,0,0,3,12,1,0,13,19,2,0,21,21,3,0,24,72,4,0,76,92,7,0,99
27016,211,"CASA DE CULTURĂ",VAŞCĂU,BH,1386,19,2,0,21,56,3,0,59,71,4,0,75,88,4,0,92,197,14,0,211,352,32,0,384
27025,212,"CĂMINUL CULTURAL",CÎMP,BH,195,4,2,0,6,8,3,0,11,12,4,0,16,12,4,0,16,28,5,0,33,61,10,0,71
27043,213,"CĂMINUL CULTURAL",COLEŞTI,BH,111,2,3,0,5,4,6,0,10,8,7,0,15,16,7,0,23,26,8,0,34,36,8,0,44
27052,214,"CĂMINUL CULTURAL","VĂRZARII DE JOS",BH,185,0,0,0,0,9,3,0,12,20,5,0,25,21,5,0,26,52,9,0,61,78,15,0,93
27061,215,"CĂMINUL CULTURAL","VĂRZARII DE SUS",BH,107,1,0,0,1,11,2,0,13,13,5,0,18,15,7,0,22,32,9,0,41,41,10,0,51
27034,216,ŞCOALAGENERALĂ,CÎMP-MOŢI,BH,44,0,0,0,0,2,0,0,2,2,0,0,2,2,0,0,2,5,0,0,5,8,8,0,16
27089,217,"PRIMĂRIA ABRAM",ABRAM,BH,777,10,1,0,11,24,1,0,25,34,1,0,35,46,1,0,47,125,2,0,127,157,4,0,161
27105,218,"CĂMIN CULTURAL",DIJIR,BH,239,3,2,0,5,9,6,0,15,14,11,0,25,19,11,0,30,56,13,0,69,78,16,0,94
27114,219,"CĂMIN CULTURAL",ITEU,BH,242,5,0,0,5,22,7,0,29,31,9,0,40,35,9,0,44,72,20,0,92,96,22,3,121
27141,220,"CĂMIN CULTURAL","SATU BARBĂ",BH,230,2,0,0,2,5,0,0,5,8,1,0,9,11,1,0,12,41,6,0,47,63,13,0,76
27123,221,"ȘCOALĂ PRIMARĂ","ITEU NOU",BH,121,1,0,0,1,11,0,0,11,12,0,0,12,16,0,0,16,31,2,0,33,41,4,0,45
27132,222,"ȘCOALĂ PRIMARĂ NR. 1",MARGINE,BH,410,2,1,0,3,20,4,0,24,33,8,2,43,74,8,2,84,132,14,2,148,228,28,2,258
27150,223,"ȘCOALĂ PRIMARĂ NR. 3",SUIUG,BH,467,2,0,0,2,8,4,0,12,19,6,0,25,25,7,0,32,87,12,0,99,122,16,0,138
27178,224,"ȘCOALA GENERALĂABRĂMUȚ",ABRĂMUŢ,BH,376,2,0,0,2,5,2,0,7,6,6,0,12,7,7,0,14,36,14,0,50,68,17,0,85
27187,225,"CĂMINUL CULTURAL CRESTUR",CRESTUR,BH,363,1,3,0,4,4,5,0,9,5,5,0,10,7,5,0,12,23,8,0,31,79,19,0,98
27196,226,"ȘCOALA GENERALĂ FĂNCICA",FĂNCICA,BH,275,3,0,0,3,4,0,0,4,10,0,0,10,17,0,0,17,52,5,0,57,69,7,0,76
27203,227,"GRĂDINIȚA CU PROGRAM NORMAL NR.1 PETREU",PETREU,BH,1415,3,0,0,3,18,3,0,21,32,5,0,37,41,5,0,46,140,10,0,150,211,19,0,230
26779,228,"CĂMIN CULTURAL",CHISTAG,BH,493,6,3,0,9,21,6,0,27,44,10,0,54,54,11,0,65,139,23,0,162,175,27,0,202
26751,229,"ȘCOALA GIMNAZIALĂ NR 1 AȘTILEU",AŞTILEU,BH,1280,13,0,0,13,48,3,0,51,71,3,0,74,89,4,0,93,239,12,0,251,346,20,0,366
26760,230,"ȘCOALA GIMNAZIALĂ NR 2 CĂLĂȚEA",CĂLĂŢEA,BH,297,13,0,0,13,53,5,5,63,69,5,5,79,79,6,5,90,140,15,5,160,182,17,5,204
26760,231,"BLOC CORNET",CĂLĂŢEA,BH,231,0,0,0,0,6,2,0,8,12,5,0,17,12,5,0,17,69,16,0,85,91,19,0,110
26788,232,"ȘCOALA PRIMARĂ NR 2 PEŞTERE",PEŞTERE,BH,693,17,4,0,21,56,7,0,63,83,7,0,90,120,9,0,129,284,16,0,300,333,18,2,353
27221,233,"PRIMĂRIA COMUNEI AUŞEU",AUŞEU,BH,785,15,3,0,18,43,5,0,48,62,5,0,67,93,6,0,99,197,15,0,212,253,28,0,281
27267,234,"ŞCOALA PRIMARĂ",GROŞI,BH,837,4,1,0,5,33,4,0,37,49,5,0,54,96,6,0,102,235,13,3,251,314,19,3,336
27276,235,"CĂMIN CULTURAL",LUNCŞOARA,BH,753,5,1,0,6,25,3,0,28,31,10,0,41,51,13,0,64,155,22,0,177,248,28,0,276
27294,236,"SALASPORT ȘCOALA","AVRAM IANCU",BH,1558,10,0,0,10,52,4,0,56,81,5,0,86,140,6,0,146,355,16,0,371,510,30,0,540
27301,237,"CĂMINUL CULTURAL",ANT,BH,161,0,1,0,1,3,2,0,5,5,5,0,10,5,5,0,10,9,12,0,21,10,14,0,24
27310,238,"ȘCOALA NOUĂ TĂMAȘDA",TĂMAŞDA,BH,911,8,1,0,9,37,2,0,39,69,6,0,75,80,6,0,86,191,7,0,198,299,13,0,312
27338,239,"CĂMINUL CULTURAL BALC",BALC,BH,1064,3,0,0,3,12,1,0,13,18,4,0,22,29,6,0,35,86,9,0,95,142,10,0,152
27347,240,"CĂMINUL CULTURAL ALMAŞU MARE","ALMAŞU MARE",BH,627,12,2,0,14,26,3,0,29,29,4,0,33,39,6,0,45,116,11,0,127,196,17,0,213
27356,241,"CĂMINUL CULTURAL ALMAŞU MIC","ALMAŞU MIC",BH,287,3,1,0,4,10,4,0,14,15,4,0,19,30,5,0,35,81,14,0,95,103,16,0,119
27374,242,"CĂMINUL CULTURALSĂLDĂBAGIU DE BARCĂU","SĂLDĂBAGIU DE BARCĂU",BH,436,3,0,0,3,11,2,0,13,17,6,0,23,26,6,0,32,94,13,2,109,163,18,2,183
27365,243,"CĂMINUL CULTURAL GHIDA",GHIDA,BH,125,1,2,0,3,11,6,0,17,16,8,0,24,21,11,0,32,36,13,0,49,46,15,0,61
27392,244,"ȘCOALA GIMNAZIALĂ NR.1 BATĂR",BATĂR,BH,1314,27,2,0,29,112,13,0,125,161,18,12,191,182,22,12,216,328,35,12,375,427,45,12,484
27409,245,"ȘCOALAGIMNAZIALĂ NR. 4 ARPĂȘEL",ARPĂŞEL,BH,736,4,2,0,6,8,2,0,10,15,2,0,17,22,5,0,27,41,5,0,46,58,5,0,63
27418,246,GRĂDINIȚATALPOȘ,TALPOŞ,BH,1314,80,3,0,83,194,15,0,209,251,18,0,269,282,22,0,304,439,30,0,469,495,35,0,530
27427,247,"GRĂDINIȚA CU PROGRAM NORMAL TĂUT",TĂUT,BH,753,27,12,0,39,108,21,0,129,161,30,9,200,196,35,9,240,284,41,9,334,366,52,9,427
27445,248,"ȘCOALA GENERALĂ CU CLASELE V-VIII GASPAR ANDRAS",BIHARIA,BH,1653,7,0,0,7,31,2,0,33,54,4,0,58,71,5,0,76,169,19,0,188,219,23,0,242
27445,249,"GRĂDINIȚA DE COPII BIHARIA",BIHARIA,BH,1554,10,1,0,11,35,2,0,37,56,4,0,60,78,5,0,83,159,11,0,170,227,13,0,240
27454,250,"ȘCOALA GENERALĂ CU CLASELE I-IV CAUACEU",CAUACEU,BH,641,1,0,0,1,7,0,0,7,15,0,0,15,19,2,0,21,81,10,0,91,113,13,0,126
27515,251,"ȘCOALA CU CLASELE I- IV, BOIANU-MARE","BOIANU MARE",BH,465,3,0,0,3,11,0,0,11,25,0,0,25,41,0,0,41,115,3,9,127,203,6,9,218
27542,252,"ȘCOALA CU CLASELE I- VIII ” ÎNVĂȚĂTOR GÂLGĂU IOSIF” PĂGAIA",PĂGAIA,BH,557,4,1,0,5,15,6,0,21,32,7,0,39,42,10,0,52,129,17,0,146,196,23,0,219
27579,253,"CĂMIN CULTURAL BOROD",BOROD,BH,1260,9,2,0,11,24,3,0,27,62,8,0,70,72,11,0,83,248,28,0,276,358,43,0,401
27588,254,"ŞCOALA CUCLASELE I-VIII",BOROZEL,BH,513,3,0,0,3,11,0,0,11,27,0,0,27,34,3,0,37,128,9,0,137,201,12,0,213
27597,255,"GRĂDINIȚA CETEA",CETEA,BH,185,0,0,0,0,9,7,0,16,11,8,0,19,14,12,0,26,72,28,0,100,91,32,0,123
27604,256,"ŞCOALA CUCLASELE I-IV",CORNIŢEL,BH,421,17,6,0,23,54,12,2,68,85,15,2,102,98,19,2,119,185,27,2,214,228,36,2,266
27622,257,"ȘCOALA CUCLASELE I-IV","VALEA MARE DE CRIŞ",BH,370,13,3,0,16,44,9,1,54,70,14,1,85,82,19,1,102,189,27,1,217,234,34,1,269
27613,258,"ȘCOALA CU CLASELE I-IV",ŞERANI,BH,103,0,2,0,2,6,5,0,11,8,6,0,14,8,6,0,14,26,13,0,39,28,14,0,42
27613,259,"ȘCOALACU CLASELE. I-VIII",ŞERANI,BH,230,1,4,0,5,3,4,0,7,7,6,0,13,8,9,0,17,49,16,0,65,62,20,0,82
27640,260,"LICEUL TECHNOLOGIC AGROINDUSTRIAL TAMASI ARON BORȘ",BORŞ,BH,1193,3,4,0,7,9,9,0,18,25,9,0,34,30,12,0,42,90,14,0,104,121,21,0,142
27677,261,"GRĂDINIȚA SÎNTION",SÂNTION,BH,1613,12,1,0,13,27,2,0,29,46,6,0,52,64,6,0,70,182,11,0,193,244,16,0,260
27659,262,"ȘCOALA GENERALĂ SANTĂUL MARE","SANTĂUL MARE",BH,325,0,2,0,2,5,5,0,10,9,8,14,31,17,9,14,40,31,15,14,60,35,21,14,70
27668,263,"ȘCOALA PRIMARĂ SANTĂUL MIC","SANTĂUL MIC",BH,475,5,0,0,5,24,9,0,33,33,10,0,43,34,10,0,44,61,11,0,72,75,13,0,88
27695,264,"CENTRUL DE INFORMARE TURISTICĂ BRATCA",BRATCA,BH,1218,32,3,0,35,100,17,10,127,150,23,11,184,186,24,11,221,357,47,11,415,450,61,11,522
27711,265,"CĂMINUL CULTURAL",BEZNEA,BH,1079,13,1,0,14,65,3,0,68,88,3,0,91,117,5,0,122,269,28,0,297,358,36,0,394
27702,266,"CĂMINUL CULTURAL",DAMIŞ,BH,458,2,5,0,7,9,9,0,18,18,11,0,29,29,11,0,40,124,23,0,147,146,26,0,172
27739,267,"CĂMINUL CULTURAL",PONOARĂ,BH,468,0,3,0,3,2,3,4,9,14,3,4,21,20,3,4,27,113,10,4,127,155,16,4,175
27720,268,"CĂMINUL CULTURAL",LORĂU,BH,365,6,2,0,8,20,3,2,25,25,3,2,30,35,3,2,40,89,9,2,100,122,12,2,136
27748,269,"CĂMINUL CULTURAL","VALEA CRIŞULUI",BH,364,8,0,0,8,30,1,0,31,40,3,0,43,44,3,0,47,139,13,0,152,174,17,0,191
27766,270,"CĂMINUL CULTURAL BRUSTURI",BRUSTURI,BH,946,6,2,0,8,28,8,0,36,51,17,0,68,65,18,0,83,166,28,0,194,265,49,0,314
27775,271,"ŞCOALA CUIEŞD",CUIEŞD,BH,386,0,0,0,0,3,2,0,5,9,2,0,11,20,4,0,24,63,18,0,81,108,22,0,130
27793,272,ŞCOALAORVIŞELE,ORVIŞELE,BH,321,6,5,0,11,17,8,0,25,30,10,0,40,41,14,0,55,102,25,0,127,118,29,0,147
27800,273,"CĂMINUL CULTURAL PĂULEȘTI",PĂULEŞTI,BH,250,3,0,0,3,8,0,0,8,12,10,0,22,13,10,0,23,32,14,0,46,64,28,0,92
27819,274,"CĂMINUL CULTURAL PICLEU",PICLEU,BH,729,4,3,0,7,18,9,2,29,44,12,2,58,58,12,2,72,141,33,2,176,191,41,2,234
27775,275,"ŞCOALAPRIMARĂ CUIEȘD",CUIEŞD,BH,269,3,1,0,4,7,2,0,9,13,3,0,16,14,5,0,19,38,12,0,50,75,21,0,96
27855,276,"CĂMINUL CULTURAL",BUDUREASA,BH,857,1,0,0,1,10,2,0,12,23,3,0,26,37,3,0,40,139,17,0,156,278,25,0,303
27855,277,"ȘCOALA I-IV BUDUREASA",BUDUREASA,BH,409,1,0,0,1,2,4,0,6,14,4,0,18,16,8,0,24,111,9,0,120,275,14,0,289
27864,278,"CĂMINUL CULTURAL",BURDA,BH,320,3,0,0,3,7,0,0,7,10,1,0,11,17,1,0,18,72,8,0,80,118,14,1,133
27873,279,"CĂMINUL CULTURAL",SACA,BH,176,5,0,0,5,9,2,0,11,19,3,0,22,25,6,0,31,42,9,0,51,89,9,0,98
27882,280,"CĂMINUL CULTURAL","SĂLIŞTE DE BEIUŞ",BH,208,0,0,0,0,5,0,0,5,8,0,0,8,10,0,0,10,37,4,0,41,71,5,0,76
27891,281,"CĂMINUL CULTURAL",TELEAC,BH,135,1,0,0,1,2,0,0,2,6,2,0,8,14,6,0,20,53,11,0,64,63,13,0,76
27917,282,"PRIMĂRIA BUDUSLĂU",BUDUSLĂU,BH,828,3,2,0,5,10,2,0,12,20,3,0,23,24,3,0,27,65,5,0,70,139,9,0,148
27926,283,"ŞCOALA GENERALĂ ALBIŞ",ALBIŞ,BH,793,3,2,0,5,13,2,0,15,20,4,0,24,21,4,0,25,68,4,0,72,97,6,0,103
27944,284,"PRIMĂRIA COMUNEI BULZ",BULZ,BH,696,3,0,0,3,23,1,0,24,41,5,0,46,70,8,0,78,178,27,0,205,233,37,0,270
27953,285,"ȘCOALA PRIMARĂ NR.3 MUNTENI",MUNTENI,BH,414,1,7,0,8,7,7,0,14,19,7,0,26,24,7,0,31,99,12,0,111,139,15,0,154
27962,286,"ȘCOALA GIMNAZIALĂ NR.2 REMEȚI",REMEŢI,BH,619,0,2,0,2,16,21,0,37,25,34,0,59,43,36,0,79,118,59,0,177,161,67,0,228
27980,287,"CĂMIN CULTURAL",BUNTEŞTI,BH,479,5,0,0,5,16,1,0,17,32,4,4,40,43,5,4,52,149,11,4,164,215,18,4,237
27999,288,GRĂDINIŢĂ,BRĂDET,BH,570,9,0,0,9,15,0,0,15,30,1,0,31,38,2,0,40,141,7,0,148,202,10,0,212
28004,289,"CĂMIN CULTURAL",DUMBRĂVANI,BH,244,1,0,0,1,6,0,0,6,13,0,0,13,18,1,0,19,57,6,1,64,85,8,1,94
28013,290,"ȘCOALA GIMNAZIALĂ FERICE",FERICE,BH,396,7,2,0,9,24,2,0,26,36,3,10,49,55,4,10,69,134,13,10,157,182,18,10,210
28022,291,"CĂMIN CULTURAL LELEȘTI",LELEŞTI,BH,332,4,3,0,7,13,3,0,16,26,4,7,37,33,6,7,46,107,16,7,130,156,20,7,183
28031,292,"ŞCOALA CU CLASELE I-VIII","POIENII DE JOS",BH,504,3,0,0,3,11,1,0,12,19,3,0,22,27,3,0,30,122,15,0,137,196,26,0,222
28040,293,"CĂMIN CULTURAL","POIENII DE SUS",BH,559,2,1,0,3,14,1,0,15,27,1,0,28,39,1,0,40,146,7,0,153,255,14,0,269
28059,294,"GRĂDINIŢA CU PROGRAM NORMAL",SĂUD,BH,354,3,0,0,3,35,2,0,37,48,3,4,55,72,6,4,82,141,10,4,155,198,16,4,218
28068,295,"ȘCOALA GIMNAZIALĂ NR.3",STÎNCEŞTI,BH,253,4,0,0,4,8,4,0,12,15,4,0,19,15,8,0,23,62,13,0,75,98,15,0,113
28086,296,"CĂMINUL CULTURAL",CĂBEŞTI,BH,740,11,0,0,11,21,3,0,24,30,4,0,34,45,4,0,49,165,13,0,178,215,20,0,235
28111,297,"ȘCOALA CU CLASELE. I-IV JOSANI",JOSANI,BH,392,3,1,0,4,11,3,0,14,19,5,0,24,23,5,0,28,66,7,8,81,123,14,8,145
28095,298,"CĂMINUL CULTURAL",GOILA,BH,152,5,2,0,7,11,2,0,13,14,3,0,17,15,3,0,18,37,3,0,40,48,7,0,55
28120,299,"CĂMINUL CULTURAL",SOHODOL,BH,243,4,2,0,6,9,4,0,13,10,6,0,16,14,6,0,20,39,9,0,48,60,14,0,74
28148,300,"PRIMĂRIA CĂPÎLNA",CĂPÎLNA,BH,256,5,4,0,9,42,19,0,61,63,35,15,113,73,38,15,126,116,60,15,191,138,71,16,225
28166,301,"ȘCOALA GENERALĂ",ROHANI,BH,88,7,3,0,10,16,7,0,23,17,8,0,25,19,8,0,27,29,11,0,40,35,17,6,58
28157,302,"ȘCOALA GENERALĂ",GINTA,BH,229,2,4,0,6,7,5,0,12,8,7,0,15,8,10,0,18,31,25,0,56,48,31,0,79
28184,303,"ȘCOALA GENERALĂ","SUPLACU DE TINCA",BH,326,2,3,0,5,5,4,0,9,12,5,0,17,13,5,0,18,66,18,17,101,127,31,17,175
28175,304,"GRĂDINIȚA SĂLDĂBAGIU MIC","SĂLDĂBAGIU MIC",BH,340,6,2,0,8,11,6,0,17,28,10,0,38,40,14,0,54,126,44,0,170,145,57,13,215
28200,305,"ȘCOALA PRIMARĂ NR.2 CĂRPINET",CĂRPINET,BH,442,8,1,0,9,27,5,0,32,38,13,0,51,47,17,0,64,138,21,0,159,183,27,0,210
28237,306,"CĂMIN CULTURAL CĂLUGĂRI",CĂLUGĂRI,BH,394,4,4,0,8,35,31,0,66,46,34,0,80,53,36,0,89,102,53,0,155,131,57,0,188
28219,307,"CĂMIN CULTURAL IZBUC",IZBUC,BH,407,3,1,0,4,9,1,0,10,16,3,0,19,31,4,0,35,98,5,0,103,142,8,0,150
28228,308,"GRĂDINIŢA CU PROGRAM NORMAL NR.4",LEHECENI,BH,311,3,1,0,4,13,5,0,18,22,6,0,28,26,6,0,32,68,10,0,78,116,17,0,133
28255,309,"CENTRUL DE AFACERI",CEFA,BH,1017,3,1,0,4,27,6,0,33,42,7,0,49,56,10,0,66,160,23,0,183,221,31,0,252
28264,310,GRĂDINIŢA,ATEAŞ,BH,158,0,0,0,0,4,0,0,4,7,5,0,12,14,6,0,20,41,14,0,55,59,21,0,80
28308,311,"CĂMIN CULTURAL",INAND,BH,735,10,4,0,14,27,7,0,34,36,9,0,45,54,12,0,66,120,23,0,143,151,29,0,180
28344,312,"PRIMĂRIA COMUNEI CEICA",CEICA,BH,766,11,1,0,12,64,2,1,67,97,5,1,103,131,6,1,138,243,24,1,268,311,35,2,348
28353,313,"ȘCOALA BUCIUM",BUCIUM,BH,175,3,0,0,3,20,1,0,21,47,5,0,52,50,7,0,57,73,20,0,93,88,23,0,111
28362,314,"ȘCOALA CEIȘOARA",CEIŞOARA,BH,462,8,0,0,8,22,0,0,22,47,5,0,52,54,6,0,60,121,12,0,133,231,20,0,251
28371,315,"ȘCOALA CORBEȘTI",CORBEŞTI,BH,376,2,1,0,3,13,5,0,18,31,7,0,38,42,8,0,50,136,26,0,162,156,33,0,189
28380,316,"ȘCOALA COTIGLET",COTIGLET,BH,324,5,7,0,12,33,8,0,41,72,13,0,85,84,14,0,98,151,27,0,178,179,32,12,223
28399,317,"CĂMIN CULTURALDUȘEȘTI",DUŞEŞTI,BH,420,17,2,0,19,55,7,0,62,84,13,0,97,100,16,0,116,186,29,3,218,232,39,3,274
28406,318,"ȘCOALA INCEȘTI",INCEŞTI,BH,293,5,1,0,6,21,5,0,26,47,16,0,63,57,19,0,76,114,36,0,150,141,42,0,183
28451,319,"ŞCOALA GENERALĂ",ŞIŞTEREA,BH,498,2,0,0,2,4,5,0,9,6,5,0,11,9,5,0,14,33,10,0,43,49,14,0,63
28460,320,"ŞCOALA GENERALĂ",ŞUŞTUROGI,BH,198,4,1,0,5,9,5,0,14,17,9,0,26,21,10,0,31,53,27,0,80,55,32,0,87
28424,321,"CĂMIN CULTURAL",CETARIU,BH,921,1,0,0,1,6,2,0,8,15,7,0,22,20,8,0,28,75,12,0,87,88,15,0,103
28479,322,"CĂMIN CULTURAL",TĂUTELEC,BH,195,1,0,0,1,5,1,0,6,5,1,0,6,6,4,0,10,27,7,0,34,28,12,0,40
28503,323,"ȘCOALA GIMNAZIALĂ ""BOCSKAI ISTVAN""",CHERECHIU,BH,577,1,0,0,1,1,0,0,1,4,0,0,4,7,0,0,7,28,0,0,28,58,5,0,63
28512,324,"ȘCOALA GIMNAZIALĂ "" BOCSKAI ISTVAN""",CHEŞEREU,BH,805,7,3,0,10,16,3,0,19,16,3,0,19,16,3,0,19,39,3,0,42,98,4,0,102
28521,325,"ȘCOALA GIMNAZIALĂ ""BOCSKAI ISTVAN""",TÎRGUŞOR,BH,443,3,0,0,3,7,5,0,12,11,5,0,16,15,8,0,23,21,8,0,29,54,10,0,64
28549,326,"ȘCOALA GIMNAZIALĂ CHIȘLAZ",CHIŞLAZ,BH,388,8,0,0,8,14,5,0,19,22,9,0,31,29,9,0,38,72,18,0,90,108,26,0,134
28558,327,"ȘCOALA PRIMARĂ CHIRALEU",CHIRALEU,BH,485,0,0,0,0,9,1,0,10,24,3,0,27,32,4,0,36,107,12,0,119,130,15,0,145
28576,328,"GRĂDINIȚA MIȘCA",MIŞCA,BH,767,12,0,0,12,32,3,0,35,51,5,0,56,60,6,0,66,141,11,0,152,286,15,0,301
28585,329,"ȘCOALA POCLUȘA DE BARCĂU","POCLUŞA DE BARCĂU",BH,309,3,1,0,4,5,3,0,8,7,3,0,10,8,3,0,11,28,5,0,33,49,6,0,55
28594,330,"CĂMINUL CULTURAL SĂRSIG",SĂRSIG,BH,251,2,2,0,4,4,2,0,6,10,2,0,12,20,9,0,29,52,13,0,65,90,14,0,104
28601,331,"FOSTA ȘCOALĂ PRIMARĂ SÎNLAZĂR",SÎNLAZĂR,BH,333,7,1,0,8,22,2,0,24,23,3,0,26,31,7,0,38,84,15,0,99,106,18,0,124
28674,332,"PRIMĂRIA COMUNEI CIUMEGHIU",CIUMEGHIU,BH,1487,5,1,0,6,16,2,0,18,25,3,0,28,31,4,0,35,137,20,0,157,292,33,0,325
28683,333,"GRĂDINIȚA DIN SATULBOIU",BOIU,BH,592,8,4,0,12,26,9,0,35,34,10,0,44,41,11,0,52,123,21,0,144,169,23,0,192
28692,334,"ȘCOALA GENERALĂ GHIORAC",GHIORAC,BH,1311,7,1,0,8,22,5,0,27,28,5,0,33,42,8,0,50,124,24,0,148,164,28,0,192
28718,335,"CĂMINUL CULTURAL CÎMPANI",CÎMPANI,BH,698,10,0,0,10,17,0,0,17,30,2,0,32,35,2,0,37,130,6,0,136,221,17,0,238
28727,336,"ŞCOALA PRIMARĂ FÎNAŢE",FÎNAŢE,BH,510,11,1,0,12,31,1,0,32,61,1,0,62,72,1,0,73,164,3,0,167,238,13,0,251
28736,337,"ŞCOALA PRIMARĂ HÎRSEŞTI",HÎRSEŞTI,BH,274,5,2,0,7,14,5,0,19,19,6,0,25,30,6,0,36,85,11,0,96,125,16,0,141
28745,338,"ŞCOALA PRIMARĂ SIGHIŞTEL",SIGHIŞTEL,BH,264,7,3,0,10,25,9,0,34,41,10,0,51,53,10,0,63,115,17,0,132,144,21,0,165
28754,339,"ŞCOALA PRIMARĂ VALEA DE SUS","VALEA DE SUS",BH,244,7,1,0,8,31,4,0,35,35,4,0,39,41,4,0,45,130,12,0,142,161,20,0,181
28772,340,"CĂMINUL CULTURAL","COCIUBA MARE",BH,741,6,2,0,8,34,6,0,40,38,10,0,48,61,12,0,73,164,22,30,216,238,34,30,302
28790,341,"CĂMINUL CULTURAL",CHEŞA,BH,462,5,1,0,6,32,8,0,40,42,13,12,67,54,13,12,79,174,23,12,209,242,55,12,309
28781,342,"CĂMINUL CULTURAL",CĂRĂSĂU,BH,594,9,0,0,9,55,5,36,96,81,9,36,126,92,10,36,138,181,23,36,240,234,32,36,302
28807,343,"GRĂDINIȚA PETID",PETID,BH,506,13,0,0,13,42,3,21,66,55,3,22,80,75,10,22,107,161,20,22,203,249,42,22,313
28834,344,"ȘCOALA GIMNAZIALĂ NR.2",BUCUROAIA,BH,270,9,1,0,10,36,6,0,42,50,12,0,62,71,12,0,83,128,29,0,157,147,33,0,180
28843,345,"CĂMIN CULTURAL",CHIJIC,BH,214,5,2,0,7,17,6,0,23,22,8,0,30,32,13,0,45,67,25,0,92,83,33,0,116
28870,346,"CĂMIN CULTURAL",SURDUC,BH,329,6,3,0,9,17,7,0,24,30,14,0,44,44,19,0,63,72,37,0,109,103,49,0,152
28825,347,"GRĂDINIȚĂ CU PROGRAM NORMAL NR.3",COPĂCEL,BH,336,20,7,0,27,60,21,0,81,77,25,0,102,89,33,0,122,119,49,0,168,152,57,0,209
28852,348,"ȘCOALA PRIMARĂ NR.4","POIANA TĂŞAD",BH,122,3,4,0,7,12,5,0,17,14,7,0,21,14,8,0,22,37,9,0,46,44,15,0,59
28861,349,"ȘCOALA PRIMARĂ NR.1",SĂRAND,BH,407,6,2,0,8,18,4,0,22,33,12,13,58,43,18,13,74,96,42,13,151,133,48,13,194
28898,350,"CĂMINUL CULTURAL","CRIŞTIORU DE JOS",BH,288,6,0,0,6,10,2,1,13,13,4,1,18,15,4,1,20,77,14,1,92,110,18,1,129
28914,351,"CĂMINUL CULTURAL","CRIŞTIORU DE SUS",BH,73,2,0,0,2,5,1,0,6,8,2,0,10,9,2,0,11,12,4,0,16,14,5,0,19
28923,352,"CĂMINUL CULTURAL",POIANA,BH,399,11,1,0,12,26,4,0,30,35,4,0,39,43,8,0,51,123,11,0,134,151,15,0,166
28932,353,"ȘCOALA GIMNAZIALĂ NR. 1 SĂLIȘTE DE VAȘCĂU","SĂLIŞTE DE VAŞCĂU",BH,334,3,0,0,3,12,0,0,12,17,1,0,18,20,1,0,21,57,6,0,63,82,10,0,92
28950,354,"ŞCOALA GIMNAZIALĂ NR.1 CURĂŢELE",CURĂŢELE,BH,657,4,0,0,4,10,0,0,10,21,5,0,26,40,6,0,46,122,13,0,135,172,16,0,188
28969,355,"ŞCOALA GENERALĂ CU CLASELE I-IV BEIUŞELE",BEIUŞELE,BH,367,2,0,0,2,8,2,0,10,18,4,0,22,24,4,0,28,80,6,0,86,133,11,0,144
28978,356,"ŞCOALA GENERALĂ CU CLASELE I-IV CRESUIA",CRESUIA,BH,362,2,1,0,3,7,3,0,10,13,3,0,16,22,3,0,25,82,3,0,85,112,5,0,117
28987,357,"CĂMIN CULTURAL NIMĂIEŞTI",NIMĂIEŞTI,BH,679,3,0,0,3,24,1,0,25,33,2,0,35,57,3,0,60,166,14,0,180,252,21,0,273
29010,358,"ŞCOALA GENERALĂ CU CLASELE I-VIIINR. 542",CURTUIŞENI,BH,1016,2,2,0,4,14,5,0,19,18,8,0,26,26,8,0,34,63,11,0,74,77,11,0,88
29010,359,"PRIMĂRIA CURTUIŞENI",CURTUIŞENI,BH,1265,4,5,0,9,14,5,0,19,14,6,0,20,16,7,0,23,63,9,0,72,90,10,0,100
29029,360,"ŞCOALA GENERALĂ CU CLASELE I-VIII NR. 24",VĂŞAD,BH,679,6,4,0,10,9,5,0,14,28,7,0,35,44,10,0,54,115,23,0,138,146,31,0,177
29047,361,"PRIMĂRIA DERNA",DERNA,BH,742,13,5,0,18,22,5,0,27,26,5,0,31,35,6,0,41,132,10,0,142,184,24,0,208
29056,362,"ȘCOALA GIMNAZIALĂ NR.2",DERNIŞOARA,BH,427,14,1,0,15,31,2,0,33,59,2,0,61,91,3,0,94,158,15,0,173,221,30,0,251
29065,363,"ȘCOALA PRIMARĂ NR.1",SACALASĂU,BH,432,1,0,0,1,14,3,0,17,20,8,0,28,30,12,0,42,93,21,0,114,127,23,0,150
29074,364,"ȘCOALA PRIMARĂ NR.2","SACALASĂU NOU",BH,223,0,0,0,0,2,2,0,4,2,2,0,4,3,7,0,10,32,7,0,39,36,9,0,45
29083,365,"GRĂDINIȚA CU PROGRAM NORMAL NR.3",TRIA,BH,247,8,3,0,11,18,3,0,21,18,4,0,22,20,4,0,24,60,14,0,74,83,20,0,103
29109,366,"PRIMĂRIA COMUNEI DIOSIG",DIOSIG,BH,989,1,1,0,2,15,7,0,22,21,10,0,31,26,12,0,38,76,15,0,91,113,19,0,132
29109,367,"ŞCOALAGIMNAZIALĂNR.1DIOSIG,",DIOSIG,BH,953,1,0,0,1,7,4,0,11,8,6,0,14,8,6,0,14,46,8,0,54,52,8,0,60
29109,368,"ŞCOALA GIMNAZIALĂ NR.1 DIOSIG",DIOSIG,BH,954,3,5,0,8,13,5,0,18,16,5,0,21,32,6,0,38,71,6,0,77,88,8,0,96
29109,369,"ŞCOALA GIMNAZIALĂ NR.1 DIOSIG",DIOSIG,BH,1308,15,1,0,16,46,4,0,50,71,9,0,80,93,9,0,102,210,32,0,242,277,42,0,319
29109,370,"ŞCOALA GIMNAZIALĂ NR.1 DIOSIG",DIOSIG,BH,1069,1,3,0,4,6,4,0,10,13,5,0,18,14,9,0,23,34,9,0,43,102,12,0,114
29109,371,"ŞCOALA GIMNAZIALĂ NR.1 DIOSIG",DIOSIG,BH,227,0,0,0,0,1,8,0,9,3,10,0,13,4,10,0,14,17,14,0,31,20,21,0,41
29163,372,"CĂMINUL CULTURAL DOBREŞTI",DOBREŞTI,BH,1528,50,1,0,51,105,8,0,113,144,17,13,174,187,19,13,219,418,34,13,465,583,37,14,634
29207,373,"CĂMINUL CULTURAL LUNCASPRIE",LUNCASPRIE,BH,794,27,0,0,27,58,2,0,60,103,7,0,110,137,9,0,146,253,16,0,269,323,18,2,343
29190,374,"CĂMINUL CULTURAL HIDIŞEL",HIDIŞEL,BH,552,8,2,0,10,37,6,0,43,52,7,0,59,69,7,0,76,178,24,0,202,255,37,0,292
29181,375,"CĂMINUL CULTURAL CRINCEŞTI",CRÎNCEŞTI,BH,340,8,2,0,10,45,5,0,50,65,6,0,71,73,9,0,82,133,18,0,151,177,24,0,201
29172,376,"CĂMINUL CULTURAL CORNIŞEŞTI",CORNIŞEŞTI,BH,172,5,0,0,5,12,4,0,16,25,7,0,32,35,7,0,42,58,19,0,77,68,22,0,90
29225,377,"ŞCOALAS04TOPA DE JOS","TOPA DE JOS",BH,151,2,0,0,2,10,3,0,13,15,4,0,19,18,4,0,22,52,12,0,64,69,18,0,87
29234,378,"CĂMINUL CULTURAL TOPA DE SUS","TOPA DE SUS",BH,484,12,2,0,14,34,6,10,50,46,10,10,66,60,10,10,80,160,24,10,194,225,30,10,265
29252,379,"PRIMARIA DRAGANESTI",DRĂGĂNEŞTI,BH,371,12,0,0,12,36,0,0,36,42,0,0,42,46,0,0,46,92,3,0,95,151,6,0,157
29261,380,"SCOALA PRIMARA BELEJENI",BELEJENI,BH,256,10,0,0,10,20,2,0,22,26,2,0,28,32,2,0,34,105,6,0,111,151,8,0,159
29270,381,"SCOALA MAGHIARAGRADINARI",GRĂDINARI,BH,387,3,1,0,4,5,1,0,6,14,1,0,15,18,1,0,19,63,2,0,65,99,9,0,108
29289,382,"SCOALA PRIMARA LIVADA","LIVADA BEIUŞULUI",BH,110,2,0,0,2,9,0,0,9,18,0,0,18,22,0,0,22,50,2,0,52,61,4,0,65
29298,383,"FOSTUL SFAT POPULARMIZIES",MIZIEŞ,BH,437,8,2,0,10,14,4,0,18,21,5,0,26,27,6,0,33,76,11,0,87,116,13,0,129
29305,384,"CAMINUL CULTURAL PANTASESTI",PĂNTĂŞEŞTI,BH,115,2,1,0,3,7,1,0,8,10,1,0,11,16,1,0,17,48,5,0,53,69,7,0,76
29314,385,SCOALASEBIS,ŞEBIŞ,BH,257,7,0,0,7,21,5,0,26,33,5,0,38,45,5,0,50,87,11,0,98,121,18,0,139
29323,386,"SCOALA PRIMARA TALPE",TALPE,BH,203,4,0,0,4,11,0,0,11,15,0,0,15,20,0,0,20,43,5,0,48,64,6,0,70
29332,387,"CAMINUL CULTURAL TIGANESTI","ŢIGĂNEŞTII DE BEIUŞ",BH,120,0,0,0,0,11,1,0,12,17,1,0,18,18,1,0,19,44,1,0,45,69,2,0,71
32219,388,"CAMINUL CULTURAL PACALESTI",PĂCĂLEŞTI,BH,169,2,0,0,2,16,0,0,16,19,0,0,19,30,1,0,31,75,4,0,79,100,8,0,108
29350,389,"PRIMĂRIA DRĂGEŞTI",DRĂGEŞTI,BH,279,2,0,0,2,18,3,0,21,22,3,0,25,28,7,0,35,51,16,0,67,70,27,0,97
29369,390,"CĂMINUL CULTURAL",DICĂNEŞTI,BH,220,2,4,0,6,8,6,0,14,23,9,0,32,27,10,0,37,89,28,0,117,97,32,0,129
29378,391,"ŞCOALA CU CLASELE I-IV",STRACOŞ,BH,176,3,1,0,4,10,2,0,12,12,4,0,16,16,5,0,21,38,14,0,52,52,15,0,67
29387,392,"ŞCOALA CU CLASELE I-VIII",TĂŞAD,BH,991,4,2,0,6,25,7,0,32,63,21,0,84,97,22,0,119,202,34,0,236,314,54,0,368
29396,393,"CĂMINUL CULTURAL TOPEŞTI",TOPEŞTI,BH,180,3,3,0,6,17,6,7,30,30,6,7,43,32,9,7,48,48,10,7,65,64,14,7,85
29412,394,"PRIMĂRIA FINIŞ",FINIŞ,BH,1353,10,0,0,10,38,1,0,39,73,2,2,77,97,2,2,101,306,10,2,318,538,20,2,560
29430,395,"GRĂDINIŢA FIZIŞ",FIZIŞ,BH,193,2,1,0,3,5,1,0,6,11,1,0,12,16,1,0,17,33,8,0,41,51,10,0,61
29449,396,"ŞCOALA GENERALĂ IOANIŞ",IOANIŞ,BH,584,6,1,0,7,18,1,0,19,40,3,0,43,46,3,0,49,142,10,0,152,228,12,0,240
29458,397,"GRĂDINIŢA ŞUNCUIŞ",ŞUNCUIŞ,BH,674,4,0,0,4,12,1,0,13,19,5,0,24,24,5,0,29,61,11,0,72,126,14,0,140
28291,398,"ŞCOALA CU CLASELE I.-VIII GEPIU",GEPIU,BH,1007,20,15,0,35,93,46,0,139,135,75,0,210,159,89,0,248,334,186,0,520,421,221,19,661
28282,399,"ŞCOALA CU CLASELE I.-IV BICACI",BICACI,BH,493,6,4,0,10,13,7,0,20,21,13,0,34,34,16,0,50,90,34,0,124,112,43,0,155
29476,400,"PRIMĂRIA GIRIŞU DE CRIŞ","GIRIŞU DE CRIŞ",BH,1271,15,3,0,18,41,4,0,45,69,10,0,79,99,11,0,110,177,16,0,193,229,30,0,259
29494,401,"GRĂDINIȚA TĂRIAN",TĂRIAN,BH,940,12,0,0,12,31,2,0,33,42,4,0,46,45,6,0,51,121,10,0,131,140,13,0,153
29494,402,"FOSTA BIBLIOTECĂ COMUNALĂ",TĂRIAN,BH,871,2,1,0,3,12,3,0,15,15,3,0,18,18,3,0,21,43,3,0,46,68,5,0,73
29528,403,"ȘCOALA GIMNAZIALĂ HIDIȘELU DE SUS","HIDIŞELU DE SUS",BH,869,33,4,0,37,74,6,0,80,111,14,24,149,137,19,24,180,296,55,24,375,392,75,24,491
29537,404,"ȘCOALA PRIMARĂ HIDIȘELU DE JOS","HIDIŞELU DE JOS",BH,484,5,0,0,5,10,1,0,11,29,6,0,35,33,7,0,40,80,17,0,97,139,19,0,158
29546,405,"ȘCOALA GIMNAZIALĂ MIERLĂU",MIERLĂU,BH,594,7,1,0,8,65,7,0,72,118,19,0,137,149,20,0,169,254,48,12,314,341,67,12,420
29555,406,"ȘCOALA PRIMARĂ SÎNTELEC",SÎNTELEC,BH,316,3,0,0,3,10,1,0,11,23,6,0,29,35,9,0,44,118,18,0,136,131,26,0,157
29564,407,"ȘCOALA PRIMARĂ ȘUMUGIU",ŞUMUGIU,BH,325,6,0,0,6,14,8,0,22,22,15,0,37,31,19,0,50,67,42,0,109,83,46,0,129
29582,408,"ȘCOALA GIMNAZIALĂ ""IOSIF VULCAN""",HOLOD,BH,390,22,5,0,27,73,17,17,107,88,18,17,123,93,18,17,128,148,42,17,207,177,55,17,249
29591,409,"CĂMIN CULTURAL",DUMBRAVA,BH,500,2,5,0,7,10,6,0,16,43,9,0,52,49,11,0,60,102,18,0,120,176,27,27,230
29608,410,"CĂMIN CULTURAL",DUMBRĂVIŢA,BH,146,7,5,0,12,19,5,0,24,24,9,0,33,30,12,0,42,56,24,9,89,63,28,9,100
29617,411,"CĂMIN CULTURAL",FOROSIG,BH,120,7,0,0,7,35,4,0,39,42,7,0,49,49,16,0,65,67,25,0,92,71,27,0,98
29626,412,"CĂMIN CULTURAL HODIȘ",HODIŞ,BH,134,8,1,0,9,20,7,0,27,26,15,10,51,29,17,10,56,54,36,10,100,68,47,10,125
29635,413,"ȘCOALA CU CLASELE I-IV LUPOAIA",LUPOAIA,BH,452,4,2,0,6,34,7,0,41,42,13,0,55,46,15,0,61,101,17,0,118,169,22,0,191
29644,414,"ȘCOALA CU CLASELE I-IV","VALEA MARE DE CODRU",BH,68,6,3,0,9,6,11,0,17,13,17,0,30,15,19,0,34,25,35,0,60,30,39,0,69
29653,415,GRĂDINIȚA,VINTERE,BH,601,19,6,0,25,87,18,0,105,116,24,0,140,117,26,0,143,180,42,16,238,226,53,16,295
29671,416,"GRĂDINIȚA DE COPII","HUSASĂU DE TINCA",BH,612,5,0,0,5,27,8,12,47,40,27,12,79,53,30,12,95,160,53,19,232,224,66,19,309
29680,417,"ȘCOALA CU CLASELEI-IV FONĂU",FONĂU,BH,160,21,5,0,26,53,7,0,60,63,8,0,71,63,10,0,73,84,14,1,99,95,14,1,110
29699,418,"ȘCOALA CU CLASELE I-IV MIERSIG",MIERSIG,BH,325,4,0,0,4,26,2,0,28,36,3,0,39,46,11,0,57,77,31,0,108,93,36,0,129
29706,419,"ȘCOALA CU CLASELE I-IV OȘAND",OŞAND,BH,374,10,2,0,12,46,11,3,60,67,15,3,85,74,17,3,94,131,29,3,163,146,35,3,184
29715,420,"ȘCOALA CU CLASELE I-IV SITITELEC",SITITELEC,BH,256,5,1,0,6,14,10,0,24,27,26,0,53,29,30,0,59,64,60,0,124,74,79,8,161
29733,421,"CĂMINUL CULTURAL INEU",INEU,BH,847,16,3,0,19,39,13,0,52,55,22,0,77,71,23,0,94,157,63,0,220,191,78,0,269
29733,422,"CĂMINUL CULTURAL INEU",INEU,BH,1082,10,2,0,12,42,7,0,49,77,7,0,84,86,7,0,93,196,15,0,211,330,17,0,347
29742,423,"ȘCOALA NR. 1 BOTEAN",BOTEAN,BH,523,5,2,0,7,16,2,0,18,30,3,0,33,38,3,0,41,104,18,0,122,134,20,0,154
29751,424,"CĂMINUL CULTURAL HUSASĂU DE CRIȘ","HUSASĂU DE CRIŞ",BH,978,15,3,0,18,85,7,0,92,133,15,0,148,157,16,0,173,275,25,0,300,350,40,0,390
29779,425,PRIMĂRIA,"LAZURI DE BEIUŞ",BH,288,0,1,0,1,4,2,0,6,11,5,0,16,15,5,0,20,72,7,0,79,119,9,0,128
29804,426,"CĂMIN CULTURAL",HINCHIRIŞ,BH,535,6,3,0,9,30,9,0,39,54,9,0,63,79,10,0,89,184,30,0,214,243,37,3,283
29797,427,"ȘCOALA CU CLASELE I-IV",CUSUIUŞ,BH,373,1,1,0,2,14,1,0,15,16,1,0,17,27,3,0,30,86,7,0,93,121,12,0,133
29788,428,"ȘCOALA CU CLASELE I-IV",BĂLENI,BH,168,2,1,0,3,5,4,0,9,11,6,0,17,19,6,0,25,69,9,0,78,82,13,0,95
29822,429,"CĂMIN CULTURAL LĂZĂRENI",LĂZĂRENI,BH,649,15,1,0,16,34,7,0,41,66,11,0,77,103,13,0,116,266,35,0,301,361,54,0,415
29859,430,"ȘCOALA PRIMARĂ",CĂRĂNDENI,BH,336,8,1,0,9,25,9,0,34,30,16,0,46,37,18,0,55,82,36,1,119,104,40,1,145
29868,431,"CĂMIN CULTURAL CĂRĂNZEL",CĂRĂNZEL,BH,78,5,7,0,12,21,14,3,38,30,29,3,62,30,31,3,64,37,40,3,80,42,46,3,91
29840,432,"CĂMIN CULTURAL","CALEA MARE",BH,500,9,2,0,11,22,6,0,28,49,7,0,56,62,11,0,73,140,26,0,166,224,33,13,270
29877,433,"CĂMIN CULTURAL",GEPIŞ,BH,542,12,0,0,12,42,2,0,44,88,4,0,92,103,14,0,117,201,33,0,234,241,45,0,286
29886,434,"CĂMIN CULTURAL",GRUILUNG,BH,94,1,0,0,1,6,1,0,7,7,1,0,8,12,8,0,20,38,12,0,50,41,12,0,53
29895,435,"CĂMIN CULTURAL",MIHELEU,BH,136,2,9,0,11,12,11,0,23,15,11,0,26,15,14,0,29,50,30,0,80,59,41,1,101
29911,436,"CĂMINUL CULTURAL LUGAȘU DE JOS","LUGAŞU DE JOS",BH,1289,35,3,0,38,136,14,0,150,210,22,45,277,251,24,45,320,443,37,45,525,570,48,45,663
29920,437,"CĂMINUL CULTURAL LUGAȘU DE SUS","LUGAŞU DE SUS",BH,674,8,0,0,8,40,7,0,47,91,9,0,100,99,10,0,109,224,18,0,242,290,26,0,316
29939,438,"CĂMINUL CULTURAL URVIND",URVIND,BH,752,6,0,0,6,18,0,0,18,25,0,0,25,45,6,0,51,158,14,20,192,257,24,24,305
29957,439,"CĂMINUL CULTURAL LUNCA",LUNCA,BH,779,16,0,0,16,29,2,0,31,43,2,0,45,75,3,0,78,163,10,0,173,223,13,0,236
29966,440,"CĂMINUL CULTURAL BRIHENI",BRIHENI,BH,251,19,3,0,22,52,11,0,63,67,12,0,79,69,13,1,83,103,19,1,123,127,23,1,151
29975,441,"CĂMINUL CULTURAL HOTĂREL",HOTĂREL,BH,243,10,1,0,11,27,8,4,39,44,13,4,61,55,13,4,72,102,17,4,123,125,21,4,150
29984,442,"CĂMINUL CULTURAL SEGHIŞTE",SEGHIŞTE,BH,474,5,2,0,7,10,2,0,12,15,2,0,17,25,3,0,28,62,10,0,72,110,11,0,121
29993,443,"CAMINUL CULTURAL SIRBESTI",SÎRBEŞTI,BH,229,4,0,0,4,9,0,0,9,13,3,0,16,18,4,0,22,69,5,0,74,90,7,0,97
30005,444,"CĂMINUL CULTURAL ŞUŞTIU",ŞUŞTIU,BH,364,4,0,0,4,13,1,0,14,27,5,0,32,37,5,0,42,91,10,0,101,124,13,0,137
30050,445,CĂMINULCULTURAL,MARŢIHAZ,BH,162,3,2,0,5,9,3,1,13,11,4,1,16,14,6,1,21,45,18,1,64,70,25,1,96
30023,446,"ȘCOALA CU CLASELEI.-VIII",MĂDĂRAŞ,BH,762,5,3,0,8,21,9,0,30,27,13,0,40,56,13,0,69,116,19,0,135,152,24,20,196
30032,447,"FOSTA ȘCOALĂ CU CLASELE I.-IV",HOMOROG,BH,575,9,1,0,10,18,3,0,21,31,6,0,37,51,10,0,61,130,37,0,167,174,44,0,218
30041,448,"ŞCOALA CU CLASELE I-VIII",IANOŞDA,BH,745,5,3,0,8,22,12,0,34,41,12,4,57,52,12,4,68,141,31,4,176,163,55,4,222
30078,449,"PRIMĂRIA MĂGEŞTI",MĂGEŞTI,BH,215,1,1,0,2,9,4,0,13,19,6,0,25,24,6,0,30,75,9,3,87,98,16,3,117
30087,450,"ŞCOALA GENERALĂ",BUTANI,BH,305,8,3,0,11,24,4,0,28,49,4,0,53,56,5,0,61,111,10,3,124,136,12,3,151
30130,451,"ŞCOALA GENERALĂ",ORTITEAG,BH,425,4,2,0,6,16,4,0,20,30,5,0,35,35,5,0,40,91,13,0,104,180,19,0,199
30096,452,"ŞCOALA GENERALĂ","CACUCIU NOU",BH,289,5,3,0,8,9,3,0,12,15,4,0,19,18,4,0,22,46,9,0,55,77,14,0,91
30121,453,"ŞCOALA GENERALĂ",JOSANI,BH,294,2,2,0,4,8,7,0,15,13,8,0,21,24,8,0,32,68,9,11,88,105,11,11,127
30112,454,"ŞCOALA GENERALĂ",GĂLĂŞENI,BH,219,1,0,0,1,11,0,0,11,23,5,0,28,30,5,0,35,100,11,2,113,127,13,2,142
30103,455,"CĂMIN CULTURAL",DOBRICIONEŞTI,BH,425,8,1,0,9,17,3,0,20,21,3,0,24,29,3,0,32,79,8,0,87,122,12,0,134
30158,456,"ȘCOALA GIMNAZIALĂNR 1 NOJORID STR. PRINCIPALĂ NR 185LOC. NOJORID",NOJORID,BH,1974,13,2,0,15,65,13,0,78,116,17,0,133,168,20,0,188,380,49,0,429,515,68,0,583
30167,457,"SCOALA CUCLASELE I-IV APATEU , LOC. APATEUNR 41",APATEU,BH,246,3,0,0,3,33,10,0,43,44,15,0,59,61,18,0,79,87,44,0,131,108,56,0,164
30176,458,"ȘCOALA CU CL. I-IVCHIȘIRID, LOC CHIȘIRID NR 168",CHIŞIRID,BH,193,7,5,0,12,17,25,3,45,24,41,3,68,38,47,3,88,60,68,3,131,70,75,3,148
30185,459,"ȘCOALA GIMNAZIALĂ NR 3LEȘ ,LOC. LEȘNR 36",LEŞ,BH,691,5,1,0,6,21,4,0,25,31,9,0,40,43,12,0,55,104,25,0,129,140,34,0,174
30194,460,"GRĂDINIȚA -LIVADA DE BIHORLOC. LIVADA DE BIHORNR. 228","LIVADA DE BIHOR",BH,1169,16,2,0,18,51,5,0,56,71,5,0,76,89,5,0,94,176,19,18,213,230,32,18,280
30201,461,"ȘCOALA CU CL.I-IVPĂUȘA , NR 37/B",PĂUŞA,BH,246,1,2,0,3,11,5,0,16,13,6,0,19,22,10,0,32,62,23,0,85,77,26,0,103
30210,462,"ȘCOALA CU CL. I-IVȘAUAIEU, LOC. ȘAUAIEU NR 101",ŞAUAIEU,BH,236,1,0,0,1,13,3,0,16,18,5,0,23,20,8,0,28,41,23,0,64,55,32,0,87
30238,463,"ŞCOALA GIMNAZIALĂNR. 1OLCEA",OLCEA,BH,455,5,0,0,5,13,1,0,14,27,7,0,34,44,9,0,53,141,19,4,164,196,21,4,221
30247,464,"ŞCOALA GIMNAZIALĂ NR. 2 CĂLACEA",CĂLACEA,BH,968,10,3,0,13,74,8,0,82,136,10,34,180,191,10,34,235,345,19,35,399,526,29,35,590
30256,465,"ŞCOALA PRIMARĂ NR. 1 HODIŞEL",HODIŞEL,BH,254,1,0,0,1,4,3,0,7,14,3,0,17,25,5,0,30,70,14,0,84,142,17,0,159
30265,466,"GRĂDINIŢA CU PROGRAM NORMAL NR. 4 UCURIŞ",UCURIŞ,BH,454,13,7,0,20,36,11,0,47,49,17,17,83,54,18,17,89,89,25,17,131,119,30,17,166
30283,467,"ȘCOALA GIMNAZIALA„AUREL POP” OȘORHEI",OŞORHEI,BH,1352,18,3,0,21,80,5,0,85,117,11,0,128,147,11,0,158,310,29,0,339,395,50,0,445
30283,468,"ȘCOALA GIMNAZIALA „AUREL POP” OȘORHEI",OŞORHEI,BH,1415,17,3,0,20,69,8,0,77,124,12,0,136,134,14,0,148,313,32,0,345,426,34,0,460
30292,469,"ȘCOALA PRIMARĂ NR.1 ALPAREA",ALPAREA,BH,847,11,2,0,13,56,16,0,72,94,19,0,113,128,21,0,149,271,41,0,312,335,59,0,394
30309,470,"ȘCOALA PRIMARĂ NR.2 CHERIU",CHERIU,BH,627,4,3,0,7,12,5,0,17,26,7,0,33,33,9,0,42,88,22,0,110,135,28,0,163
30318,471,"CĂMIN CULTURAL FELCHERIU",FELCHERIU,BH,275,5,5,0,10,16,10,0,26,25,18,0,43,39,23,0,62,73,42,0,115,93,47,0,140
30327,472,"CĂMIN CULTURAL FUGHIU",FUGHIU,BH,960,22,1,0,23,77,6,0,83,111,9,0,120,137,13,0,150,238,17,3,258,289,24,3,316
28433,473,"ȘCOALA CU CLASELE I-IV",PALEU,BH,1337,3,0,0,3,20,5,0,25,38,8,0,46,51,8,0,59,130,22,0,152,164,25,0,189
28488,474,"ȘCOALA CU CLASELE I-IV","UILEACU DE MUNTE",BH,412,1,3,0,4,7,5,0,12,14,7,0,21,16,7,0,23,37,9,0,46,50,9,0,59
28442,475,"ȘCOALA CU CLASELE I-IV","SĂLDĂBAGIU DE MUNTE",BH,753,2,0,0,2,21,3,0,24,25,3,0,28,30,3,0,33,87,7,0,94,160,17,0,177
30345,476,"ȘCOALA GIMNAZIALĂ NR.1 PIETROASA",PIETROASA,BH,654,13,2,0,15,22,3,0,25,42,4,0,46,59,4,0,63,154,5,0,159,236,10,0,246
30381,477,"ȘCOALA PRIMARĂ NR.1 GURANI",GURANI,BH,485,8,3,0,11,15,6,0,21,38,8,0,46,55,8,0,63,140,15,0,155,189,21,0,210
30363,478,"ȘCOALA PRIMARĂ NR.2 COCIUBA MICĂ","COCIUBA MICĂ",BH,366,2,0,0,2,6,0,0,6,9,1,0,10,11,1,0,12,70,5,0,75,121,9,0,130
30354,479,"ȘCOALA GIMAZIALĂ NR.2 CHIȘCĂU",CHIŞCĂU,BH,601,3,1,0,4,22,3,0,25,43,11,0,54,62,13,0,75,177,19,0,196,243,25,13,281
30372,480,"ȘCOALA PRIMARĂ NR.4 GIULEȘTI",GIULEŞTI,BH,134,0,0,0,0,1,3,0,4,5,4,0,9,10,4,0,14,37,4,1,42,59,4,1,64
30390,481,"ȘCOALA PRIMARĂ NR.3 MĂGURA",MĂGURA,BH,248,6,4,0,10,16,6,0,22,27,6,0,33,35,6,0,41,95,6,3,104,126,10,3,139
30407,482,"ȘCOALA PRIMARĂ NR.5 MOȚEȘTI",MOŢEŞTI,BH,74,1,0,0,1,5,1,0,6,15,4,0,19,17,4,0,21,33,5,0,38,46,6,0,52
30425,483,"CAMINUL CULTURAL POCOLA",POCOLA,BH,448,10,10,0,20,40,17,0,57,50,26,0,76,64,31,0,95,178,47,0,225,243,62,22,327
30434,484,"CAMINULCULTURAL FENERIȘ",FENERIŞ,BH,293,9,3,0,12,37,11,0,48,56,13,0,69,66,15,0,81,124,30,0,154,158,40,7,205
30443,485,"CAMIN CULTURAL PETRANI",PETRANI,BH,281,9,3,0,12,26,11,0,37,39,12,0,51,46,12,0,58,83,27,0,110,131,36,6,173
30461,486,"CAMIN CULTURAL SINMARTIN DE BEIUȘ","SÎNMARTIN DE BEIUŞ",BH,192,5,1,0,6,7,3,0,10,19,4,0,23,21,4,0,25,63,12,0,75,90,18,3,111
30504,487,"CĂMIN CULTURAL COȘDENI",COŞDENI,BH,442,37,3,0,40,95,9,0,104,127,12,0,139,141,16,0,157,226,24,10,260,281,30,10,321
30513,488,"CĂMIN CULTURAL HIDIȘ",HIDIŞ,BH,278,3,2,0,5,10,7,0,17,16,11,0,27,27,13,0,40,86,15,0,101,120,22,0,142
30540,489,"CĂMIN CULTURAL SPINUȘ DE POMEZEU","SPINUŞ DE POMEZEU",BH,178,6,1,0,7,16,4,0,20,30,5,0,35,35,6,0,41,61,17,19,97,91,19,19,129
30559,490,"CĂMIN CULTURAL VĂLANI DE POMEZEU","VĂLANI DE POMEZEU",BH,466,14,0,0,14,34,1,0,35,62,2,0,64,71,2,0,73,183,7,0,190,257,11,0,268
30531,491,"GRĂDINIȚA CU PROGRAM NORMAL NR.2 SITANI",SITANI,BH,370,4,0,0,4,27,4,0,31,60,6,0,66,64,7,0,71,127,13,0,140,209,17,0,226
30489,492,"ȘCOALA GIMNAZIALĂ NR.1 POMEZEU",POMEZEU,BH,114,1,0,0,1,7,5,0,12,8,6,0,14,8,7,0,15,33,14,10,57,47,17,10,74
30522,493,"ȘCOALA GENERALĂ LACU SĂRAT","LACU SĂRAT",BH,36,0,0,0,0,2,0,0,2,2,0,0,2,2,0,0,2,9,0,0,9,20,4,0,24
30498,494,"ȘCOALA PRIMARĂ NR.2 CÎMPANI","CÎMPANI DE POMEZEU",BH,349,7,2,0,9,38,5,0,43,50,10,0,60,66,10,0,76,115,19,3,137,162,26,3,191
30577,495,"LICEUL TEHNOLOGIC NR 1 POPESTI",POPEŞTI,BH,939,9,0,0,9,20,3,0,23,34,3,0,37,46,4,0,50,124,9,0,133,169,11,58,238
30577,496,"LICEUL TEHNOLOGIC NR 1 POPESTI",POPEŞTI,BH,939,20,0,0,20,47,0,0,47,54,0,0,54,79,2,0,81,208,14,0,222,277,18,0,295
30639,497,"ŞCOALA GENERALĂ VOIVOZI",VOIVOZI,BH,780,2,4,0,6,11,5,0,16,14,5,0,19,33,6,0,39,141,8,0,149,210,9,0,219
30639,498,"ŞCOALA GENERALĂ VOIVOZI",VOIVOZI,BH,631,2,3,0,5,13,3,0,16,17,5,0,22,30,5,0,35,92,12,0,104,134,17,0,151
30586,499,"ȘCOALA GENERALĂBISTRA",BISTRA,BH,838,3,0,0,3,15,0,0,15,19,0,0,19,30,2,0,32,109,3,0,112,208,9,0,217
30595,500,"LICEUL ,,JOSEF KOZACEK” BUDOI",BUDOI,BH,747,6,2,0,8,10,2,0,12,13,2,0,15,16,2,0,18,97,4,0,101,135,5,0,140
30602,501,"ȘCOALA GENERALĂ CUZAP",CUZAP,BH,944,7,2,0,9,15,2,0,17,29,5,0,34,54,5,0,59,214,12,0,226,360,23,0,383
30611,502,"ȘCOALA GENERALĂ VARVIZ",VARVIZ,BH,410,3,1,0,4,10,2,0,12,24,6,0,30,30,6,0,36,87,9,0,96,141,18,0,159
30620,503,"ȘCOALA GENERALĂ VĂRZARI",VĂRZARI,BH,257,1,0,0,1,4,1,0,5,11,2,0,13,12,5,0,17,37,5,0,42,46,5,0,51
30657,504,"CĂMINUL CULTURAL",RĂBĂGANI,BH,511,7,0,0,7,26,2,0,28,44,6,0,50,71,13,0,84,148,30,0,178,188,42,5,235
30666,505,"FOSTA ȘCOALĂ CU CLASELE I-IV ALBEȘTI",ALBEŞTI,BH,216,3,0,0,3,12,1,0,13,21,5,0,26,25,5,0,30,66,10,1,77,105,24,1,130
30693,506,"CĂMINUL CULTURAL","SALIŞTE DE POMEZEU",BH,87,3,0,0,3,7,2,0,9,14,8,0,22,15,10,0,25,36,18,0,54,58,22,0,80
30684,507,"CĂMINUL CULTURAL",SĂUCANI,BH,385,8,1,0,9,16,1,0,17,21,1,0,22,31,1,0,32,109,16,0,125,165,35,0,200
30700,508,"CĂMINUL CULTURAL",VĂRĂŞENI,BH,314,6,3,0,9,16,7,0,23,22,9,0,31,34,9,0,43,82,13,3,98,110,17,3,130
30675,509,"FOSTA GRĂDINIȚĂ CU PROGRAM NORMAL",BRĂTEŞTI,BH,101,8,6,0,14,24,8,0,32,29,10,0,39,34,10,0,44,52,20,5,77,53,26,5,84
30728,510,"ȘCOALA GIMNAZIALĂ NR 1",REMETEA,BH,663,13,3,0,16,26,9,0,35,37,11,0,48,55,11,0,66,160,25,0,185,264,44,0,308
30746,511,"ȘCOALA GIMNAZIALĂ NR 2",MEZIAD,BH,897,3,2,0,5,12,2,0,14,16,4,0,20,32,4,0,36,170,20,0,190,384,39,1,424
30737,512,"ȘCOALA PRIMARĂ NR. 2",DRĂGOTENI,BH,324,3,1,0,4,10,7,0,17,11,8,0,19,18,8,0,26,57,18,0,75,118,26,0,144
30755,513,"ȘCOALA PRIMARĂ NR. 1",PETREASA,BH,352,10,1,0,11,21,2,0,23,32,3,0,35,40,4,0,44,103,16,5,124,143,26,5,174
30764,514,"CĂMINUL CULTURAL ŞOIMUŞ",SOIMUŞ,BH,100,1,2,0,3,3,6,0,9,11,11,0,22,12,13,0,25,34,20,0,54,47,21,0,68
30782,515,"CĂMIN CULTURAL RIENI",RIENI,BH,451,5,0,0,5,10,0,0,10,17,2,0,19,26,3,0,29,74,4,0,78,92,6,0,98
30808,516,"CĂMIN CULTURAL GHIGHIȘENI",GHIGHIŞENI,BH,787,10,3,0,13,30,7,0,37,47,10,0,57,60,11,0,71,166,19,0,185,219,21,0,240
30835,517,"ȘCOALA PRIMARĂ NR.1 VALEA DE JOS","VALEA DE JOS",BH,472,3,0,0,3,10,1,0,11,21,1,0,22,40,5,0,45,100,9,0,109,142,11,0,153
30817,518,"CĂMIN CULTURAL PETRILENI",PETRILENI,BH,465,4,0,0,4,27,3,0,30,37,7,0,44,46,9,0,55,112,16,0,128,140,17,0,157
30826,519,"CĂMIN CULTURAL SUDRIGIU",SUDRIGIU,BH,277,8,0,0,8,18,4,0,22,24,6,0,30,39,7,0,46,86,17,0,103,124,20,0,144
30853,520,"CĂMINUL CULTURAL ROŞIA",ROŞIA,BH,1616,10,3,0,13,36,11,0,47,58,14,0,72,95,15,0,110,287,31,0,318,465,41,0,506
30862,521,"ŞCOALA CU CLASELE I-IV LAZURI",LAZURI,BH,321,7,0,0,7,9,1,0,10,23,2,0,25,32,3,0,35,68,5,0,73,120,6,0,126
29136,522,"ŞCOALA GIMNAZIALĂ ”JAKO ZSIGMOND”",ROŞIORI,BH,1159,4,2,0,6,28,5,0,33,67,9,6,82,92,11,6,109,197,21,6,224,276,23,6,305
29127,523,"ŞCOALA GIMNAZIALĂ NR.1","MIHAI BRAVU",BH,831,7,4,0,11,25,15,0,40,61,19,0,80,81,22,0,103,188,34,0,222,301,48,3,352
29145,524,"ŞCOALA PRIMARĂNR.1",VAIDA,BH,370,8,3,0,11,25,5,0,30,29,5,0,34,35,5,0,40,101,13,0,114,126,16,3,145
30880,525,"CĂMIN CULTURAL",SĂCĂDAT,BH,725,5,1,0,6,16,3,0,19,35,10,0,45,58,16,0,74,154,52,0,206,200,75,0,275
30906,526,"CĂMIN CULTURAL",SĂBOLCIU,BH,593,20,4,0,24,64,10,0,74,108,23,0,131,122,26,0,148,183,40,0,223,223,46,0,269
30899,527,"FOSTA ȘCOALĂ CU CLS.I-IV",BORŞA,BH,140,4,0,0,4,11,6,0,17,15,10,0,25,20,12,0,32,48,30,0,78,56,56,0,112
31002,528,"CĂMINUL CULTURAL",OTOMANI,BH,590,10,0,0,10,18,0,0,18,22,1,0,23,30,1,0,31,92,6,0,98,131,10,0,141
30997,529,"CĂMIN CULTUTRAL",SĂLACEA,BH,950,12,4,0,16,25,5,0,30,26,5,0,31,34,7,0,41,88,8,5,101,129,9,5,143
30997,530,"SCOALĂ GENERALĂ",SĂLACEA,BH,924,6,0,0,6,13,1,0,14,17,1,0,18,28,1,0,29,73,2,3,78,115,2,3,120
31020,531,"ȘCOALA GIMNAZIALĂ SZALARDI JANOS SĂLARD",SĂLARD,BH,1192,16,2,0,18,57,12,0,69,58,14,0,72,72,15,0,87,193,24,0,217,238,27,0,265
31020,532,"ȘCOALA GIMNAZIALĂ SZALARDI JANOS SĂLARD",SĂLARD,BH,1286,4,0,0,4,21,15,0,36,37,18,0,55,44,18,0,62,110,22,0,132,174,23,12,209
31039,533,"ȘCOALA PRIMARĂ NR.1",HODOŞ,BH,604,1,0,0,1,3,1,0,4,6,1,0,7,8,1,0,9,35,2,0,37,72,8,0,80
31048,534,"ȘCOALA PRIMARĂ NR. 2",SÎNTIMREU,BH,479,5,2,0,7,12,4,0,16,18,6,0,24,20,7,0,27,52,9,0,61,89,12,0,101
28647,535,"CASA DE NUNTĂ",SÂNIOB,BH,1065,1,1,0,2,1,1,0,2,2,2,0,4,10,4,0,14,73,11,0,84,130,17,0,147
28629,536,"ŞCOALA GENERALĂ",CIUHOI,BH,291,4,1,0,5,13,8,0,21,16,14,0,30,21,18,0,39,59,24,0,83,98,30,0,128
28638,537,"ŞCOALA GENERALĂ",CENALOŞ,BH,217,1,1,0,2,4,1,0,5,7,3,0,10,10,6,0,16,36,9,0,45,50,13,0,63
28656,538,"CĂMIN CULTURAL SFÂRNAȘ",SFÂRNAŞ,BH,208,4,1,0,5,26,3,0,29,33,8,0,41,37,10,0,47,65,26,0,91,111,33,0,144
28326,539,"CAMIN CULTURAL","SÂNNICOLAU ROMÂN",BH,944,18,1,0,19,48,13,0,61,74,15,0,89,96,20,0,116,178,34,0,212,336,48,0,384
28273,540,"SCOALA GENERALA",BERECHIU,BH,269,7,3,0,10,14,5,0,19,20,6,0,26,23,7,0,30,60,16,0,76,81,19,0,100
28317,541,GRADINITA,ROIT,BH,524,5,3,0,8,25,8,2,35,57,9,2,68,62,11,2,75,140,22,6,168,222,29,6,257
31066,542,"CAMINUL CULTURAL",SÎMBĂTA,BH,293,8,2,0,10,20,6,0,26,27,10,0,37,37,11,0,48,84,26,5,115,114,82,5,201
31075,543,"CAMINUL CULTURAL",COPĂCENI,BH,107,4,2,0,6,14,7,0,21,22,12,1,35,23,12,1,36,51,23,1,75,55,30,1,86
31084,544,"CAMINUL CULTURAL",OGEŞTI,BH,172,6,2,0,8,21,2,0,23,33,3,6,42,40,6,6,52,84,10,6,100,110,20,6,136
31100,545,"CAMINUL CULTURAL",ROTĂREŞTI,BH,113,6,4,0,10,14,9,0,23,24,16,4,44,28,21,4,53,60,40,4,104,67,45,4,116
31093,546,"CAMINUL CULTURAL",ROGOZ,BH,231,4,0,0,4,10,1,0,11,18,5,0,23,22,8,0,30,63,12,7,82,80,20,7,107
31119,547,"CAMINUL CULTURAL",ZĂVOIU,BH,196,6,3,0,9,8,6,0,14,16,14,0,30,29,17,0,46,78,32,2,112,101,48,2,151
26591,548,"GRĂDINIŢA SÂNMARTIN",SÎNMARTIN,BH,1581,29,3,0,32,125,21,0,146,199,38,0,237,234,40,0,274,387,77,0,464,472,86,1,559
26591,549,"SCOALA CU CLS. I-VIII",SÎNMARTIN,BH,1996,30,10,0,40,153,33,0,186,249,65,0,314,284,75,0,359,501,133,0,634,667,165,0,832
26608,550,"SCOALA CU CLASELE I-IV",BETFIA,BH,377,3,1,0,4,16,5,0,21,33,11,0,44,47,13,0,60,100,25,0,125,141,34,0,175
32143,551,"GRADINITA BAILE FELIX","BĂILE FELIX",BH,484,19,32,0,51,29,298,0,327,48,468,0,516,54,523,0,577,112,753,59,924,143,874,70,1087
26617,552,"SC. GENERALA CU CLS.I-IV",CIHEI,BH,1159,24,4,0,28,130,34,0,164,209,55,0,264,235,61,0,296,444,120,0,564,543,157,2,702
26635,553,"SC. GENERALA CU CLS.I-IV",HAIEU,BH,1017,12,7,0,19,47,108,0,155,75,158,0,233,99,170,0,269,222,238,0,460,320,268,2,590
26644,554,"SC. GENERALA CU CLS.I-IV",RONTĂU,BH,940,7,0,0,7,38,2,0,40,57,4,0,61,79,4,0,83,208,14,0,222,282,19,2,303
26626,555,"SC. GENERALA CU CLS.I-VIII",CORDĂU,BH,1298,13,3,0,16,73,4,0,77,107,12,0,119,143,13,0,156,318,28,0,346,409,41,0,450
26662,556,"SCOALA GIMNAZIALA NR.1 SINTANDREI",SÎNTANDREI,BH,1451,3,2,0,5,42,13,0,55,66,18,0,84,93,18,0,111,236,29,0,265,298,44,0,342
26662,557,"SCOALA GIMNAZIALA NR.1 SINTANDREI",SÎNTANDREI,BH,1437,11,2,0,13,61,5,0,66,97,7,0,104,120,8,0,128,260,25,0,285,332,35,0,367
26662,558,"SCOALA GIMNAZIALA NR.1 SINTANDREI",SÎNTANDREI,BH,1790,24,4,0,28,69,18,0,87,122,21,0,143,153,23,0,176,315,43,0,358,407,57,0,464
26671,559,"CAMIN CULTURAL PALOTA",PALOTA,BH,590,4,3,0,7,14,4,0,18,24,6,0,30,27,6,0,33,100,14,0,114,116,16,0,132
31137,560,"CAMIN CULTURAL",SÎRBI,BH,836,22,7,0,29,86,19,0,105,127,35,0,162,150,42,0,192,345,72,0,417,427,86,18,531
31155,561,"CAMIN CULTURAL",BURZUC,BH,627,11,0,0,11,37,2,0,39,66,15,0,81,94,16,0,110,212,38,0,250,291,49,13,353
31146,562,"SCOALA GENERALA","ALMAŞU MIC",BH,85,3,2,0,5,4,5,0,9,8,7,0,15,9,9,0,18,19,21,0,40,36,27,0,63
31164,563,"SPAȚIU PENTRU ALEGERI GENERALE",CHIOAG,BH,118,2,3,0,5,7,4,0,11,10,4,0,14,13,4,0,17,38,6,0,44,43,8,0,51
31173,564,"SCOALA GENERALA",FEGERNIC,BH,280,5,4,0,9,11,5,0,16,12,5,0,17,14,8,0,22,60,31,0,91,86,35,0,121
31191,565,"SCOALA GENERALA",SARCĂU,BH,52,0,0,0,0,0,4,0,4,0,4,0,4,1,5,0,6,12,9,0,21,16,10,0,26
31217,566,"SCOALA GIMNAZIALA NR.1 SPINUS",SPINUŞ,BH,306,1,0,0,1,2,5,0,7,7,7,0,14,12,8,0,20,65,23,0,88,86,28,0,114
31244,567,"FOSTA SCOALA CU CLASELE I-IV NĂDAR",NĂDAR,BH,186,1,8,0,9,4,12,0,16,10,17,0,27,14,23,0,37,61,38,0,99,77,47,0,124
31226,568,"FOSTA SCOALA CU CLASELE I-IV CIULEȘTI",CIULEŞTI,BH,157,6,1,0,7,12,8,0,20,22,11,0,33,24,13,0,37,34,20,0,54,50,27,0,77
31253,569,"SCOALA PRIMARĂ NR.1 SĂLIŞTE",SĂLIŞTE,BH,200,3,1,0,4,5,4,0,9,9,5,0,14,9,5,0,14,18,6,0,24,31,13,0,44
31235,570,"FOSTA SCOALA CU CLASELE I-IV GURBEŞTI",GURBEŞTI,BH,103,0,0,0,0,6,1,0,7,9,1,0,10,9,1,0,10,16,2,0,18,21,7,0,28
31271,571,"LIC. TEHNOLOGIC NR1 SUPLACU DE BARCAU","SUPLACU DE BARCĂU",BH,986,2,4,0,6,18,6,0,24,19,7,0,26,22,9,0,31,93,12,0,105,133,15,0,148
31271,572,"FOST SEDIU PRIMARIE","SUPLACU DE BARCĂU",BH,1036,9,0,0,9,24,2,0,26,36,3,0,39,48,3,0,51,121,9,0,130,215,16,0,231
31280,573,"CAMIN CULTURAL",BORUMLACA,BH,758,2,2,0,4,15,2,0,17,19,2,0,21,35,2,0,37,110,9,0,119,149,10,4,163
31299,574,"SCOALA PRIMARA NR. 2",DOLEA,BH,128,1,0,0,1,3,0,0,3,3,0,0,3,4,0,0,4,8,0,0,8,12,5,0,17
31306,575,"SCOALA PRIMARA NR. 5",FOGLAŞ,BH,164,1,0,0,1,6,2,0,8,7,3,0,10,7,4,0,11,41,4,0,45,47,6,0,53
31315,576,"SCOALA PRIMARA NR. 3","VALEA CERULUI",BH,370,2,4,0,6,7,4,0,11,7,4,0,11,7,4,0,11,54,4,0,58,63,4,0,67
31324,577,"SCOALA PRIMARA NR. 4",VÎLCELELE,BH,204,6,4,0,10,9,4,0,13,11,6,0,17,12,7,0,19,28,7,0,35,49,8,0,57
31342,578,"GRĂDINIȚA CU PROGRAM NORMAL NR,3",ŞIMIAN,BH,234,3,3,0,6,10,3,0,13,11,3,0,14,13,3,0,16,25,3,0,28,36,3,0,39
31342,579,"ȘCOALA GIMNAZIALĂ ""KAZINCZY FERENC"" ȘIMIAN",ŞIMIAN,BH,1651,7,0,0,7,15,2,0,17,19,2,0,21,28,2,0,30,96,5,0,101,144,7,0,151
31342,580,"FOSTA ȘCOALĂ PRIMARĂ CU CLASELE I-IV",ŞIMIAN,BH,140,5,0,0,5,14,0,0,14,19,1,0,20,23,1,0,24,41,6,0,47,43,7,0,50
31351,581,"ȘCOALA PRIMARĂ CU NR,1",ŞILINDRU,BH,736,4,4,0,8,18,7,0,25,22,7,0,29,25,8,0,33,71,11,0,82,107,14,0,121
31360,582,"ȘCOALA PRIMARĂ NR,2",VOIVOZI,BH,325,9,3,0,12,15,6,0,21,16,7,0,23,27,11,0,38,50,35,0,85,58,40,0,98
31388,583,"PRIMARIA COMUNEI SINTEU",ŞINTEU,BH,967,5,1,0,6,15,2,0,17,25,3,0,28,27,3,0,30,124,20,0,144,140,32,0,172
31431,584,"SEDIUL PRIMĂRIEI ȘOIMI",ŞOIMI,BH,575,6,3,0,9,36,6,0,42,44,6,0,50,50,6,0,56,111,10,1,122,154,16,1,171
31486,585,"FOSTA ŞCOALĂ CU CLASELE I - IV","SÎNNICOLAU DE BEIUŞ",BH,97,1,4,0,5,4,5,0,9,9,6,0,15,16,6,0,22,35,12,2,49,40,12,2,54
31495,586,"FOSTA ȘCOALĂ CU CLASELE I - VIII",URSAD,BH,125,3,0,0,3,5,0,0,5,9,2,0,11,12,5,0,17,38,18,0,56,58,23,0,81
31477,587,"FOSTA ȘCOALĂ CU CLASELE I - IV","POCLUŞA DE BEIUŞ",BH,71,3,1,0,4,9,5,0,14,18,7,0,25,18,9,0,27,29,12,0,41,55,15,0,70
31459,588,"FOSTA ȘCOALĂ CU CLASELE I- IV",CODRU,BH,137,2,1,0,3,6,2,0,8,12,3,0,15,19,4,0,23,45,9,0,54,66,10,0,76
31440,589,"FOSTA ȘCOALĂ CU CLASELE I - IV",BORZ,BH,151,0,0,0,0,4,2,0,6,5,2,0,7,7,3,0,10,35,4,1,40,50,7,1,58
31501,590,"ŞCOALA CU CLASELE I - VIII","URVIŞ DE BEIUŞ",BH,503,3,0,0,3,22,3,0,25,51,7,0,58,60,8,0,68,105,18,0,123,155,23,0,178
31468,591,"FOSTA ȘCOALĂ CU CLASELE I- IV","DUMBRĂVIŢA DE CODRU",BH,265,7,3,0,10,16,5,0,21,26,6,0,32,32,6,0,38,103,16,0,119,129,27,0,156
31529,592,"LICEUL TEHNOLOGIC NR. 1 - ŞUNCUIUŞ",ŞUNCUIUŞ,BH,1285,9,0,0,9,46,4,50,100,77,13,50,140,92,13,50,155,244,36,50,330,344,43,50,437
31529,593,"SCOALA CU CLS. I+IV ""POJORATA""",ŞUNCUIUŞ,BH,100,3,4,0,7,4,4,0,8,4,4,0,8,4,4,0,8,20,7,0,27,35,10,0,45
31538,594,"SCOALA CU CLASELE I-VIII BALNACA",BĂLNACA,BH,779,2,0,0,2,9,6,0,15,22,8,0,30,34,12,0,46,149,17,0,166,207,31,0,238
31547,595,"CAMIN CULTURAL SAT BALNACA GROSI",BĂLNACA-GROŞI,BH,55,0,0,0,0,5,5,0,10,6,5,0,11,6,6,0,12,22,10,0,32,31,14,0,45
31556,596,"CAMIN CULTURAL CATUN CARMAZAN","ZECE HOTARE",BH,147,0,1,0,1,0,5,0,5,3,5,0,8,6,6,0,12,28,7,0,35,34,8,0,42
31556,597,"SCOALA CU CLASELE I-VIII ZECEHOTARE","ZECE HOTARE",BH,144,2,2,0,4,7,4,0,11,9,4,0,13,16,8,0,24,50,24,0,74,63,26,0,89
31574,598,"CĂMINUL CULTURAL",TARCEA,BH,739,4,3,0,7,18,7,0,25,25,8,0,33,33,9,0,42,73,13,0,86,129,17,0,146
31583,599,"CĂMINUL CULTURAL",ADONI,BH,617,1,0,0,1,4,0,0,4,7,0,0,7,9,0,0,9,63,6,0,69,72,8,0,80
31592,600,"CASA ROTH",GALOŞPETREU,BH,772,1,1,0,2,5,3,0,8,10,4,0,14,13,4,0,17,55,5,0,60,71,7,0,78
27481,601,"CĂMINUL CULTURAL","SATU NOU",BH,190,6,2,0,8,11,3,0,14,15,3,0,18,15,3,0,18,27,5,0,32,46,12,0,58
27490,602,"CĂMINUL CULTURAL",TĂMĂŞEU,BH,903,8,2,0,10,24,3,0,27,51,7,0,58,62,7,0,69,166,15,0,181,266,20,0,286
27463,603,"CĂMINUL CULTURAL",NIUVED,BH,194,3,1,0,4,5,1,0,6,10,4,0,14,10,4,0,14,29,5,0,34,42,7,0,49
27472,604,"ŞCOALA GENERALĂ",PARHIDA,BH,405,8,1,0,9,15,2,0,17,21,5,0,26,23,6,0,29,50,14,0,64,83,20,0,103
31618,605,"PRIMARIA TARCAIA",TĂRCAIA,BH,917,6,4,0,10,37,4,0,41,76,4,0,80,85,4,0,89,223,8,0,231,338,11,0,349
31636,606,"CAMIN CULTURAL",TĂRCĂIŢA,BH,336,9,5,0,14,14,8,0,22,39,9,0,48,51,9,0,60,129,14,0,143,179,19,0,198
31645,607,"CAMIN CULTURAL",TOTORENI,BH,231,4,1,0,5,10,3,0,13,20,5,0,25,28,6,0,34,100,16,0,116,124,26,0,150
31627,608,"SCOALA CU CLASELE I-IV",MIERAG,BH,167,2,0,0,2,9,0,0,9,19,3,0,22,33,5,0,38,62,5,0,67,107,12,0,119
31690,609,"ŞCOALA GIMNAZIALĂ NR.4 CIUTELEC",CIUTELEC,BH,547,4,4,0,8,16,7,24,47,23,8,24,55,28,8,24,60,112,12,24,148,160,16,24,200
31707,610,"SCOALA PRIMARA",POIANA,BH,206,0,0,0,0,0,0,0,0,7,1,0,8,7,3,0,10,31,7,0,38,42,8,0,50
31663,611,"SCOALA GIMNAZIALA",TĂUTEU,BH,921,2,0,0,2,9,0,0,9,17,0,0,17,23,3,0,26,68,4,0,72,99,7,0,106
31672,612,"SCOALA GIMNAZIALA",BOGEI,BH,1172,6,0,0,6,34,3,0,37,49,4,0,53,63,7,0,70,216,11,0,227,279,13,0,292
31681,613,"SCOALA GIMNAZIALA",CHIRIBIŞ,BH,637,2,0,0,2,13,0,1,14,24,0,1,25,36,0,1,37,111,6,1,118,145,12,1,158
31725,614,"CENTRUL CULTURAL MULTIFUNCTIONAL",TILEAGD,BH,1875,22,2,0,24,64,11,0,75,110,13,0,123,132,14,0,146,329,32,0,361,425,64,0,489
31725,615,"SCOALA CU CLS.I-IV",TILEAGD,BH,1394,21,3,0,24,70,6,8,84,98,8,9,115,116,12,8,136,255,20,8,283,333,26,8,367
31743,616,"SCOALA CU CLS.I-IV",CĂLĂTANI,BH,156,4,3,0,7,10,7,0,17,19,13,0,32,23,14,0,37,50,17,0,67,62,20,0,82
31734,617,"SCOALA CU CLS.I-IV",BĂLAIA,BH,525,5,0,0,5,18,1,0,19,47,2,0,49,80,4,0,84,171,10,1,182,229,12,1,242
31761,618,"CĂMIN CULTURAL",TILECUŞ,BH,676,27,4,0,31,51,12,0,63,87,19,0,106,123,24,0,147,223,49,5,277,276,54,5,335
31752,619,"CĂMIN CULTURAL",POŞOLOACA,BH,330,2,3,0,5,5,3,0,8,17,3,0,20,19,3,0,22,48,5,0,53,69,7,0,76
31770,620,"CĂMIN CULTURAL","UILEACU DE CRIŞ",BH,689,5,0,0,5,12,0,0,12,16,3,0,19,31,3,0,34,79,7,0,86,110,14,0,124
31798,621,"LICEUL TEORETIC N.JIGA",TINCA,BH,1339,12,0,0,12,67,5,0,72,102,9,0,111,128,10,0,138,362,22,0,384,437,31,7,475
31798,622,"SCOALA PRIMARA I-IV",TINCA,BH,1270,30,2,0,32,84,15,0,99,131,22,0,153,158,27,0,185,283,35,0,318,378,46,27,451
31798,623,"GRADINITA CU PROGRAM PRELUNGIT",TINCA,BH,1126,22,1,0,23,72,10,0,82,103,16,0,119,130,20,0,150,273,25,21,319,396,94,21,511
31823,624,"SCOALA GENERALA",GURBEDIU,BH,913,11,0,0,11,48,3,0,51,79,6,0,85,108,7,0,115,239,15,7,261,287,30,7,324
31814,625,"SCOALA PRIMARA I-IV","GIRIŞU NEGRU",BH,582,20,0,0,20,57,3,0,60,79,9,0,88,97,13,0,110,188,32,34,254,210,32,34,276
31832,626,"SCOALA GENERALA",RÎPA,BH,448,2,2,0,4,14,9,0,23,33,12,0,45,43,13,0,56,130,44,0,174,174,51,1,226
31805,627,"SCOALA PRIMARA I-IV",BELFIR,BH,479,1,0,0,1,9,0,0,9,15,2,0,17,16,2,0,18,29,6,0,35,38,8,0,46
29500,628,"ȘCOALA GIMNAZIALĂ TOBOLIU",TOBOLIU,BH,775,10,2,0,12,17,6,0,23,28,8,0,36,34,12,0,46,88,19,0,107,137,28,0,165
29485,629,"ȘCOALA GENERALĂ CHERESIG",CHERESIG,BH,930,5,0,0,5,24,5,0,29,53,9,13,75,75,9,13,97,116,13,13,142,153,20,13,186
31850,630,"CĂMINUL CULTURAL TULCA",TULCA,BH,1557,38,3,0,41,136,16,0,152,178,22,0,200,250,23,0,273,405,34,0,439,568,56,15,639
31850,631,"ȘCOALA CU CLASELE I-IV TULCA NOUĂ",TULCA,BH,234,3,2,0,5,14,3,0,17,27,3,0,30,29,6,0,35,44,8,0,52,75,10,0,85
31869,632,"CĂMINUL CULTURAL CĂUAȘD",CĂUAŞD,BH,374,12,3,0,15,39,12,0,51,53,12,0,65,63,13,0,76,118,18,0,136,152,25,2,179
31887,633,"CĂMIN CULTURAL",ŢEŢCHEA,BH,676,9,0,0,9,27,2,0,29,43,3,0,46,51,3,0,54,185,12,0,197,259,18,3,280
31903,634,"CĂMIN CULTURAL",SUBPIATRĂ,BH,486,1,1,0,2,28,7,1,36,45,9,1,55,54,9,1,64,139,10,1,150,188,10,1,199
31912,635,"CĂMIN CULTURAL",TELECHIU,BH,637,3,0,0,3,15,0,0,15,28,0,0,28,33,3,0,36,91,4,0,95,197,10,8,215
31896,636,"CĂMIN CULTURAL",HOTAR,BH,719,5,0,0,5,15,4,0,19,23,11,0,34,46,12,0,58,133,21,1,155,193,28,1,222
31949,637,"ŞCOALA PRIMARĂ NR.1",FORĂU,BH,664,2,0,0,2,22,3,0,25,36,5,10,51,80,9,10,99,297,22,10,329,424,39,10,473
31930,638,"ŞCOALA GIMNAZIALĂ NR.1","UILEACU DE BEIUŞ",BH,507,2,0,0,2,8,0,0,8,22,4,0,26,28,4,0,32,105,16,0,121,177,29,0,206
31958,639,"GRĂDINIŢA CU PROGRAM NORMAL NR.3",PRISACA,BH,369,1,0,0,1,8,2,0,10,20,4,0,24,23,4,0,27,109,11,7,127,180,18,7,205
31967,640,"GRĂDINIŢA CU PROGRAM NORMAL NR.4","VĂLANII DE BEIUŞ",BH,207,2,1,0,3,9,3,0,12,40,3,0,43,47,4,0,51,91,7,0,98,140,11,0,151
31985,641,"CĂMIN CULTURAL VADU CRIŞULUI","VADU CRIŞULUI",BH,1484,18,0,0,18,58,1,0,59,102,6,0,108,126,7,0,133,297,23,0,320,374,30,0,404
31985,642,"ŞCOALA GENERALĂ VADU CRIŞULUI","VADU CRIŞULUI",BH,845,10,2,0,12,37,3,0,40,58,5,0,63,77,7,0,84,187,16,0,203,238,17,0,255
32009,643,"ŞCOALA GENERALĂ TOMNATIC",TOMNATIC,BH,222,0,0,0,0,3,5,0,8,4,5,0,9,9,5,0,14,37,7,0,44,41,7,0,48
32018,644,"ŞCOALA GENERALĂ TOPA DE CRIŞ","TOPA DE CRIŞ",BH,356,5,6,0,11,21,6,0,27,38,10,0,48,44,10,0,54,109,14,0,123,146,17,0,163
31994,645,"CĂMIN CULTURAL BIRTIN",BIRTIN,BH,293,7,1,0,8,14,1,0,15,21,2,0,23,32,2,0,34,95,8,0,103,126,11,0,137
32054,646,"CĂMIN CULTURAL",VIIŞOARA,BH,876,2,1,0,3,21,2,0,23,31,2,0,33,61,3,0,64,227,9,0,236,307,15,0,322
32063,647,"CĂMIN CULTURAL",IZVOARELE,BH,168,1,2,0,3,5,2,0,7,5,4,0,9,7,5,0,12,26,7,0,33,32,9,0,41
32107,648,"CĂMINUL CULTURAL",VÂRCIOROG,BH,870,7,0,0,7,21,10,0,31,57,11,0,68,72,13,0,85,170,24,0,194,285,39,0,324
32116,649,"ŞCOALA GIMNAZIALĂ NR.2",FÂŞCA,BH,356,3,3,0,6,10,4,0,14,31,17,0,48,33,17,0,50,144,28,0,172,177,31,0,208
32134,650,"GRĂDINIŢA DE COPII CU PROGRAM NORMAL",ŞERGHIŞ,BH,433,18,7,0,25,59,13,0,72,83,15,0,98,127,23,0,150,192,41,0,233,215,46,0,261
32401,1,"CLUBUL SPORTIV MUNICIPAL BISTRIŢA",BISTRIŢA,BN,1302,13,0,0,13,60,4,0,64,93,9,0,102,105,15,0,120,198,22,8,228,256,23,8,287
32401,2,"GRĂDINIŢA CU PROGRAM SĂPTĂMÂNAL ""DUMBRAVA MINUNATĂ""",BISTRIŢA,BN,1196,4,5,0,9,24,7,0,31,39,7,0,46,45,10,0,55,111,12,0,123,142,14,0,156
32401,3,"LICEUL DE MUZICĂ ""TUDOR JARDA""",BISTRIŢA,BN,1206,7,1,0,8,45,4,7,56,69,6,7,82,84,7,7,98,162,9,7,178,212,17,7,236
32401,4,"PRIMĂRIA MUNICIPIULUI BISTRIŢA, DIRECŢIA ECONOMICĂ-VENITURI",BISTRIŢA,BN,1725,20,0,0,20,94,3,0,97,134,3,1,138,146,7,1,154,301,16,1,318,382,24,1,407
32401,5,"GRĂDINIŢA CU PROGRAM PRELUNGIT NR. 6",BISTRIŢA,BN,1481,10,2,0,12,48,3,0,51,74,5,0,79,87,5,0,92,179,8,0,187,254,10,0,264
32401,6,"GRĂDINIŢA CU PROGRAM PRELUNGIT NR. 6",BISTRIŢA,BN,1411,7,5,0,12,50,5,0,55,71,5,0,76,76,5,0,81,157,7,0,164,214,10,0,224
32401,7,"LICEUL TEHNOLOGIC SPECIAL ""SFÂNTA MARIA"" BISTRIŢA",BISTRIŢA,BN,1328,14,1,0,15,51,4,0,55,76,6,38,120,83,7,38,128,187,9,38,234,246,14,38,298
32401,8,"ŞCOALA GIMNAZIALĂ NR. 1",BISTRIŢA,BN,1113,11,0,0,11,34,4,0,38,59,6,0,65,68,7,0,75,138,13,0,151,181,17,0,198
32401,9,"ŞCOALA GIMNAZIALĂ NR. 1",BISTRIŢA,BN,1194,8,4,0,12,33,12,0,45,53,15,0,68,59,15,0,74,136,21,0,157,178,33,0,211
32401,10,"ŞCOALA GIMNAZIALĂ NR. 1",BISTRIŢA,BN,1444,19,0,0,19,72,5,0,77,112,5,0,117,124,5,0,129,221,6,0,227,287,11,0,298
32401,11,"ŞCOALA GIMNAZIALĂ NR. 1",BISTRIŢA,BN,1238,13,4,0,17,75,4,0,79,110,4,0,114,122,4,0,126,225,5,0,230,286,12,0,298
32401,12,"GRĂDINIŢA CU PROGRAM NORMAL NR. 10",BISTRIŢA,BN,1380,16,4,0,20,49,7,0,56,76,9,0,85,103,11,0,114,185,21,1,207,252,25,1,278
32401,13,"ŞCOALA GIMNAZIALĂ ""LUCIAN BLAGA""",BISTRIŢA,BN,1726,8,5,0,13,50,5,0,55,81,8,0,89,87,9,0,96,172,14,0,186,258,20,0,278
32401,14,"ŞCOALA GIMNAZIALĂ ""LUCIAN BLAGA""",BISTRIŢA,BN,1635,12,0,0,12,49,2,0,51,77,2,0,79,82,2,0,84,183,2,0,185,251,12,0,263
32401,15,"ŞCOALA GIMNAZIALĂ ""LUCIAN BLAGA""",BISTRIŢA,BN,1681,6,0,0,6,33,4,0,37,58,4,0,62,62,5,0,67,191,9,0,200,257,12,0,269
32401,16,"COLEGIUL TEHNIC ""GRIGORE MOISIL""",BISTRIŢA,BN,1769,10,0,0,10,60,3,0,63,80,5,0,85,86,6,0,92,217,14,0,231,288,18,0,306
32401,17,"COLEGIUL TEHNIC ""GRIGORE MOISIL""",BISTRIŢA,BN,1353,15,2,0,17,61,3,0,64,91,7,0,98,98,7,0,105,189,13,0,202,257,20,0,277
32401,18,"GRĂDINIŢA CU PROGRAM NORMAL NR. 18",BISTRIŢA,BN,1211,8,1,0,9,30,4,0,34,58,6,0,64,65,6,0,71,140,8,0,148,192,9,0,201
32401,19,"GRĂDINIŢA CU PROGRAM NORMAL NR.18",BISTRIŢA,BN,1543,8,0,0,8,48,1,0,49,79,1,0,80,87,1,0,88,181,4,0,185,239,10,0,249
32401,20,"GRĂDINIŢA CU PROGRAM PRELUNGIT ""TRENULEŢUL VESELIEI""",BISTRIŢA,BN,1347,10,0,0,10,50,3,0,53,68,3,0,71,74,3,0,77,124,8,26,158,178,13,26,217
32401,21,"LICEUL TEHNOLOGIC FORESTIER",BISTRIŢA,BN,1741,17,2,0,19,61,6,148,215,119,7,148,274,130,8,148,286,272,13,148,433,333,16,148,497
32401,22,"GRĂDINIŢA CU PROGRAM NORMAL ""CĂSUŢA CU POVEŞTI""",BISTRIŢA,BN,1743,10,3,175,188,55,7,175,237,108,11,175,294,144,12,175,331,225,18,175,418,308,22,175,505
32401,23,"COLEGIUL NAŢIONAL ""ANDREI MUREŞANU""",BISTRIŢA,BN,1457,8,5,0,13,44,9,1,54,61,17,1,79,76,18,1,95,192,27,1,220,255,41,1,297
32401,24,"GRĂDINIŢA CU PROGRAM PRELUNGIT ""CĂSUŢA CU POVEŞTI""",BISTRIŢA,BN,1312,8,3,0,11,57,9,0,66,85,11,1,97,93,13,1,107,159,15,1,175,219,16,1,236
32401,25,"GRĂDINIŢA CU PROGRAM NORMAL NR. 15",BISTRIŢA,BN,1164,14,1,0,15,35,4,0,39,39,4,0,43,49,4,0,53,106,5,0,111,163,14,0,177
32401,26,"COLEGIUL NAŢIONAL ""LIVIU REBREANU"", ŞCOALA PRIMARĂ",BISTRIŢA,BN,1319,9,2,0,11,62,4,0,66,88,6,0,94,95,6,0,101,160,7,0,167,221,13,0,234
32401,27,"COLEGIUL NAŢIONAL ""LIVIU REBREANU""",BISTRIŢA,BN,1387,16,0,0,16,78,8,0,86,103,10,0,113,119,10,0,129,194,16,0,210,250,18,0,268
32401,28,"GRĂDINIŢA CU PROGRAM NORMAL NR. 9",BISTRIŢA,BN,1252,8,2,0,10,51,3,0,54,83,5,0,88,101,6,0,107,189,22,0,211,243,31,0,274
32401,29,"UNIVERSITATEA ""BABEŞ-BOLYAI"" CLUJ-NAPOCA, EXTENSIA UNIVERSITARĂ BISTRIŢA",BISTRIŢA,BN,1815,15,0,0,15,71,5,0,76,109,5,0,114,123,5,0,128,248,8,0,256,321,13,0,334
32401,30,"UNIVERSITATEA ""BABEŞ-BOLYAI"" CLUJ-NAPOCA, EXTENSIA UNIVERSITARĂ BISTRIŢA",BISTRIŢA,BN,1569,9,1,0,10,47,3,0,50,69,8,0,77,74,8,0,82,160,11,0,171,219,22,0,241
32401,31,"ŞCOALA GIMNAZIALĂ NR. 4",BISTRIŢA,BN,1885,34,0,0,34,125,4,0,129,182,10,0,192,201,11,0,212,377,20,0,397,491,27,0,518
32401,32,"ŞCOALA GIMNAZIALĂ NR. 4",BISTRIŢA,BN,1295,16,0,0,16,67,6,0,73,78,6,0,84,93,10,0,103,202,19,1,222,247,28,1,276
32401,33,"GRĂDINIŢA CU PROGRAM NORMAL NR. 5",BISTRIŢA,BN,1397,10,0,0,10,54,1,0,55,84,2,0,86,93,3,0,96,183,13,0,196,254,16,0,270
32401,34,"GRĂDINIŢA CU PROGRAM PRELUNGIT NR. 12",BISTRIŢA,BN,1375,9,3,0,12,65,3,0,68,106,3,0,109,117,3,0,120,219,8,0,227,274,10,0,284
32401,35,"GRĂDINIŢA CU PROGRAM NORMAL NR. 16",BISTRIŢA,BN,1306,13,1,0,14,74,5,0,79,94,7,0,101,103,8,0,111,199,8,0,207,244,13,0,257
32401,36,"ŞCOALA GIMNAZIALĂ ""AVRAM IANCU""",BISTRIŢA,BN,1313,15,4,0,19,58,10,0,68,84,13,0,97,90,17,0,107,185,29,0,214,237,37,0,274
32401,37,"ŞCOALA GIMNAZIALĂ ""AVRAM IANCU""",BISTRIŢA,BN,1300,7,3,0,10,41,6,0,47,74,6,0,80,86,6,0,92,186,11,0,197,239,11,0,250
32401,38,"GRĂDINIŢA CU PROGRAM PRELUNGIT NR. 13",BISTRIŢA,BN,1368,13,4,0,17,67,9,0,76,105,15,0,120,120,15,0,135,227,23,0,250,275,26,0,301
32401,39,"ŞCOALA GIMNAZIALĂ ""ŞTEFAN CEL MARE""",BISTRIŢA,BN,1320,16,1,0,17,63,3,0,66,90,7,0,97,95,7,0,102,196,11,22,229,249,13,22,284
32401,40,"ŞCOALA GIMNAZIALĂ ""ŞTEFAN CEL MARE""",BISTRIŢA,BN,1456,9,1,0,10,67,6,0,73,88,6,0,94,101,6,0,107,182,9,0,191,262,13,0,275
32401,41,"GRĂDINIŢA CU PROGRAM PRELUNGIT NR. 3",BISTRIŢA,BN,1462,13,3,0,16,56,6,0,62,84,7,0,91,96,9,0,105,192,12,0,204,246,18,0,264
32401,42,"CREŞA NR. 3",BISTRIŢA,BN,942,15,0,0,15,46,0,0,46,64,1,0,65,77,2,0,79,140,5,0,145,167,14,0,181
32401,43,"GRĂDINIŢA CU PROGRAM NORMAL NR. 7",BISTRIŢA,BN,1214,10,1,0,11,49,10,0,59,73,13,0,86,86,14,0,100,194,25,0,219,241,32,0,273
32401,44,"GRĂDINIŢA CU PROGRAM NORMAL NR. 7",BISTRIŢA,BN,940,5,0,0,5,27,0,0,27,46,1,0,47,59,1,0,60,135,1,0,136,177,2,0,179
32401,45,"ROTARY CLUBBISTRIŢA NOSA",BISTRIŢA,BN,1677,19,0,0,19,76,5,0,81,99,7,0,106,112,8,0,120,271,20,72,363,349,32,85,466
32401,46,"GRĂDINIŢA CU PROGRAM PRELUNGIT ""RAZĂ DE SOARE""",BISTRIŢA,BN,1383,8,1,0,9,61,3,0,64,85,6,0,91,95,6,0,101,175,8,0,183,229,13,0,242
32401,47,"COLEGIUL TEHNIC ""INFOEL""",BISTRIŢA,BN,1714,8,1,0,9,71,6,0,77,108,11,0,119,128,11,0,139,238,15,0,253,305,18,0,323
32401,48,"LICEUL CU PROGRAM SPORTIV",BISTRIŢA,BN,1279,2,4,0,6,29,12,0,41,45,18,0,63,54,19,0,73,130,27,0,157,180,37,0,217
32401,49,"LICEUL CU PROGRAM SPORTIV",BISTRIŢA,BN,1332,14,5,0,19,66,12,0,78,99,13,0,112,110,13,0,123,207,17,0,224,279,19,1,299
32456,50,"GRĂDINIŢA CU PROGRAM NORMAL UNIREA",UNIREA,BN,1462,14,1,0,15,50,5,0,55,89,11,0,100,132,13,0,145,294,26,0,320,381,43,0,424
32456,51,"GRĂDINIŢA CU PROGRAM NORMAL UNIREA",UNIREA,BN,1315,14,1,0,15,46,1,0,47,85,7,0,92,126,7,0,133,265,16,0,281,333,28,0,361
32447,52,"ŞCOALA PRIMARĂ ""DIMITRIE COJOCARU""SLĂTINIŢA",SLĂTINIŢA,BN,623,4,1,0,5,10,1,0,11,13,1,0,14,17,1,0,18,70,1,0,71,153,5,0,158
32410,53,"GRĂDINIŢA CU PROGRAM NORMAL GHINDA",GHINDA,BN,649,3,2,0,5,13,2,0,15,17,2,0,19,25,3,0,28,87,5,0,92,121,6,0,127
32438,54,"CASA DE CULTURĂ SIGMIR",SIGMIR,BN,850,5,2,0,7,16,2,0,18,23,4,0,27,41,4,0,45,153,7,0,160,183,10,0,193
32465,55,"ŞCOALA GIMNAZIALĂ NR. 7 VIIŞOARA",VIIŞOARA,BN,1285,4,0,0,4,16,2,0,18,36,3,0,39,49,3,0,52,117,12,1,130,184,21,1,206
32465,56,"ŞCOALA GIMNAZIALĂ NR.7 VIIŞOARA",VIIŞOARA,BN,1062,6,0,0,6,24,0,0,24,31,0,0,31,44,3,0,47,140,4,0,144,197,8,0,205
32429,57,"ŞCOALA PRIMARĂ SĂRATA",SĂRATA,BN,962,4,1,0,5,6,6,0,12,11,7,0,18,13,9,0,22,69,13,0,82,104,21,0,125
32492,58,"SALA DE CĂSĂTORII",BECLEAN,BN,1541,22,3,0,25,111,13,0,124,167,19,0,186,205,25,0,230,378,38,0,416,464,49,0,513
32492,59,"POLICLINICA ORĂŞENEASCĂ BECLEAN",BECLEAN,BN,1507,22,2,0,24,100,46,0,146,141,50,44,235,167,56,44,267,353,65,44,462,447,74,48,569
32492,60,"CLUBUL COPIILOR BECLEAN",BECLEAN,BN,820,6,3,0,9,40,5,0,45,60,8,0,68,67,8,0,75,138,9,0,147,179,11,0,190
32492,61,"CLUBUL COPIILOR BECLEAN",BECLEAN,BN,848,8,2,0,10,28,6,0,34,50,8,0,58,65,9,0,74,136,17,0,153,183,20,0,203
32492,62,"ŞCOALA GIMNAZIALĂ ""GRIGORE SILAŞI""",BECLEAN,BN,1573,19,2,0,21,50,5,0,55,98,8,0,106,114,8,0,122,277,11,0,288,383,26,1,410
32492,63,"CASA DE CULTURĂ ""RADU SĂPLĂCAN"" BECLEAN",BECLEAN,BN,1558,27,3,0,30,79,3,0,82,118,7,0,125,132,8,0,140,296,13,0,309,390,19,1,410
32492,64,"ŞCOALA GENERALĂ BECLENUŢ",BECLEAN,BN,344,5,3,0,8,16,3,0,19,28,3,0,31,36,4,0,40,69,8,0,77,92,10,0,102
32492,65,"GRĂDINIȚA CU PROGRAM NORMAL VALEA VIILOR",BECLEAN,BN,366,1,3,0,4,7,3,0,10,16,3,0,19,25,3,0,28,71,9,0,80,95,15,0,110
32508,66,"GRĂDINIȚA CU PROGRAM NORMAL COLDĂU",COLDĂU,BN,656,5,3,0,8,14,4,0,18,25,4,0,29,29,4,0,33,118,12,0,130,157,15,0,172
32517,67,"ȘCOALA PRIMARĂ FIGA",FIGA,BN,422,4,1,0,5,9,3,0,12,18,3,0,21,20,3,0,23,71,9,0,80,161,12,0,173
32526,68,"GRĂDINIȚA CU PROGRAM NORMAL RUSU DE JOS","RUSU DE JOS",BN,290,2,5,0,7,4,6,0,10,5,7,0,12,11,7,0,18,50,8,0,58,80,9,0,89
32553,69,"ŞCOALA DE APLICAŢIE",NĂSĂUD,BN,1397,20,2,0,22,59,4,0,63,78,5,0,83,136,7,0,143,267,22,0,289,334,29,0,363
32553,70,"ŞCOALA GIMNAZIALĂ ""MIHAI EMINESCU""",NĂSĂUD,BN,1488,9,2,0,11,61,4,0,65,92,7,0,99,127,12,0,139,259,16,1,276,350,19,2,371
32553,71,"COLEGIUL ECONOMIC",NĂSĂUD,BN,1165,9,1,0,10,39,2,0,41,51,3,0,54,74,4,0,78,183,8,0,191,226,11,0,237
32553,72,"COLEGIUL SILVIC ""TRANSILVANIA""",NĂSĂUD,BN,1480,10,3,0,13,75,4,25,104,103,4,26,133,122,5,26,153,263,20,26,309,311,28,26,365
32553,73,"AUTOGARA CĂLĂTORI",NĂSĂUD,BN,1732,16,3,0,19,71,6,0,77,94,8,0,102,120,8,0,128,260,18,0,278,356,36,0,392
32553,74,"ŞCOALA GENERALĂ VALEA SPINULUI",NĂSĂUD,BN,1010,5,0,0,5,36,0,0,36,46,3,0,49,59,3,0,62,251,6,0,257,317,10,0,327
32562,75,"CĂMINUL CULTURAL LIVIU REBREANU","LIVIU REBREANU",BN,609,3,0,0,3,13,1,0,14,25,1,0,26,44,1,0,45,157,7,0,164,224,12,0,236
32571,76,"CĂMINUL CULTURAL LUŞCA",LUŞCA,BN,532,3,0,0,3,9,3,0,12,17,4,0,21,42,5,0,47,90,5,0,95,119,9,0,128
32606,77,"ȘCOALA GIMNAZIALĂ ""ARTEMIU PUBLIU ALEXI"" SÎNGEORZ-BĂI",SÎNGEORZ-BĂI,BN,1366,9,2,0,11,47,11,0,58,64,14,0,78,82,18,0,100,225,21,0,246,305,25,0,330
32606,78,"ŞCOALA GIMNAZIALĂ ""ARTEMIU PUBLIU ALEXI"" SÎNGEORZ-BĂI",SÎNGEORZ-BĂI,BN,1414,12,1,0,13,38,4,0,42,60,8,0,68,76,8,0,84,309,12,0,321,441,16,0,457
32606,79,"ŞCOALA GIMNAZIALĂ ""ARTEMIU PUBLIU ALEXI"" SÎNGEORZ-BĂI",SÎNGEORZ-BĂI,BN,1297,1,0,0,1,27,1,0,28,49,2,0,51,51,2,0,53,227,6,0,233,337,11,0,348
32606,80,"CLUBUL TINERETULUI SÎNGEORZ-BĂI",SÎNGEORZ-BĂI,BN,1316,11,3,0,14,38,3,0,41,53,6,0,59,74,6,0,80,253,8,0,261,394,19,0,413
32606,81,"LICEUL TEORETIC ""SOLOMON HALIȚĂ""",SÎNGEORZ-BĂI,BN,1287,6,3,0,9,35,6,0,41,61,6,0,67,69,6,0,75,205,10,0,215,306,12,0,318
32606,82,"GRĂDINIȚA CU PROGRAM NORMAL SÎNGEORZ-BĂI",SÎNGEORZ-BĂI,BN,1382,5,22,0,27,29,44,0,73,63,47,0,110,95,57,0,152,283,72,0,355,406,79,0,485
32615,83,"ŞCOALA GIMNAZIALĂ CORMAIA",CORMAIA,BN,683,5,4,0,9,33,6,0,39,51,7,0,58,72,7,0,79,207,12,0,219,283,14,0,297
32642,84,"CĂMINUL CULTURALBISTRIŢA BÎRGĂULUI","BISTRIŢA BÎRGĂULUI",BN,1353,8,0,0,8,25,1,0,26,46,5,0,51,67,5,0,72,242,9,0,251,397,12,0,409
32642,85,"ŞCOALA GIMNAZIALĂ NR. 2 BISTRIŢA BÎRGĂULUI","BISTRIŢA BÎRGĂULUI",BN,988,0,0,0,0,9,0,0,9,12,0,0,12,20,0,0,20,99,8,0,107,167,9,0,176
32642,86,"SALA DE NUNŢI BISTRIŢA BÎRGĂULUI","BISTRIŢA BÎRGĂULUI",BN,1052,2,2,0,4,17,3,0,20,19,3,0,22,25,4,0,29,109,10,0,119,186,17,0,203
32651,87,"ŞCOALA GIMNAZIALĂ COLIBIŢA",COLIBIŢA,BN,248,0,0,0,0,1,1,0,2,3,1,0,4,3,1,0,4,34,16,0,50,58,26,0,84
32679,88,"PRIMĂRIA COMUNEI BRANIŞTEA",BRANIŞTEA,BN,951,6,1,0,7,9,1,0,10,12,1,0,13,26,2,0,28,74,16,0,90,125,26,0,151
32688,89,"CĂMINUL CULTURAL CIREŞOAIA",CIREŞOAIA,BN,1171,3,0,0,3,8,0,4,12,17,0,6,23,18,0,6,24,52,0,7,59,111,0,8,119
32697,90,"CĂMINUL CULTURAL MĂLUŢ",MĂLUŢ,BN,469,4,1,0,5,11,1,0,12,19,1,0,20,27,2,0,29,84,9,0,93,130,15,0,145
32713,91,"PRIMĂRIA COMUNEI BUDACU DE JOS","BUDACU DE JOS",BN,767,8,1,0,9,11,1,0,12,17,1,0,18,28,1,0,29,103,8,0,111,185,11,0,196
32722,92,"ŞCOALA GIMNAZIALĂ BUDUŞ",BUDUŞ,BN,450,3,0,0,3,9,0,0,9,16,1,0,17,23,1,0,24,72,10,0,82,118,15,3,136
32731,93,"CENTRUL LOCAL DE INFORMARE TURISTICĂ",JELNA,BN,775,6,1,0,7,16,2,0,18,29,4,0,33,46,4,0,50,140,13,0,153,227,23,0,250
32740,94,"ŞCOALA GIMNAZIALĂ MONARIU",MONARIU,BN,414,6,4,0,10,17,4,0,21,36,5,0,41,49,8,0,57,99,13,0,112,148,23,0,171
32759,95,"ŞCOALA GIMNAZIALĂ SIMIONEŞTI",SIMIONEŞTI,BN,175,5,2,0,7,9,7,0,16,11,7,0,18,15,7,0,22,53,16,0,69,64,22,0,86
32777,96,"ŞCOALA GIMNAZIALĂ BUDEŞTI",BUDEŞTI,BN,483,5,0,0,5,19,1,0,20,31,2,0,33,44,2,0,46,105,12,0,117,129,20,0,149
32786,97,"ŞCOALA PRIMARĂ BUDEŞTI-FÎNAŢE",BUDEŞTI-FÂNAŢE,BN,258,2,0,0,2,9,1,0,10,14,1,0,15,17,1,0,18,61,12,1,74,84,12,1,97
32795,98,"ŞCOALA PRIMARĂ ŢAGU",ŢAGU,BN,485,10,2,0,12,15,4,0,19,26,7,0,33,31,7,0,38,75,11,0,86,137,16,2,155
32802,99,"ŞCOALA PRIMARĂ ŢĂGŞORU",ŢĂGŞORU,BN,201,3,0,0,3,6,3,0,9,7,3,0,10,10,3,0,13,39,7,0,46,52,10,0,62
32820,100,"PRIMĂRIA COMUNEI CĂIANU MIC","CĂIANU MIC",BN,1230,13,2,0,15,29,8,0,37,83,17,28,128,134,18,28,180,338,24,28,390,484,29,32,545
32839,101,"ŞCOALA GIMNAZIALĂ CĂIANU MARE","CĂIANU MARE",BN,468,10,0,0,10,23,0,0,23,37,7,0,44,68,8,0,76,170,16,9,195,216,20,9,245
32857,102,"ŞCOALA GIMNAZIALĂ DOBRIC",DOBRIC,BN,1097,28,2,0,30,50,5,6,61,136,7,23,166,206,9,23,238,315,11,23,349,457,20,23,500
32848,103,"CĂMINUL CULTURAL CICEU-POIENI",CICEU-POIENI,BN,567,23,0,0,23,60,4,0,64,116,21,0,137,146,21,0,167,255,35,0,290,286,53,19,358
32893,104,"BIBLIOTECA COMUNALĂ SATU NOU","SATU NOU",BN,588,9,0,0,9,20,3,0,23,34,4,0,38,41,4,0,45,99,11,0,110,176,22,0,198
32937,105,"ŞCOALACLASELE I - IV PETRIŞ",PETRIŞ,BN,1004,5,0,0,5,14,10,0,24,31,12,0,43,39,13,0,52,154,20,0,174,322,22,10,354
32928,106,"CĂMINUL CULTURAL ORHEIU BISTRIŢEI","ORHEIU BISTRIŢEI",BN,644,9,2,0,11,18,2,0,20,26,4,0,30,37,6,0,43,132,12,0,144,199,21,0,220
33024,107,"PRIMĂRIA COMUNEI CHIOCHIŞ",CHIOCHIŞ,BN,317,4,0,0,4,10,3,0,13,10,4,0,14,13,4,0,17,38,8,0,46,54,11,0,65
33033,108,"ŞCOALA PRIMARĂ APATIU",APATIU,BN,257,1,0,0,1,1,0,0,1,3,0,0,3,6,0,0,6,53,4,0,57,69,5,0,74
33104,109,"ŞCOALA PRIMARĂ STRUGURENI",STRUGURENI,BN,160,1,0,0,1,1,2,0,3,2,2,0,4,2,2,0,4,16,4,0,20,22,7,0,29
33042,110,"GRĂDINIȚA BOZIEŞ",BOZIEŞ,BN,528,5,1,0,6,14,2,0,16,16,2,0,18,19,2,0,21,57,2,0,59,79,7,0,86
33060,111,"ŞCOALA PRIMARĂ CHEŢIU",CHEŢIU,BN,266,0,0,0,0,1,2,0,3,4,2,0,6,8,4,0,12,54,6,0,60,66,7,0,73
33097,112,"ŞCOALA PRIMARĂ SÎNNICOARĂ",SÎNNICOARĂ,BN,91,1,1,0,2,3,3,0,6,3,5,0,8,4,5,0,9,20,12,0,32,33,13,0,46
33113,113,"ŞCOALA PRIMARĂ ŢENTEA",ŢENTEA,BN,105,0,0,0,0,1,0,0,1,1,0,0,1,4,0,0,4,14,4,0,18,21,6,0,27
33088,114,"ŞCOALA PRIMARĂ MANIC",MANIC,BN,198,5,2,0,7,7,2,0,9,7,2,0,9,14,5,0,19,52,9,0,61,70,11,0,81
33079,115,"CĂMINUL CULTURAL JIMBOR",JIMBOR,BN,349,0,0,0,0,5,1,0,6,23,1,0,24,30,5,0,35,114,16,0,130,131,18,0,149
33051,116,"CĂMINUL CULTURAL BUZA-CĂTUN","BUZA CĂTUN",BN,95,0,0,0,0,1,0,0,1,1,0,0,1,2,0,0,2,13,4,0,17,30,7,0,37
33131,117,"ŞCOALA GIMNAZIALĂ""LIVIU REBREANU"" CHIUZA",CHIUZA,BN,739,8,0,0,8,19,0,0,19,31,5,0,36,38,5,0,43,129,8,0,137,269,13,0,282
33168,118,"CĂMINUL CULTURAL SĂSARM",SĂSARM,BN,552,6,3,0,9,15,7,0,22,27,7,0,34,38,10,0,48,114,22,0,136,147,29,0,176
33159,119,"ŞCOALA PRIMARĂ PIATRA",PIATRA,BN,404,1,0,0,1,10,1,0,11,21,3,0,24,35,5,0,40,110,17,1,128,147,18,1,166
33140,120,"CĂMINUL CULTURALMIREŞ",MIREŞ,BN,114,1,0,0,1,3,0,0,3,4,1,0,5,6,2,0,8,42,4,0,46,57,9,0,66
34217,121,"CĂMINUL CULTURAL CICEU-MIHĂIEŞTI",CICEU-MIHĂIEŞTI,BN,742,10,0,0,10,19,3,0,22,21,4,0,25,26,4,0,30,79,11,0,90,136,16,0,152
34226,122,"ŞCOALA GENERALĂ LELEŞTI",LELEŞTI,BN,119,0,0,0,0,1,1,0,2,4,3,0,7,9,8,0,17,38,20,0,58,44,21,0,65
34208,123,"ŞCOALA GENERALĂ CICEU-CORABIA",CICEU-CORABIA,BN,111,4,6,0,10,7,8,0,15,10,10,0,20,13,19,0,32,27,27,0,54,34,28,0,62
32964,124,"ŞCOALA GIMNAZIALĂ CICEU-GIURGEŞTI",CICEU-GIURGEŞTI,BN,752,9,1,0,10,41,6,0,47,64,11,0,75,82,11,0,93,205,27,0,232,246,32,29,307
32982,125,"CĂMINUL CULTURAL DUMBRĂVENI",DUMBRĂVENI,BN,522,8,2,0,10,19,2,0,21,28,7,0,35,54,10,0,64,143,20,15,178,169,24,15,208
33186,126,"ŞCOALA GIMNAZIALĂ „GEORGE COŞBUC”",COŞBUC,BN,1625,7,0,0,7,35,2,0,37,65,4,0,69,103,4,0,107,325,16,0,341,513,41,0,554
33211,127,"ŞCOALA GENERALĂ DUMITRA",DUMITRA,BN,1061,6,0,0,6,18,1,0,19,27,3,0,30,42,5,0,47,96,8,0,104,156,11,0,167
33211,128,"ŞCOALA GENERALĂ DUMITRA",DUMITRA,BN,1319,6,0,0,6,29,0,0,29,40,0,0,40,45,1,0,46,172,5,0,177,226,8,0,234
33220,129,"ŞCOALA GENERALĂ CEPARI",CEPARI,BN,910,9,0,0,9,22,2,0,24,35,5,0,40,55,7,0,62,159,14,0,173,220,20,0,240
33239,130,"ŞCOALA GENERALĂ TĂRPIU",TĂRPIU,BN,752,9,0,0,9,22,1,0,23,24,1,0,25,31,1,0,32,109,19,0,128,136,21,0,157
32919,131,"CENTRUL DE INFORMARE ŞI MARKETING TURISTIC",DUMITRIŢA,BN,1022,2,0,0,2,17,1,0,18,44,1,0,45,60,2,0,62,126,10,0,136,225,20,2,247
32900,132,"ŞCOALA DE ARTE ŞI MESERII BUDACU DE SUS","BUDACU DE SUS",BN,1496,6,0,0,6,13,0,0,13,22,0,0,22,43,0,0,43,171,3,0,174,256,8,0,264
33257,133,"PRIMĂRIA COMUNEI FELDRU",FELDRU,BN,1498,7,5,0,12,35,5,0,40,63,6,0,69,87,9,0,96,245,15,0,260,384,15,0,399
33257,134,"LICEUL TEHNOLOGIC FELDRU",FELDRU,BN,1420,16,2,0,18,40,4,0,44,60,5,0,65,86,5,0,91,263,17,0,280,409,20,0,429
33257,135,"AFTER-SCHOOL FELDRU",FELDRU,BN,1377,9,6,0,15,44,7,0,51,77,8,0,85,103,12,0,115,270,19,0,289,385,22,0,407
33257,136,"ŞCOALA PRIMARĂ PODEREI",FELDRU,BN,363,0,2,0,2,2,5,0,7,4,5,0,9,5,5,0,10,34,11,0,45,81,11,0,92
33266,137,"ȘCOALA GIMNAZIALĂ „GAVRIL ISTRATE” NEPOS",NEPOS,BN,1518,14,0,0,14,78,0,0,78,154,0,0,154,199,3,0,202,359,18,0,377,493,27,2,522
33284,138,"CĂMINUL CULTURAL GALAŢII BISTRIŢEI","GALAŢII BISTRIŢEI",BN,558,3,0,0,3,13,0,0,13,25,0,0,25,36,5,0,41,115,18,1,134,176,25,1,202
33300,139,"ŞCOALA GENERALĂ DIPŞA CLASELE I - IV",DIPŞA,BN,687,6,1,0,7,13,3,0,16,22,3,0,25,32,4,0,36,117,11,0,128,208,21,0,229
33319,140,"ŞCOALA GENERALĂ HERINA CLASELE I - IV",HERINA,BN,436,5,2,0,7,12,2,0,14,16,2,0,18,22,4,0,26,72,14,0,86,119,19,1,139
33293,141,"ŞCOALA GENERALĂ ALBEŞTII BISTRIŢEI","ALBEŞTII BISTRIŢEI",BN,127,0,0,0,0,2,2,0,4,5,10,0,15,5,10,0,15,17,14,0,31,33,18,0,51
33328,142,"ŞCOALA GENERALĂ TONCIU",TONCIU,BN,189,0,0,0,0,0,1,0,1,0,1,0,1,2,1,0,3,24,7,0,31,29,13,0,42
33346,143,"PRIMĂRIA COMUNEI ILVA MARE","ILVA MARE",BN,1065,14,0,0,14,41,1,26,68,60,1,26,87,76,1,26,103,243,4,33,280,429,13,37,479
33346,144,"PRIMĂRIA COMUNEI ILVA MARE","ILVA MARE",BN,904,12,2,0,14,26,3,0,29,49,3,25,77,55,3,25,83,192,16,25,233,283,18,25,326
33373,145,"ŞCOALA GIMNAZIALĂ NR. 2","ILVA MICA",BN,1295,11,2,0,13,61,3,0,64,77,3,0,80,111,4,0,115,249,14,22,285,362,21,22,405
33373,146,"ŞCOALA GIMNAZIALĂ ""DEMIAN NECHITI""","ILVA MICA",BN,1450,10,0,0,10,23,4,0,27,47,4,24,75,69,5,24,98,289,8,24,321,415,20,24,459
33391,147,"CĂMINUL CULTURAL JOSENII BÎRGĂULUI","JOSENII BÎRGĂULUI",BN,838,9,0,0,9,18,0,0,18,29,3,0,32,46,3,0,49,167,12,0,179,219,16,0,235
33391,148,"ȘCOALA GIMNAZIALĂ JOSENII BÎRGĂULUI","JOSENII BÎRGĂULUI",BN,860,8,1,0,9,17,1,0,18,23,1,0,24,40,2,0,42,120,3,0,123,246,8,0,254
33408,149,"GRĂDINIȚĂ MIJLOCENII BÎRGĂULUI","MIJLOCENII BÎRGĂULUI",BN,1393,10,1,0,11,21,4,0,25,33,4,0,37,49,4,0,53,146,12,0,158,230,20,0,250
33417,150,"CĂMINUL CULTURAL RUSU BÎRGĂULUI","RUSU BÎRGĂULUI",BN,769,8,0,0,8,21,0,0,21,34,4,0,38,40,4,0,44,110,13,0,123,164,19,0,183
33426,151,"ŞCOALA PRIMARĂ STRÎMBA",STRÎMBA,BN,354,2,2,0,4,18,8,0,26,30,9,0,39,34,9,0,43,101,14,0,115,125,20,0,145
33444,152,"PRIMĂRIA COMUNEI LECHINȚA",LECHINŢA,BN,1184,7,0,0,7,25,1,0,26,40,5,8,53,66,6,8,80,183,25,10,218,283,39,10,332
33444,153,"ȘCOALA PROFESIONALĂ LECHINȚA, NR.394",LECHINŢA,BN,1194,5,1,0,6,35,2,0,37,49,2,0,51,77,5,0,82,147,6,4,157,244,11,4,259
33471,154,"CĂMINULCULTURAL SÎNGEORZU- NOU","SÎNGEORZU NOU",BN,808,5,1,0,6,10,5,0,15,26,5,0,31,31,5,0,36,85,7,0,92,141,13,0,154
33462,155,"CĂMINULCULTURAL CHIRALEŞ",CHIRALEŞ,BN,413,4,0,0,4,12,3,0,15,27,3,0,30,30,3,0,33,80,26,2,108,121,35,2,158
33480,156,"ŞCOALA PRIMARĂ SÎNIACOB",SÎNIACOB,BN,182,1,1,0,2,10,2,0,12,12,3,0,15,14,4,0,18,82,13,8,103,86,16,8,110
33499,157,"ŞCOALA PRIMARĂ ŢIGĂU",ŢIGĂU,BN,363,1,0,0,1,7,2,0,9,17,3,0,20,18,4,0,22,43,5,0,48,98,7,2,107
33505,158,"CĂMINUL CULTURAL VERMEŞ",VERMEŞ,BN,738,0,0,0,0,6,0,0,6,25,0,0,25,27,0,0,27,138,0,0,138,223,0,0,223
33523,159,"ȘCOALA GIMNAZIALĂ NR. 1 - LEȘU",LEŞU,BN,1366,8,0,0,8,33,1,0,34,54,1,0,55,69,1,0,70,245,10,0,255,317,22,0,339
33532,160,"ŞCOALA GENERALĂ NR. 2 LUNCA LEŞULUI","LUNCA LEŞULUI",BN,916,1,0,0,1,5,3,0,8,11,3,0,14,16,3,0,19,85,7,11,103,130,11,11,152
33550,161,"CĂMINUL CULTURAL LIVEZILE",LIVEZILE,BN,1231,6,3,0,9,28,4,0,32,38,4,0,42,57,4,0,61,161,12,2,175,230,14,2,246
33550,162,"ŞCOALA GIMNAZIALĂ LIVEZILE",LIVEZILE,BN,1202,12,4,0,16,41,9,0,50,60,9,0,69,77,9,0,86,216,16,0,232,283,19,0,302
33578,163,"ŞCOALA GIMNAZIALĂ DOROLEA",DOROLEA,BN,560,3,0,0,3,17,1,0,18,35,3,0,38,44,3,0,47,111,5,0,116,139,11,0,150
33569,164,"ŞCOALA PRIMARĂ CUŞMA",CUŞMA,BN,520,10,1,0,11,16,12,0,28,17,10,7,34,25,10,17,52,89,15,7,111,145,16,7,168
33596,165,"ŞCOALA PRIMARĂ VALEA POENII","VALEA POENII",BN,126,3,1,0,4,10,3,0,13,20,6,0,26,22,7,0,29,71,8,0,79,72,11,0,83
33587,166,"ŞCOALA PRIMARĂ DUMBRAVA",DUMBRAVA,BN,330,3,1,0,4,13,1,0,14,26,5,0,31,31,7,0,38,105,9,0,114,136,10,0,146
33612,167,"CĂMINULCULTURAL LUNCA ILVEI","LUNCA ILVEI",BN,1499,2,0,0,2,38,0,0,38,57,1,0,58,90,1,0,91,207,5,0,212,276,8,0,284
33612,168,"CĂMINUL CULTURAL LUNCA ILVEI","LUNCA ILVEI",BN,1187,1,0,0,1,18,0,0,18,28,0,0,28,48,0,0,48,122,0,0,122,171,0,0,171
33630,169,"LICEUL TEHNOLOGICMAIERU",MAIERU,BN,1002,7,0,0,7,27,0,0,27,51,1,0,52,70,2,0,72,295,5,0,300,423,5,12,440
33630,170,"LICEUL TEHNOLOGIC MAIERU",MAIERU,BN,1307,8,0,0,8,42,0,0,42,110,0,0,110,140,0,0,140,410,0,0,410,531,0,1,532
33630,171,"LICEUL TEHNOLOGIC MAIERU",MAIERU,BN,946,9,0,0,9,37,0,0,37,71,0,0,71,91,0,0,91,260,0,0,260,372,0,0,372
33630,172,"CĂMINUL CULTURAL MAIERU",MAIERU,BN,1515,6,4,0,10,38,6,25,69,85,8,25,118,122,9,25,156,434,17,27,478,598,21,27,646
33649,173,"ŞCOALA GIMNAZIALĂ ANIEŞ",ANIEŞ,BN,1460,3,0,0,3,31,1,0,32,42,1,0,43,75,3,0,78,300,5,0,305,435,5,0,440
33667,174,"ŞCOALA GIMNAZIALĂMATEI",MATEI,BN,590,3,0,0,3,6,0,0,6,6,0,0,6,12,0,0,12,38,0,0,38,55,6,1,62
33676,175,"GRĂDINIŢA BIDIU",BIDIU,BN,166,6,1,0,7,9,1,0,10,11,1,0,12,14,1,0,15,49,1,0,50,56,6,0,62
33685,176,"ŞCOALA GIMNAZIALĂCORVINEŞTI",CORVINEŞTI,BN,540,4,0,0,4,12,2,0,14,19,2,0,21,46,5,0,51,121,13,0,134,162,14,0,176
33694,177,"GRĂDINIŢA ENCIU",ENCIU,BN,145,3,0,0,3,8,4,0,12,11,4,0,15,14,5,0,19,40,8,0,48,56,15,1,72
33701,178,"ŞCOALA PRIMARĂFÎNTÎNELE",FÎNTÎNELE,BN,473,1,0,0,1,9,2,0,11,13,3,0,16,23,3,0,26,71,15,0,86,91,24,0,115
33710,179,"ŞCOALA PRIMARĂMORUŢ",MORUŢ,BN,167,1,0,0,1,7,0,0,7,10,2,0,12,10,4,0,14,31,7,0,38,51,9,0,60
33738,180,"CĂMINUL CULTURAL MĂGURA ILVEI","MĂGURA ILVEI",BN,1389,12,0,0,12,38,0,0,38,50,0,0,50,79,1,0,80,240,10,0,250,460,16,0,476
33747,181,"CĂMINUL CULTURAL ARŞIŢA",ARŞIŢA,BN,346,0,0,0,0,0,0,0,0,5,6,0,11,5,6,0,11,47,9,0,56,97,12,0,109
33818,182,"ŞCOALA GIMNAZIALĂ MĂRIŞELU",MĂGURELE,BN,531,5,0,0,5,6,3,0,9,10,6,0,16,13,8,0,21,57,16,0,73,93,19,0,112
33792,183,"ŞCOALA PRIMARĂ DOMNEŞTI",DOMNEŞTI,BN,715,0,3,0,3,12,3,0,15,27,4,0,31,69,7,0,76,134,26,0,160,215,35,0,250
33783,184,"CĂMINUL CULTURAL BÎRLA",BÎRLA,BN,286,3,1,0,4,9,3,0,12,18,6,0,24,24,6,0,30,88,12,0,100,128,16,0,144
33836,185,"ŞCOALA PRIMARĂ SÎNTIOANA",SÎNTIOANA,BN,389,4,1,0,5,10,1,0,11,12,2,0,14,18,2,0,20,69,5,0,74,115,6,0,121
33809,186,"SOCIETATEA AGRICOLĂ",JEICA,BN,87,1,2,0,3,1,2,0,3,2,3,0,5,2,6,0,8,6,13,0,19,10,14,0,24
33854,187,"CĂMINUL CULTURAL MICEŞTII DE CÎMPIE","MICEŞTII DE CÎMPIE",BN,252,6,1,0,7,11,5,0,16,12,7,0,19,23,7,0,30,52,20,0,72,83,24,0,107
33863,188,"ȘCOALA GENERALĂFÎNTÎNIŢA",FÎNTÎNIŢA,BN,301,2,0,0,2,5,0,0,5,9,4,0,13,13,4,0,17,38,8,0,46,49,8,0,57
33872,189,"ȘCOALA GENERALĂ VISUIA",VISUIA,BN,322,3,0,0,3,7,3,0,10,11,5,0,16,12,5,0,17,32,8,0,40,48,10,0,58
33890,190,"GRADINITA CU PROGRAM NORMAL",MILAŞ,BN,591,8,1,0,9,16,2,0,18,21,3,0,24,37,4,0,41,107,20,0,127,142,33,0,175
33943,191,"CAMINUL CULTURAL OROSFAIA",OROSFAIA,BN,305,6,2,0,8,11,2,0,13,18,2,0,20,33,3,0,36,65,12,0,77,92,14,0,106
33907,192,"CĂMINUL CULTURAL COMLOD",COMLOD,BN,113,3,2,0,5,8,3,0,11,8,4,0,12,8,4,0,12,16,12,0,28,25,17,0,42
33961,193,"CĂMINUL CULTURAL MONOR",MONOR,BN,699,8,4,0,12,19,6,0,25,35,7,0,42,56,8,0,64,150,16,0,166,217,23,0,240
33970,194,"CĂMINUL CULTURAL GLEDIN",GLEDIN,BN,420,2,0,0,2,11,0,0,11,27,0,0,27,40,3,0,43,107,10,0,117,163,14,0,177
32991,195,"ŞCOALA GIMNAZIALĂ NEGRILEŞTI",NEGRILEŞTI,BN,1035,17,3,0,20,43,11,0,54,62,17,0,79,110,27,0,137,250,49,7,306,320,62,7,389
33006,196,"ŞCOALA GENERALĂ PURCĂRETE",PURCĂRETE,BN,175,1,2,0,3,7,3,0,10,9,10,0,19,10,10,0,20,69,12,0,81,80,15,0,95
32973,197,"ŞCOALA GIMNAZIALĂ ""VICTOR MOTOGNA"" BREAZA",BREAZA,BN,804,1,0,0,1,9,0,0,9,17,0,0,17,23,0,0,23,143,3,0,146,192,5,0,197
33998,198,"ŞCOALA GIMNAZIALĂ NIMIGEA DE JOS","NIMIGEA DE JOS",BN,1312,2,1,0,3,15,2,0,17,30,2,0,32,38,2,0,40,141,10,0,151,227,14,0,241
34039,199,"CĂMINUL CULTURAL MOCOD",MOCOD,BN,493,5,1,0,6,9,2,0,11,25,5,0,30,43,8,0,51,103,14,0,117,144,15,0,159
34020,200,"ŞCOALA GIMNAZIALĂ MITITEI",MITITEI,BN,593,1,0,0,1,7,1,0,8,18,2,0,20,20,2,0,22,110,13,0,123,185,16,0,201
34057,201,"ŞCOALA PRIMARĂ NIMIGEA DE SUS","NIMIGEA DE SUS",BN,479,8,1,0,9,16,3,0,19,28,7,0,35,38,8,0,46,125,17,0,142,193,20,0,213
34011,202,"ŞCOALA PRIMARĂ MINTIU",MINTIU,BN,349,2,0,0,2,14,0,0,14,21,0,0,21,31,6,0,37,89,15,0,104,129,26,0,155
34066,203,"ŞCOALA PRIMARĂ TĂURE",TĂURE,BN,352,3,3,0,6,12,6,0,18,19,7,0,26,30,7,0,37,74,12,0,86,100,14,0,114
34048,204,"ŞCOALA PRIMARĂ MOGOŞENI",MOGOŞENI,BN,290,2,2,0,4,4,3,0,7,7,4,0,11,24,5,0,29,55,8,0,63,93,9,0,102
34002,205,"ŞCOALA PRIMARĂ FLOREŞTI",FLOREŞTI,BN,392,2,0,0,2,6,0,0,6,10,0,0,10,13,0,0,13,78,12,0,90,121,12,0,133
34084,206,"PRIMĂRIA COMUNEI NUŞENI",NUŞENI,BN,733,15,44,0,59,28,53,28,109,44,53,28,125,50,54,28,132,170,74,28,272,270,95,52,417
34093,207,"ŞCOALA PRIMARĂ BEUDIU",BEUDIU,BN,470,2,0,0,2,10,1,0,11,16,1,0,17,31,8,0,39,136,17,14,167,241,26,14,281
34119,208,"CĂMINUL CULTURAL FELEAC",FELEAC,BN,267,4,1,0,5,5,2,0,7,11,4,0,15,18,4,0,22,60,9,0,69,104,15,0,119
34128,209,"ŞCOALAPRIMARĂ MALIN",MALIN,BN,356,6,1,0,7,13,1,0,14,18,1,0,19,19,3,0,22,49,10,2,61,113,28,2,143
34137,210,"ŞCOALA PRIMARĂ RUSU DE SUS","RUSU DE SUS",BN,243,1,0,0,1,6,2,0,8,8,7,0,15,10,9,0,19,68,12,0,80,94,17,0,111
34146,211,"ŞCOALA GIMNAZIALĂ VIŢA",VIŢA,BN,302,0,5,0,5,4,6,0,10,8,7,0,15,10,9,0,19,40,12,3,55,71,20,3,94
34164,212,"ŞCOALA GIMNAZIALĂ PARVA",PARVA,BN,971,7,0,0,7,37,0,0,37,74,0,0,74,99,0,0,99,247,0,0,247,383,0,3,386
34164,213,"CENTRUL DE INFORMARE TURISTICA",PARVA,BN,957,2,0,0,2,18,1,0,19,34,2,0,36,76,4,0,80,246,21,0,267,314,25,4,343
34182,214,"PRIMĂRIA COMUNEI PETRU RAREŞ",RETEAG,BN,1438,14,1,0,15,30,5,0,35,46,5,0,51,72,5,0,77,211,14,0,225,314,19,0,333
34182,215,"ŞCOALA GENERALĂ RETEAG POIENI, CLASELE I - IV",RETEAG,BN,754,1,0,0,1,41,0,0,41,55,0,0,55,56,0,0,56,135,0,0,135,173,1,0,174
34191,216,"CĂMINUL CULTURAL BAŢA",BAŢA,BN,706,4,1,0,5,11,1,0,12,15,1,0,16,19,2,0,21,87,4,0,91,133,6,0,139
33756,217,"ŞCOALA GIMNAZIALĂ ""SEVER POP"" POIANA ILVEI","POIANA ILVEI",BN,1259,15,0,0,15,28,1,0,29,40,1,12,53,87,4,12,103,244,16,12,272,430,23,25,478
34244,218,"ŞCOALA PRIMARĂPRUNDU BÎRGĂULUI","PRUNDU BÎRGĂULUI",BN,1169,7,2,0,9,26,5,0,31,38,6,0,44,55,8,0,63,165,19,0,184,235,27,0,262
34244,219,"ȘCOALA PRIMARĂPRUNDU BÎRGĂULUI","PRUNDU BÎRGĂULUI",BN,1364,6,0,0,6,27,3,0,30,44,3,0,47,63,3,0,66,183,3,0,186,253,11,0,264
34244,220,"CENTRU MULTIFUNCȚIONAL","PRUNDU BÎRGĂULUI",BN,1597,8,1,0,9,41,5,0,46,61,7,0,68,73,7,0,80,228,15,0,243,305,28,0,333
34253,221,"ŞCOALA PRIMARĂ SUSENII BÎRGĂULUI","SUSENII BÎRGĂULUI",BN,1147,4,0,0,4,8,0,0,8,17,6,22,45,33,8,22,63,150,18,22,190,206,26,22,254
34271,222,"ȘCOALA GIMNAZIALĂ REBRA CLASELE I-IV",REBRA,BN,989,7,3,0,10,27,5,0,32,47,9,0,56,69,9,0,78,216,14,0,230,270,17,0,287
34271,223,"ȘCOALA GIMNAZIALĂ REBRA CLASELE I-IV",REBRA,BN,1073,9,0,0,9,27,0,0,27,43,0,0,43,62,0,0,62,200,0,0,200,243,0,0,243
34299,224,"ŞCOALA GIMNAZIALĂ “ IACOB ŞI IOACHIM MUREŞANU “ REBRIŞOARA",REBRIŞOARA,BN,1460,33,0,0,33,72,0,0,72,114,1,0,115,145,1,0,146,296,7,0,303,389,15,0,404
34299,225,"ŞCOALA GIMNAZIALĂCLASELE I-IV REBRIŞOARA",REBRIŞOARA,BN,1651,16,0,0,16,63,1,1,65,92,6,1,99,160,9,1,170,341,14,1,356,456,20,1,477
34306,226,"ŞCOALA GIMNAZIALĂNR.1GERSA I","GERSA I",BN,577,0,0,0,0,7,0,0,7,19,0,0,19,21,0,0,21,100,4,0,104,116,7,0,123
34315,227,"ŞCOALA PRIMARĂ “VALEA BABII“","GERSA II",BN,147,0,0,0,0,2,7,0,9,6,7,0,13,8,8,0,16,33,9,0,42,40,9,0,49
34342,228,"ŞCOALA GIMNAZIALĂNR. 2""FLORIAN PORCIUS"" RODNA",RODNA,BN,975,3,1,0,4,26,2,0,28,39,6,0,45,54,7,0,61,131,9,0,140,189,9,0,198
34342,229,"ŞCOALA GIMNAZIALĂNR. 2 ""FLORIAN PORCIUS"" RODNA",RODNA,BN,961,13,1,0,14,30,1,0,31,36,6,0,42,47,6,0,53,130,6,0,136,174,10,0,184
34342,230,"PRIMĂRIA COMUNEI RODNA",RODNA,BN,1464,23,2,0,25,56,3,0,59,67,3,0,70,86,7,0,93,215,9,0,224,314,11,2,327
34342,231,"CĂMINUL CULTURAL ""GHERASIM DOMIDE"" RODNA",RODNA,BN,1447,20,0,0,20,44,5,0,49,64,7,0,71,85,8,0,93,194,12,0,206,316,15,0,331
34351,232,"ŞCOALAPRIMARĂVALEA VINULUI","VALEA VINULUI",BN,161,0,0,0,0,2,1,0,3,6,1,0,7,8,1,0,9,24,1,0,25,39,5,0,44
34379,233,"ŞCOALA GIMNAZIALĂ CLASELE I-VIII, ROMULI",ROMULI,BN,1030,7,0,0,7,17,1,0,18,32,1,0,33,60,2,0,62,218,5,0,223,352,19,18,389
34388,234,"GRĂDINIȚA CU PROGRAM NORMAL DEALU ŞTEFĂNIŢEI","DEALU ŞTEFĂNIŢEI",BN,344,6,0,0,6,14,1,0,15,15,1,0,16,24,1,0,25,80,3,0,83,122,6,12,140
34413,235,"PRIMĂRIA COMUNEI RUNCU SALVEI","RUNCU SALVEI",BN,1055,3,0,0,3,12,4,0,16,21,4,0,25,29,4,0,33,117,8,0,125,146,13,0,159
34404,236,"PRIMĂRIA COMUNEI SALVA",SALVA,BN,1111,27,1,0,28,40,1,0,41,61,4,0,65,95,7,0,102,231,10,15,256,323,16,15,354
34404,237,"ŞCOALA GIMANZIALĂ SALVA",SALVA,BN,1240,8,1,0,9,39,1,0,40,69,1,0,70,126,1,0,127,269,4,0,273,388,15,13,416
34431,238,"CĂMINUL CULTURAL","SILIVAŞU DE CÎMPIE",BN,798,4,0,0,4,13,0,0,13,15,2,0,17,25,4,0,29,68,9,0,77,105,15,0,120
34486,239,"CĂMINUL CULTURAL SÎNMIHAIU DE CÎMPIE","SÎNMIHAIU DE CÎMPIE",BN,543,4,1,0,5,9,6,0,15,29,12,0,41,43,35,0,78,114,54,6,174,185,64,6,255
34495,240,"CĂMINUL CULTURAL BRĂTENI",BRĂTENI,BN,64,2,2,0,4,4,2,0,6,7,5,0,12,10,6,0,16,36,15,0,51,44,17,1,62
34510,241,"CĂMINUL CULTURAL SĂLCUŢA",SĂLCUŢA,BN,96,2,2,0,4,3,3,0,6,9,5,0,14,13,8,0,21,30,15,0,45,36,18,3,57
34529,242,"ȘCOALA GIMNAZIALÂ STUPINI",STUPINI,BN,170,5,0,0,5,6,2,0,8,8,2,0,10,13,3,0,16,50,19,0,69,79,23,3,105
34538,243,"CĂMINUL CULTURAL ZORENI",ZORENI,BN,242,9,3,0,12,18,3,0,21,23,3,0,26,30,6,0,36,76,11,0,87,83,13,1,97
34556,244,"PRIMĂRIA COMUNEI SPERMEZEU",SPERMEZEU,BN,1429,20,7,0,27,50,7,0,57,86,13,0,99,166,14,0,180,508,32,0,540,717,46,0,763
34592,245,"ŞCOALA GIMNAZIALĂ SITA",SITA,BN,251,7,1,0,8,12,1,0,13,15,1,0,16,26,1,0,27,79,7,0,86,113,7,0,120
34565,246,"ŞCOALA PRIMARĂ HĂLMĂSĂU",HĂLMĂSĂU,BN,230,4,2,0,6,4,2,0,6,12,2,0,14,23,2,0,25,79,4,0,83,139,4,0,143
32875,247,"ŞCOALA GIMNAZIALĂ ""TEODOR COTUŢIU"" DUMBRĂVIŢA",DUMBRĂVIŢA,BN,648,7,1,0,8,13,4,0,17,26,6,0,32,45,7,0,52,116,8,0,124,224,18,0,242
32866,248,"ŞCOALA PRIMARĂ DOBRICEL",DOBRICEL,BN,446,5,2,0,7,25,5,0,30,28,6,0,34,65,7,0,72,169,16,0,185,240,23,0,263
34627,249,"PRIMĂRIA COMUNEI ŞANŢ",ŞANŢ,BN,1317,22,3,0,25,60,6,0,66,193,8,0,201,257,8,0,265,543,11,0,554,775,18,13,806
34627,250,"ȘCOALA GIMNAZIALĂ""ENEA GRAPINI""ŞANŢ",ŞANŢ,BN,1108,16,0,0,16,47,1,0,48,138,1,0,139,189,1,0,190,466,6,0,472,598,9,7,614
34636,251,"ŞCOALAPRIMARĂ""LUCIAN VALEA""","VALEA MARE",BN,258,4,3,0,7,15,3,0,18,33,7,0,40,55,9,0,64,187,13,0,200,194,13,8,215
34654,252,"PRIMĂRIA COMUNEI ŞIEU",ŞIEU,BN,1084,5,0,0,5,13,0,0,13,20,0,0,20,28,0,0,28,108,9,0,117,172,11,0,183
34663,253,"ŞCOALA GENERALĂ ARDAN",ARDAN,BN,591,1,0,0,1,4,0,0,4,7,0,0,7,12,0,0,12,30,0,0,30,46,2,0,48
34672,254,"ŞCOALA GENERALĂ POSMUŞ",POSMUŞ,BN,549,1,1,0,2,11,2,0,13,17,3,0,20,23,5,0,28,68,6,0,74,111,10,0,121
34681,255,"CĂMINUL CULTURAL ŞOIMUŞ",ŞOIMUŞ,BN,127,2,0,0,2,6,2,0,8,6,2,0,8,11,3,0,14,44,9,0,53,55,10,0,65
34707,256,"CĂMINUL CULTURAL ŞIEU-MĂGHERUŞ",ŞIEU-MĂGHERUŞ,BN,985,6,0,0,6,17,0,0,17,27,3,0,30,33,4,0,37,96,16,0,112,171,21,0,192
34725,257,"CAMIN CULTURAL ""GRIGORE PLETOSU""",CHINTELNIC,BN,546,2,1,0,3,14,2,0,16,16,2,0,18,23,4,0,27,103,13,0,116,157,26,0,183
34734,258,"CĂMINUL CULTURAL CRAINIMĂT",CRAINIMĂT,BN,816,4,1,0,5,17,2,0,19,28,4,0,32,34,4,0,38,79,12,0,91,134,19,0,153
34752,259,"CĂMINUL CULTURAL SĂRĂŢEL",SĂRĂŢEL,BN,481,2,0,0,2,5,0,0,5,7,0,0,7,13,4,0,17,39,7,0,46,63,13,0,76
34716,260,"ŞCOALA GENERALĂ ARCALIA, CLASELE V-VIII",ARCALIA,BN,738,5,0,0,5,16,4,0,20,25,9,0,34,49,9,0,58,159,20,0,179,211,25,0,236
34789,261,"PRIMĂRIA COMUNEI ŞIEU-ODORHEI",ŞIEU-ODORHEI,BN,601,4,0,0,4,10,0,0,10,15,0,0,15,22,0,0,22,95,13,0,108,134,16,0,150
34798,262,"ŞCOALA GENERALĂ AGRIŞU DE JOS","AGRIŞU DE JOS",BN,295,3,2,0,5,6,2,0,8,10,2,0,12,18,2,0,20,70,8,0,78,111,12,0,123
34805,263,"CĂMINULCULTURALAGRIŞU DE SUS","AGRIŞU DE SUS",BN,142,2,2,0,4,6,2,0,8,11,3,0,14,12,3,0,15,50,8,0,58,66,17,0,83
34814,264,"CĂMINUL CULTURAL BRETEA",BRETEA,BN,135,2,2,0,4,4,4,0,8,4,6,0,10,6,8,0,14,38,17,0,55,53,24,0,77
34823,265,"CĂMINUL CULTURAL COASTA",COASTA,BN,161,1,0,0,1,3,0,0,3,8,4,0,12,13,4,0,17,39,5,0,44,56,10,0,66
34832,266,"ŞCOALA GENERALĂ CRISTUR-ŞIEU",CRISTUR-ŞIEU,BN,401,2,0,0,2,11,2,0,13,20,3,0,23,21,5,0,26,71,17,0,88,142,25,0,167
34841,267,"ŞCOALA GENERALĂ ŞIRIOARA",ŞIRIOARA,BN,202,4,3,0,7,5,4,0,9,8,6,0,14,8,7,0,15,51,19,0,70,63,23,0,86
34869,268,"PRIMĂRIA COMUNEI ŞIEUŢ",ŞIEUŢ,BN,582,3,1,0,4,19,2,0,21,34,8,0,42,47,13,0,60,131,19,0,150,208,22,0,230
34887,269,"ŞCOALA PRIMARĂRUŞTIOR",RUŞTIOR,BN,494,4,0,0,4,6,1,0,7,14,6,0,20,16,6,0,22,81,6,0,87,171,12,0,183
34896,270,"ŞCOALA GIMNAZIALĂSEBIŞ",SEBIŞ,BN,686,3,2,0,5,13,2,0,15,18,4,0,22,32,4,0,36,98,6,0,104,139,7,0,146
34878,271,ŞCOALAPRIMARĂLUNCA,LUNCA,BN,310,11,0,0,11,12,0,0,12,20,0,0,20,22,0,0,22,71,6,0,77,106,11,0,117
34912,272,"PRIMĂRIA COMUNEI ŞINTEREAG",ŞINTEREAG,BN,845,6,2,0,8,21,4,0,25,37,16,0,53,62,24,0,86,140,32,0,172,208,35,3,246
34949,273,"CĂMINUL CULTURAL",CAILA,BN,258,1,2,0,3,6,3,0,9,15,4,0,19,22,6,0,28,38,10,0,48,80,16,0,96
34958,274,"ŞCOALA GIMNAZIALĂCOCIU",COCIU,BN,896,13,1,0,14,35,1,0,36,43,2,0,45,80,2,0,82,194,6,0,200,295,10,0,305
34921,275,"CĂMINUL CULTURALBLĂJENII DE JOS","BLĂJENII DE JOS",BN,301,2,0,0,2,2,0,0,2,5,1,0,6,9,4,0,13,43,15,0,58,110,18,0,128
34930,276,"ŞCOALA PRIMARĂ ,,NICOLAE BĂLAN"" BLĂJENII DE SUS","BLĂJENII DE SUS",BN,318,5,4,0,9,6,4,0,10,15,8,0,23,25,13,0,38,56,20,0,76,94,29,0,123
34967,277,"ŞCOALA PRIMARĂ CLASELE I-IV ŞIEU-SFÎNTU (FOSTUL SEDIU)",ŞIEU-SFÎNTU,BN,394,1,1,0,2,20,2,0,22,26,4,0,30,37,4,0,41,65,7,0,72,127,23,0,150
35009,278,"CĂMINUL CULTURALARCHIUD",ARCHIUD,BN,455,6,0,0,6,15,0,0,15,15,1,0,16,19,2,0,21,60,7,0,67,99,8,0,107
35018,279,"CĂMINUL CULTURAL BUDURLENI",BUDURLENI,BN,79,2,3,0,5,7,4,0,11,10,7,0,17,13,8,0,21,31,9,0,40,39,17,0,56
35027,280,"CĂMINUL CULTURAL OCNIŢA",OCNIŢA,BN,839,1,1,0,2,2,2,0,4,15,6,0,21,38,6,0,44,102,10,0,112,163,13,0,176
35036,281,"FOST SEDIU C.A.P. PINTICU",PINTICU,BN,628,1,0,0,1,12,1,0,13,22,1,0,23,23,4,0,27,52,11,0,63,87,12,0,99
34994,282,"CĂMINUL CULTURAL TEACA",TEACA,BN,901,2,0,0,2,10,2,0,12,14,6,0,20,18,6,0,24,52,6,0,58,98,9,0,107
34994,283,"PRIMĂRIA COMUNEI TEACA",TEACA,BN,773,9,2,0,11,20,5,0,25,23,6,0,29,33,7,0,40,85,12,0,97,124,19,0,143
35045,284,"ŞCOALA GIMNAZIALĂVIILE TECII","VIILE TECII",BN,835,2,0,0,2,11,1,0,12,21,3,0,24,28,3,0,31,61,11,0,72,110,18,0,128
35063,285,"LICEUL TEHNOLOGIC TELCIU",TELCIU,BN,1199,3,1,0,4,13,1,0,14,20,2,0,22,49,2,0,51,183,12,0,195,246,19,0,265
35063,286,"CĂMINUL CULTURAL TELCIU",TELCIU,BN,984,6,1,0,7,26,3,0,29,40,8,0,48,67,11,0,78,178,19,1,198,236,23,1,260
35063,287,"OCOLUL SILVIC TELCIU",TELCIU,BN,967,5,0,0,5,19,0,0,19,31,2,0,33,53,3,0,56,153,5,0,158,194,10,0,204
35081,288,"ŞCOALA GIMNAZIALĂ TELCIŞOR",TELCIŞOR,BN,866,0,0,0,0,0,0,0,0,35,0,0,35,44,4,0,48,206,6,0,212,303,10,0,313
35072,289,"ŞCOALA GIMNAZIALĂ FIAD",FIAD,BN,174,0,0,0,0,1,5,0,6,1,7,0,8,4,7,0,11,27,15,0,42,34,18,0,52
33195,290,"ŞCOALA GIMNAZIALĂ BICHIGIU",BICHIGIU,BN,670,1,0,0,1,12,0,0,12,25,0,0,25,33,0,0,33,130,5,0,135,152,5,0,157
35107,291,"CĂMINUL CULTURAL TIHA BÎRGĂULUI","TIHA BÎRGĂULUI",BN,1366,0,1,0,1,16,2,0,18,18,7,0,25,27,8,0,35,149,23,0,172,214,30,0,244
35143,292,"ȘCOALA GIMNAZIALĂ TUREAC",TUREAC,BN,538,2,8,0,10,5,11,0,16,8,12,0,20,11,13,0,24,78,22,0,100,114,28,0,142
35143,293,"ȘCOALA GIMNAZIALĂ TUREAC",TUREAC,BN,1564,4,3,0,7,16,3,0,19,22,6,0,28,49,8,0,57,133,9,0,142,199,15,0,214
35125,294,"ŞCOALA GIMNAZIALĂ MUREŞENII BÎRGĂULUI","MUREŞENII BÎRGĂULUI",BN,1349,7,0,0,7,19,6,0,25,30,7,0,37,62,8,0,70,191,19,0,210,304,28,0,332
35134,295,"ŞCOALA GIMNAZIALĂ PIATRA FÎNTÎNELE","PIATRA FÎNTÎNELE",BN,321,3,0,0,3,9,1,0,10,23,6,0,29,27,8,0,35,77,23,0,100,90,31,0,121
35161,296,"LICEUL TEHNOLOGIC TÎRLIȘUA",TÎRLIŞUA,BN,1031,5,0,0,5,29,7,0,36,37,7,0,44,41,10,22,73,169,17,22,208,251,31,36,318
35198,297,"ŞCOALA GENERALĂ BORLEASA",BORLEASA,BN,312,4,0,0,4,24,1,0,25,25,2,0,27,43,2,0,45,110,8,0,118,147,11,7,165
35214,298,"ŞCOALA GENERALĂ LUNCA SĂTEASCĂ","LUNCA SĂTEASCA",BN,464,2,1,0,3,10,5,0,15,16,6,0,22,17,6,0,23,50,7,0,57,83,10,0,93
35170,299,"ŞCOALA GENERALĂ AGRIEŞ",AGRIEŞ,BN,770,3,0,0,3,11,1,0,12,18,7,0,25,24,7,0,31,158,13,7,178,255,21,10,286
35223,300,"ŞCOALA GENERALĂ MOLIŞET (COSTEASA)",MOLIŞET,BN,177,3,1,0,4,5,1,0,6,7,4,0,11,7,5,0,12,41,6,4,51,84,7,4,95
35278,301,"ŞCOALA GENERALĂ URIU",URIU,BN,1225,19,0,0,19,30,3,0,33,44,3,0,47,60,4,0,64,190,9,0,199,263,12,0,275
35287,302,"ŞCOALA GENERALĂ CRISTEŞTII CICEULUI","CRISTEŞTII CICEULUI",BN,989,13,4,0,17,37,4,0,41,66,7,0,73,81,8,0,89,241,19,0,260,310,28,0,338
35303,303,"ŞCOALA GENERALĂ ILIŞUA",ILIŞUA,BN,594,10,0,0,10,29,1,0,30,36,1,0,37,44,2,0,46,100,6,0,106,152,12,0,164
35296,304,"ŞCOALA GENERALĂ HĂŞMAŞU CICEULUI","HĂŞMAŞU CICEULUI",BN,193,3,0,0,3,6,2,0,8,7,4,0,11,13,4,0,17,37,18,0,55,56,22,0,78
35321,305,"SALA DE SPORT URMENIŞ",URMENIŞ,BN,749,7,0,0,7,10,5,0,15,19,6,0,25,35,11,0,46,101,20,0,121,132,22,0,154
35394,306,"ŞCOALA GENERALĂ ŞOPTERIU",ŞOPTERIU,BN,302,3,4,0,7,3,4,0,7,3,4,0,7,3,4,0,7,22,7,0,29,32,9,0,41
35358,307,"ŞCOALA GENERALĂDELURENI",DELURENI,BN,257,1,0,0,1,5,1,0,6,8,8,0,16,9,8,0,17,24,13,0,37,33,14,0,47
35367,308,"CĂMINUL CULTURAL FÎNAŢE",FÎNAŢE,BN,157,1,0,0,1,7,3,0,10,8,4,0,12,15,4,0,19,29,4,0,33,45,9,0,54
35438,309,"ŞCOALA GENERALĂ ZAGRA",ZAGRA,BN,877,11,0,0,11,39,0,0,39,48,0,0,48,101,0,0,101,277,5,0,282,456,8,0,464
35465,310,"ŞCOALA GENERALĂ POIENILE ZAGREI","POIENILE ZAGREI",BN,703,5,0,0,5,17,0,0,17,40,0,3,43,46,4,0,50,189,11,0,200,295,15,0,310
35474,311,"ŞCOALA GENERALĂ SUPLAI",SUPLAI,BN,507,8,3,0,11,18,6,0,24,25,6,0,31,35,8,0,43,125,9,0,134,201,10,0,211
35456,312,"ŞCOALA GENERALĂ PERIŞOR",PERIŞOR,BN,436,1,0,0,1,8,0,0,8,11,0,0,11,13,0,0,13,41,0,0,41,183,5,0,188
35447,313,"ŞCOALA GENERALĂ ALUNIŞUL",ALUNIŞUL,BN,185,9,4,0,13,24,5,0,29,30,5,0,35,32,5,0,37,81,10,0,91,117,14,0,131
42691,1,"ŞCOALA GIMNAZIALĂ NR. 31 „MIHAI VITEAZUL”",BRĂILA,BR,1368,8,0,0,8,41,0,0,41,48,0,0,48,64,1,0,65,124,4,0,128,178,6,0,184
42691,2,"ŞCOALA GIMNAZIALĂ NR. 31 „MIHAI VITEAZUL”",BRĂILA,BR,1254,15,0,0,15,53,5,0,58,92,6,0,98,102,6,0,108,182,11,0,193,217,13,0,230
42691,3,"ŞCOALA GIMNAZIALĂ NR. 31 „MIHAI VITEAZUL”",BRĂILA,BR,1068,12,0,0,12,57,0,0,57,78,0,0,78,100,0,0,100,170,1,0,171,206,5,0,211
42691,4,"ŞCOALA GIMNAZIALĂ NR. 31 „MIHAI VITEAZUL”",BRĂILA,BR,1201,18,0,0,18,60,0,0,60,89,0,0,89,118,0,0,118,193,0,0,193,242,0,0,242
42691,5,"GRĂDINIŢA NR. 61 „BOBOCEL”",BRĂILA,BR,1177,12,0,0,12,55,1,0,56,88,2,0,90,124,4,0,128,194,7,0,201,240,7,0,247
42691,6,"GRĂDINIŢA NR. 61 „BOBOCEL”",BRĂILA,BR,1218,24,0,0,24,83,1,0,84,116,1,0,117,131,1,0,132,215,1,0,216,260,1,0,261
42691,7,"ȘCOALA GIMNAZIALĂ NR. 1 „VLAICU VODĂ”",BRĂILA,BR,1398,24,5,0,29,73,8,0,81,110,9,0,119,136,19,0,155,236,24,0,260,281,25,0,306
42691,8,"ȘCOALA GIMNAZIALĂ NR. 1 „VLAICU VODĂ”",BRĂILA,BR,1473,13,2,0,15,72,4,0,76,111,5,0,116,138,18,0,156,215,24,0,239,271,26,0,297
42691,9,"GRĂDINIŢA NR. 12 „SFÂNTUL NICOLAE”",BRĂILA,BR,1686,17,3,0,20,62,3,0,65,86,10,0,96,113,10,0,123,204,24,0,228,273,25,0,298
42691,10,"GRĂDINIŢA NR. 12 „SFÂNTUL NICOLAE”",BRĂILA,BR,1569,8,1,0,9,45,1,0,46,72,3,0,75,90,4,0,94,196,22,0,218,254,23,0,277
42691,11,"ȘCOALA GIMNAZIALĂ NR. 27 „AUREL VLAICU”",BRĂILA,BR,1353,11,0,0,11,44,3,0,47,69,4,0,73,89,4,0,93,158,5,0,163,214,9,0,223
42691,12,"ȘCOALA GIMNAZIALĂ NR. 27 „AUREL VLAICU”",BRĂILA,BR,1526,13,0,0,13,52,1,0,53,88,4,0,92,110,4,0,114,190,4,0,194,224,5,0,229
42691,13,"ŞCOALA GIMNAZIALĂ NR. 27 „AUREL VLAICU”",BRĂILA,BR,1313,11,3,0,14,60,4,0,64,88,4,0,92,106,5,0,111,203,5,0,208,258,6,0,264
42691,14,"ŞCOALA GIMNAZIALĂ NR. 27 „AUREL VLAICU”",BRĂILA,BR,1409,13,0,0,13,42,0,0,42,57,0,0,57,76,0,0,76,139,4,0,143,180,6,0,186
42691,15,"ȘCOALA GIMNAZIALĂ NR. 2 „FĂNUȘ NEAGU”",BRĂILA,BR,919,8,1,0,9,26,7,0,33,37,9,0,46,49,11,0,60,84,16,0,100,114,23,63,200
42691,16,"ȘCOALA GIMNAZIALĂ NR. 2 „FĂNUȘ NEAGU”",BRĂILA,BR,1103,14,0,0,14,42,1,0,43,66,1,0,67,82,1,0,83,149,1,0,150,178,4,0,182
42691,17,"ŞCOALA GIMNAZIALĂ NR. 2 „FĂNUŞ NEAGU”",BRĂILA,BR,1080,10,0,0,10,43,3,0,46,65,3,0,68,92,5,0,97,163,12,0,175,212,17,0,229
42691,18,"ŞCOALA GIMNAZIALĂ NR. 2 „FĂNUŞ NEAGU”",BRĂILA,BR,1363,14,0,0,14,50,1,0,51,70,1,0,71,88,3,0,91,162,4,0,166,218,9,0,227
42691,19,"ŞCOALA GIMNAZIALĂ NR. 2 „FĂNUŞ NEAGU”",BRĂILA,BR,1141,14,0,0,14,51,0,0,51,69,0,0,69,88,0,0,88,154,6,0,160,196,8,0,204
42691,20,"GRĂDINIŢA NR. 39 „CĂSUȚA FERMECATĂ”",BRĂILA,BR,1284,20,1,0,21,83,1,0,84,103,1,0,104,126,1,0,127,194,2,0,196,236,3,0,239
42691,21,"GRĂDINIŢA NR. 39 „CĂSUȚA FERMECATĂ”",BRĂILA,BR,1160,9,2,0,11,41,3,0,44,59,3,0,62,79,3,0,82,143,5,0,148,171,8,0,179
42691,22,"GRĂDINIŢA NR. 39 „CĂSUȚA FERMECATĂ”",BRĂILA,BR,1144,9,0,0,9,40,0,0,40,68,0,0,68,91,0,0,91,148,0,0,148,186,1,0,187
42691,23,"GRĂDINIŢA NR. 39 „CĂSUȚA FERMECATĂ”",BRĂILA,BR,1114,16,0,0,16,53,4,0,57,72,4,0,76,89,4,0,93,144,4,0,148,173,4,0,177
42691,24,"ȘCOALA GIMNAZIALĂ NR. 28 „VASILE ALECSANDRI”",BRĂILA,BR,1086,19,0,0,19,53,6,0,59,68,6,0,74,93,6,0,99,224,10,0,234,197,12,0,209
42691,25,"ȘCOALA GIMNAZIALĂ NR. 28 „VASILE ALECSANDRI”",BRĂILA,BR,988,16,1,0,17,38,1,0,39,59,1,0,60,75,1,0,76,120,1,0,121,150,1,0,151
42691,26,"ȘCOALA GIMNAZIALĂ NR. 28 „VASILE ALECSANDRI”",BRĂILA,BR,982,10,0,0,10,33,0,0,33,58,0,0,58,81,6,0,87,134,8,0,142,162,8,0,170
42691,27,"ŞCOALA GIMNAZIALĂ NR. 28 „VASILE ALECSANDRI”",BRĂILA,BR,1303,19,3,0,22,67,5,0,72,105,5,0,110,128,5,0,133,181,8,0,189,225,8,0,233
42691,28,"ŞCOALA GIMNAZIALĂ NR. 28 „VASILE ALECSANDRI”",BRĂILA,BR,901,11,0,0,11,44,0,0,44,61,0,0,61,74,0,0,74,126,0,0,126,143,3,0,146
42691,29,"GRĂDINIŢA NR. 38 „IZVORAȘUL”",BRĂILA,BR,1242,16,0,0,16,87,0,0,87,111,6,0,117,132,6,0,138,217,11,0,228,247,13,0,260
42691,30,"ŞCOALA GIMNAZIALĂ NR. 29 „MIHAIL SADOVEANU”",BRĂILA,BR,658,5,1,0,6,31,1,0,32,52,1,0,53,70,2,0,72,115,2,0,117,128,5,0,133
42691,31,"ȘCOALA GIMNAZIALĂ NR. 29 „MIHAIL SADOVEANU”",BRĂILA,BR,1209,18,0,0,18,65,1,0,66,81,1,0,82,105,6,0,111,174,6,0,180,212,8,0,220
42691,32,"ȘCOALA GIMNAZIALĂ NR. 29 „MIHAIL SADOVEANU”",BRĂILA,BR,1393,16,0,0,16,67,0,0,67,109,2,0,111,129,2,0,131,207,9,0,216,246,10,0,256
42691,33,"GRĂDINIŢA NR. 11 „BRÂNDUȘA”",BRĂILA,BR,1547,23,0,0,23,98,0,0,98,120,0,0,120,151,2,0,153,226,4,0,230,282,6,0,288
42691,34,"COLEGIUL NAȚIONAL „ANA ASLAN”",BRĂILA,BR,901,9,1,0,10,19,1,0,20,24,3,0,27,32,3,0,35,71,3,0,74,83,5,0,88
42691,35,"COLEGIUL NAȚIONAL „ANA ASLAN”",BRĂILA,BR,1349,12,0,0,12,64,2,0,66,79,3,0,82,102,3,0,105,161,6,0,167,203,9,0,212
42691,36,"COLEGIUL NAȚIONAL „ANA ASLAN”",BRĂILA,BR,1041,10,0,0,10,53,0,0,53,70,4,0,74,95,4,0,99,149,4,0,153,189,6,0,195
42691,37,"COLEGIUL NAȚIONAL „ANA ASLAN”",BRĂILA,BR,1473,15,0,0,15,55,1,0,56,85,3,0,88,101,3,0,104,178,12,0,190,214,13,0,227
42691,38,"COLEGIUL NAȚIONAL „ANA ASLAN”",BRĂILA,BR,1514,18,0,0,18,59,1,0,60,75,1,0,76,103,1,0,104,155,4,0,159,191,8,0,199
42691,39,"COLEGIUL TEHNIC „EDMOND NICOLAU”",BRĂILA,BR,1539,13,11,0,24,41,18,0,59,80,18,0,98,93,27,0,120,174,34,0,208,240,34,0,274
42691,40,"COLEGIUL TEHNIC „EDMOND NICOLAU”",BRĂILA,BR,1220,12,0,0,12,34,4,0,38,51,4,0,55,59,4,0,63,134,4,0,138,187,4,0,191
42691,41,"COMPANIA DE UTILITĂȚI PUBLICE „DUNĂREA” SA BRĂILA",BRĂILA,BR,1415,12,1,0,13,59,3,0,62,82,3,0,85,104,3,0,107,195,5,0,200,231,7,0,238
42691,42,"ŞCOALA GIMNAZIALĂ NR. 4 „ALEXANDRU IOAN CUZA”",BRĂILA,BR,1191,16,0,0,16,65,4,0,69,85,11,0,96,107,12,0,119,180,20,0,200,247,28,0,275
42691,43,"ŞCOALA GIMNAZIALĂ NR. 4 „ALEXANDRU IOAN CUZA”",BRĂILA,BR,1332,19,0,0,19,81,4,0,85,120,5,0,125,143,5,0,148,251,6,0,257,304,6,0,310
42691,44,"ȘCOALA GIMNAZIALĂ NR. 4 „ALEXANDRU IOAN CUZA”",BRĂILA,BR,1100,9,3,0,12,62,4,0,66,89,4,0,93,102,4,0,106,186,4,0,190,233,4,0,237
42691,45,"GRĂDINIȚA CU PROGRAM NORMAL WALDORF",BRĂILA,BR,1408,18,1,0,19,69,6,28,103,89,7,28,124,110,8,28,146,246,12,28,286,296,12,28,336
42691,46,"GRĂDINIȚA CU PROGRAM NORMAL WALDORF",BRĂILA,BR,899,23,4,0,27,85,6,0,91,102,8,0,110,122,8,0,130,178,12,0,190,211,17,0,228
42691,47,"ŞCOALA GIMNAZIALĂ NR. 8 „ION BĂNCILĂ”",BRĂILA,BR,1551,23,0,0,23,76,6,0,82,111,6,0,117,129,9,0,138,204,14,0,218,379,15,0,394
42691,48,"ŞCOALA GIMNAZIALĂ NR. 8 „ION BĂNCILĂ”",BRĂILA,BR,1157,25,1,0,26,84,1,0,85,105,1,0,106,117,1,0,118,202,1,0,203,246,5,0,251
42691,49,"ŞCOALA GIMNAZIALĂ NR. 8 „ION BĂNCILĂ”",BRĂILA,BR,728,12,4,0,16,37,4,0,41,54,4,0,58,68,6,0,74,121,6,0,127,142,7,0,149
42691,50,"ŞCOALA GIMNAZIALĂ NR. 8 „ION BĂNCILĂ”",BRĂILA,BR,986,11,1,0,12,55,2,0,57,82,2,0,84,105,2,0,107,154,4,0,158,194,4,0,198
42691,51,"ŞCOALA GIMNAZIALĂ NR. 8 „ION BĂNCILĂ”",BRĂILA,BR,1452,13,0,0,13,58,1,0,59,102,4,0,106,123,6,0,129,220,7,0,227,273,8,0,281
42691,52,"LICEUL TEORETIC „PANAIT CERNA”",BRĂILA,BR,890,11,0,0,11,49,5,0,54,68,6,0,74,85,6,0,91,147,8,0,155,173,10,0,183
42691,53,"LICEUL TEORETIC „PANAIT CERNA”",BRĂILA,BR,945,17,3,0,20,59,7,0,66,77,7,0,84,95,7,0,102,144,8,0,152,169,9,0,178
42691,54,"LICEUL TEORETIC „PANAIT CERNA”",BRĂILA,BR,1370,19,2,0,21,57,6,0,63,92,6,0,98,111,7,0,118,198,11,0,209,237,11,0,248
42691,55,"LICEUL TEORETIC „PANAIT CERNA”",BRĂILA,BR,1020,15,1,0,16,69,2,0,71,107,5,0,112,119,5,0,124,223,10,3,236,237,11,3,251
42691,56,"COLEGIUL NAȚIONAL „GHEORGHE MUNTEANU MURGOCI”",BRĂILA,BR,1243,28,1,0,29,102,4,0,106,136,19,0,155,159,21,0,180,251,30,0,281,297,34,0,331
42691,57,"COLEGIUL NAȚIONAL „GHEORGHE MUNTEANU MURGOCI”",BRĂILA,BR,1235,13,0,0,13,57,0,0,57,84,0,0,84,103,0,0,103,202,2,0,204,239,5,0,244
42691,58,"ŞCOALA GIMNAZIALĂ NR. 7 „ION CREANGĂ”",BRĂILA,BR,1211,8,0,0,8,57,4,0,61,102,5,0,107,121,6,0,127,209,13,0,222,246,15,0,261
42691,59,"ȘCOALA GIMNAZIALĂ NR. 7 „ION CREANGĂ”",BRĂILA,BR,1027,12,1,0,13,70,2,0,72,94,2,0,96,113,2,0,115,175,7,0,182,208,8,0,216
42691,60,"ȘCOALA GIMNAZIALĂ NR. 7 „ION CREANGĂ”",BRĂILA,BR,956,16,3,0,19,58,4,0,62,82,4,0,86,107,5,0,112,184,7,0,191,224,7,0,231
42691,61,"LICEUL TEORETIC „NICOLAE IORGA”",BRĂILA,BR,858,6,1,13,20,45,3,13,61,59,4,13,76,72,5,13,90,125,9,13,147,158,14,13,185
42691,62,"ŞCOALA GIMNAZIALĂ NR. 5 „NIKOS KAZANTZAKIS”",BRĂILA,BR,1030,8,1,0,9,46,4,0,50,61,5,0,66,74,5,0,79,127,5,0,132,150,7,0,157
42691,63,"COLEGIUL NAŢIONAL „NICOLAE BĂLCESCU”",BRĂILA,BR,1383,18,0,0,18,78,5,0,83,107,5,0,112,125,5,0,130,238,7,0,245,281,7,0,288
42691,64,"LICEUL DE ARTĂ „HARICLEA DARCLEE”",BRĂILA,BR,1458,10,3,0,13,55,7,0,62,76,8,0,84,83,9,0,92,173,9,0,182,218,14,0,232
42691,65,"LICEUL DE ARTĂ „HARICLEA DARCLEE”",BRĂILA,BR,1460,9,1,0,10,50,6,11,67,76,8,11,95,106,8,11,125,203,12,11,226,253,13,11,277
42691,66,"LICEUL TEHNOLOGIC „GRIGORE MOISIL”",BRĂILA,BR,1540,5,0,0,5,51,0,0,51,76,0,330,406,103,0,330,433,193,7,330,530,237,7,330,574
42691,67,"ȘCOALA GIMNAZIALĂ NR. 17 „ECATERINA TEODOROIU”",BRĂILA,BR,1295,12,1,0,13,75,2,0,77,102,2,0,104,130,2,0,132,224,2,0,226,265,5,0,270
42691,68,"ȘCOALA GIMNAZIALĂ NR. 17 „ECATERINA TEODOROIU”",BRĂILA,BR,1513,26,3,0,29,87,4,0,91,109,4,0,113,129,4,0,133,246,6,0,252,316,7,0,323
42691,69,"COLEGIUL TEHNIC „PANAIT ISTRATI”",BRĂILA,BR,1358,25,4,0,29,91,5,0,96,121,5,0,126,143,5,0,148,224,5,0,229,272,6,0,278
42691,70,"COLEGIUL TEHNIC „PANAIT ISTRATI”",BRĂILA,BR,910,19,5,0,24,51,5,0,56,72,6,0,78,89,6,0,95,179,6,0,185,199,7,0,206
42691,71,"COLEGIUL TEHNIC „PANAIT ISTRATI”",BRĂILA,BR,1298,24,0,0,24,42,0,0,42,64,0,0,64,86,0,0,86,175,0,0,175,214,0,0,214
42691,72,"ŞCOALA GIMNAZIALĂ NR. 18 „MIHU DRAGOMIR”",BRĂILA,BR,1041,15,3,0,18,40,5,0,45,66,7,0,73,87,10,0,97,148,12,0,160,181,12,0,193
42691,73,"ȘCOALA GIMNAZIALĂ NR. 18 „MIHU DRAGOMIR”",BRĂILA,BR,1289,18,0,0,18,64,1,0,65,97,1,0,98,127,4,0,131,216,8,0,224,269,10,0,279
42691,74,"GRĂDINIŢA NR. 21 „PESCĂRUȘUL”",BRĂILA,BR,1298,10,0,0,10,39,4,0,43,68,4,0,72,100,4,0,104,187,6,0,193,236,10,0,246
42691,75,"GRĂDINIŢA NR. 21 „PESCĂRUȘUL”",BRĂILA,BR,1020,9,4,0,13,52,4,0,56,67,4,0,71,84,5,0,89,138,7,0,145,165,8,0,173
42691,76,"GRĂDINIŢA NR. 21 „PESCĂRUȘUL”",BRĂILA,BR,1292,15,0,0,15,42,2,0,44,70,4,0,74,86,4,0,90,149,5,0,154,186,9,0,195
42691,77,"ŞCOALA GIMNAZIALĂ NR. 6 „CONSTANTIN SANDU ALDEA”",BRĂILA,BR,1287,12,0,0,12,84,1,0,85,123,1,0,124,150,1,0,151,241,1,0,242,287,9,0,296
42691,78,"ŞCOALA GIMNAZIALĂ NR. 6 „CONSTANTIN SANDU ALDEA”",BRĂILA,BR,1240,13,0,0,13,77,4,0,81,119,10,0,129,138,11,0,149,243,20,0,263,283,30,0,313
42691,79,"ŞCOALA GIMNAZIALĂ NR. 6 „CONSTANTIN SANDU ALDEA”",BRĂILA,BR,1189,12,0,0,12,46,2,0,48,60,3,0,63,91,3,0,94,176,5,0,181,225,5,0,230
42691,80,"ŞCOALA GIMNAZIALĂ NR. 6 „CONSTANTIN SANDU ALDEA”",BRĂILA,BR,1294,22,0,0,22,82,0,0,82,108,1,0,109,123,4,0,127,206,5,0,211,246,7,0,253
42691,81,"LICEUL TEHNOLOGIC „ANGHEL SALIGNY”",BRĂILA,BR,1253,18,1,0,19,86,3,0,89,122,6,0,128,156,6,0,162,243,11,0,254,281,12,0,293
42691,82,"LICEUL TEHNOLOGIC „ANGHEL SALIGNY”",BRĂILA,BR,1079,17,0,0,17,61,2,0,63,83,3,0,86,117,3,0,120,183,10,0,193,209,10,1,220
42691,83,"LICEUL TEHNOLOGIC „ANGHEL SALIGNY”",BRĂILA,BR,1231,17,0,0,17,66,4,0,70,92,6,0,98,113,9,0,122,195,13,0,208,237,13,0,250
42691,84,"COLEGIUL ECONOMIC „ION GHICA”",BRĂILA,BR,1116,8,0,0,8,57,0,0,57,87,1,0,88,103,5,0,108,171,5,0,176,208,11,0,219
42691,85,"COLEGIUL ECONOMIC „ION GHICA”",BRĂILA,BR,1412,11,0,0,11,41,1,0,42,55,2,0,57,85,2,0,87,176,6,0,182,221,7,0,228
42691,86,"CASA CORPULUI DIDACTIC",BRĂILA,BR,1203,17,0,0,17,46,1,0,47,67,1,0,68,83,4,0,87,157,5,0,162,194,6,0,200
42691,87,"ŞCOALA GIMNAZIALĂ NR. 32 „DIMITRIE CANTEMIR”",BRĂILA,BR,1212,10,0,0,10,55,1,0,56,89,1,0,90,101,1,0,102,151,1,0,152,181,6,0,187
42691,88,"ŞCOALA GIMNAZIALĂ NR. 32 „DIMITRIE CANTEMIR”",BRĂILA,BR,1439,18,0,0,18,65,1,0,66,98,1,0,99,122,5,0,127,200,5,0,205,247,8,0,255
42691,89,"ȘCOALA GIMNAZIALĂ NR. 32 „DIMITRIE CANTEMIR”",BRĂILA,BR,880,16,0,0,16,50,0,0,50,77,0,0,77,91,0,0,91,133,0,0,133,162,0,0,162
42691,90,"ȘCOALA GIMNAZIALĂ NR. 32 „DIMITRIE CANTEMIR”",BRĂILA,BR,1275,18,5,0,23,76,5,0,81,102,5,0,107,126,7,0,133,193,9,0,202,227,9,0,236
42691,91,"ȘCOALA GIMNAZIALĂ NR. 32 „DIMITRIE CANTEMIR”",BRĂILA,BR,1413,21,3,0,24,80,4,0,84,105,4,0,109,126,5,0,131,208,5,0,213,256,5,0,261
42691,92,"GRĂDINIŢA NR. 36 „FURNICUŢA”",BRĂILA,BR,1405,11,0,0,11,66,3,0,69,102,4,0,106,120,6,0,126,215,9,0,224,268,11,0,279
42691,93,"GRĂDINIŢA NR. 48 „LUCEAFĂRUL”",BRĂILA,BR,1243,15,1,0,16,62,5,0,67,92,9,0,101,108,9,0,117,187,10,0,197,230,11,0,241
42691,94,"GRĂDINIŢA NR. 48 „LUCEAFĂRUL”",BRĂILA,BR,1195,14,3,0,17,81,6,0,87,105,8,0,113,133,9,0,142,247,12,0,259,296,12,0,308
42691,95,"GRĂDINIŢA NR. 37 „DUMBRAVA MINUNATĂ”",BRĂILA,BR,1180,13,4,0,17,80,4,0,84,114,4,0,118,131,4,0,135,222,9,0,231,266,11,0,277
42691,96,"GRĂDINIŢA NR. 37 „DUMBRAVA MINUNATĂ”",BRĂILA,BR,1712,23,0,0,23,104,0,0,104,146,0,0,146,168,2,0,170,286,2,0,288,340,2,0,342
42691,97,"GRĂDINIŢA NR. 37 „DUMBRAVA MINUNATĂ”",BRĂILA,BR,1280,16,2,0,18,67,5,0,72,101,10,0,111,125,10,0,135,190,11,0,201,236,13,0,249
42691,98,"LICEUL PEDAGOGIC „D.P. PERPESSICIUS”",BRĂILA,BR,1083,9,0,0,9,51,1,0,52,76,1,0,77,98,1,0,99,167,3,0,170,210,7,0,217
42691,99,"LICEUL PEDAGOGIC „D.P. PERPESSICIUS”",BRĂILA,BR,1469,20,0,0,20,94,3,0,97,134,3,0,137,162,3,0,165,267,4,0,271,321,5,0,326
42691,100,"LICEUL PEDAGOGIC „D.P. PERPESSICIUS”",BRĂILA,BR,1492,28,0,0,28,147,3,0,150,188,3,0,191,221,3,0,224,340,3,0,343,385,8,0,393
42691,101,"ȘCOALA GIMNAZIALĂ NR. 23 „MIHAI EMINESCU”",BRĂILA,BR,1037,14,1,0,15,49,2,0,51,69,5,0,74,80,5,0,85,131,8,0,139,160,8,0,168
42691,102,"ȘCOALA GIMNAZIALĂ NR. 23 „MIHAI EMINESCU”",BRĂILA,BR,1282,14,5,0,19,61,7,0,68,91,7,0,98,114,7,0,121,164,14,0,178,186,14,0,200
42691,103,"ȘCOALA GIMNAZIALĂ NR. 23 „MIHAI EMINESCU”",BRĂILA,BR,1187,13,5,0,18,69,7,0,76,93,8,0,101,116,8,0,124,216,11,1,228,249,14,1,264
42691,104,"ŞCOALA GIMNAZIALĂ NR. 9 „ANTON PANN”",BRĂILA,BR,1156,12,0,0,12,45,1,0,46,56,1,0,57,74,1,0,75,119,5,0,124,147,5,0,152
42691,105,"ŞCOALA GIMNAZIALĂ NR. 9 „ANTON PANN”",BRĂILA,BR,1242,3,3,0,6,30,4,0,34,45,5,0,50,64,5,0,69,103,5,0,108,126,6,0,132
42691,106,"ŞCOALA GIMNAZIALĂ NR. 9 „ANTON PANN”",BRĂILA,BR,1361,12,0,0,12,35,0,0,35,44,0,0,44,56,0,0,56,114,0,0,114,150,0,0,150
42691,107,"ŞCOALA GIMNAZIALĂ NR. 9 „ANTON PANN”",BRĂILA,BR,1264,8,0,0,8,36,0,0,36,60,0,2,62,79,1,2,82,151,1,2,154,188,7,2,197
42691,108,"ŞCOALA GIMNAZIALĂ NR. 13 „NEDELCU CHERCEA”",BRĂILA,BR,1310,16,4,0,20,40,8,0,48,60,10,0,70,94,10,0,104,149,10,0,159,178,14,0,192
42691,109,"ŞCOALA GIMNAZIALĂ NR. 13 „NEDELCU CHERCEA”",BRĂILA,BR,1295,8,0,0,8,40,5,0,45,73,5,0,78,84,5,0,89,159,7,0,166,203,10,0,213
42691,110,"ȘCOALA GIMNAZIALĂ NR. 22 „RADU TUDORAN”",BRĂILA,BR,1375,10,0,0,10,41,2,0,43,49,3,0,52,62,3,0,65,142,3,0,145,193,4,0,197
42691,111,"ȘCOALA GIMNAZIALĂ NR. 22 „RADU TUDORAN”",BRĂILA,BR,1406,6,0,0,6,34,1,0,35,53,1,0,54,75,1,0,76,136,1,0,137,184,3,0,187
42691,112,"ȘCOALA GIMNAZIALĂ NR. 22 „RADU TUDORAN”",BRĂILA,BR,1250,11,0,0,11,50,0,0,50,65,0,0,65,83,0,0,83,165,0,0,165,210,5,0,215
42691,113,"ȘCOALA GIMNAZIALĂ NR. 22 „RADU TUDORAN”",BRĂILA,BR,1191,8,0,0,8,32,0,0,32,48,0,0,48,67,0,0,67,133,0,0,133,170,5,0,175
42691,114,"ȘCOALA GIMNAZIALĂ NR. 22 „RADU TUDORAN”",BRĂILA,BR,1185,13,0,0,13,33,4,0,37,55,4,0,59,68,4,0,72,121,4,0,125,178,5,0,183
42691,115,"CǍMINUL CULTURAL „NEDELCU CHERCEA”",BRĂILA,BR,1417,4,5,0,9,17,6,0,23,37,6,0,43,62,6,0,68,146,7,0,153,181,9,0,190
42691,116,"ȘCOALA GIMNAZIALĂ NR. 24 „GHEORGHE NAUM”",BRĂILA,BR,1386,7,0,0,7,36,0,0,36,59,0,0,59,82,0,0,82,136,0,0,136,177,0,0,177
42691,117,"ȘCOALA GIMNAZIALĂ NR. 24 „GHEORGHE NAUM”",BRĂILA,BR,1518,5,0,0,5,33,4,0,37,61,5,0,66,79,5,0,84,183,6,0,189,244,8,0,252
42691,118,"ȘCOALA GIMNAZIALĂ NR. 24 „GHEORGHE NAUM”",BRĂILA,BR,1330,14,0,0,14,48,0,0,48,84,0,0,84,105,0,0,105,194,0,0,194,241,0,0,241
42691,119,"ȘCOALA GIMNAZIALĂ NR. 24 „GHEORGHE NAUM”",BRĂILA,BR,1466,1,0,0,1,23,0,13,36,32,0,13,45,41,0,13,54,98,0,14,112,110,1,14,125
42691,120,"GRĂDINIŢA NR. 8 „SCUFIȚA ROȘIE”",BRĂILA,BR,1230,14,1,0,15,52,1,0,53,71,1,0,72,88,3,0,91,163,3,0,166,218,7,0,225
42691,121,"GRĂDINIŢA NR. 8 „SCUFIȚA ROȘIE”",BRĂILA,BR,1207,14,1,0,15,54,4,0,58,68,4,0,72,82,4,0,86,157,7,0,164,199,8,0,207
42691,122,"ȘCOALA GIMNAZIALĂ NR. 11 „ION LUCA CARAGIALE”",BRĂILA,BR,1207,8,0,0,8,53,3,0,56,73,4,0,77,89,4,0,93,159,7,0,166,194,12,0,206
42691,123,"ȘCOALA GIMNAZIALĂ NR. 11 „ION LUCA CARAGIALE”",BRĂILA,BR,1261,12,0,0,12,38,0,0,38,57,0,0,57,69,0,0,69,167,0,0,167,199,0,0,199
42691,124,"ȘCOALA GIMNAZIALĂ NR. 19 „MIHAIL KOGĂLNICEANU”",BRĂILA,BR,1414,15,2,0,17,70,2,0,72,96,2,0,98,118,2,0,120,204,3,0,207,252,7,0,259
42691,125,"ȘCOALA GIMNAZIALĂ NR. 19 „MIHAIL KOGĂLNICEANU”",BRĂILA,BR,1255,16,4,0,20,38,5,0,43,71,5,0,76,88,5,0,93,161,5,0,166,195,5,0,200
42691,126,"ȘCOALA GIMNAZIALĂ NR. 19 „MIHAIL KOGĂLNICEANU”",BRĂILA,BR,1418,6,2,0,8,20,3,0,23,37,3,0,40,71,3,0,74,148,4,0,152,199,4,0,203
42691,127,"ȘCOALA GIMNAZIALĂ NR. 19 „MIHAIL KOGĂLNICEANU”",BRĂILA,BR,1626,10,0,0,10,40,0,0,40,65,0,0,65,80,4,0,84,172,4,0,176,205,4,0,209
42691,128,"ȘCOALA GIMNAZIALĂ NR. 21 „ALEXANDR SERGHEEVICI PUȘKIN”",BRĂILA,BR,1249,11,0,0,11,39,3,0,42,55,4,0,59,70,7,0,77,138,10,1,149,211,10,1,222
42691,129,"ȘCOALA GIMNAZIALĂ NR. 21 „ALEXANDR SERGHEEVICI PUȘKIN”",BRĂILA,BR,1314,8,0,0,8,26,0,0,26,39,0,0,39,52,1,0,53,152,1,0,153,206,3,0,209
42691,130,"ŞCOALA GIMNAZIALĂ NR. 20 „GEORGE COŞBUC”",BRĂILA,BR,1397,17,2,0,19,57,4,0,61,77,4,0,81,97,5,0,102,202,9,0,211,258,9,0,267
42691,131,"ŞCOALA GIMNAZIALĂ NR. 20 „GEORGE COŞBUC”",BRĂILA,BR,1201,15,3,0,18,59,4,0,63,77,4,0,81,105,4,0,109,179,6,0,185,215,6,0,221
42691,132,"ŞCOALA GIMNAZIALĂ NR. 20 „GEORGE COŞBUC”",BRĂILA,BR,1354,9,0,0,9,48,0,0,48,78,0,0,78,109,3,0,112,198,3,1,202,245,5,1,251
42691,133,"LICEUL TEHNOLOGIC „CONSTANTIN BRÂNCOVEANU”",BRĂILA,BR,1045,10,2,0,12,57,3,0,60,76,6,0,82,94,7,0,101,162,8,0,170,201,8,0,209
42691,134,"LICEUL TEHNOLOGIC „CONSTANTIN BRÂNCOVEANU”",BRĂILA,BR,1619,24,1,0,25,69,2,0,71,92,4,0,96,113,5,0,118,190,7,0,197,231,7,0,238
42691,135,"LICEUL TEHNOLOGIC „CONSTANTIN BRÂNCOVEANU”",BRĂILA,BR,1363,20,0,0,20,54,1,0,55,88,1,0,89,103,1,0,104,182,5,0,187,224,5,0,229
42691,136,"LICEUL TEHNOLOGIC „CONSTANTIN BRÂNCOVEANU”",BRĂILA,BR,1208,15,1,0,16,57,2,0,59,82,8,0,90,97,8,0,105,172,8,0,180,212,8,0,220
42691,137,"LICEUL TEHNOLOGIC „CONSTANTIN BRÂNCOVEANU”",BRĂILA,BR,1186,8,3,0,11,45,4,0,49,67,6,0,73,90,6,0,96,170,7,0,177,207,8,0,215
42691,138,"ȘCOALA GIMNAZIALĂ NR. 33 „SFÂNTUL ANDREI”",BRĂILA,BR,1128,6,6,0,12,37,7,0,44,59,7,0,66,72,7,0,79,137,10,0,147,170,15,0,185
42691,139,"ȘCOALA GIMNAZIALĂ NR. 33 „SFÂNTUL ANDREI”",BRĂILA,BR,1424,12,5,0,17,47,5,0,52,78,5,0,83,92,5,0,97,175,6,0,181,219,9,0,228
42691,140,"ȘCOALA GIMNAZIALĂ NR. 33 „SFÂNTUL ANDREI”",BRĂILA,BR,1115,15,0,0,15,62,4,0,66,87,4,0,91,99,4,0,103,160,4,0,164,200,5,0,205
42762,141,"CASA DE CULTURĂ FĂUREI, SALA MICĂ",FĂUREI,BR,1433,29,1,0,30,74,7,0,81,106,8,0,114,134,10,0,144,204,16,0,220,285,20,19,324
42762,142,"ŞCOALA GIMNAZIALĂ CU CLASELE I-IV FĂUREI, SALA NR.2",FĂUREI,BR,1369,15,1,0,16,54,1,0,55,74,4,0,78,96,4,0,100,176,12,0,188,252,13,0,265
42762,143,"FOSTA ŞCOALA GENERALĂ NR.2 FĂUREI, SALA NR.1",FĂUREI,BR,539,8,0,0,8,16,1,0,17,19,1,0,20,26,4,0,30,36,4,0,40,60,4,0,64
43340,144,"ȘCOALA GIMNAZIALĂ IANCA",IANCA,BR,1053,7,0,0,7,27,0,0,27,36,0,0,36,53,0,0,53,112,5,0,117,174,9,0,183
43340,145,"ȘCOALA GIMNAZIALĂ IANCA",IANCA,BR,1185,22,0,0,22,49,3,0,52,64,3,0,67,80,3,0,83,140,6,0,146,203,8,0,211
43340,146,"CASA DE CULTURĂ ""ION THEODORESCU SION""",IANCA,BR,1198,11,0,0,11,31,4,0,35,51,7,0,58,77,7,0,84,171,20,0,191,235,25,0,260
43340,147,"LICEUL TEORETIC ”CONSTANTIN ANGELESCU”",IANCA,BR,1052,6,0,0,6,26,0,0,26,41,0,0,41,72,0,0,72,150,0,0,150,219,3,0,222
43340,148,"LICEUL TEORETIC ”CONSTANTIN ANGELESCU”",IANCA,BR,995,6,0,0,6,25,4,0,29,49,8,0,57,62,8,0,70,145,14,0,159,244,30,0,274
43395,149,"ȘCOALA GIMNAZIALĂ PLOPU",PLOPU,BR,1224,10,2,0,12,33,2,0,35,51,7,0,58,69,10,0,79,121,17,0,138,191,20,0,211
43377,150,"ȘCOALA PRIMARĂ OPRIȘENEȘTI",OPRIŞENEŞTI,BR,650,8,0,0,8,22,3,0,25,45,3,0,48,71,3,0,74,141,6,0,147,200,14,0,214
43386,151,"ȘCOALA GIMNAZIALĂ PERIȘORU",PERIŞORU,BR,877,25,4,0,29,60,4,0,64,101,5,0,106,119,6,0,125,243,20,2,265,348,22,2,372
43402,152,"ȘCOALA PRIMARĂ TÎRLELE FILIU","TÎRLELE FILIU",BR,447,4,3,0,7,20,3,0,23,26,4,0,30,36,5,0,41,57,15,0,72,103,21,0,124
43359,153,"ȘCOALA PRIMARĂ BERLEȘTI",BERLEŞTI,BR,268,8,1,0,9,21,4,0,25,34,4,0,38,41,5,0,46,59,5,0,64,79,8,0,87
43420,154,"ȘCOALA GIMNAZIALĂ ""SPIRU HARET"" ÎNSURĂȚEI - LOCAȚIA 1",ÎNSURĂŢEI,BR,1164,2,1,0,3,11,1,0,12,21,1,0,22,31,3,0,34,71,7,0,78,101,7,0,108
43420,155,"ȘCOALA GIMNAZIALĂ ""SPIRU HARET"" ÎNSURĂȚEI - LOCAȚIA 1",ÎNSURĂŢEI,BR,1083,5,1,0,6,16,3,0,19,30,3,0,33,34,3,0,37,81,10,0,91,137,12,0,149
43420,156,"LICEUL TEHNOLOGIC "" NICOLAE TITULESCU "" ÎNSURĂȚEI - ȘCOALA ANEXĂ",ÎNSURĂŢEI,BR,992,17,0,0,17,39,1,0,40,47,4,0,51,64,4,0,68,102,8,0,110,155,19,0,174
43420,157,"LICEUL TEHNOLOGIC "" NICOLAE TITULESCU "" ÎNSURĂȚEI - ȘCOALA ANEXĂ",ÎNSURĂŢEI,BR,876,7,1,0,8,17,2,0,19,24,5,0,29,34,5,0,39,84,7,0,91,106,12,0,118
43420,158,"ȘCOALA GIMNAZIALĂ "" SPIRU HARET ""ÎNSURĂȚEI - LOCAȚIA2",ÎNSURĂŢEI,BR,1284,9,4,0,13,32,5,0,37,45,11,0,56,49,13,0,62,118,15,0,133,146,16,0,162
43439,159,"ȘCOALA GIMNAZIALĂ "" SPIRU HARET "" ÎNSURĂȚEI- LOCAȚIA DIN SATUL LACU REZII","LACU REZII",BR,385,5,0,0,5,19,1,0,20,28,3,0,31,40,3,0,43,79,5,0,84,104,7,0,111
42833,160,"ŞCOALA CU CLASELE I - VIII BĂRĂGANUL",BĂRĂGANUL,BR,1243,11,1,0,12,27,4,0,31,33,7,0,40,50,7,0,57,88,19,0,107,137,20,0,157
42833,161,"SCOALA CU CLS. I - VIII BĂRĂGANUL - SALA DE CLASĂ NR. 1",BĂRĂGANUL,BR,1325,20,3,0,23,55,7,0,62,82,11,0,93,116,12,0,128,172,20,0,192,229,29,0,258
42851,162,"CĂMINUL CULTURAL BERTEȘTII DE JOS","BERTEŞTII DE JOS",BR,697,12,0,0,12,31,0,0,31,70,1,0,71,81,4,0,85,125,18,0,143,194,21,0,215
42904,163,"SEDIUL MULTIFUNCȚIONAL SPIRU HARET","SPIRU HARET",BR,1242,5,0,0,5,31,3,0,34,46,5,0,51,56,9,0,65,125,12,0,137,183,12,0,195
42860,164,"CĂMINUL CULTURAL BERTEȘTII DE SUS","BERTEŞTII DE SUS",BR,274,10,0,0,10,22,3,0,25,36,6,0,42,48,7,0,55,68,7,0,75,82,15,0,97
42879,165,"SEDIU MULTIFUNCȚIONAL GURA CĂLMĂȚUI","GURA CĂLMĂŢUI",BR,266,12,1,0,13,27,4,0,31,47,6,0,53,62,10,0,72,75,14,0,89,129,21,0,150
42922,166,"ȘCOALA CU CLASELE I-VIII BORDEI VERDE","BORDEI VERDE",BR,1112,11,1,0,12,31,3,0,34,65,5,0,70,112,8,0,120,232,17,0,249,337,26,0,363
42931,167,"ȘCOALA CU CLASELE I-IV CONSTANTIN GABRIELESCU","CONSTANTIN GABRIELESCU",BR,537,8,0,0,8,30,0,0,30,50,2,0,52,59,2,0,61,96,3,0,99,138,3,0,141
42959,168,"CĂMINUL CULTURAL LIȘCOTEANCA",LIŞCOTEANCA,BR,440,7,0,0,7,16,3,0,19,23,3,0,26,33,3,0,36,72,8,0,80,101,11,0,112
44275,169,"ȘCOALA CU CLASELE I-IV CAZASU (SATUC)",CAZASU,BR,1284,6,2,0,8,25,4,0,29,41,8,0,49,64,9,0,73,137,23,0,160,195,28,0,223
44275,170,"ȘCOALA GIMNAZIALĂ CAZASU",CAZASU,BR,1659,6,0,0,6,34,5,0,39,46,6,0,52,58,6,0,64,180,19,0,199,244,23,0,267
42717,171,"SCOALA GIMNAZIALACHISCANI - CENTRU",CHIŞCANI,BR,1485,10,3,0,13,30,4,0,34,44,6,0,50,58,9,0,67,141,13,0,154,184,15,0,199
42717,172,"SCOALA GIMNAZIALA- CHISCANI - CARTIER",CHIŞCANI,BR,1906,10,0,0,10,59,1,0,60,101,6,0,107,136,11,0,147,261,19,0,280,343,22,0,365
42726,173,"GRADINITA CU PROGRAM NORMAL-LACU SARAT","LACU SĂRAT",BR,1781,8,3,0,11,35,8,0,43,67,13,0,80,97,16,0,113,189,27,0,216,257,31,0,288
42977,174,"CAMINUL CULTURAL CIOCILE",CIOCILE,BR,783,4,0,0,4,8,1,0,9,18,1,0,19,51,1,0,52,93,3,0,96,135,4,0,139
42977,175,"CAMINUL CULTURAL CIOCILE",CIOCILE,BR,817,6,0,0,6,24,3,0,27,31,4,0,35,70,6,0,76,119,15,0,134,156,20,0,176
43000,176,ȘCOALAPRIMARAPRICHICHINEȚU,CHICHINEŢU,BR,448,4,5,0,9,20,7,0,27,37,9,0,46,39,10,0,49,58,12,0,70,87,21,0,108
43028,177,"ȘCOALA CU CLASELE I-VIII CIREȘU",CIREŞU,BR,744,7,4,0,11,28,5,0,33,31,6,0,37,49,7,0,56,98,15,0,113,139,21,0,160
43037,178,"ȘCOALA CU CLASELE I-VIII BATOGU",BATOGU,BR,532,4,1,0,5,16,2,0,18,40,4,0,44,60,6,0,66,85,11,0,96,122,14,0,136
43055,179,"ȘCOALA CU CLASELE I-VIII SCĂRLĂTEȘTI",SCĂRLĂTEŞTI,BR,684,7,0,0,7,17,0,0,17,30,0,0,30,87,3,0,90,146,5,0,151,197,7,0,204
43064,180,"ȘCOALA CU CLASELE I-VIII VULTURENI",VULTURENI,BR,468,2,2,0,4,25,2,0,27,40,4,0,44,53,4,0,57,102,15,0,117,159,20,0,179
43082,181,"ȘCOALA GIMNAZIALĂ DUDEȘTI",DUDEŞTI,BR,1342,6,1,0,7,26,4,0,30,36,5,0,41,63,9,0,72,125,14,0,139,198,17,0,215
43108,182,"ȘCOALA CU CLASELE V-VIII TĂTARU",TĂTARU,BR,1122,10,0,0,10,28,3,0,31,57,4,0,61,81,9,0,90,140,23,0,163,203,27,0,230
43108,183,"ŞCOALA CU CLASELE I-IV TATARU",TĂTARU,BR,424,3,0,0,3,8,5,0,13,13,7,0,20,18,7,0,25,40,11,0,51,62,14,0,76
43135,184,"ȘCOALA CU CLASELE I-IV AGAUA",AGAUA,BR,427,5,1,0,6,11,1,0,12,19,2,0,21,26,6,0,32,60,7,0,67,93,8,0,101
43126,185,"ȘCOALA CU CLASELE I-VIII FRECĂȚEI",FRECĂŢEI,BR,298,4,3,0,7,13,4,0,17,24,6,0,30,35,8,0,43,77,14,0,91,104,17,0,121
43171,186,"ȘCOALA CU CLASELE I-IV TITCOV",TITCOV,BR,382,6,1,0,7,17,1,0,18,26,2,0,28,39,2,0,41,90,5,0,95,133,7,0,140
43199,187,"ȘCOALA GIMNAZIALA ""TOMA TAMPEANU"" GALBENU",GALBENU,BR,759,8,4,0,12,25,9,0,34,33,10,0,43,54,10,0,64,148,20,0,168,234,24,0,258
43224,188,"ȘCOALA GIMNAZIALĂ SĂTUC",SĂTUC,BR,573,4,3,0,7,13,3,0,16,23,5,0,28,38,7,0,45,93,12,0,105,175,18,0,193
43233,189,"ȘCOALA GIMNAZIALĂ ZAMFIREȘTI",ZAMFIREŞTI,BR,300,5,0,0,5,9,0,0,9,18,5,0,23,29,6,0,35,54,6,0,60,89,12,0,101
43206,190,"ȘCOALA GIMNAZIALĂ DROGU",DROGU,BR,670,8,3,0,11,29,5,0,34,50,10,0,60,71,14,0,85,153,24,0,177,224,31,0,255
43215,191,"ȘCOALA GIMNAZIALĂ PÂNTECANI",PÎNTECANI,BR,143,6,2,0,8,11,2,0,13,13,3,0,16,15,6,0,21,28,8,0,36,41,10,0,51
43251,192,"ȘCOALA GIMNAZIALĂ CU CLASELE I-VIII",GEMENELE,BR,1454,24,2,0,26,64,4,0,68,92,4,0,96,139,6,0,145,298,17,0,315,397,25,0,422
43288,193,"CAMIN CULTURAL GRADISTEA",GRADIŞTEA,BR,1001,31,3,0,34,50,9,0,59,72,12,0,84,87,13,0,100,162,21,0,183,231,28,0,259
43297,194,"SCOALAIBRIANU - CORPUL NOU",IBRIANU,BR,515,7,0,0,7,21,5,0,26,26,8,0,34,48,10,0,58,77,12,0,89,90,13,0,103
43304,195,"SCOALA MARALOIU",MARALOIU,BR,232,9,1,0,10,21,5,0,26,32,8,0,40,41,12,0,53,65,18,0,83,94,19,0,113
43322,196,"CĂMIN CULTURAL",GROPENI,BR,1453,21,1,0,22,40,2,0,42,62,5,0,67,75,7,0,82,119,14,0,133,164,16,0,180
43322,197,"ȘCOALA GIMNAZIALĂ GROPENI",GROPENI,BR,1351,5,1,0,6,22,2,0,24,50,5,0,55,74,8,0,82,164,15,0,179,230,16,0,246
43475,198,"ŞCOALA GIMNAZIALĂ NR.2",JIRLĂU,BR,1397,4,1,0,5,25,4,0,29,31,5,0,36,52,5,0,57,108,13,0,121,218,19,0,237
43475,199,"SCOALA GIMNAZIALĂ NR.1",JIRLĂU,BR,1143,3,0,0,3,20,0,0,20,24,3,0,27,33,6,0,39,77,12,0,89,156,18,0,174
43509,200,"CĂMINUL CULTURAL MĂRAȘU",MĂRAŞU,BR,775,2,1,0,3,7,7,0,14,19,11,0,30,25,13,0,38,76,17,0,93,105,21,0,126
43518,201,"ȘCOALA PRIMARA BĂNDOIU",BĂNDOIU,BR,345,10,2,0,12,19,2,0,21,25,2,0,27,34,2,0,36,49,3,0,52,63,5,0,68
43554,202,"ȘCOALA GIMNAZIALĂ ȚĂCĂU",ŢĂCĂU,BR,570,5,3,0,8,8,3,0,11,14,3,0,17,21,3,0,24,51,7,0,58,59,7,0,66
43527,203,"CĂMINUL CULTURAL MĂGURENI",MĂGURENI,BR,436,5,3,0,8,7,4,0,11,9,6,0,15,11,6,0,17,33,7,0,40,41,9,0,50
43545,204,"ȘCOALA PRIMARA PLOPI",PLOPI,BR,149,3,3,0,6,9,3,0,12,11,3,0,14,15,3,0,18,27,3,0,30,34,3,0,37
43572,205,"ȘCOALA GENERALĂ CU CLASELE I-VIII MĂXINENI",MĂXINENI,BR,1223,9,2,0,11,23,10,0,33,36,13,0,49,56,15,0,71,151,19,0,170,207,26,0,233
43581,206,"CĂMINUL CULTURAL CORBU NOU","CORBU NOU",BR,693,10,2,0,12,33,2,0,35,52,3,0,55,73,6,0,79,125,8,23,156,167,13,23,203
43590,207,"CĂMINUL CULTURAL CORBU VECHI","CORBU VECHI",BR,233,3,0,0,3,15,0,0,15,31,0,0,31,39,0,0,39,64,1,5,70,84,5,5,94
43607,208,"CAMIN CULTURAL LATINU",LATINU,BR,607,1,0,0,1,9,0,0,9,20,0,0,20,23,1,0,24,48,11,0,59,62,15,0,77
43634,209,"SCOALA GIMNAZIALA MIRCEA VODA, JUDEȚUL BRAILA","MIRCEA VODĂ",BR,929,9,1,0,10,18,3,0,21,38,3,0,41,51,5,0,56,115,9,0,124,177,10,0,187
43634,210,"SCOALA GIMNAZIALA MIRCEA VODA, JUDETUL BRAILA","MIRCEA VODĂ",BR,1036,9,0,0,9,21,2,0,23,37,3,0,40,66,8,0,74,123,15,0,138,172,23,0,195
43643,211,"SCOALA GIMNAZIALA SAT DEDULESTI",DEDULEŞTI,BR,706,11,0,0,11,33,2,0,35,52,3,0,55,65,6,0,71,123,9,0,132,186,22,0,208
43661,212,"SCOALA VECHE","MOVILA MIRESII",BR,1151,35,5,0,40,84,13,0,97,132,16,0,148,207,18,0,225,359,37,0,396,472,43,0,515
43661,213,"CAMIN CULTURAL M.MIRESII","MOVILA MIRESII",BR,1176,43,2,0,45,132,12,0,144,166,17,0,183,219,17,0,236,402,35,0,437,503,44,0,547
43689,214,"SCOALA TEPES VODA","ŢEPEŞ VODĂ",BR,770,15,3,0,18,38,4,0,42,50,6,0,56,76,6,0,82,116,14,0,130,224,20,0,244
43670,215,"SCOALA ESNA",ESNA,BR,258,15,2,0,17,35,3,0,38,67,3,0,70,79,4,0,83,103,9,0,112,124,11,0,135
43705,216,"CĂMINUL CULTURAL RACOVIȚA",RACOVIŢĂ,BR,879,9,1,0,10,26,2,0,28,48,3,0,51,68,5,0,73,116,15,0,131,157,18,0,175
43741,217,"ȘCOALA GIMNAZIALĂ RÎMNICELU",RÎMNICELU,BR,1128,10,0,0,10,40,7,0,47,59,12,0,71,71,13,0,84,139,20,0,159,202,25,0,227
43769,218,"ȘCOALA PRIMARĂ CONSTANTINEȘTI",CONSTANTINEŞTI,BR,259,2,2,0,4,11,3,0,14,15,4,0,19,35,5,0,40,66,9,0,75,92,12,0,104
43778,219,"ȘCOALA PRIMARĂ MIHAIL KOGĂLNICEANU","MIHAIL KOGĂLNICEANU",BR,208,5,1,0,6,25,5,0,30,41,8,0,49,49,9,0,58,71,12,0,83,85,15,0,100
43796,220,"ȘCOALA GIMNAZIALA ROMANU",ROMANU,BR,1153,9,0,0,9,21,3,0,24,33,3,0,36,48,7,0,55,99,16,0,115,271,34,0,305
43803,221,"ȘCOALA GIMNAZIALA OANCEA",OANCEA,BR,321,12,5,0,17,17,8,0,25,24,12,0,36,40,12,0,52,61,15,0,76,83,21,0,104
43821,222,"CASA DE CULTURĂ ROȘIORI",ROŞIORI,BR,1277,14,2,0,16,43,6,0,49,63,8,0,71,93,10,0,103,171,24,0,195,247,36,0,283
43830,223,"ȘCOALA CU CLASELE I-VIII COLȚEA",COLŢEA,BR,851,11,1,0,12,27,1,0,28,36,1,0,37,52,2,0,54,74,10,0,84,96,11,0,107
43876,224,"CĂMINUL CULTURAL SALCIA TUDOR","SALCIA TUDOR",BR,607,7,2,0,9,16,5,0,21,21,9,0,30,31,9,0,40,86,11,0,97,128,18,3,149
43894,225,"ȘCOALA GIMNAZIALĂ CUZA VODĂ","CUZA VODĂ",BR,705,10,1,0,11,23,4,0,27,40,4,0,44,71,9,0,80,132,17,0,149,205,23,0,228
43901,226,"CĂMINUL CULTURAL GULIANCA",GULIANCA,BR,322,4,1,0,5,10,2,0,12,12,2,0,14,18,6,0,24,33,6,0,39,42,9,0,51
43910,227,"CĂMINUL CULTURAL OLĂNEASCA",OLĂNEASCA,BR,345,14,0,0,14,21,0,0,21,38,0,0,38,45,2,0,47,79,4,0,83,99,8,0,107
43885,228,"CĂMINUL CULTURAL ARICIU",ARICIU,BR,134,6,3,0,9,10,4,1,15,15,4,1,20,19,4,1,24,28,7,1,36,35,7,1,43
43938,229,"ȘCOALA GIMNAZIALĂ SCORȚARU NOU","SCORŢARU NOU",BR,694,8,1,0,9,18,2,0,20,21,4,0,25,39,6,0,45,73,24,0,97,106,27,0,133
43983,230,"GRĂDINIȚA CU PROGRAM NORMAL SIHLEANU",SIHLEANU,BR,381,5,1,0,6,15,1,0,16,27,2,0,29,39,4,0,43,70,6,0,76,91,7,0,98
44006,231,"CĂMINUL CULTURAL SILIȘTEA",SILIŞTEA,BR,870,8,0,0,8,26,0,0,26,40,0,0,40,66,8,0,74,170,33,0,203,229,41,0,270
44042,232,"ȘCOALA PRIMARĂ MUCHEA",MUCHEA,BR,337,8,1,0,9,11,7,0,18,43,11,0,54,55,12,0,67,97,19,0,116,117,25,0,142
44015,233,"GRĂDINIŢA CU PROGRAM NORMAL COTU-LUNG","COTU LUNG",BR,262,7,0,0,7,16,0,0,16,21,1,0,22,27,4,0,31,69,17,0,86,92,26,0,118
44079,234,"ȘCOALA GIMNAZIALA STĂNCUȚA",STĂNCUŢA,BR,1251,22,0,0,22,75,5,0,80,113,5,0,118,149,7,0,156,266,12,0,278,409,18,0,427
44088,235,"CĂMINUL CULTURAL CUZA VODĂ","CUZA VODĂ",BR,1208,14,1,0,15,25,2,0,27,39,5,0,44,56,5,0,61,177,7,0,184,365,10,0,375
44104,236,ȘCOALASTANCA,STANCA,BR,362,9,5,0,14,33,6,0,39,34,9,0,43,55,13,0,68,83,18,0,101,109,25,0,134
44122,237,"CĂMINUL CULTURAL SURDILA GĂISEANCA",SURDILA-GĂISEANCA,BR,1349,26,1,0,27,79,5,0,84,160,9,0,169,237,13,0,250,388,27,0,415,523,38,0,561
44131,238,"FOSTA ȘCOALA GIMNAZIALA FILIPESTI",FILIPEŞTI,BR,649,12,4,0,16,44,6,0,50,80,14,0,94,98,15,0,113,141,19,0,160,202,35,0,237
42780,239,"ȘCOALA CU CLASELE I-VIII SURDILA GRECI",SURDILA-GRECI,BR,602,13,0,0,13,56,2,0,58,81,4,0,85,111,7,0,118,156,13,0,169,190,13,0,203
42806,240,"ȘCOALA CU CLASELE I-IV FĂUREI - SAT","FĂUREI SAT",BR,284,5,4,0,9,18,7,0,25,25,9,0,34,33,9,0,42,57,10,0,67,84,12,0,96
42815,241,"ȘCOALA CU CLASELE I-IV HORIA",HORIA,BR,327,9,2,0,11,30,2,0,32,41,3,0,44,78,6,0,84,121,8,0,129,143,16,0,159
44159,242,"CĂMINUL CULTURAL ŞUŢEŞTI",ŞUŢEŞTI,BR,1147,11,0,0,11,30,4,0,34,42,7,0,49,79,12,0,91,145,23,0,168,167,26,0,193
44159,243,"ŞCOALA GIMNAZIALĂ ŞUŢEŞTI (ŞCOALA DE ARTE ŞI MESERII)",ŞUŢEŞTI,BR,1208,4,1,0,5,15,2,0,17,30,2,0,32,66,3,0,69,104,9,0,113,145,15,0,160
44159,244,"ŞCOALA GIMNAZIALĂ ŞUŢEŞTI (ŞCOALA DE ARTE ŞI MESERII)",ŞUŢEŞTI,BR,956,9,1,0,10,16,1,0,17,27,1,0,28,45,2,0,47,97,3,0,100,126,8,0,134
44168,245,"ŞCOALA CU CLASELE I-IV MIHAIL KOGĂLNICEANU","MIHAIL KOGĂLNICEANU",BR,297,0,0,0,0,10,1,0,11,14,1,0,15,22,3,0,25,39,3,0,42,51,13,0,64
44186,246,"SCOALA GIMNAZIALA TICHILESTI",TICHILEŞTI,BR,1427,13,0,0,13,45,10,107,162,63,10,107,180,90,10,107,207,190,10,107,307,248,16,107,371
44186,247,"SCOALA GIMNAZIALA TICHILESTI",TICHILEŞTI,BR,1376,11,0,0,11,30,0,0,30,47,3,0,50,71,3,0,74,167,9,0,176,214,12,0,226
44195,248,"SCOALA PRIMARA ALBINA",ALBINA,BR,255,0,2,0,2,8,3,0,11,11,5,0,16,15,6,0,21,28,16,0,44,36,20,0,56
44211,249,"ȘCOALA CU CLASELE I-VIII TRAIAN",TRAIAN,BR,935,3,2,0,5,22,3,0,25,36,3,0,39,50,5,0,55,86,12,0,98,133,15,0,148
44239,250,"GRĂDINIȚA SILISTRARU",SILISTRARU,BR,615,6,0,0,6,14,0,0,14,17,0,0,17,33,0,0,33,66,0,0,66,123,0,0,123
44248,251,"GRĂDINIȚA URLEASCA",URLEASCA,BR,1021,5,0,0,5,13,3,0,16,19,4,0,23,32,7,0,39,64,10,0,74,113,12,0,125
44220,252,"FOSTA ȘCOALĂ CĂLDĂRUȘA",CĂLDĂRUŞA,BR,162,3,0,0,3,11,0,0,11,20,0,0,20,22,0,0,22,37,0,0,37,44,3,0,47
44266,253,"ȘCOALA GIMNAZIALĂ TUDOR VLADIMIRESCU","TUDOR VLADIMIRESCU",BR,819,2,0,0,2,15,1,0,16,21,2,0,23,35,4,0,39,62,5,0,67,76,16,0,92
44293,254,"CĂMINUL CULTURAL SCORȚARU VECHI","SCORŢARU VECHI",BR,774,19,1,0,20,57,6,0,63,87,8,0,95,99,8,0,107,157,22,0,179,200,36,0,236
44284,255,"CĂMINUL CULTURAL COMĂNEASCA",COMĂNEASCA,BR,172,2,0,0,2,19,4,0,23,30,6,0,36,42,6,0,48,61,7,0,68,71,12,0,83
44319,256,"SCOALA PETRE CARP TUFESTI",TUFEŞTI,BR,870,3,4,0,7,13,8,0,21,25,8,0,33,42,10,0,52,94,17,0,111,131,28,0,159
44319,257,"CLADIREA FOSTEI GRADINITE TUFESTI",TUFEŞTI,BR,886,6,0,0,6,18,1,0,19,43,6,0,49,62,9,0,71,102,16,0,118,146,24,0,170
44319,258,"CAMIN CULTURAL DIN FOSTUL SAT TIBANESTI",TUFEŞTI,BR,1123,13,0,0,13,37,2,0,39,55,5,0,60,86,5,0,91,180,14,0,194,243,22,0,265
44319,259,"SCOALA PETRE CARP DIN FOSTUL SAT TIBANESTI",TUFEŞTI,BR,1370,6,4,0,10,36,6,0,42,67,10,0,77,100,13,0,113,173,17,0,190,268,19,0,287
44337,260,"CAMINUL CULTURAL ULMU",ULMU,BR,1282,5,1,0,6,32,2,0,34,43,5,0,48,57,10,0,67,134,17,0,151,189,20,0,209
44337,261,"CAMINUL CULTURAL MOHREANU",ULMU,BR,1004,12,1,0,13,38,4,0,42,58,4,0,62,86,6,0,92,177,10,0,187,261,13,0,274
44346,262,"CAMINUL CULTURAL JUGUREANU",JUGUREANU,BR,814,8,0,0,8,11,1,0,12,24,4,0,28,32,4,0,36,85,16,0,101,127,18,0,145
44364,263,"SCOALA GIMNAZIALA UNIREA",UNIREA,BR,885,13,6,0,19,29,8,1,38,53,11,1,65,68,11,1,80,132,20,1,153,185,24,1,210
44382,264,"STRUCTURA SCOALA GIMNAZIALA VALEA CINEPII,","VALEA CÎNEPII",BR,1048,4,3,0,7,24,7,0,31,46,10,0,56,49,11,0,60,91,22,0,113,111,27,0,138
44408,265,"SCOALA GIMNAZIALACU CLASELE I-VIII VADENI -SALA A",VĂDENI,BR,954,6,0,0,6,23,0,0,23,31,2,0,33,40,4,0,44,84,10,0,94,117,9,0,126
44408,266,"SCOALA GIMNAZIALACU CLASELE I-VIII-VADENI-SALA B",VĂDENI,BR,990,1,0,0,1,16,4,0,20,21,6,0,27,29,8,0,37,65,13,0,78,89,16,0,105
44417,267,"SCOALA GIMNAZIALA CU CLASELE I-VIII BALDOVINESTI",BALDOVINEŞTI,BR,973,7,0,0,7,25,0,0,25,30,0,0,30,37,2,0,39,90,9,0,99,113,15,0,128
44426,268,"SCOALA CU CLASELE I-IVPIETROIU",PIETROIU,BR,432,4,0,0,4,7,0,0,7,7,0,0,7,13,0,0,13,27,0,0,27,52,3,0,55
44444,269,"SCOALA GIMNAZIALA VICTORIA",VICTORIA,BR,894,12,0,0,12,16,1,0,17,35,2,0,37,61,4,0,65,121,6,0,127,182,6,0,188
44444,270,"SCOALA GIMNAZIALA VICTORIA",VICTORIA,BR,824,7,2,0,9,33,2,0,35,42,2,0,44,68,2,0,70,127,6,0,133,191,10,0,201
44453,271,"SCOALA GIMNAZIALAVICTORIA STRUCTURA SCOLARA GIMNAZIALA MIHAI BRAVU","MIHAI BRAVU",BR,1225,10,0,0,10,29,1,0,30,42,1,0,43,57,2,0,59,111,4,0,115,157,8,0,165
44471,272,"ȘCOALA GIMNAZIALĂ VIȘANI",VIŞANI,BR,1434,10,3,0,13,29,6,0,35,40,6,0,46,65,13,0,78,152,27,0,179,221,35,0,256
44480,273,"ȘCOALA PRIMARĂ CÂINENI-BĂI",CÎINENI-BĂI,BR,484,6,0,0,6,20,2,0,22,24,4,0,28,34,7,0,41,64,18,0,82,108,24,0,132
44514,274,"SCOALA CU CLASELE I-VIIIVIZIRU",VIZIRU,BR,1464,6,0,0,6,46,4,0,50,65,7,0,72,89,11,0,100,182,29,0,211,237,46,0,283
44514,275,"CENTRU EDUCATIONAL VIZIRU",VIZIRU,BR,1732,11,2,0,13,48,7,0,55,96,12,0,108,123,12,0,135,261,39,0,300,362,60,0,422
44523,276,"ȘCOALA LANURILE",LANURILE,BR,904,4,0,0,4,8,0,0,8,14,0,0,14,23,1,0,24,63,4,0,67,90,4,0,94
44523,277,"ȘCOALA LANURILE",LANURILE,BR,900,5,0,0,5,21,0,0,21,34,0,0,34,43,0,0,43,87,5,0,92,127,12,0,139
44541,278,"CAMIN CULTURAL ZAVOAIA",ZĂVOAIA,BR,983,10,0,0,10,41,7,0,48,61,9,0,70,90,10,0,100,232,18,0,250,379,32,0,411
44541,279,"CĂMINUL CULTURAL ZĂVOAIA",ZĂVOAIA,BR,916,6,0,0,6,21,1,0,22,48,3,0,51,73,5,0,78,213,5,0,218,343,11,0,354
44550,280,"CĂMINUL CULTURAL DUDESCU",DUDESCU,BR,621,3,3,0,6,15,8,0,23,27,9,0,36,43,10,0,53,103,17,0,120,156,24,0,180
35740,1,"LICEUL DE ARTĂ ,, ŞTEFAN LUCHIAN""",BOTOŞANI,BT,902,8,2,0,10,33,5,0,38,50,6,1,57,64,6,1,71,149,21,1,171,192,23,128,343
35740,2,"LICEUL DE ARTĂ ,, ŞTEFAN LUCHIAN""",BOTOŞANI,BT,1293,31,2,0,33,97,5,0,102,121,9,0,130,140,9,0,149,291,18,17,326,337,22,25,384
35740,3,"ŞCOALA GENERALĂ NR. 4",BOTOŞANI,BT,1537,24,2,0,26,88,2,0,90,127,3,0,130,155,4,0,159,306,8,0,314,356,13,0,369
35740,4,"ŞCOALA GENERALĂ NR. 4",BOTOŞANI,BT,1415,22,0,0,22,87,3,0,90,119,3,0,122,152,3,0,155,276,7,0,283,366,9,0,375
35740,5,"ŞCOALA GENERALĂ NR. 7",BOTOŞANI,BT,1120,29,5,0,34,86,6,0,92,108,7,0,115,129,8,0,137,258,12,0,270,313,18,0,331
35740,6,"ŞCOALA GENERALĂ NR. 7",BOTOŞANI,BT,1103,10,0,0,10,49,1,0,50,66,1,0,67,89,2,0,91,175,6,0,181,231,9,0,240
35740,7,"GRĂDINIŢA DE COPII NR. 19",BOTOŞANI,BT,1010,8,6,0,14,54,7,0,61,74,7,0,81,76,7,0,83,157,10,0,167,199,13,0,212
35740,8,"GRĂDINIŢA DE COPII NR. 19",BOTOŞANI,BT,1111,13,4,0,17,45,6,2,53,66,8,2,76,74,9,2,85,158,9,2,169,213,12,2,227
35740,9,"ŞCOALA GENERALĂ NR. 17",BOTOŞANI,BT,1498,16,6,0,22,64,10,0,74,112,12,1,125,147,14,1,162,332,22,1,355,374,25,1,400
35740,10,"LICEUL DE ŞTIINŢE ALE NATURII „GRIGOREANTIPA”",BOTOŞANI,BT,1656,22,2,0,24,95,14,0,109,135,18,0,153,160,24,0,184,304,36,0,340,374,51,0,425
35740,11,"LICEUL DE ŞTIINŢE ALE NATURII „GRIGOREANTIPA”",BOTOŞANI,BT,1422,17,6,0,23,70,11,0,81,119,15,0,134,139,15,0,154,307,21,0,328,351,26,0,377
35740,12,"ŞCOALA GENERALĂ NR. 16",BOTOŞANI,BT,1484,10,0,0,10,74,0,0,74,96,0,0,96,116,3,0,119,239,8,0,247,302,10,0,312
35740,13,"ŞCOALA GENERALĂ NR. 16",BOTOŞANI,BT,1413,19,0,0,19,68,0,0,68,112,1,0,113,128,1,0,129,241,1,0,242,298,5,0,303
35740,14,"ŞCOALA GENERALĂ NR. 16",BOTOŞANI,BT,1276,10,5,0,15,52,5,0,57,68,5,0,73,84,6,0,90,176,12,0,188,215,13,0,228
35740,15,"ŞCOALA GENERALĂ NR. 13",BOTOŞANI,BT,1350,8,1,0,9,63,1,0,64,97,1,0,98,112,3,0,115,242,4,0,246,288,5,0,293
35740,16,"ŞCOALA GENERALĂ NR. 13",BOTOŞANI,BT,1518,5,0,0,5,49,2,0,51,79,3,0,82,103,4,0,107,216,11,0,227,271,24,0,295
35740,17,"COLEGIUL NAŢIONAL “MIHAI EMINESCU”",BOTOŞANI,BT,1352,10,0,0,10,54,0,0,54,68,0,2,70,90,7,2,99,215,8,2,225,280,12,2,294
35740,18,"COLEGIUL NAŢIONAL “MIHAI EMINESCU”",BOTOŞANI,BT,1101,16,6,0,22,75,7,0,82,102,7,0,109,124,7,0,131,235,8,0,243,286,10,0,296
35740,19,"COLEGIUL NAŢIONAL “MIHAI EMINESCU”",BOTOŞANI,BT,1518,17,1,0,18,69,3,0,72,93,11,0,104,112,11,0,123,255,15,0,270,322,23,0,345
35740,20,"COLEGIUL NAŢIONAL “MIHAI EMINESCU”",BOTOŞANI,BT,1202,10,0,0,10,45,0,0,45,81,0,0,81,94,0,0,94,200,4,0,204,264,5,0,269
35740,21,"ŞCOALA GENERALĂ NR. 12",BOTOŞANI,BT,1022,11,3,0,14,49,4,0,53,67,4,0,71,84,4,0,88,162,5,0,167,183,8,0,191
35740,22,"ŞCOALA GENERALĂ NR. 12",BOTOŞANI,BT,861,2,1,0,3,26,2,0,28,42,2,0,44,48,2,0,50,122,8,0,130,144,10,0,154
35740,23,"ŞCOALA GENERALĂ NR. 12",BOTOŞANI,BT,1331,12,3,0,15,74,5,1,80,107,6,1,114,138,6,1,145,226,11,2,239,289,12,2,303
35740,24,"GRĂDINIŢA DE COPII NR. 23",BOTOŞANI,BT,1273,13,7,0,20,60,8,0,68,76,10,0,86,99,11,0,110,202,14,0,216,251,20,0,271
35740,25,"GRUPUL ŞCOLAR INDUSTRIAL “GHE.ASACHI”(LICEUL ELECTROCONTACT)",BOTOŞANI,BT,703,6,7,0,13,25,10,0,35,33,11,0,44,39,11,0,50,105,16,18,139,144,22,18,184
35740,26,"GRUPUL ŞCOLAR INDUSTRIAL “GHE.ASACHI”(LICEUL ELECTROCONTACT)",BOTOŞANI,BT,969,6,4,0,10,55,8,0,63,80,14,0,94,105,15,0,120,190,20,0,210,223,22,0,245
35740,27,"GRUPUL ŞCOLAR INDUSTRIAL “GHE.ASACHI”(ŞCOALA PROFESIONALĂ ELECTROCONTACT)",BOTOŞANI,BT,1243,7,0,0,7,22,4,0,26,39,4,0,43,56,5,0,61,121,12,1,134,163,14,1,178
35740,28,"GRUPUL ŞCOLAR INDUSTRIAL “GHE.ASACHI”(ŞCOALA PROFESIONALĂ ELECTROCONTACT)",BOTOŞANI,BT,1127,7,5,0,12,43,5,0,48,69,6,0,75,86,6,0,92,155,6,2,163,202,7,2,211
35740,29,"GRUPUL ŞCOLAR INDUSTRIAL “GHE.ASACHI”(ŞCOALA PROFESIONALĂ ELECTROCONTACT)",BOTOŞANI,BT,846,6,6,0,12,27,6,0,33,54,6,0,60,59,7,0,66,136,7,1,144,185,8,1,194
35740,30,"GRUPUL ŞCOLAR DE INDUSTRIE UŞOARĂ (LICEUL TEXTIL)",BOTOŞANI,BT,1431,23,4,0,27,56,7,0,63,82,9,0,91,101,10,0,111,197,16,0,213,265,23,0,288
35740,31,"GRUPUL ŞCOLAR DE INDUSTRIE UŞOARĂ (LICEUL TEXTIL)",BOTOŞANI,BT,805,2,3,0,5,43,3,2,48,56,3,2,61,67,3,2,72,172,7,111,290,214,12,111,337
35740,32,"GRUPUL ŞCOLAR DE INDUSTRIE UŞOARĂ (LICEUL TEXTIL)",BOTOŞANI,BT,837,5,5,0,10,40,11,0,51,52,11,5,68,78,12,5,95,177,13,14,204,207,16,14,237
35740,33,"ŞCOALA GENERALĂ NR. 14",BOTOŞANI,BT,854,12,4,0,16,40,4,0,44,52,5,0,57,75,6,0,81,152,9,0,161,191,17,0,208
35740,34,"ŞCOALA GENERALĂ NR. 14",BOTOŞANI,BT,1518,16,5,0,21,89,5,0,94,119,10,4,133,135,10,4,149,272,12,4,288,345,16,5,366
35740,35,"ŞCOALA GENERALĂ NR. 14",BOTOŞANI,BT,611,2,0,0,2,44,0,0,44,59,1,1,61,74,7,1,82,140,12,1,153,161,13,1,175
35740,36,"ŞCOALA GENERALĂ NR. 14",BOTOŞANI,BT,1094,10,1,0,11,34,2,0,36,79,3,0,82,94,3,0,97,178,3,0,181,225,6,0,231
35740,37,"ŞCOALA GENERALĂ NR. 14",BOTOŞANI,BT,1069,8,4,0,12,34,5,0,39,62,7,5,74,71,7,5,83,183,10,5,198,225,11,5,241
35740,38,"ŞCOALA GENERALĂ NR. 14",BOTOŞANI,BT,1182,5,1,0,6,31,2,0,33,48,3,0,51,59,3,0,62,152,8,0,160,191,10,0,201
35740,39,"GRĂDINIŢA DE COPII NR. 22",BOTOŞANI,BT,1177,10,6,0,16,49,6,0,55,67,6,0,73,84,7,0,91,213,9,0,222,249,9,0,258
35740,40,"GRĂDINIŢA DE COPII NR. 22",BOTOŞANI,BT,855,6,0,0,6,28,0,0,28,48,1,0,49,58,3,0,61,112,4,0,116,154,4,0,158
35740,41,"GRĂDINIŢA DE COPII NR. 22",BOTOŞANI,BT,972,6,3,0,9,28,3,0,31,60,3,1,64,76,6,1,83,169,11,1,181,209,11,1,221
35740,42,"GRĂDINIŢA DE COPII NR. 22",BOTOŞANI,BT,985,6,0,0,6,34,0,0,34,60,0,0,60,75,0,0,75,165,2,0,167,216,7,0,223
35740,43,"ŞCOALA GENERALĂ NR.8",BOTOŞANI,BT,1253,10,2,0,12,40,6,0,46,74,11,1,86,81,11,1,93,201,11,1,213,273,17,1,291
35740,44,"ŞCOALA GENERALĂ NR.8",BOTOŞANI,BT,1375,15,1,0,16,74,6,0,80,100,6,1,107,122,8,1,131,245,17,1,263,318,25,1,344
35740,45,"ŞCOALA GENERALĂ NR.8",BOTOŞANI,BT,1058,6,3,0,9,43,5,0,48,61,9,0,70,81,12,0,93,159,19,0,178,193,25,0,218
35740,46,"ŞCOALA GENERALĂ NR.8",BOTOŞANI,BT,1316,8,5,0,13,43,5,0,48,66,5,0,71,87,5,0,92,201,8,0,209,282,12,0,294
35740,47,"ŞCOALA GENERALĂ NR. 11",BOTOŞANI,BT,1121,18,1,0,19,74,1,0,75,100,1,0,101,121,1,0,122,214,4,0,218,288,6,0,294
35740,48,"ŞCOALA GENERALĂ NR. 11",BOTOŞANI,BT,867,10,0,0,10,44,0,0,44,72,2,0,74,84,5,0,89,186,6,0,192,222,10,0,232
35740,49,"ŞCOALA GENERALĂ NR. 11",BOTOŞANI,BT,1240,12,2,0,14,61,8,0,69,89,8,0,97,100,9,0,109,192,16,1,209,279,19,2,300
35740,50,"ŞCOALA GENERALĂ NR. 11",BOTOŞANI,BT,967,9,0,0,9,45,4,0,49,64,6,0,70,83,6,0,89,196,20,3,219,243,31,4,278
35740,51,"ŞCOALA GENERALĂ NR. 2",BOTOŞANI,BT,1123,10,1,0,11,37,2,0,39,62,6,0,68,81,6,0,87,166,7,0,173,233,10,0,243
35740,52,"ŞCOALA GENERALĂ NR. 2",BOTOŞANI,BT,647,6,0,0,6,27,0,0,27,35,0,0,35,48,0,0,48,103,0,0,103,135,0,0,135
35740,53,"ŞCOALA GENERALĂ NR. 2",BOTOŞANI,BT,1262,10,1,0,11,36,1,0,37,63,1,0,64,82,1,0,83,162,6,0,168,223,8,0,231
35740,54,"ŞCOALA GENERALĂ NR. 2",BOTOŞANI,BT,1295,10,0,0,10,42,0,0,42,62,0,0,62,79,4,0,83,159,13,0,172,218,16,0,234
35740,55,"GRUPUL ŞCOLAR ECONOMIC ŞI ADMINISTRATIV “OCTAV ONICESCU”",BOTOŞANI,BT,1009,9,0,0,9,30,7,0,37,43,8,0,51,55,8,0,63,126,13,0,139,172,20,0,192
35740,56,"GRUPUL ŞCOLAR ECONOMIC ŞI ADMINISTRATIV “OCTAV ONICESCU”",BOTOŞANI,BT,1094,8,6,0,14,45,8,0,53,80,9,0,89,100,11,0,111,194,13,0,207,255,13,0,268
35740,57,"GRĂDINIȚA NR. 20",BOTOŞANI,BT,1286,26,1,0,27,67,5,0,72,113,6,1,120,129,6,1,136,280,9,1,290,368,11,1,380
35740,58,"ŞCOALA GENERALĂ NR. 10",BOTOŞANI,BT,1314,15,3,0,18,51,8,0,59,76,13,0,89,96,15,0,111,242,32,1,275,314,47,1,362
35740,59,"ŞCOALA GENERALĂ NR. 10",BOTOŞANI,BT,1426,20,0,0,20,72,3,0,75,106,3,0,109,128,3,0,131,243,4,2,249,330,4,2,336
35740,60,"ŞCOALA GENERALĂ NR. 10",BOTOŞANI,BT,1301,12,6,0,18,63,6,0,69,107,7,0,114,139,7,0,146,275,8,0,283,326,10,33,369
35740,61,"COLEGIUL NAŢIONAL ”A.T. LAURIAN”",BOTOŞANI,BT,1319,13,3,0,16,80,7,0,87,122,10,0,132,138,12,0,150,260,19,1,280,332,22,1,355
35740,62,"COLEGIUL NAŢIONAL ”A.T. LAURIAN”",BOTOŞANI,BT,1356,7,0,0,7,55,0,0,55,81,6,0,87,103,11,0,114,212,15,0,227,268,16,0,284
35740,63,"LOCAL CLUBUL PENSIONARILOR",BOTOŞANI,BT,1090,21,0,0,21,66,6,0,72,99,11,0,110,110,14,0,124,213,21,0,234,265,22,0,287
35740,64,"ŞCOALA GENERALĂ NR. 1",BOTOŞANI,BT,1349,9,5,0,14,37,7,1,45,92,8,1,101,109,8,1,118,231,13,1,245,293,15,1,309
35740,65,"ŞCOALA GENERALĂ NR. 1",BOTOŞANI,BT,1011,1,0,0,1,25,3,0,28,43,3,0,46,49,5,0,54,116,18,0,134,168,28,0,196
35740,66,"ŞCOALA GENERALĂ NR. 1",BOTOŞANI,BT,1349,26,0,0,26,84,1,4,89,126,2,4,132,164,3,4,171,266,3,6,275,335,5,6,346
35740,67,"GRUP ŞCOLAR ECONOMIC ŞI ADMINISTRATIV ,, OCTAV ONICESCU""",BOTOŞANI,BT,1488,12,0,0,12,46,0,0,46,85,2,0,87,105,8,0,113,253,10,0,263,311,10,0,321
35740,68,"GRUPUL ŞCOLAR INDUSTRIAL “CONSTRUCŢII DE MAŞINI” (LICEUL INDUSTRIAL NR. 1)",BOTOŞANI,BT,1320,10,0,0,10,37,0,0,37,63,0,0,63,88,0,0,88,217,3,0,220,281,4,0,285
35740,69,"GRUPUL ŞCOLAR INDUSTRIAL “CONSTRUCŢII DE MAŞINI” (LICEUL INDUSTRIAL NR. 1)",BOTOŞANI,BT,1294,9,0,0,9,60,6,0,66,82,7,0,89,93,7,0,100,213,11,0,224,291,13,0,304
35740,70,"GRUPUL ŞCOLAR INDUSTRIAL “CONSTRUCŢII DE MAŞINI” (LICEUL INDUSTRIAL NR. 1)",BOTOŞANI,BT,1133,6,0,0,6,49,1,0,50,66,1,0,67,83,1,0,84,199,10,0,209,275,14,0,289
35740,71,"ŞCOALA GENERALĂ NR. 6",BOTOŞANI,BT,1030,8,1,0,9,43,4,0,47,66,6,0,72,76,9,0,85,145,12,0,157,200,19,0,219
35740,72,"ŞCOALA GENERALĂ NR. 6",BOTOŞANI,BT,845,8,0,0,8,41,0,0,41,64,0,0,64,77,0,0,77,134,2,1,137,167,10,1,178
35740,73,"ŞCOALA GENERALĂ NR. 6",BOTOŞANI,BT,1218,12,3,0,15,55,4,0,59,83,4,0,87,109,5,0,114,189,11,0,200,254,12,0,266
35740,74,"ŞCOALA GENERALĂ NR. 6",BOTOŞANI,BT,1127,17,1,0,18,44,3,0,47,66,4,0,70,84,4,0,88,199,5,0,204,241,10,0,251
35740,75,"ŞCOALA GENERALĂ NR. 6",BOTOŞANI,BT,805,7,0,0,7,42,0,0,42,59,0,0,59,71,0,0,71,135,0,0,135,177,7,0,184
35740,76,"ŞCOALA GENERALĂ NR.11",BOTOŞANI,BT,611,5,0,0,5,27,2,0,29,40,4,0,44,49,4,0,53,114,10,0,124,159,18,0,177
35740,77,"ŞCOALA GENERALĂ NR. 3",BOTOŞANI,BT,1483,11,0,0,11,51,5,0,56,75,5,0,80,101,5,0,106,223,7,0,230,293,10,0,303
35740,78,"GRĂDINIŢA DE COPII NR. 8",BOTOŞANI,BT,1568,10,0,0,10,56,2,3,61,106,4,3,113,148,5,3,156,307,9,3,319,398,13,3,414
35740,79,"ŞCOALA GENERALĂ NR. 9",BOTOŞANI,BT,926,9,0,0,9,31,1,0,32,57,1,0,58,78,1,0,79,165,5,0,170,238,10,0,248
35740,80,"GRUPUL ŞCOLAR AGRICOL (LICEUL AGROINDUSTRIAL)",BOTOŞANI,BT,1093,10,0,0,10,54,0,3,57,71,6,3,80,90,6,3,99,169,11,3,183,226,12,3,241
35740,81,"GRUPUL ŞCOLAR AGRICOL (LICEUL AGROINDUSTRIAL)",BOTOŞANI,BT,1421,7,0,0,7,55,1,0,56,85,6,0,91,93,6,0,99,196,6,0,202,278,8,0,286
35740,82,"LICEUL PEDAGOGIC “NICOLAE IORGA”",BOTOŞANI,BT,1276,9,1,0,10,51,4,0,55,77,11,186,274,91,14,186,291,220,22,188,430,295,25,188,508
35740,83,"LICEUL PEDAGOGIC “NICOLAE IORGA”",BOTOŞANI,BT,1583,5,3,0,8,54,4,0,58,86,4,188,278,112,4,188,304,226,4,188,418,271,11,188,470
35740,84,"LICEUL PEDAGOGIC “NICOLAE IORGA”",BOTOŞANI,BT,1128,13,1,0,14,47,1,191,239,72,6,191,269,82,6,191,279,181,6,214,401,232,8,231,471
35740,85,"LICEUL DE ARTĂ ŞTEFAN LUCHIAN",BOTOŞANI,BT,1312,10,4,0,14,108,9,11,128,146,11,11,168,175,11,11,197,299,13,11,323,369,24,11,404
36015,86,"COLEGIUL NAȚIONAL ""GRIGORE GHICA"" DOROHOI",DOROHOI,BT,1379,15,0,0,15,77,2,0,79,109,3,0,112,140,7,0,147,257,18,0,275,333,21,0,354
36015,87,"CLĂDIREA STĂRII CIVILE DOROHOI",DOROHOI,BT,1135,30,0,0,30,82,0,0,82,103,1,0,104,137,1,0,138,243,13,0,256,281,22,0,303
36015,88,"BIBLIOTECA MUNICIPALĂ DOROHOI",DOROHOI,BT,1664,26,1,0,27,92,4,0,96,122,4,0,126,161,6,0,167,316,8,0,324,398,10,0,408
36015,89,"ȘCOALA GIMNAZIALĂ ,,SPIRU HARET""DOROHOI",DOROHOI,BT,1415,32,2,0,34,106,5,0,111,140,7,0,147,176,10,0,186,308,15,0,323,375,20,0,395
36015,90,"GRĂDINIȚA CU PROGRAM NORMAL NR.4 DOROHOI",DOROHOI,BT,1001,6,5,0,11,35,8,0,43,67,10,0,77,101,17,0,118,227,19,0,246,261,21,0,282
36015,91,"ȘCOALA GIMNAZIALĂ NR.1 DOROHOI",DOROHOI,BT,1238,24,0,0,24,102,6,0,108,133,10,0,143,166,12,0,178,284,22,0,306,341,26,0,367
36015,92,"CASA MUNICIPALĂ DE CULTURĂ DOROHOI",DOROHOI,BT,1159,16,5,0,21,46,5,0,51,89,6,0,95,119,7,0,126,225,12,0,237,272,14,0,286
36015,93,"ȘCOALA GIMNAZIALĂ ,,ȘTEFAN CEL MARE"" DOROHOI",DOROHOI,BT,1090,11,2,0,13,39,3,0,42,60,4,0,64,93,6,0,99,202,7,0,209,248,7,1,256
36015,94,"ȘCOALA GIMNAZIALĂ ,, ȘTEFAN CEL MARE"" DOROHOI",DOROHOI,BT,1013,16,2,0,18,37,4,0,41,55,6,0,61,90,9,0,99,170,12,0,182,217,15,0,232
36015,95,"ȘCOALA GIMNAZIALĂ ,,ALEXANDRU IOAN CUZA"" DOROHOI",DOROHOI,BT,1122,3,6,0,9,32,6,0,38,54,8,0,62,69,8,0,77,157,10,0,167,211,13,0,224
36015,96,"ȘCOALA GIMNAZIALĂ ,,ALEXANDRU IOAN CUZA"" DOROHOI",DOROHOI,BT,1398,9,6,0,15,55,6,0,61,90,7,1,98,111,8,1,120,268,9,1,278,349,9,1,359
36015,97,"LICEUL,,REGINA MARIA"" DOROHOI",DOROHOI,BT,1302,11,1,0,12,47,1,0,48,78,2,0,80,94,2,0,96,188,10,0,198,242,15,0,257
36015,98,"LICEUL,,REGINA MARIA"" DOROHOI",DOROHOI,BT,1273,6,0,0,6,38,1,0,39,61,1,0,62,87,2,0,89,201,9,0,210,272,13,0,285
36015,99,"ȘCOALA GIMNAZIALĂ ,,MIHAIL KOGĂLNICEANU"" DOROHOI",DOROHOI,BT,1332,18,1,0,19,55,3,0,58,93,4,0,97,129,5,0,134,238,10,0,248,288,11,0,299
36015,100,"ȘCOALA GIMNAZIALĂ ,,MIHAIL KOGĂLNICEANU"" DOROHOI",DOROHOI,BT,1217,0,0,0,0,60,7,0,67,83,7,0,90,107,8,0,115,205,10,0,215,262,13,0,275
36015,101,"GRĂDINIȚA CU PROGRAM PRELUNGIT ,, ALBA CA ZĂPADA"" DOROHOI",DOROHOI,BT,1096,4,0,0,4,44,0,0,44,75,0,0,75,89,0,0,89,173,4,14,191,222,5,14,241
36015,102,"GRĂDINIȚA CU PROGRAM PRELUNGIT,,ALBA CA ZĂPADA"" DOROHOI",DOROHOI,BT,1430,11,1,0,12,44,3,0,47,63,3,0,66,98,3,0,101,248,4,26,278,330,6,26,362
36015,103,"SALA POLIVALENTĂDOROHOI",DOROHOI,BT,838,10,5,0,15,45,5,0,50,76,6,0,82,101,6,0,107,185,16,0,201,227,17,0,244
36015,104,"ȘCOALA GIMNAZIALĂ ,, DIMITRIE ROMANESCU"" DOROHOI",DOROHOI,BT,1002,12,3,0,15,30,3,0,33,49,3,0,52,90,4,0,94,210,6,0,216,268,10,0,278
36015,105,"ȘCOALA GIMNAZIALĂ ,,DIMITRIE ROMANESCU"" DOROHOI",DOROHOI,BT,1103,4,0,0,4,44,2,0,46,61,2,0,63,97,5,0,102,205,12,0,217,280,16,0,296
36015,106,"CLĂDIRE ȘCOALĂ(GRĂDINIȚĂ) SATU NOU",DOROHOI,BT,748,4,5,0,9,12,6,0,18,18,7,0,25,25,7,0,32,94,15,0,109,133,18,0,151
36033,107,"CLĂDIRE ȘCOALĂ LOTURI ENESCU","LOTURI ENESCU",BT,339,0,0,0,0,9,0,0,9,20,7,0,27,26,9,0,35,79,12,0,91,108,12,0,120
36462,108,"SCOALA NR.1 BUCECEA",BUCECEA,BT,718,11,8,0,19,43,8,0,51,68,13,0,81,96,17,0,113,176,26,13,215,209,30,14,253
36462,109,"CENTRUL CULTURAL BUCECEA",BUCECEA,BT,1635,12,3,0,15,93,11,0,104,157,14,0,171,201,16,0,217,364,24,3,391,491,34,3,528
36462,110,"SCOALA NR.2 BUCECEA",BUCECEA,BT,1539,8,1,0,9,43,5,0,48,63,8,0,71,106,15,0,121,282,21,11,314,329,22,11,362
36480,111,"SCOALA CALINESTI",CĂLINEŞTI,BT,546,7,0,0,7,19,1,0,20,32,4,0,36,49,7,0,56,95,12,1,108,121,15,1,137
35955,112,"LICEUL,,DIMITRIE CANTEMIR",DARABANI,BT,1420,13,0,0,13,19,0,8,27,32,1,8,41,87,3,8,98,200,12,8,220,248,16,8,272
35955,113,"ŞCOALA GIMNAZIALĂ,,LEON DĂNĂILĂ""",DARABANI,BT,1671,16,0,0,16,28,1,0,29,37,5,0,42,82,8,0,90,250,12,0,262,324,13,0,337
35955,114,"ŞCOALA GIMNAZIALĂ ,,LEON DĂNĂILĂ""",DARABANI,BT,1670,7,0,0,7,21,0,0,21,31,2,0,33,52,3,0,55,185,7,1,193,255,13,1,269
35955,115,"GRĂDINIŢA NR.2",DARABANI,BT,1671,8,5,0,13,26,5,0,31,51,5,0,56,78,8,0,86,225,28,0,253,310,34,0,344
35955,116,"ŞCOALAGIMNAZIALĂ CU CLASELE I-VIII LEON DĂNĂILĂ DARABANI, ȘCOALA CORNEŞTI, CORP A",DARABANI,BT,1024,3,0,0,3,10,1,0,11,26,5,0,31,49,5,0,54,185,8,0,193,255,9,0,264
35964,117,"ŞCOALAL BAJURA",BAJURA,BT,1523,8,3,0,11,28,3,0,31,34,4,0,38,60,5,0,65,205,10,0,215,251,13,0,264
35955,118,"ŞCOALA TEIOASA",DARABANI,BT,1163,3,5,0,8,16,6,0,22,21,6,0,27,32,7,0,39,157,13,0,170,198,14,0,212
35982,119,"ŞCOALA LIŞMĂNIŢA",LISMĂNIŢA,BT,553,2,4,0,6,15,4,0,19,17,4,0,21,30,5,0,35,103,10,0,113,147,11,0,158
35973,120,"ŞCOALA EŞANCA",EŞANCA,BT,265,3,0,0,3,12,3,0,15,12,4,0,16,16,4,0,20,39,12,0,51,46,16,0,62
37299,121,"ȘCOALAGIMNAZIALĂ ""MIHAIL STURZA""",FLAMÂNZI,BT,637,2,2,0,4,8,7,0,15,11,8,0,19,18,9,0,27,62,10,0,72,90,12,0,102
37299,122,"ȘCOALA .GIMNAZIALĂ ""MIHAIL STURZA""",FLAMÂNZI,BT,830,1,0,0,1,10,5,0,15,20,6,0,26,36,8,0,44,113,12,0,125,146,13,0,159
37299,123,"ȘCOALA.GIMNAZIALĂ ""ION BOJOI""",FLAMÂNZI,BT,1127,3,3,0,6,26,3,0,29,31,3,0,34,59,6,0,65,189,12,0,201,261,17,0,278
37299,124,"CASA DE CULTURA ""NICOLAE SEVEREANU""",FLAMÂNZI,BT,1119,7,4,0,11,15,5,5,25,19,6,5,30,52,14,5,71,117,26,5,148,169,30,5,204
37315,125,"ȘCOALAGIMNAZIALĂ ""CONSTANTIN COMICESCU""",POIANA,BT,1437,3,1,0,4,7,4,0,11,16,5,0,21,29,8,0,37,224,13,0,237,324,19,0,343
38410,126,"LICEUL TEHNOLOGIC ”NICOLAE BĂLCESCU”","NICOLAE BĂLCESCU",BT,1015,6,1,0,7,18,1,17,36,20,3,17,40,29,4,17,50,146,21,20,187,221,34,20,275
38410,127,"LICEUL TEHNOLOGIC ”NICOLAE BĂLCESCU”","NICOLAE BĂLCESCU",BT,1170,14,0,0,14,48,1,15,64,48,1,21,70,60,3,21,84,130,7,23,160,189,13,23,225
38410,128,"ŞCOALA TAMBA","NICOLAE BĂLCESCU",BT,1002,10,3,0,13,28,6,0,34,38,6,0,44,56,7,2,65,187,21,3,211,295,29,3,327
38438,129,"ȘCOALA PRIMARĂ ""GHEORGHE PRICOP""",CHIŢOVENI,BT,425,6,3,0,9,16,4,0,20,20,4,0,24,29,4,0,33,104,12,0,116,130,14,0,144
38447,130,"ȘCOALA GIMNAZIALĂ ""PETRU ZAMFIRESCU""",PRISĂCANI,BT,505,9,1,0,10,29,1,0,30,31,2,0,33,47,3,0,50,156,9,0,165,202,13,0,215
36079,131,"LICEUL TEORETIC DR. M. CIUCA SAVENI",SĂVENI,BT,1183,10,6,0,16,33,13,3,49,68,14,3,85,110,17,4,131,250,26,4,280,345,42,5,392
36079,132,"LICEUL TEORETIC DR. M.CIUCA SAVENI",SĂVENI,BT,894,9,3,0,12,21,5,0,26,40,8,0,48,61,10,0,71,138,21,25,184,215,38,26,279
36079,133,"SCOALA GENERALA NR. 1 SAVENI",SĂVENI,BT,1497,11,7,0,18,48,13,0,61,65,26,0,91,117,33,0,150,311,64,0,375,425,69,1,495
36079,134,"SCOALA GENERALA NR. 2 SAVENI",SĂVENI,BT,1362,14,2,0,16,40,3,0,43,57,12,0,69,80,13,0,93,245,44,0,289,338,52,8,398
36113,135,"SCOALA GENERALA PETRICANI",PETRICANI,BT,1008,17,5,0,22,34,8,0,42,43,8,0,51,81,15,0,96,199,41,0,240,271,44,0,315
36088,136,"SCOALA GENERALA BODEASA",BODEASA,BT,341,11,0,0,11,13,2,0,15,17,4,0,21,21,5,0,26,128,9,0,137,160,18,0,178
36097,137,"FOST MAGAZIN SĂTESC",BOZIENI,BT,219,1,4,0,5,8,7,0,15,12,7,0,19,21,9,0,30,50,18,0,68,85,21,0,106
39195,138,"SCOALA GIMNAZIALA BOBULESTI",BOBULEŞTI,BT,1183,10,3,0,13,22,4,0,26,31,10,0,41,46,14,0,60,175,23,0,198,233,25,0,258
39186,139,"SCOALA PRIMARA BADIUTI",BĂDIUŢI,BT,807,11,1,0,12,32,3,0,35,57,5,0,62,71,9,0,80,171,16,0,187,224,19,0,243
39177,140,"LICEUL TEORETIC “STEFAN D. LUCHIAN”",ŞTEFĂNEŞTI,BT,1208,9,2,0,11,27,6,0,33,50,8,42,100,74,11,42,127,170,19,42,231,217,23,42,282
39177,141,"LICEUL TEORETIC “STEFAN D. LUCHIAN”",ŞTEFĂNEŞTI,BT,842,6,0,0,6,21,4,0,25,25,7,0,32,48,10,0,58,102,24,0,126,168,34,0,202
39202,142,"SCOALA PRIMARA STANCA",STÂNCA,BT,760,16,3,0,19,43,3,0,46,63,4,0,67,99,10,0,109,191,25,3,219,222,29,3,254
36220,143,"SCOALA GIMNAZIALA NR.1 ADASENI",ADĂŞENI,BT,803,10,0,0,10,28,4,0,32,36,4,0,40,46,9,0,55,214,17,0,231,260,17,0,277
36293,144,"SCOALA ZOITANI",ZOIŢANI,BT,318,7,4,0,11,15,9,0,24,21,10,0,31,27,11,0,38,72,17,0,89,128,22,0,150
36140,145,"CAMIN CULTURAL ALBESTI",ALBEŞTI,BT,930,13,0,0,13,35,2,0,37,48,3,0,51,100,7,0,107,171,12,0,183,217,19,0,236
36140,146,"SCOALA PRIMARA NR.1 ALBESTI",ALBEŞTI,BT,637,0,3,0,3,1,4,0,5,12,6,0,18,30,7,0,37,79,13,0,92,128,18,0,146
36159,147,"SCOALA PRIMARA NR.2 BUIMACENI",BUIMĂCENI,BT,596,9,2,0,11,12,5,0,17,15,5,0,20,23,6,0,29,67,13,0,80,88,15,0,103
36168,148,"SCOALA PRIMARA NR.3 COSTIUGENI",COŞTIUGENI,BT,446,0,0,0,0,5,0,0,5,13,2,0,15,20,6,0,26,88,14,0,102,119,16,0,135
36177,149,"SCOALA PRIMARA NR.4 JIJIA",JIJIA,BT,503,3,0,0,3,11,1,0,12,13,1,0,14,22,3,0,25,59,8,0,67,69,11,0,80
36186,150,"SCOALA PRIMARA NR.5 MASCATENI",MĂŞCĂTENI,BT,304,4,2,0,6,14,4,0,18,21,4,0,25,25,4,0,29,68,6,0,74,95,8,0,103
36195,151,"SCOALAGIMNAZIALANR.2 TUDOR VLADIMIRESCU","TUDOR VLADIMIRESCU",BT,688,8,0,0,8,31,10,0,41,61,13,0,74,78,13,0,91,117,19,0,136,153,22,0,175
36195,152,"SCOALAGIMNAZIALA NR.2 TUDOR VLADIMIRESCU","TUDOR VLADIMIRESCU",BT,709,14,2,0,16,41,9,0,50,72,12,0,84,91,14,0,105,154,15,0,169,203,15,0,218
36211,153,"SCOALA CU CLASELE 1 -8 AVRAMENI",AVRĂMENI,BT,1148,5,0,0,5,17,0,0,17,18,2,0,20,25,5,0,30,132,12,0,144,211,16,0,227
36266,154,"SCOALA PRIMARĂ NR.1 TIMUȘ SAT TIMUȘ",PANAITOAIA,BT,561,9,0,0,9,30,1,0,31,33,2,0,35,73,3,0,76,156,4,0,160,194,6,0,200
36284,155,"SCOALA CU CLASELE 1-8 TUDOR VLADIMIRESCU","TUDOR VLADIMIRESCU",BT,578,8,2,0,10,40,4,0,44,53,6,0,59,79,7,0,86,177,17,0,194,212,21,0,233
36239,156,"SCOALA CU CLASELE 1-8 AUREL VLAICU","AUREL VLAICU",BT,468,4,2,0,6,8,2,0,10,15,3,0,18,30,3,0,33,85,6,0,91,104,6,0,110
36257,157,"SCOALA CU CLASELE 1-4 ICHIMENI",ICHIMENI,BT,106,3,4,0,7,15,5,0,20,17,5,0,22,21,5,0,26,37,7,0,44,40,9,0,49
36319,158,"SCOALA BALUSENI",BĂLUŞENI,BT,1128,7,2,0,9,41,5,0,46,55,11,0,66,94,11,0,105,227,26,0,253,335,35,0,370
36328,159,"SCOALA BALUSENII NOI","BĂLUŞENII NOI",BT,262,4,0,0,4,29,5,0,34,32,5,0,37,48,5,0,53,80,5,0,85,88,8,0,96
36337,160,"SCOALA BUZENI",BUZENI,BT,542,7,2,0,9,19,4,0,23,33,5,0,38,36,5,0,41,80,11,2,93,133,29,2,164
36355,161,"SCOALA DRAXINI",DRAXINI,BT,1526,17,9,0,26,46,15,0,61,61,19,0,80,90,22,0,112,281,45,0,326,347,51,0,398
36364,162,"SCOALA ZAICESTI",ZĂICEŞTI,BT,570,3,0,0,3,37,4,0,41,44,10,0,54,51,11,0,62,98,18,0,116,120,25,0,145
39079,163,"SCOALA GIMNAZIALA NR. 1",BLÂNDEŞTI,BT,622,9,3,0,12,25,3,0,28,30,3,0,33,53,5,0,58,240,25,8,273,277,31,8,316
39088,164,"SCOALA PRIMARA NR.2 CERCHEJENI",CERCHEJENI,BT,646,29,1,0,30,63,7,0,70,71,8,0,79,93,11,0,104,231,33,9,273,290,38,9,337
39113,165,"SCOLA PRIMARA NR. 3",ŞOLDĂNEŞTI,BT,333,10,0,0,10,17,2,0,19,20,3,0,23,28,5,0,33,75,10,0,85,103,13,0,116
36382,166,"CĂMIN CULTURAL BRĂEŞTI",BRĂEŞTI,BT,1139,8,4,0,12,38,12,0,50,56,13,0,69,90,14,0,104,177,35,0,212,236,39,0,275
36391,167,"SCOALA POIANA 2",POIANA,BT,354,6,0,0,6,11,2,0,13,16,3,0,19,21,5,0,26,74,14,14,102,102,14,14,130
36408,168,"ŞCOALA POPENI",POPENI,BT,208,3,1,0,4,20,3,0,23,23,3,0,26,29,5,0,34,70,6,0,76,88,8,0,96
36435,169,"SCOALA DIMITRIE POMPEIU BROSCAUTI",BROSCĂUŢI,BT,1484,14,2,0,16,53,4,0,57,71,5,0,76,100,6,0,106,238,16,0,254,303,23,0,326
36435,170,"CĂMINUL CULTURAL BROSCĂUȚI",BROSCĂUŢI,BT,1337,8,1,0,9,26,5,0,31,37,6,0,43,51,8,0,59,181,15,0,196,226,17,0,243
36505,171,"CAMIN CULTURAL CALARASI",CĂLĂRAŞI,BT,937,1,0,0,1,5,1,0,6,19,10,0,29,33,15,0,48,143,28,0,171,195,31,0,226
36505,172,"SCOALA CALARASI",CĂLĂRAŞI,BT,929,6,3,0,9,14,3,0,17,19,3,0,22,36,5,0,41,140,7,0,147,205,12,0,217
36523,173,"SCOALA PLESANI",PLEŞANI,BT,497,6,0,0,6,7,0,0,7,10,0,0,10,20,8,0,28,118,21,0,139,161,25,0,186
36514,174,"SCOALA LIBERTATEA",LIBERTATEA,BT,371,5,0,0,5,8,0,0,8,13,2,0,15,15,3,0,18,41,3,0,44,61,5,0,66
38198,175,"GRĂDINIȚA CU PROGRAM NORMAL, CÂNDEȘTI",CÂNDEŞTI,BT,853,6,2,0,8,39,11,0,50,52,11,5,68,72,12,5,89,216,32,5,253,278,46,14,338
38223,176,"ŞCOALA PRIMARĂ TALPA",TALPA,BT,549,26,3,0,29,50,6,0,56,59,9,0,68,81,9,0,90,191,19,0,210,231,24,1,256
38232,177,"ŞCOLA PRIMARĂ VIŢCANI",VIŢCANI,BT,271,2,1,0,3,16,3,0,19,23,8,0,31,27,9,0,36,102,14,0,116,128,17,0,145
36541,178,"CĂMINUL CULTURAL CONCEȘTI",CONCEŞTI,BT,1223,32,0,0,32,67,3,0,70,109,9,0,118,136,11,0,147,341,23,0,364,427,27,0,454
36550,179,"CAMINUL CULTURAL MOVILENI",MOVILENI,BT,262,13,2,0,15,24,6,0,30,24,8,0,32,30,8,0,38,81,11,0,92,109,12,0,121
36578,180,"ŞCOALA GIMNAZIALĂ NR.1 COPĂLĂU",COPĂLĂU,BT,1146,9,1,0,10,31,5,0,36,48,6,17,71,68,9,17,94,227,15,20,262,335,25,20,380
36578,181,"ŞCOALA GIMNAZIALĂ NR. 1 COPĂLĂU",COPĂLĂU,BT,1084,9,0,0,9,33,0,0,33,45,0,17,62,63,0,17,80,191,2,17,210,284,6,17,307
36612,182,"ŞCOALA PRIMARĂ NR. 2 COTU",COTU,BT,496,1,0,0,1,7,1,0,8,11,1,7,19,13,4,7,24,69,9,7,85,99,11,7,117
36596,183,"ŞCOALA PRIMARĂ NR.3 CERBU",CERBU,BT,645,10,2,0,12,26,3,0,29,37,5,0,42,54,5,0,59,190,10,18,218,248,17,18,283
36658,184,"CAMINUL CULTURAL CORDARENI",CORDĂRENI,BT,767,11,1,0,12,49,11,0,60,70,13,0,83,94,17,0,111,320,41,0,361,397,52,0,449
36667,185,"SCOALA GRIVITA",GRIVIŢA,BT,389,5,5,0,10,9,11,0,20,18,11,0,29,30,11,0,41,136,21,0,157,219,26,0,245
40001,186,"SCOALA SLOBOZIA",SLOBOZIA,BT,278,10,1,0,11,66,5,0,71,73,7,0,80,86,11,0,97,156,15,0,171,168,18,6,192
36685,187,"PRIMARIA CORLATENI",CORLĂTENI,BT,519,6,1,0,7,18,3,0,21,31,6,0,37,42,7,0,49,107,13,0,120,117,18,0,135
36694,188,"GRADINITA CARASA",CARASA,BT,443,7,1,0,8,47,4,0,51,51,4,0,55,55,4,0,59,109,24,0,133,143,28,0,171
36747,189,"SCOALA VLADENI",VLĂDENI,BT,364,4,2,0,6,17,5,0,22,18,6,0,24,22,6,0,28,73,13,0,86,92,15,0,107
36729,190,"SCOALA PODENI",PODENI,BT,331,3,2,0,5,11,3,0,14,19,3,0,22,30,4,0,34,66,5,0,71,89,7,0,96
36765,191,"SCOALA O. BANCILA",CORNI,BT,1328,23,2,0,25,38,4,0,42,44,4,0,48,55,4,0,59,202,13,0,215,271,18,0,289
36765,192,"SCOALA O. BANCILA",CORNI,BT,872,8,3,0,11,20,3,0,23,23,3,0,26,39,3,0,42,125,6,0,131,156,9,0,165
36765,193,"SCOALA O. BANCILA",CORNI,BT,1069,21,0,0,21,34,1,0,35,38,1,0,39,55,1,0,56,190,10,0,200,243,15,0,258
36792,194,"SCOALA CU CL I-VIII SARAFINESTI",SARAFINEŞTI,BT,1189,17,1,0,18,35,4,0,39,51,5,0,56,60,5,0,65,250,15,0,265,351,18,0,369
36783,195,"SCOALA CU CL I-IV MESTEACAN",MESTEACĂN,BT,350,9,1,0,10,17,2,0,19,30,7,0,37,36,11,0,47,123,24,0,147,154,36,0,190
36774,196,"SCOALA CU CL I-IV BALTA ARSA","BALTA ARSĂ",BT,335,2,3,0,5,18,5,0,23,32,12,0,44,36,15,0,51,79,24,0,103,103,28,0,131
36603,197,"GRĂDINIȚA *PRICHINDEL* COȘULA",COŞULA,BT,985,6,0,0,6,22,1,0,23,24,4,0,28,45,6,0,51,174,27,0,201,233,33,0,266
36587,198,"ȘCOALA CU CLASELE I-IV BUDA",BUDA,BT,247,0,3,0,3,7,4,0,11,11,4,0,15,14,6,0,20,40,10,0,50,61,14,0,75
36621,199,"ȘCOALA CU CLASELE I-IV PĂDURENI",PĂDURENI,BT,484,2,0,0,2,14,0,0,14,20,0,0,20,28,0,0,28,107,1,0,108,148,2,0,150
36630,200,"ȘCOALA CU CLASELE I-IV ȘUPITCA",ŞUPITCA,BT,660,5,2,0,7,27,2,0,29,47,2,0,49,74,4,0,78,186,13,0,199,204,21,0,225
36818,201,"LICEUL TEHNOLOGIC, CORP B",COŢUŞCA,BT,1498,13,0,0,13,28,2,0,30,35,3,0,38,78,5,0,83,154,11,0,165,189,13,0,202
36854,202,"ŞCOALA GIMNAZIALĂ NR.2",GHIRENI,BT,507,4,0,0,4,11,2,0,13,13,7,0,20,16,9,0,25,50,10,0,60,66,13,0,79
36836,203,"ŞCOALA PRIMARĂ NR.4","COTU MICULINŢI",BT,320,2,0,0,2,8,5,0,13,16,9,0,25,25,10,0,35,48,16,0,64,58,20,0,78
36845,204,"ŞCOALA GIMNAZIALĂ NR.1",CRASNALEUCA,BT,476,3,4,0,7,12,5,0,17,23,10,0,33,34,10,0,44,102,16,0,118,133,20,0,153
36890,205,"ŞCOALA PRIMARĂ NR.5",PUŢURENI,BT,449,2,1,0,3,16,3,0,19,19,4,0,23,30,5,0,35,68,8,0,76,74,12,0,86
36872,206,"ŞCOALA GIMNAZIALĂ NR.3",NICHITENI,BT,708,11,0,0,11,23,2,0,25,37,3,0,40,70,3,0,73,145,11,0,156,165,13,0,178
36916,207,"SCOALAGIMNAZIALANR. 1 CRISTESTICORPUL II",CRISTEŞTI,BT,1428,11,0,0,11,25,9,0,34,40,12,0,52,65,13,0,78,205,27,8,240,280,39,8,327
36916,208,"SCOALA PRIMARA NR. 1 SAT CRISTESTI, DENUMIRE UZUALA SCOALA DIN GHILANESTI",CRISTEŞTI,BT,472,4,3,0,7,12,6,0,18,14,6,0,20,25,9,0,34,127,23,8,158,163,29,8,200
36925,209,"SCOALA GIMNAZIALA NR. 2 SATONEAGA",ONEAGA,BT,1155,7,2,0,9,23,3,0,26,33,4,0,37,52,7,0,59,268,14,0,282,362,18,0,380
36934,210,"SCOALA PRIMARA NR. 3 SAT SCHIT - ORASENI",SCHIT-ORĂŞENI,BT,467,4,1,0,5,8,1,0,9,11,2,0,13,21,2,0,23,64,7,0,71,98,13,0,111
36935,211,"SCOALAPRIMARANR. 4 UNGUROAIA",UNGUROAIA,BT,151,9,4,0,13,62,7,0,69,77,8,0,85,77,8,0,85,98,9,0,107,107,11,0,118
36961,212,"CAMINUL CULTURAL CRISTINESTI",CRISTINEŞTI,BT,1221,9,3,0,12,29,8,0,37,43,8,0,51,54,11,0,65,157,43,0,200,212,48,0,260
36989,213,"SCOALA DRAGALINA",DRAGALINA,BT,524,2,0,0,2,7,1,0,8,15,1,0,16,34,8,0,42,91,20,0,111,118,28,0,146
36998,214,"SCOALA FUNDU HERTII","FUNDU HERŢII",BT,611,6,1,0,7,21,2,0,23,37,6,0,43,53,8,0,61,133,20,0,153,183,24,0,207
36970,215,"SCOALA BARANCA",BARANCA,BT,495,0,3,0,3,7,8,0,15,14,8,0,22,16,8,0,24,50,9,0,59,127,13,0,140
35768,216,"GRADINITA CURTESTI",CURTEŞTI,BT,1027,6,1,0,7,27,9,0,36,49,11,0,60,61,12,0,73,184,19,0,203,235,25,0,260
35777,217,"SPATIU SCOALA AGAFTON",AGAFTON,BT,219,5,5,0,10,28,7,0,35,34,30,0,64,44,30,0,74,80,32,0,112,86,34,0,120
35786,218,"SCOALA GENERALA.BAICENI",BĂICENI,BT,743,5,0,0,5,24,1,0,25,38,2,0,40,48,6,0,54,133,16,0,149,196,27,0,223
35802,219,"SCOALA GENERALAMANASTIREA DOAMNEI","MĂNĂSTIREA DOAMNEI",BT,976,9,3,0,12,27,4,0,31,49,10,0,59,68,10,0,78,181,19,0,200,210,24,2,236
35811,220,"SCOALA GENERAL ORASENI DEAL",ORĂŞENI-DEAL,BT,954,9,2,0,11,28,4,0,32,35,5,0,40,63,6,0,69,193,14,0,207,262,19,0,281
35820,221,"SCOALA GENERALA ORASENI VALE",ORĂŞENI-VALE,BT,552,5,1,0,6,20,6,0,26,30,6,0,36,39,9,0,48,126,23,0,149,173,29,0,202
37020,222,"CAMIN CULTURAL",DERSCA,BT,1371,13,0,0,13,27,1,0,28,49,3,0,52,88,10,0,98,330,26,0,356,403,30,10,443
37020,223,"SCOALA GENERALĂ DERSCA",DERSCA,BT,1147,4,0,0,4,33,4,0,37,43,8,0,51,64,8,0,72,270,19,0,289,339,24,4,367
36710,224,"CAMIN CULTURAL",MATEIENI,BT,194,0,0,0,0,9,4,0,13,12,5,0,17,19,5,0,24,48,10,8,66,70,11,8,89
36701,225,PRIMARIA,DIMĂCHENI,BT,827,14,4,0,18,30,12,0,42,41,13,0,54,62,17,0,79,181,35,28,244,225,40,28,293
37066,226,"CĂMINUL CULTURAL DÎNGENI",DÎNGENI,BT,602,6,2,0,8,20,2,0,22,24,3,3,30,28,3,3,34,114,10,5,129,134,13,5,152
37075,227,"CĂMINUL CULTURAL HULUB",HULUB,BT,438,4,1,0,5,16,3,0,19,25,5,0,30,34,5,0,39,105,15,0,120,171,20,0,191
37084,228,"SCOALA GIMNAZIALANR.2 IACOBENI",IACOBENI,BT,830,12,2,0,14,30,6,0,36,35,6,0,41,58,12,0,70,160,24,0,184,213,39,0,252
37093,229,"SCOALA PRIMARA NR.2 STRAHOTIN",STRAHOTIN,BT,420,5,3,0,8,9,5,0,14,16,7,0,23,32,7,0,39,57,7,0,64,75,8,0,83
37119,230,"ȘCOALA DOBIRCENI",DOBÂRCENI,BT,667,4,3,0,7,11,4,0,15,12,6,0,18,23,7,0,30,86,12,0,98,143,14,0,157
37128,231,"SCOALA BIVOLARI",BIVOLARI,BT,141,7,3,0,10,10,3,0,13,11,4,0,15,13,4,0,17,26,8,0,34,35,8,0,43
37164,232,ȘCOALABRATENI,BRĂTENI,BT,518,4,0,0,4,14,1,0,15,26,2,0,28,35,3,0,38,73,12,0,85,141,20,0,161
37137,233,"SCOALA CISMANESTI",CIŞMĂNEŞTI,BT,325,7,0,0,7,56,7,0,63,64,8,0,72,66,8,0,74,134,19,0,153,155,20,0,175
37146,234,"SCOALA MURGUTA",LIVADA,BT,383,8,0,0,8,16,3,0,19,17,3,0,20,24,3,0,27,76,7,0,83,94,7,0,101
37182,235,"SCOALA GIMNAZIALA ARISTOTEL CRISMARU DRAGUSENI",DRĂGUŞENI,BT,1270,8,3,0,11,23,3,0,26,31,3,0,34,55,3,0,58,191,9,0,200,241,13,0,254
37191,236,"SCOALA CU CLASELE I-IV PODRIGA",PODRIGA,BT,769,11,2,0,13,20,2,0,22,24,6,0,30,37,7,0,44,174,14,0,188,252,24,0,276
37208,237,"SCOALA CU CLASELE I-IV SARATA",SARATA-DRĂGUŞENI,BT,104,2,6,0,8,6,6,0,12,11,6,0,17,16,6,0,22,41,6,0,47,45,10,0,55
37226,238,"CĂMINUL CULTURAL DIN SATUL DURNEȘTI",DURNEŞTI,BT,938,3,2,0,5,24,3,0,27,35,3,0,38,49,4,0,53,163,20,0,183,232,26,0,258
37262,239,"ȘCOALA PRIMARĂ NR. 1 CUCUTENI",CUCUTENI,BT,673,5,0,0,5,53,7,0,60,61,7,0,68,90,12,0,102,192,18,0,210,227,20,0,247
37271,240,"ȘCOALA GIMNAZIALĂ NR. 2 GURANDA",GURANDA,BT,892,8,0,0,8,32,10,0,42,43,12,0,55,57,13,0,70,157,24,0,181,181,24,0,205
37235,241,"GRĂDINIȚA CU PROGRAM NORMAL NR. 3 BĂBICENI",BĂBICENI,BT,584,2,1,0,3,9,3,0,12,26,3,0,29,34,4,0,38,87,11,0,98,102,17,0,119
37333,242,"SCOALA GIMNAZIALA NR. 2 FRUMUSICA",FRUMUŞICA,BT,646,10,1,0,11,37,2,0,39,46,2,0,48,68,4,0,72,142,5,0,147,197,15,0,212
37360,243,"SCOALA GIMNAZIALA NR.4 STORESTI",STOREŞTI,BT,849,10,0,0,10,31,0,0,31,45,0,0,45,53,0,0,53,144,8,0,152,190,10,0,200
37379,244,"SCOALA GIMNAZIALA NR.5 SENDRENI",ŞENDRENI,BT,564,4,2,0,6,15,3,0,18,23,7,0,30,44,7,0,51,148,25,0,173,179,25,0,204
37388,245,"SCOALA GIMNAZIALA NR.1 VLADENI DEAL",VLĂDENI-DEAL,BT,1271,12,0,0,12,27,1,0,28,34,4,0,38,65,5,0,70,224,10,0,234,322,17,0,339
37342,246,"SCOALA GIMNAZIALA NR.6 BOSCOTENI",BOSCOTENI,BT,526,6,2,0,8,20,5,0,25,23,5,0,28,32,5,0,37,115,12,0,127,142,15,0,157
37351,247,"SCOALA GIMNAZIALA NR.3RADENI",RĂDENI,BT,782,27,0,0,27,76,3,0,79,85,3,0,88,110,7,0,117,236,9,0,245,297,20,0,317
37404,248,"SEDIUL PRIMARIEI COMUNEI GEORGE ENESCU",DUMENI,BT,560,6,1,0,7,12,1,0,13,17,3,0,20,24,6,0,30,116,11,0,127,141,15,0,156
37404,249,"SCOALA GENERALA NR.2 DUMENI",DUMENI,BT,876,3,0,0,3,28,0,0,28,34,0,0,34,45,6,0,51,181,31,0,212,243,40,0,283
37413,250,"SCOALA GENERALA ARBOREA",ARBOREA,BT,345,4,2,0,6,14,6,0,20,27,7,0,34,46,9,0,55,89,15,0,104,117,19,0,136
37431,251,"SCOALA GENERALA POPENI",POPENI,BT,410,2,0,0,2,14,1,0,15,23,7,0,30,28,11,0,39,66,19,0,85,119,24,0,143
37440,252,"SCOALA GENERALA STINCA",STÎNCA,BT,294,7,1,0,8,24,1,0,25,32,3,0,35,42,3,0,45,71,6,0,77,92,9,0,101
37468,253,SCOALAGORBANESTI,GORBĂNEŞTI,BT,818,12,0,0,12,27,1,1,29,36,3,1,40,60,6,1,67,182,15,1,198,261,23,1,285
37477,254,"ŞCOALAGENERALA BATRANESTI",BĂTRÎNEŞTI,BT,215,0,3,0,3,3,4,0,7,5,5,0,10,6,8,0,14,22,11,0,33,59,21,0,80
37486,255,"ŞCOALA GENERALĂGEORGECOSBUC","GEORGE COŞBUC",BT,192,7,3,0,10,14,4,0,18,15,4,0,19,22,4,0,26,50,7,0,57,75,12,0,87
37510,256,"SCOALA GENERALA SOCRUJENI",SOCRUJENI,BT,627,11,2,0,13,17,3,0,20,22,3,0,25,36,5,0,41,114,16,0,130,147,19,0,166
37538,257,"CAMIN CULTURAL VANATORI",VÎNĂTORI,BT,485,8,0,0,8,16,3,0,19,28,4,0,32,50,4,0,54,136,15,0,151,163,15,0,178
37501,258,"SCOALA GENERALASILISCANI",SILIŞCANI,BT,273,9,4,0,13,12,6,0,18,16,9,0,25,23,10,0,33,87,14,5,106,100,16,5,121
37556,259,"SCOALAGIMNAZIALA,, IOAN CERNAT,, HAVIRNA -CORPUL 3 DE LANGA GRADINITA",HAVÎRNA,BT,919,6,0,0,6,32,1,0,33,63,4,0,67,82,10,0,92,222,21,2,245,251,28,2,281
37556,260,"GRADINITACU PROGRAMNORMAL NR.2HAVIRNA(CATUN BASEU)",HAVÎRNA,BT,682,4,1,0,5,11,2,0,13,17,2,0,19,28,5,0,33,98,5,0,103,147,11,0,158
37556,261,"SCOALAGIMNAZIALA,, IOAN CERNAT,, HAVIRNA -CORPUL NR.2",HAVÎRNA,BT,1035,2,2,0,4,8,4,0,12,15,5,0,20,20,6,0,26,107,9,0,116,145,15,0,160
37565,262,"SCOALA PRIMARA ,,DUMITRUPOMPAS"" BALINTI",BALINŢI,BT,405,1,0,0,1,11,2,0,13,13,2,0,15,14,2,0,16,49,5,0,54,62,12,0,74
37609,263,"SCOALAGIMNAZIALA ,, IANCUMUNTEANU"" TATARASENI",TĂTĂRĂŞENI,BT,642,6,0,0,6,24,4,0,28,27,4,0,31,35,4,0,39,119,11,0,130,159,13,0,172
37627,264,"CAMIN CULTURAL HANESTI",HĂNEŞTI,BT,1018,14,0,0,14,39,2,0,41,51,3,0,54,76,6,0,82,180,20,0,200,226,31,0,257
37654,265,"ȘCOALA CU CLASELEI-IV SĂRATA BASARAB",SARATA-BASARAB,BT,330,7,0,0,7,12,0,0,12,13,1,0,14,17,5,0,22,78,7,0,85,113,8,0,121
37636,266,"SCOALA CUCL I-IV BOROLEA",BOROLEA,BT,302,1,0,0,1,15,2,0,17,33,3,0,36,35,7,0,42,126,11,0,137,144,16,0,160
37681,267,"SCOALA GIMNAZIALA NR. 1 HILISEU HORIA",HILIŞEU-HORIA,BT,595,4,4,0,8,13,7,0,20,18,9,0,27,26,10,0,36,110,24,0,134,145,27,0,172
37716,268,"SCOALA GIMNAZIALA NR. 2 HILISEU CRISAN",HILIŞEU-CRIŞAN,BT,1095,6,1,0,7,11,1,0,12,24,1,0,25,36,3,0,39,159,16,0,175,245,21,0,266
37707,269,"SCOALA PRIMARA NR. 4 HILISEU CLOSCA",HILIŞEU-CLOŞCA,BT,520,4,4,0,8,9,5,0,14,20,7,0,27,29,11,0,40,81,17,0,98,125,21,0,146
37717,270,"SCOALA GIMNAZIALA NR. 3 IEZER",IEZER,BT,473,4,3,0,7,17,4,0,21,22,8,0,30,35,13,0,48,103,23,0,126,160,28,0,188
37743,271,"SCOALA CU CL.I-VIII HLIPICENI",HLIPICENI,BT,1354,6,1,0,7,48,5,0,53,72,9,0,81,89,11,0,100,264,36,0,300,340,53,0,393
37752,272,"SCOALA CU CL .I-IV DRAGALINA",DRAGALINA,BT,301,4,6,0,10,13,10,0,23,19,11,0,30,26,14,0,40,79,15,0,94,93,18,0,111
37761,273,"SCOALA CU CL.I-VIII VICTORIA",VICTORIA,BT,1111,4,0,0,4,17,0,0,17,23,0,0,23,52,6,0,58,202,12,0,214,258,15,0,273
37789,274,"CĂMIN CULTURAL",HUDEŞTI,BT,926,4,1,0,5,20,3,0,23,29,3,0,32,54,5,0,59,193,18,1,212,261,26,1,288
40027,275,"CĂMIN CULTURAL",VATRA,BT,897,9,4,0,13,26,7,0,33,31,9,0,40,46,13,0,59,187,16,0,203,233,25,0,258
37798,276,GRĂDINIȚA,ALBA,BT,1155,3,0,0,3,37,5,0,42,46,5,0,51,72,5,0,77,297,16,2,315,342,17,2,361
37814,277,"ȘCOALA MLENĂUȚI",MLENĂUŢI,BT,602,9,1,0,10,33,5,0,38,54,8,0,62,66,11,0,77,216,31,0,247,262,32,0,294
40019,278,"ȘCOALĂ BAȘEU",BAŞEU,BT,401,3,5,0,8,18,9,0,27,24,11,0,35,33,13,0,46,90,18,0,108,112,20,0,132
37805,279,"ȘCOALA BARANCA",BARANCA,BT,846,2,0,0,2,9,3,0,12,22,5,0,27,25,5,0,30,141,11,0,152,260,17,0,277
37841,280,"SCOALA ""MIHAIL SADOVEANU"", CORP B",DUMBRĂVIŢA,BT,719,11,2,0,13,44,7,0,51,67,9,0,76,101,12,0,113,221,19,0,240,260,24,0,284
37841,281,"SCOALA ""MIHAIL SADOVEANU"", CORP B",DUMBRĂVIŢA,BT,716,10,0,0,10,47,3,0,50,56,6,0,62,70,6,0,76,199,16,0,215,247,22,0,269
37832,282,"GRADINITA CU 4 GRUPE IBANESTI",IBĂNEŞTI,BT,802,9,3,0,12,35,4,0,39,49,5,0,54,74,10,0,84,248,36,0,284,290,42,0,332
37832,283,"GRADINITA CU 4 GRUPE IBANESTI",IBĂNEŞTI,BT,893,15,3,0,18,60,8,0,68,85,10,0,95,121,17,0,138,282,47,0,329,334,54,0,388
37869,284,"SCOALA GENERALA NR. 1 LEORDA",LEORDA,BT,1144,7,4,0,11,23,17,0,40,33,18,0,51,54,22,0,76,166,43,0,209,258,55,0,313
37887,285,"SCOALA GENERALA CU CLASELE I-IV COSTINESTI",COSTINEŞTI,BT,171,4,5,0,9,13,6,0,19,15,6,0,21,18,6,0,24,49,15,0,64,62,18,0,80
37897,286,"SCOALA PRIMARA MITOC",MITOC,BT,793,10,0,0,10,24,8,0,32,29,13,0,42,43,14,0,57,133,22,0,155,183,22,0,205
37039,287,"CAMIN CULTURAL",LOZNA,BT,824,7,3,0,10,16,7,0,23,24,10,0,34,44,10,0,54,170,22,0,192,250,28,0,278
37048,288,"CAMIN CULTURAL",STRĂTENI,BT,712,4,3,0,7,19,5,0,24,37,5,0,42,63,6,0,69,224,16,0,240,257,18,0,275
37921,289,"CAMINUL CULTURAL LUNCA",LUNCA,BT,682,3,4,0,7,9,5,0,14,18,7,0,25,22,8,0,30,85,15,0,100,117,30,5,152
37921,290,"CAMINUL CULTURAL BIZNOASA",LUNCA,BT,594,11,1,0,12,32,5,0,37,49,12,0,61,72,16,0,88,178,42,0,220,248,63,0,311
37930,291,"CAMINUL CULTURAL STROIESTI",STROIEŞTI,BT,691,7,2,0,9,21,6,0,27,23,8,0,31,32,8,0,40,98,16,0,114,127,17,0,144
37949,292,"SCOALA GENERALA ZLATUNOAIA",ZLĂTUNOAIA,BT,1322,9,1,0,10,18,1,0,19,37,2,23,62,69,4,23,96,308,27,24,359,424,39,24,487
37949,293,"SCOALA GENERALA STANESTI",ZLĂTUNOAIA,BT,128,0,2,0,2,4,5,0,9,5,8,0,13,7,12,0,19,48,33,0,81,80,45,0,125
37967,294,"SCOALA MANOLEASA",MANOLEASA,BT,487,3,4,0,7,8,4,0,12,9,4,0,13,22,4,0,26,72,10,1,83,97,15,1,113
37985,295,"SCOALA FLONDORA",FLONDORA,BT,433,3,2,0,5,20,2,0,22,33,3,0,36,46,5,0,51,105,9,0,114,122,12,0,134
38036,296,"SCOALA SADOVENI",SADOVENI,BT,368,4,1,0,5,10,4,0,14,22,6,0,28,33,6,0,39,82,9,0,91,149,19,0,168
38054,297,"SCOALA ZAHORENI",ZAHORENI,BT,449,8,3,0,11,11,5,0,16,17,9,0,26,28,10,0,38,109,12,0,121,134,16,0,150
38009,298,"SCOALA LIVENI",LIVENI,BT,540,5,0,0,5,9,8,0,17,11,9,0,20,13,9,0,22,65,18,0,83,151,27,0,178
38018,299,"SCOALA LOTURI",LOTURI,BT,139,1,7,0,8,7,7,0,14,9,7,0,16,11,8,0,19,36,9,0,45,61,9,0,70
38027,300,"FOSTA SCOALA MANOLEASA PRUT",MANOLEASA-PRUT,BT,122,2,0,0,2,7,0,0,7,7,1,0,8,9,1,0,10,22,18,0,40,26,21,0,47
38072,301,"SCOALA IPOTEȘTI",IPOTEŞTI,BT,503,8,1,0,9,9,4,0,13,9,4,0,13,12,5,0,17,87,16,0,103,101,16,0,117
38134,302,"SCOALA CUCORĂNI",CUCORĂNI,BT,674,3,2,0,5,17,3,0,20,22,5,0,27,37,5,0,42,113,17,0,130,145,19,0,164
38116,303,"SCOALA CERVICEȘTI",CERVICEŞTI,BT,714,17,4,0,21,49,10,11,70,67,12,11,90,114,19,11,144,268,33,11,312,319,39,11,369
38107,304,"SCOALA CĂTĂMĂREȘTI DEAL",CĂTĂMĂREŞTI-DEAL,BT,1409,17,0,0,17,50,8,0,58,85,13,6,104,103,13,6,122,296,31,6,333,387,50,6,443
38107,305,"SCOALA CĂTĂMĂREȘTI DEAL",CĂTĂMĂREŞTI-DEAL,BT,1394,11,1,0,12,67,3,0,70,114,6,5,125,143,8,5,156,262,19,5,286,393,29,5,427
38152,306,"ȘCOALA STÎNCEȘTI",STÎNCEŞTI,BT,1351,8,1,0,9,41,2,0,43,74,3,0,77,86,6,0,92,268,20,0,288,345,31,0,376
38090,307,"ȘCOALA CĂTĂMĂREȘTI",CĂTĂMĂREŞTI,BT,514,6,1,0,7,18,5,0,23,26,5,0,31,46,6,0,52,95,16,0,111,120,27,0,147
38170,308,"SCOALA CL I-IV MIHAILENI",MIHĂILENI,BT,1215,3,2,0,5,26,5,0,31,32,6,0,38,72,12,0,84,217,35,0,252,313,51,15,379
38214,309,"ŞCOALA GENERALĂ ROGOJESTI",ROGOJEŞTI,BT,448,5,3,0,8,15,7,0,22,23,7,0,30,26,8,0,34,105,19,0,124,160,24,12,196
38205,310,"ŞCOALAGENERALĂ PARAU NEGRU","PÂRÂU NEGRU",BT,411,2,4,0,6,26,10,0,36,40,12,0,52,45,13,0,58,96,15,0,111,115,17,4,136
38250,311,"SCOALA MIHALASENI",MIHĂLĂŞENI,BT,624,4,2,0,6,13,3,0,16,18,3,0,21,27,3,0,30,113,8,0,121,138,9,0,147
38303,312,"SCOALA SARATA",SARATA,BT,403,12,1,0,13,18,1,0,19,20,1,0,21,29,7,0,36,78,7,0,85,85,10,0,95
38287,313,"SCOALA NEGRESTI",NEGREŞTI,BT,381,0,1,0,1,8,6,0,14,10,6,0,16,21,7,0,28,92,13,0,105,108,15,0,123
38278,314,"SCOALA NASTASE",NĂSTASE,BT,339,7,0,0,7,8,7,0,15,11,11,0,22,17,15,0,32,50,19,0,69,63,23,0,86
38330,315,"SCOALA GIMNAZIALA NR.1 MILEANCA, CORP B, PARTER",MILEANCA,BT,1293,5,0,0,5,33,1,0,34,45,4,0,49,72,6,0,78,242,19,0,261,310,23,0,333
38349,316,"SCOALA GIMNAZIALA NR.2 CODRENI",CODRENI,BT,271,0,0,0,0,2,0,0,2,4,4,0,8,6,4,0,10,24,5,0,29,26,5,0,31
38358,317,"SCOALA CU CLASELE I-IV SCUTARI",SCUTARI,BT,230,0,2,0,2,2,2,0,4,4,8,0,12,6,8,0,14,29,8,0,37,39,8,0,47
38367,318,"SCOALA CU CLASELE I-IVSELIŞTEA",SELIŞTEA,BT,319,0,0,0,0,4,2,0,6,7,6,0,13,12,6,0,18,71,9,0,80,86,12,0,98
38385,319,"ŞCOALA GIMNAZIALĂ ""FLORICĂ MURARIU"" MITOC",MITOC,BT,964,3,1,0,4,14,7,0,21,20,8,0,28,24,8,0,32,124,19,0,143,171,19,0,190
38394,320,"ŞCOALA PRIMARĂ NR. 1 HORIA",HORIA,BT,400,2,0,0,2,4,2,0,6,6,2,0,8,8,4,0,12,83,7,0,90,119,12,0,131
38465,321,"CAMIN CULTURAL NICŞENI",NICŞENI,BT,760,3,2,0,5,11,2,0,13,20,7,0,27,35,8,0,43,166,21,0,187,212,23,0,235
38483,322,"CAMIN CULTURAL DOROBANŢI",DOROBANŢI,BT,1251,7,1,0,8,17,1,0,18,32,2,0,34,42,4,0,46,219,24,0,243,340,29,0,369
38474,323,"ŞCOALA DACIA",DACIA,BT,125,0,0,0,0,3,7,0,10,13,8,0,21,15,9,0,24,51,13,0,64,62,15,0,77
38508,324,"CAMIN CULTURAL PALTINIS",PĂLTINIŞ,BT,1044,7,1,0,8,24,6,0,30,35,10,0,45,44,16,0,60,174,29,0,203,231,44,0,275
38508,325,"ȘCOALA GRIVIȚA",PĂLTINIŞ,BT,366,3,1,0,4,9,3,0,12,11,4,0,15,11,4,0,15,38,9,0,47,52,10,0,62
38508,326,"CĂMIN CULTURAL IVANCĂUȚI",PĂLTINIŞ,BT,532,1,1,0,2,6,6,0,12,12,8,0,20,18,8,0,26,71,15,0,86,90,25,0,115
38517,327,"ȘCOALA CUZLĂU",CUZLĂU,BT,357,1,2,0,3,7,4,0,11,17,4,0,21,32,6,0,38,70,12,0,82,84,13,0,97
38526,328,"ȘCOALA CU CL I-VIII HORODIȘTEA",HORODIŞTEA,BT,593,8,0,0,8,13,5,0,18,27,17,0,44,37,22,0,59,105,52,0,157,169,73,0,242
38553,329,"LICEUL TEORETIC ANASTASIE BAŞOTĂ",POMÎRLA,BT,973,4,0,0,4,18,0,0,18,21,1,0,22,33,2,0,35,119,18,0,137,144,19,0,163
38553,330,"SCOALA PRIMARA NR. 1POMÎRLA",POMÎRLA,BT,872,4,1,0,5,23,1,0,24,31,5,0,36,49,5,0,54,126,11,0,137,160,17,0,177
38571,331,"SOALA PRIMARA NR. 2 RACOVĂŢ",RACOVĂŢ,BT,278,1,1,0,2,15,5,0,20,22,6,0,28,32,9,0,41,85,16,0,101,105,19,0,124
38599,332,"ŞCOALA CU CLASELE I-IV SALA I",PRĂJENI,BT,998,22,2,0,24,30,4,0,34,41,5,0,46,71,6,0,77,162,11,0,173,210,13,0,223
38606,333,"ŞCOALA CU CLASELE I-IV",CÎMPENI,BT,507,4,0,0,4,19,2,0,21,22,3,0,25,31,3,0,34,95,7,0,102,124,12,0,136
38615,334,"CENTRUL DE ASISTENŢĂ COPII DUPĂ PROGRAMUL ŞCOLAR, SATUL LUPĂRIA, COMUNA PRĂJENI",LUPĂRIA,BT,589,6,0,0,6,22,2,0,24,30,2,0,32,47,3,0,50,173,6,0,179,238,10,0,248
38624,335,"ŞCOALA GIMNAZIALA NR.2MILETIN",MILETIN,BT,468,8,2,0,10,12,4,0,16,20,4,0,24,35,5,0,40,103,7,0,110,141,9,0,150
35848,336,"CĂMIN CULTURAL RĂCHIŢI",RĂCHIŢI,BT,1002,16,1,0,17,38,6,16,60,67,7,16,90,106,14,16,136,299,29,16,344,355,37,16,408
35866,337,"ŞCOALA GIMNAZIALĂ ""PETRE ŞUŞTER""",COSTEŞTI,BT,1258,2,0,0,2,9,1,0,10,26,6,0,32,36,7,0,43,193,23,0,216,263,29,0,292
35875,338,"CĂMIN CULTURAL ROŞIORI",ROŞIORI,BT,1190,11,0,0,11,49,1,0,50,63,2,0,65,80,2,0,82,192,8,0,200,315,12,0,327
35876,339,"GRĂDINITA CU PROGRARM NORMAL NR.1 CISMEA",CIŞMEA,BT,478,8,0,0,8,37,0,0,37,45,1,0,46,67,2,0,69,148,11,0,159,168,16,0,184
38642,340,"CAMIN CULTURAL RADAUTI-PRUT",RĂDĂUŢI-PRUT,BT,767,11,4,0,15,18,6,0,24,26,7,0,33,39,7,0,46,104,15,0,119,127,22,0,149
38660,341,"CAMINUL CULTURAL SATREDIU",REDIU,BT,732,6,1,0,7,23,1,0,24,38,4,0,42,49,6,0,55,146,30,0,176,200,39,0,239
38651,342,"SALA DE SPORT A ȘCOLII NR. 1 MIORCANI",MIORCANI,BT,755,5,0,0,5,9,0,0,9,20,3,0,23,40,3,0,43,83,8,0,91,101,12,0,113
38651,343,"SALA DE SPORT A ȘCOLII NR. 1 MIORCANI",MIORCANI,BT,687,2,1,0,3,6,3,0,9,15,4,0,19,37,6,0,43,72,15,0,87,82,17,0,99
38688,344,"CAMIN CULTURAL RAUSENI",RĂUSENI,BT,1070,5,0,0,5,18,0,0,18,19,0,0,19,34,4,0,38,113,11,0,124,150,21,0,171
38697,345,"CENTRUL SOCIAL BISERICA DOINA",DOINA,BT,428,16,5,0,21,9,0,0,9,15,0,0,15,22,3,0,25,112,8,0,120,204,16,0,220
38713,346,"SCOALA GENERALA REDIU",REDIU,BT,430,5,1,0,6,26,3,0,29,32,6,0,38,46,9,0,55,103,20,0,123,118,20,0,138
38722,347,"SCOALA GENERALA STOLNICENI",STOLNICENI,BT,157,7,5,0,12,13,5,0,18,18,5,0,23,23,6,0,29,41,9,0,50,49,9,0,58
38740,348,CĂMINULCULTURAL,RIPICENI,BT,2282,4,0,0,4,10,2,0,12,11,3,0,14,27,7,0,34,69,9,0,78,92,9,0,101
38740,349,GRĂDINIŢADECOPII,RIPICENI,BT,1311,6,0,0,6,20,6,0,26,22,8,0,30,40,8,0,48,92,18,0,110,123,20,0,143
38820,350,"SCOALA NR. 1 ROMA",ROMA,BT,1424,21,2,0,23,45,4,0,49,64,6,0,70,99,8,0,107,261,25,13,299,309,28,13,350
38820,351,"SCOALA NR.2 ROMA",ROMA,BT,937,10,2,0,12,34,3,0,37,43,4,0,47,62,6,0,68,157,22,8,187,213,28,8,249
38839,352,"SCOALA NR. 4 COTIRGACI",COTÎRGACI,BT,614,5,0,0,5,11,1,0,12,15,4,0,19,28,8,0,36,77,20,4,101,92,21,4,117
38857,353,"CĂMINUL CULTURAL",ROMÂNEŞTI,BT,1129,8,3,0,11,27,5,0,32,31,5,0,36,49,10,0,59,178,25,0,203,284,32,0,316
38866,354,"SCOALA PRIMARĂ NR 1",DĂMIDENI,BT,482,5,9,0,14,8,9,0,17,13,9,0,22,17,9,0,26,58,9,0,67,69,9,0,78
38900,355,"CAMINUL CULTURAL SANTA MARE","SANTA MARE",BT,1000,7,0,0,7,16,1,0,17,20,1,0,21,32,9,0,41,93,17,0,110,108,22,0,130
38928,356,"SCOALA GENERALA BERZA",BERZA,BT,179,6,0,0,6,7,0,0,7,8,0,0,8,12,0,0,12,34,0,0,34,49,3,0,52
38937,357,"SCOALA GENERALA BOGDANESTI",BOGDĂNEŞTI,BT,309,4,2,0,6,7,2,0,9,7,3,0,10,18,4,0,22,61,10,0,71,82,12,0,94
38964,358,"SCOALA GENERALA RINGHILESTI",RÎNGHILEŞTI,BT,297,3,2,0,5,7,3,0,10,10,3,0,13,16,3,0,19,40,7,0,47,65,16,0,81
38955,359,"SCOALA GENERALA ILISENI",ILIŞENI,BT,324,10,0,0,10,13,1,0,14,19,1,0,20,27,2,0,29,49,5,0,54,62,8,0,70
35893,360,"CAMIN CULTURAL",STĂUCENI,BT,1104,7,1,0,8,15,2,0,17,19,3,0,22,47,6,0,53,163,14,0,177,191,17,1,209
35900,361,"SCOALA GENERALA CU CLASELE I-IV",SILIŞTEA,BT,414,3,1,0,4,12,1,0,13,32,4,0,36,46,7,0,53,101,9,0,110,115,10,2,127
35928,362,"SCOALA GENERALA CU CLASELE I-IV",VICTORIA,BT,521,9,3,0,12,22,3,0,25,30,4,0,34,41,4,0,45,128,21,0,149,154,22,0,176
35919,363,"SCOALA GENERALA CU CLASELE I-VIII PATRIARH TEOCTIST ARAPASU",TOCILENI,BT,896,5,1,0,6,22,3,0,25,30,6,0,36,42,8,0,50,130,12,1,143,163,17,1,181
38991,364,"SCOALA PRIMARA NR. 3 SUHARAU",SUHARĂU,BT,984,1,0,0,1,14,1,12,27,26,4,12,42,31,7,12,50,184,25,12,221,285,44,12,341
38991,365,"SCOALA GIMNAZIALA NR. 2 SUHARAU",SUHARĂU,BT,573,1,4,0,5,10,4,0,14,22,4,0,26,26,7,0,33,113,21,0,134,148,23,0,171
39015,366,"GRADINITA LISNA",LIŞNA,BT,725,5,0,0,5,17,1,0,18,25,3,0,28,38,4,0,42,156,11,0,167,192,23,0,215
39024,367,"SCOALA GENERALA NR. 4 OROFTIANA",OROFTIANA,BT,743,1,0,0,1,4,1,0,5,12,4,0,16,22,6,0,28,99,19,0,118,132,29,0,161
39042,368,"GRADINITA SMARDAN",SMÎRDAN,BT,633,1,1,0,2,13,1,0,14,23,2,0,25,39,4,0,43,136,23,1,160,192,31,1,224
39060,369,"SCOALA CU CL I-VIII SULITA",SULIŢA,BT,1326,5,1,0,6,23,4,0,27,40,8,0,48,82,10,0,92,184,19,0,203,225,22,0,247
39104,370,"SCOALA CU CL. I - VIII DRACSANI",DRACŞANI,BT,1170,15,1,0,16,24,1,0,25,29,5,0,34,76,7,0,83,216,18,0,234,244,23,0,267
39131,371,"ŞCOALA NR.1",ŞENDRICENI,BT,1134,2,0,0,2,14,0,4,18,24,1,4,29,36,2,4,42,193,9,13,215,294,20,13,327
39131,372,"ŞCOALA GENERALĂ COBÎLA",ŞENDRICENI,BT,757,2,1,0,3,11,6,0,17,18,7,0,25,24,10,0,34,108,17,0,125,156,33,0,189
39140,373,"ŞCOALA GENERALĂ",HORLĂCENI,BT,473,2,2,0,4,8,6,0,14,16,9,0,25,19,9,0,28,61,19,0,80,106,21,0,127
39159,374,ŞCOALAGENERALĂ,PĂDURENI,BT,881,5,2,0,7,12,2,1,15,21,3,1,25,26,3,1,30,95,5,1,101,126,9,1,136
39239,375,"CAMINUL CULTURALȘTIUBIENI",ŞTIUBIENI,BT,1424,20,6,0,26,62,9,0,71,71,12,0,83,100,12,0,112,279,35,11,325,349,40,11,400
39257,376,"CAMINUL CULTURAL NEGRENI",NEGRENI,BT,650,5,0,0,5,20,5,0,25,29,6,0,35,36,7,0,43,143,18,0,161,203,24,0,227
39275,377,"CĂMIN CULTURAL TODIRENI",TODIRENI,BT,1186,33,1,0,34,49,4,0,53,64,5,0,69,90,10,0,100,183,16,1,200,215,21,1,237
39275,378,"ŞCOALA CU CLASELE I-IV NR.2 TODIRENI",TODIRENI,BT,500,3,1,0,4,13,4,0,17,27,4,0,31,34,4,0,38,97,11,0,108,121,18,0,139
39284,379,"ŞCOALA CU CLASELE I-VIII CERNEŞTI",CERNEŞTI,BT,671,6,1,0,7,19,8,0,27,55,14,0,69,74,16,0,90,166,29,0,195,248,29,0,277
39319,380,"ŞCOALA CU CLASELE I-IVIUREŞTI",IUREŞTI,BT,442,8,0,0,8,17,1,0,18,24,4,0,28,34,6,0,40,75,13,0,88,102,16,0,118
39337,381,"GRĂDINIŢA DE COPII TRUSESTI",TRUŞEŞTI,BT,1035,12,0,0,12,35,4,0,39,52,4,0,56,71,4,21,96,167,14,21,202,232,17,21,270
39337,382,"GRĂDINIŢA DE COPIITRUSESTI",TRUŞEŞTI,BT,1046,11,0,0,11,45,2,0,47,51,4,0,55,74,8,1,83,185,13,1,199,245,13,1,259
39346,383,"ŞCOALA GENERALĂ NR. 4 BUHĂCENI",BUHĂCENI,BT,640,8,2,0,10,26,3,0,29,31,3,0,34,44,3,0,47,115,13,0,128,152,14,0,166
39364,384,"ŞCOALA GENERALĂ NR. 3 DRISLEA",DRISLEA,BT,839,3,1,0,4,18,5,0,23,28,7,0,35,33,8,0,41,99,19,0,118,124,22,0,146
39373,385,"ŞCOALA GENERALĂ NR. 2 IONĂŞENI",IONĂŞENI,BT,788,5,0,0,5,11,2,0,13,16,3,0,19,22,4,0,26,102,20,0,122,126,26,0,152
39408,386,"SCOALA TIBERIU CRUDU CORP B SALA 1",TUDORA,BT,1415,2,3,0,5,10,4,15,29,15,7,15,37,27,9,15,51,190,24,15,229,270,32,15,317
39408,387,"SCOALA TIBERIU CRUDU CORP B SALA 2",TUDORA,BT,1279,4,3,0,7,21,4,0,25,29,6,12,47,49,7,12,68,168,21,12,201,241,24,12,277
39408,388,"SCOALA CU CLASELE I-VIII ARINI",TUDORA,BT,1271,1,6,0,7,14,6,20,40,24,8,20,52,34,9,20,63,216,24,20,260,315,30,20,365
39426,389,"ŞCOALA GIMNAZIALĂ NR. 1 UNGURENI",UNGURENI,BT,1162,2,0,0,2,23,2,0,25,33,5,0,38,53,5,0,58,120,19,0,139,153,24,0,177
39426,390,"CĂMIN CULTURAL",UNGURENI,BT,1070,6,1,0,7,23,1,0,24,25,3,0,28,34,3,0,37,96,11,0,107,136,13,0,149
39471,391,"ŞCOALA PRIMARĂ NR. 5 MIHAI VITEAZU","MIHAI VITEAZU",BT,388,9,0,0,9,14,3,0,17,21,3,0,24,52,5,0,57,133,13,4,150,168,13,4,185
39435,392,"ŞCOALA GIMNAZIALĂ NR. 3 BORZEŞTI",BORZEŞTI,BT,1106,9,0,0,9,25,7,0,32,31,7,0,38,48,10,0,58,164,17,0,181,217,18,0,235
39499,393,"LICEUL TEHNOLOGIC PLOPENII MARI","PLOPENII MARI",BT,805,15,2,0,17,28,2,0,30,36,4,0,40,52,5,0,57,141,21,0,162,203,30,0,233
39444,394,"ŞCOALA GIMNAZIALĂ NR. 8 CĂLUGĂRENII VECHI",CĂLUGĂRENI,BT,589,5,3,0,8,12,3,0,15,17,3,0,20,32,6,0,38,94,11,0,105,107,15,0,122
39541,395,"ŞCOALA GIMNAZIALĂ NR.1 UNŢENI",UNŢENI,BT,989,9,0,0,9,42,4,0,46,58,5,0,63,95,6,0,101,210,18,0,228,243,21,0,264
39578,396,"ŞCOALA GIMNAZIALĂ NR.2 MÎNĂSTIRENI",MÎNĂSTIRENI,BT,654,3,0,0,3,12,4,0,16,23,8,0,31,33,10,0,43,76,17,0,93,97,18,0,115
39569,397,"ŞCOALA PRIMARĂ NR.3 BURLEŞTI",BURLEŞTI,BT,553,2,3,0,5,10,4,0,14,13,5,0,18,28,9,0,37,112,25,0,137,201,41,0,242
39621,398,"SCOALA VACULESTI",VĂCULEŞTI,BT,877,7,1,0,8,25,7,0,32,33,13,0,46,55,15,0,70,198,34,0,232,274,36,15,325
39649,399,"SCOALA SAUCENITA",SAUCENIŢA,BT,770,14,4,0,18,34,4,0,38,38,4,0,42,62,6,0,68,174,19,0,193,218,22,23,263
39630,400,"SCOALA GOROVEI",GOROVEI,BT,29,2,5,0,7,6,10,0,16,7,10,0,17,7,10,0,17,13,15,0,28,20,17,0,37
40050,401,"ŞC.CU CLASELE I-VIII NR.1",MAGHERA,BT,642,11,1,0,12,18,6,0,24,31,6,0,37,43,10,0,53,136,29,0,165,186,43,0,229
39701,402,"ŞC.CU CLASELE I-VIII GEORGE HAZGAN","VÂRFU CÂMPULUI",BT,1519,9,2,0,11,25,7,0,32,35,9,0,44,52,10,0,62,197,21,0,218,272,27,0,299
39710,403,"ŞC.CU CLASELE I-VIII IONĂŞENI",IONĂŞENI,BT,703,9,0,0,9,16,2,0,18,23,4,0,27,36,4,0,40,185,18,0,203,215,26,0,241
39729,404,"ŞC.CU CLASELE I-IV LUNCA",LUNCA,BT,545,6,5,0,11,37,15,0,52,92,23,0,115,127,28,0,155,233,63,0,296,287,78,0,365
39667,405,"CĂMINUL CULTURAL VIIŞOARA",VIIŞOARA,BT,715,8,0,0,8,21,1,0,22,28,2,0,30,45,4,0,49,135,13,0,148,171,18,0,189
39676,406,"ŞCOLA CU CLASELE I-IV CUZA VODĂ","CUZA VODĂ",BT,444,4,0,0,4,11,1,0,12,19,2,0,21,33,3,0,36,96,14,0,110,107,18,0,125
39685,407,"ŞCOLA CU CLASELE I-IV VIIŞOARA MICĂ","VIIŞOARA MICĂ",BT,399,1,0,0,1,6,1,0,7,11,1,0,12,13,9,0,22,81,15,0,96,87,15,0,102
39747,408,"SCOALA CU CLASELE I-VIII VLADENI(CORP NOU)",VLĂDENI,BT,1479,11,1,0,12,39,11,0,50,62,19,0,81,80,21,0,101,308,62,0,370,414,80,0,494
39756,409,"SCOALA CU CLASELE I-VIII BREHUIESTI(CORPUL B)",BREHUIEŞTI,BT,1365,5,3,0,8,15,3,0,18,20,3,0,23,30,3,0,33,160,12,0,172,230,21,0,251
39783,410,"SCOALA CU CLASELE I-VIII MANDRESTI",MÎNDREŞTI,BT,1115,12,1,0,13,40,9,0,49,64,11,0,75,91,12,0,103,319,31,0,350,407,40,0,447
39809,411,"ŞCOALA CU CLASELE I-VIII GHEORGHE BURAC",VLĂSINEŞTI,BT,1242,14,0,0,14,60,10,0,70,73,11,34,118,108,15,34,157,249,32,34,315,371,41,34,446
39827,412,"ŞCOALA CU CLASELE I-IV",SÎRBI,BT,839,10,0,0,10,24,0,0,24,32,0,0,32,60,0,0,60,210,18,0,228,305,25,20,350
39818,413,"ŞCOALA CU CLASELE I-IV","MIRON COSTIN",BT,326,8,0,0,8,10,1,0,11,12,2,0,14,25,3,0,28,90,12,0,102,157,16,0,173
39845,414,"SCOALA NR.1 VORNICENI",VORNICENI,BT,1217,6,0,0,6,19,0,0,19,28,2,0,30,38,2,0,40,173,8,0,181,231,13,0,244
39845,415,"SCOALA NR.2 VORNICENI",VORNICENI,BT,891,1,0,0,1,15,2,0,17,22,7,0,29,30,7,0,37,111,14,0,125,168,18,0,186
39845,416,"SCOALA NR.3 VORNICENI",VORNICENI,BT,854,1,2,0,3,6,3,0,9,9,3,0,12,26,6,0,32,114,13,0,127,177,18,0,195
39863,417,"SCOALA DEALU CRUCII","DEALU CRUCII",BT,307,1,0,0,1,7,0,0,7,7,0,0,7,13,0,0,13,33,4,0,37,41,4,0,45
39881,418,",,SOCIETATEA COOPERATIVA DE CONSUM VORONA - MAGAZIN MIXT VORONA NOUA""",VORONA,BT,753,5,2,0,7,12,2,0,14,29,4,0,33,38,9,0,47,126,17,1,144,171,23,1,195
39881,419,"LICEUL TEHNOLOGICSTEFAN CEL MARE VORONA",VORONA,BT,826,9,5,0,14,50,11,0,61,63,12,0,75,76,14,0,90,245,37,4,286,340,57,4,401
39881,420,"SCOALA CU CLASELE I-VIII IONITA PANCUL VORONA",VORONA,BT,508,9,4,0,13,22,7,0,29,31,11,0,42,34,11,0,45,155,20,0,175,208,21,10,239
39925,421,"SCOALA CU CLASELE I-VIII LUCA ARBORE VORONA MARE","VORONA MARE",BT,1019,20,2,0,22,30,6,5,41,38,7,5,50,56,9,5,70,265,31,9,305,362,45,9,416
39907,422,"SCOALA CU CLASELE I-VIII RALUCA IURASCU JOLDESTI",JOLDEŞTI,BT,1030,8,3,0,11,18,3,1,22,36,4,1,41,47,4,2,53,175,21,3,199,280,29,3,312
39890,423,"GRADINITA NUMARUL 2 ICUSENI",ICUŞENI,BT,232,1,0,0,1,3,0,0,3,4,1,0,5,8,8,0,16,47,15,0,62,70,19,0,89
39890,424,"SCOALA CU CLASELE I-VIII ALEXANDRU CEL BUN ICUSENI",ICUŞENI,BT,815,4,1,0,5,5,4,0,9,10,5,0,15,23,6,0,29,106,18,0,124,147,19,0,166
39916,425,"SCOALA CU CLASELE I-VIII NICOLAE IORGA POIANA",POIANA,BT,996,3,0,0,3,12,1,2,15,18,3,2,23,28,5,2,35,164,19,14,197,255,24,14,293
40205,1,"SEMINARUL TEOLOGIC LICEAL ORTODOX “DUMITRU STĂNILOAIE”",BRAŞOV,BV,1489,17,0,0,17,64,1,0,65,85,8,0,93,105,9,0,114,204,12,0,216,243,14,0,257
40205,2,"SEMINARUL TEOLOGIC LICEAL ORTODOX “DUMITRU STĂNILOAIE”",BRAŞOV,BV,1219,5,0,0,5,66,1,0,67,86,4,0,90,97,5,0,102,166,9,0,175,208,10,1,219
40205,3,"GRĂDINIŢA CU PROGRAM PRELUNGIT NR. 2",BRAŞOV,BV,1022,10,2,0,12,52,5,0,57,74,7,0,81,83,7,0,90,137,11,0,148,161,14,0,175
40205,4,"GRĂDINIŢA CU PROGRAM PRELUNGIT NR. 2",BRAŞOV,BV,1126,6,2,0,8,42,2,35,79,63,7,35,105,75,7,37,119,130,14,37,181,161,14,37,212
40205,5,"LICEUL ""ANDREI MUREŞANU""",BRAŞOV,BV,1430,15,2,0,17,83,22,0,105,99,30,0,129,109,31,0,140,210,52,0,262,259,70,0,329
40205,6,"LICEUL ""ANDREI MUREŞANU""",BRAŞOV,BV,1400,12,0,0,12,70,8,0,78,97,9,0,106,100,9,0,109,179,10,0,189,203,14,0,217
40205,7,"COLEGIUL TEHNIC ""MARIA BAIULESCU""",BRAŞOV,BV,1345,16,2,0,18,58,3,0,61,77,6,0,83,89,7,0,96,147,10,0,157,177,13,0,190
40205,8,"COLEGIUL TEHNIC ""MARIA BAIULESCU""",BRAŞOV,BV,1506,7,0,0,7,64,17,0,81,112,20,0,132,120,28,0,148,181,39,0,220,215,44,0,259
40205,9,"COLEGIUL NAŢIONAL ""APRILY LAJOS""",BRAŞOV,BV,982,13,4,0,17,44,28,0,72,65,34,0,99,78,34,0,112,140,58,0,198,173,72,0,245
40205,10,"COLEGIUL NAŢIONAL ""APRILY LAJOS""",BRAŞOV,BV,982,6,4,0,10,52,7,0,59,67,7,0,74,72,8,0,80,134,16,0,150,156,20,0,176
40205,11,"COLEGIUL NAŢIONAL ""APRILY LAJOS""",BRAŞOV,BV,735,3,3,0,6,41,4,0,45,64,8,0,72,68,11,0,79,112,18,0,130,127,21,0,148
40205,12,"COLEGIUL NAŢIONAL ""UNIREA""",BRAŞOV,BV,1281,6,3,0,9,49,44,0,93,62,48,0,110,74,51,0,125,153,68,0,221,180,85,0,265
40205,13,"COLEGIUL NAŢIONAL ""UNIREA""",BRAŞOV,BV,1271,12,3,0,15,53,27,0,80,87,39,0,126,96,41,0,137,170,70,0,240,217,85,0,302
40205,14,"ŞCOALA GIMNAZIALĂ NR. 8",BRAŞOV,BV,991,5,4,0,9,38,5,0,43,60,9,0,69,64,11,0,75,128,18,0,146,163,21,0,184
40205,15,"ŞCOALA GIMNAZIALĂ NR. 8",BRAŞOV,BV,1071,11,3,0,14,65,6,16,87,85,6,16,107,96,8,16,120,157,10,16,183,182,13,16,211
40205,16,"ŞCOALA GIMNAZIALĂ NR. 8",BRAŞOV,BV,1189,10,0,0,10,85,1,0,86,122,2,0,124,129,2,0,131,216,2,0,218,249,2,0,251
40205,17,"ŞCOALA GIMNAZIALĂ NR. 8",BRAŞOV,BV,1701,25,4,0,29,97,5,0,102,149,6,0,155,170,8,0,178,262,10,0,272,314,14,0,328
40205,18,"ŞCOALA GIMNAZIALĂ NR.5",BRAŞOV,BV,1453,15,1,0,16,56,1,4,61,89,18,4,111,108,24,4,136,188,40,4,232,230,54,4,288
40205,19,"ŞCOALA GIMNAZIALĂ NR.5",BRAŞOV,BV,1620,1,21,0,22,97,5,0,102,133,6,1,140,139,8,1,148,217,14,1,232,260,22,1,283
40205,20,"ŞCOALA GIMNAZIALĂ NR. 15",BRAŞOV,BV,1622,13,0,0,13,74,8,0,82,125,15,0,140,135,16,0,151,237,29,0,266,304,51,11,366
40205,21,"ŞCOALA GIMNAZIALĂ NR. 15",BRAŞOV,BV,1571,16,2,0,18,89,3,0,92,125,8,0,133,136,8,0,144,243,22,0,265,307,33,0,340
40205,22,"ŞCOALA GIMNAZIALĂ NR. 15",BRAŞOV,BV,1500,19,5,0,24,85,11,0,96,106,13,0,119,118,13,0,131,234,22,0,256,282,27,0,309
40205,23,"ŞCOALA GIMNAZIALĂ NR. 15",BRAŞOV,BV,1447,10,1,0,11,37,1,0,38,54,2,0,56,70,6,0,76,164,10,0,174,205,10,0,215
40205,24,"ŞCOALA GIMNAZIALĂ NR. 15",BRAŞOV,BV,1317,11,0,0,11,49,2,0,51,68,2,0,70,78,3,0,81,155,4,0,159,188,6,0,194
40205,25,"ŞCOALA GIMNAZIALĂ NR. 15",BRAŞOV,BV,1213,4,5,0,9,21,6,0,27,43,6,0,49,52,6,0,58,118,6,0,124,141,6,0,147
40205,26,"LICEUL DE MUZICĂ ""TUDOR CIORTEA""",BRAŞOV,BV,1363,11,5,0,16,56,22,0,78,100,40,0,140,115,42,0,157,186,58,0,244,222,66,2,290
40205,27,"ŞCOALA GIMNAZIALĂ NR. 12",BRAŞOV,BV,1624,5,0,0,5,39,13,0,52,67,15,0,82,85,16,0,101,188,24,0,212,212,31,0,243
40205,28,"ŞCOALA GIMNAZIALĂ NR. 12",BRAŞOV,BV,1455,2,3,0,5,65,11,0,76,92,21,0,113,99,22,0,121,186,33,0,219,222,43,0,265
40205,29,"GRĂDINIŢA CU PROGRAM PRELUNGIT ""CASUTA BUCURIEI"" NR. 11",BRAŞOV,BV,881,9,3,0,12,41,7,0,48,61,10,0,71,67,10,0,77,120,15,0,135,137,19,0,156
40205,30,"GRĂDINIŢA CU PROGRAM PRELUNGIT ""CASUTA BUCURIEI"" NR. 11",BRAŞOV,BV,889,6,1,0,7,63,2,0,65,81,4,0,85,88,4,0,92,152,7,0,159,184,8,0,192
40205,31,"COLEGIUL ""EMIL RACOVIŢĂ""",BRAŞOV,BV,1603,19,1,0,20,105,11,0,116,144,18,0,162,151,19,0,170,244,31,0,275,284,42,1,327
40205,32,"COLEGIUL ""EMIL RACOVIŢĂ""",BRAŞOV,BV,1402,8,2,0,10,78,7,0,85,106,7,0,113,116,7,0,123,221,9,0,230,261,11,0,272
40205,33,"COLEGIUL ""EMIL RACOVIŢĂ""",BRAŞOV,BV,1326,8,4,0,12,63,5,0,68,85,6,0,91,95,10,0,105,185,15,0,200,221,18,0,239
40205,34,"COLEGIUL ""EMIL RACOVIŢĂ""",BRAŞOV,BV,877,3,0,0,3,28,0,0,28,42,0,0,42,52,0,0,52,114,0,0,114,139,4,0,143
40205,35,"COLEGIUL NAŢIONAL “DR. I. MEŞOTĂ”",BRAŞOV,BV,1681,7,0,0,7,102,6,0,108,133,7,0,140,142,7,0,149,263,10,0,273,311,12,0,323
40205,36,"COLEGIUL NAŢIONAL “DR. I. MEŞOTĂ”",BRAŞOV,BV,976,9,3,0,12,57,11,0,68,73,19,0,92,79,20,0,99,153,30,0,183,186,36,0,222
40205,37,"COLEGIUL NAŢIONAL “DR. I. MEŞOTĂ”",BRAŞOV,BV,1534,11,0,0,11,82,6,0,88,118,7,0,125,128,10,0,138,202,20,0,222,244,28,0,272
40205,38,"ŞCOALA GIMNAZIALĂ NR. 19",BRAŞOV,BV,1128,13,2,0,15,108,12,0,120,135,19,1,155,140,22,1,163,211,30,1,242,238,39,2,279
40205,39,"ŞCOALA GIMNAZIALĂ NR. 19",BRAŞOV,BV,1374,23,2,0,25,91,3,0,94,126,4,0,130,139,4,0,143,252,6,0,258,298,12,0,310
40205,40,"ŞCOALA GIMNAZIALĂ NR. 19",BRAŞOV,BV,993,15,1,0,16,84,6,0,90,102,7,0,109,109,7,0,116,155,24,0,179,189,42,0,231
40205,41,"ŞCOALA GIMNAZIALĂ NR. 19",BRAŞOV,BV,1574,18,0,0,18,79,0,0,79,130,3,0,133,141,3,0,144,232,4,0,236,275,7,0,282
40205,42,"ŞCOALA GIMNAZIALĂ NR. 19",BRAŞOV,BV,1468,10,0,0,10,78,1,0,79,108,1,0,109,119,1,0,120,209,2,0,211,262,3,0,265
40205,43,"VILA ORIZONT",BRAŞOV,BV,332,0,0,0,0,10,28,0,38,13,35,0,48,13,38,0,51,22,71,0,93,34,80,0,114
40205,44,"ŞCOALA GIMNAZIALĂ NR. 27 ""ANATOL GHERMANSCHI""",BRAŞOV,BV,1505,16,3,0,19,63,6,0,69,81,8,0,89,86,9,0,95,179,17,0,196,239,21,0,260
40205,45,"ŞCOALA GIMNAZIALĂ NR. 27 ""ANATOL GHERMANSCHI""",BRAŞOV,BV,1496,12,1,0,13,64,15,0,79,110,24,0,134,118,25,0,143,218,41,0,259,279,49,0,328
40205,46,"ŞCOALA GIMNAZIALĂ NR. 27 ""ANATOL GHERMANSCHI""",BRAŞOV,BV,652,2,5,0,7,35,5,0,40,46,7,0,53,55,8,0,63,94,14,0,108,111,17,0,128
40205,47,"ŞCOALA GIMNAZIALĂ NR. 27 ""ANATOL GHERMANSCHI""",BRAŞOV,BV,1616,19,1,0,20,90,4,0,94,123,4,0,127,143,4,0,147,251,8,0,259,299,11,0,310
40205,48,"ŞCOALA GIMNAZIALĂ NR. 27 ""ANATOL GHERMANSCHI""",BRAŞOV,BV,1444,16,2,0,18,80,3,0,83,103,3,0,106,125,3,0,128,208,3,0,211,252,3,0,255
40205,49,"ŞCOALA GIMNAZIALĂ NR. 27 ""ANATOL GHERMANSCHI""",BRAŞOV,BV,1532,24,3,0,27,105,4,0,109,140,4,0,144,146,4,0,150,238,7,0,245,280,7,0,287
40205,50,"ŞCOALA GIMNAZIALĂ NR. 27 ""ANATOL GHERMANSCHI""",BRAŞOV,BV,1588,22,3,0,25,99,3,0,102,142,3,0,145,155,3,0,158,279,9,0,288,303,10,0,313
40205,51,"ŞCOALA GIMNAZIALĂ NR. 11 „ST.O.IOSIF”",BRAŞOV,BV,1192,8,0,0,8,53,4,0,57,83,7,0,90,96,17,0,113,182,24,0,206,212,27,0,239
40205,52,"ŞCOALA GIMNAZIALĂ NR. 11 „ST.O.IOSIF”",BRAŞOV,BV,1525,7,0,0,7,57,1,0,58,85,2,0,87,97,2,0,99,163,2,0,165,211,2,0,213
40205,53,"ŞCOALA GIMNAZIALĂ NR. 11 „ST.O.IOSIF”",BRAŞOV,BV,1081,8,0,0,8,36,0,0,36,58,0,0,58,65,0,0,65,141,0,0,141,165,2,0,167
40205,54,"ŞCOALA GIMNAZIALĂ NR. 11 „ST.O.IOSIF”",BRAŞOV,BV,926,7,0,0,7,36,2,0,38,45,2,0,47,49,2,0,51,80,2,0,82,102,2,0,104
40205,55,"ŞCOALA GIMNAZIALĂ NR. 11 „ST.O.IOSIF”",BRAŞOV,BV,1474,9,4,0,13,66,4,0,70,80,4,0,84,86,9,0,95,162,11,0,173,197,15,0,212
40205,56,"ŞCOALA GIMNAZIALĂ NR. 11 „ST.O.IOSIF”",BRAŞOV,BV,1396,11,0,0,11,63,1,0,64,84,1,0,85,95,1,0,96,141,2,0,143,184,2,0,186
40205,57,"ȘCOALĂ GENERALĂ NR. 11 ȘTEFAN OCTAVIAN IOSIF",BRAŞOV,BV,1417,16,0,0,16,81,4,0,85,98,4,0,102,118,5,0,123,180,7,0,187,209,10,0,219
40205,58,"ȘCOALĂ GENERALĂ NR. 11 ȘTEFAN OCTAVIAN IOSIF",BRAŞOV,BV,999,3,0,0,3,48,1,0,49,77,2,0,79,79,2,0,81,138,4,0,142,159,5,1,165
40205,59,"ŞCOALA GIMNAZIALĂ NR. 11",BRAŞOV,BV,1246,8,0,0,8,45,3,0,48,66,5,0,71,76,8,0,84,147,15,0,162,166,18,0,184
40205,60,"ŞCOALA GIMNAZIALĂ NR. 11",BRAŞOV,BV,1361,15,1,0,16,61,6,0,67,86,6,0,92,103,8,0,111,194,8,0,202,236,9,0,245
40205,61,"ŞCOALA GIMNAZIALĂ NR. 11",BRAŞOV,BV,1245,6,0,0,6,68,4,0,72,96,6,0,102,114,6,0,120,194,8,0,202,237,9,0,246
40205,62,"ŞCOALA GIMNAZIALĂ NR. 11",BRAŞOV,BV,1290,4,0,0,4,39,0,0,39,60,2,0,62,72,2,0,74,142,2,0,144,176,2,0,178
40205,63,"ŞCOALA GIMNAZIALĂ NR. 11",BRAŞOV,BV,1588,8,0,0,8,74,2,0,76,110,2,0,112,130,2,0,132,212,2,0,214,249,5,0,254
40205,64,"ŞCOALA GIMNAZIALĂ NR. 11",BRAŞOV,BV,1535,22,3,0,25,77,3,0,80,102,3,0,105,126,3,0,129,230,8,0,238,269,9,0,278
40205,65,"ŞCOALA GIMNAZIALĂ NR. 25",BRAŞOV,BV,1535,26,0,0,26,89,1,0,90,129,1,0,130,139,1,0,140,246,6,0,252,299,8,0,307
40205,66,"ŞCOALA GIMNAZIALĂ NR. 25",BRAŞOV,BV,1655,6,0,0,6,67,0,0,67,97,0,0,97,104,0,0,104,200,3,0,203,239,8,0,247
40205,67,"ŞCOALA GIMNAZIALĂ NR. 25",BRAŞOV,BV,869,6,0,0,6,26,1,0,27,48,3,0,51,52,4,0,56,127,8,0,135,154,9,0,163
40205,68,"ŞCOALA GIMNAZIALĂ NR. 25",BRAŞOV,BV,1582,13,0,0,13,73,8,0,81,97,10,0,107,112,11,0,123,219,29,0,248,260,36,0,296
40205,69,"LICEUL DE ARTE PLASTICE „HANS MATTIS-TEUTSCH""",BRAŞOV,BV,1324,8,2,0,10,41,6,0,47,62,13,0,75,73,14,0,87,158,34,1,193,189,49,1,239
40205,70,"LICEUL DE ARTE PLASTICE „HANS MATTIS-TEUTSCH""",BRAŞOV,BV,1240,7,8,0,15,38,13,0,51,59,16,0,75,66,16,0,82,137,23,0,160,181,26,0,207
40205,71,"LICEUL DE ARTE PLASTICE „HANS MATTIS-TEUTSCH""",BRAŞOV,BV,1561,15,5,0,20,72,6,0,78,100,6,0,106,110,6,0,116,198,8,1,207,246,9,1,256
40205,72,"LICEUL DE ARTE PLASTICE „HANS MATTIS-TEUTSCH""",BRAŞOV,BV,1466,9,0,0,9,60,2,0,62,78,2,0,80,89,3,0,92,165,12,0,177,190,12,0,202
40205,73,"LICEUL DE ARTE PLASTICE „HANS MATTIS-TEUTSCH""",BRAŞOV,BV,1145,4,0,0,4,40,0,1,41,61,4,1,66,63,4,1,68,118,4,1,123,149,6,1,156
40205,74,"ŞCOALA GIMNAZIALĂ NR. 25",BRAŞOV,BV,1278,5,3,0,8,57,7,0,64,93,8,0,101,98,9,0,107,183,11,0,194,217,21,0,238
40205,75,"ŞCOALA GIMNAZIALĂ NR. 25",BRAŞOV,BV,1326,12,1,0,13,75,5,0,80,106,5,0,111,116,5,0,121,180,5,0,185,210,7,0,217
40205,76,"ŞCOALA GIMNAZIALĂ NR. 25",BRAŞOV,BV,1602,8,1,0,9,58,2,0,60,85,2,0,87,87,2,0,89,187,7,0,194,247,8,0,255
40205,77,"ŞCOALA GIMNAZIALĂ NR. 25",BRAŞOV,BV,1125,5,1,0,6,31,3,0,34,59,3,0,62,61,4,0,65,112,6,0,118,141,10,0,151
40205,78,"ŞCOALA GIMNAZIALĂ NR. 9 ""NICOLAE ORGHIDAN""",BRAŞOV,BV,1585,10,0,0,10,51,6,0,57,81,9,0,90,88,9,0,97,156,13,0,169,192,20,0,212
40205,79,"ŞCOALA GIMNAZIALĂ NR. 9 ""NICOLAE ORGHIDAN""",BRAŞOV,BV,1675,14,0,0,14,61,1,0,62,91,7,0,98,99,9,0,108,164,12,7,183,229,13,7,249
40205,80,"ŞCOALA GIMNAZIALĂ NR. 9 ""NICOLAE ORGHIDAN""",BRAŞOV,BV,1437,8,0,0,8,49,2,0,51,84,3,0,87,99,3,0,102,181,9,0,190,215,10,0,225
40205,81,"ŞCOALA GIMNAZIALĂ NR. 9",BRAŞOV,BV,1514,15,1,0,16,80,9,0,89,110,10,0,120,116,10,0,126,214,21,0,235,256,40,0,296
40205,82,"ŞCOALA GIMNAZIALĂ NR. 9",BRAŞOV,BV,1051,22,4,0,26,53,17,0,70,70,22,0,92,83,22,0,105,150,30,0,180,181,35,0,216
40205,83,"ŞCOALA GIMNAZIALĂ NR. 9",BRAŞOV,BV,1182,6,0,0,6,27,0,0,27,45,2,0,47,52,2,0,54,120,2,0,122,150,2,0,152
40205,84,"ŞCOALA GIMNAZIALĂ NR. 9",BRAŞOV,BV,1435,4,0,0,4,40,1,0,41,75,5,0,80,87,6,0,93,162,9,0,171,204,13,0,217
40205,85,"ŞCOALA GIMNAZIALĂ NR. 9",BRAŞOV,BV,1584,10,0,0,10,65,3,0,68,93,3,0,96,112,3,0,115,201,4,0,205,259,6,0,265
40205,86,"ŞCOALA GIMNAZIALĂ NR. 9",BRAŞOV,BV,1583,21,0,0,21,91,0,0,91,129,0,0,129,135,0,0,135,250,5,0,255,297,5,0,302
40205,87,"ŞCOALA GIMNAZIALĂ NR. 9",BRAŞOV,BV,1524,10,0,0,10,51,1,0,52,79,3,0,82,90,3,0,93,186,8,0,194,230,11,0,241
40205,88,"ȘCOALĂ GENERALĂ NR. 9",BRAŞOV,BV,1429,14,0,0,14,54,0,0,54,71,1,0,72,76,4,0,80,161,7,0,168,188,7,0,195
40205,89,"ŞCOALA GIMNAZIALĂ NR. 3 ""GHEORGHE LAZĂR""",BRAŞOV,BV,1634,10,10,0,20,104,17,0,121,130,21,0,151,140,22,0,162,220,34,0,254,260,50,0,310
40205,90,"ŞCOALA GIMNAZIALĂ NR. 3 ""GHEORGHE LAZĂR""",BRAŞOV,BV,1612,12,2,0,14,66,5,0,71,88,5,0,93,98,5,0,103,182,11,0,193,217,14,0,231
40205,91,"ŞCOALA GIMNAZIALĂ NR. 3 ""GHEORGHE LAZĂR""",BRAŞOV,BV,1687,31,8,0,39,119,10,0,129,159,12,0,171,170,12,0,182,250,17,0,267,291,25,0,316
40205,92,"ŞCOALA GIMNAZIALĂ NR. 3 ""GHEORGHE LAZĂR""",BRAŞOV,BV,1268,8,0,0,8,71,2,0,73,101,6,0,107,117,6,0,123,190,9,0,199,216,12,0,228
40205,93,"ŞCOALA GIMNAZIALĂ NR. 3 ""GHEORGHE LAZĂR""",BRAŞOV,BV,1558,17,0,0,17,87,0,0,87,119,1,0,120,126,1,0,127,229,8,0,237,272,18,0,290
40205,94,"ŞCOALA GIMNAZIALĂ NR. 3 ""GHEORGHE LAZĂR""",BRAŞOV,BV,1515,14,0,0,14,77,0,0,77,91,0,0,91,103,0,0,103,187,0,0,187,221,0,0,221
40205,95,"ŞCOALA GIMNAZIALĂ NR. 3 ""GHEORGHE LAZĂR""",BRAŞOV,BV,1691,12,0,0,12,97,2,0,99,144,2,0,146,152,4,0,156,263,5,0,268,305,8,0,313
40205,96,"LICEUL TEHNOLOGIC SILVIC ""DOCTOR NICOLAE RUCĂREANU""",BRAŞOV,BV,1124,11,3,0,14,70,4,0,74,103,7,0,110,109,8,0,117,166,13,0,179,186,15,0,201
40205,97,"LICEUL TEHNOLOGIC SILVIC ""DOCTOR NICOLAE RUCĂREANU""",BRAŞOV,BV,1392,12,3,0,15,89,5,0,94,115,5,0,120,132,8,0,140,217,13,1,231,262,15,1,278
40205,98,"LICEUL TEHNOLOGIC SILVIC ""DOCTOR NICOLAE RUCĂREANU""",BRAŞOV,BV,874,4,0,0,4,31,4,0,35,53,5,0,58,66,5,0,71,121,7,0,128,141,9,0,150
40205,99,"LICEUL TEHNOLOGIC SILVIC ""DOCTOR NICOLAE RUCĂREANU""",BRAŞOV,BV,1491,9,0,0,9,67,0,0,67,89,0,0,89,101,0,0,101,208,1,1,210,244,1,1,246
40205,100,"ŞCOALA GIMNAZIALĂ NR. 2",BRAŞOV,BV,1544,9,0,0,9,79,8,0,87,109,14,0,123,119,14,0,133,227,22,0,249,270,24,0,294
40205,101,"ŞCOALA GIMNAZIALĂ NR. 2",BRAŞOV,BV,1476,16,0,0,16,93,8,0,101,136,9,0,145,152,9,0,161,261,12,0,273,295,20,0,315
40205,102,"ŞCOALA GIMNAZIALĂ NR. 2",BRAŞOV,BV,1506,21,0,0,21,93,0,0,93,133,1,0,134,141,5,0,146,237,8,0,245,272,12,0,284
40205,103,"ŞCOALA GIMNAZIALĂ NR. 2",BRAŞOV,BV,1633,9,3,0,12,78,4,0,82,118,5,0,123,132,5,0,137,225,5,0,230,259,6,0,265
40205,104,"ŞCOALA GIMNAZIALĂ NR. 2",BRAŞOV,BV,1507,20,3,0,23,76,5,0,81,103,5,0,108,110,5,0,115,195,16,0,211,224,25,0,249
40205,105,"ȘCOALA GIMNAZIALĂ NR. 2",BRAŞOV,BV,1801,20,3,0,23,117,10,0,127,161,16,0,177,184,18,0,202,290,24,0,314,331,36,0,367
40205,106,"COLEGIUL DE ŞTIINŢE ""GRIGORE ANTIPA""",BRAŞOV,BV,1491,8,2,0,10,78,11,0,89,121,13,0,134,130,14,0,144,216,26,0,242,250,34,0,284
40205,107,"COLEGIUL DE ŞTIINŢE ""GRIGORE ANTIPA""",BRAŞOV,BV,1499,15,4,0,19,66,4,0,70,84,4,0,88,103,4,0,107,193,9,0,202,246,9,0,255
40205,108,"COLEGIUL DE ŞTIINŢE ""GRIGORE ANTIPA""",BRAŞOV,BV,1427,14,0,0,14,61,4,0,65,78,4,0,82,93,4,0,97,167,4,0,171,192,5,0,197
40205,109,"COLEGIUL DE ŞTIINŢE ""GRIGORE ANTIPA""",BRAŞOV,BV,1218,20,0,0,20,92,6,0,98,115,7,0,122,127,8,0,135,202,13,0,215,242,21,0,263
40205,110,"COLEGIUL NAŢIONAL DE INFORMATICĂ ""GRIGORE MOISIL""",BRAŞOV,BV,1225,10,3,0,13,75,12,0,87,99,25,0,124,105,30,0,135,201,43,0,244,240,61,0,301
40205,111,"COLEGIUL NAŢIONAL DE INFORMATICĂ ""GRIGORE MOISIL""",BRAŞOV,BV,1425,7,0,0,7,44,3,0,47,77,3,0,80,83,5,0,88,159,6,0,165,197,10,0,207
40205,112,"COLEGIUL NAŢIONAL DE INFORMATICĂ ""GRIGORE MOISIL""",BRAŞOV,BV,1602,13,5,0,18,60,5,0,65,80,5,0,85,88,6,0,94,182,9,0,191,204,11,0,215
40205,113,"COLEGIUL NAŢIONAL DE INFORMATICĂ ""GRIGORE MOISIL""",BRAŞOV,BV,1383,3,0,0,3,44,0,0,44,78,0,0,78,87,0,0,87,174,0,0,174,231,3,0,234
40205,114,"COLEGIUL NAŢIONAL DE INFORMATICĂ ""GRIGORE MOISIL""",BRAŞOV,BV,1615,23,0,0,23,91,0,0,91,127,4,0,131,147,4,0,151,277,6,0,283,327,8,0,335
40205,115,"COLEGIUL NAŢIONAL DE INFORMATICĂ ""GRIGORE MOISIL""",BRAŞOV,BV,988,5,0,0,5,29,15,0,44,51,22,0,73,67,26,0,93,134,35,0,169,165,38,0,203
40205,116,"COLEGIUL NAŢIONAL DE INFORMATICĂ ""GRIGORE MOISIL""",BRAŞOV,BV,1305,6,0,0,6,39,7,0,46,65,7,0,72,69,8,0,77,147,8,0,155,181,8,0,189
40205,117,"COLEGIUL NAŢIONAL DE INFORMATICĂ ""GRIGORE MOISIL""",BRAŞOV,BV,1641,11,0,0,11,57,4,0,61,81,5,1,87,97,5,1,103,180,7,1,188,237,8,1,246
40205,118,"LICEUL CU PROGRAM SPORTIV",BRAŞOV,BV,1587,27,0,0,27,110,0,0,110,157,0,0,157,171,3,0,174,277,8,0,285,340,9,0,349
40205,119,"LICEUL CU PROGRAM SPORTIV",BRAŞOV,BV,1120,12,0,0,12,73,0,0,73,90,3,0,93,95,3,0,98,165,14,0,179,218,25,0,243
40205,120,"LICEUL CU PROGRAM SPORTIV",BRAŞOV,BV,1271,14,0,0,14,64,2,0,66,83,2,0,85,97,3,0,100,169,4,0,173,201,7,0,208
40205,121,"LICEUL CU PROGRAM SPORTIV",BRAŞOV,BV,1489,11,0,0,11,64,0,0,64,105,0,0,105,123,0,0,123,235,0,0,235,276,0,0,276
40205,122,"LICEUL CU PROGRAM SPORTIV",BRAŞOV,BV,1430,11,3,0,14,67,5,0,72,97,10,0,107,130,11,0,141,213,11,0,224,249,13,0,262
40205,123,"ŞCOALA GIMNAZIALĂ NR. 1",BRAŞOV,BV,1481,17,2,0,19,93,10,0,103,109,12,0,121,121,12,0,133,209,25,0,234,261,35,0,296
40205,124,"ŞCOALA GIMNAZIALĂ NR. 1",BRAŞOV,BV,1421,10,1,0,11,85,1,0,86,126,1,0,127,136,2,0,138,227,4,0,231,279,5,0,284
40205,125,"ŞCOALA GIMNAZIALĂ NR. 1",BRAŞOV,BV,1359,10,2,0,12,53,5,0,58,80,5,0,85,97,5,0,102,186,8,0,194,239,14,0,253
40205,126,"ŞCOALA GIMNAZIALĂ NR. 1",BRAŞOV,BV,1672,15,0,0,15,83,0,0,83,114,1,0,115,123,4,0,127,224,6,0,230,273,8,0,281
40205,127,"ŞCOALA GIMNAZIALĂ NR. 1",BRAŞOV,BV,1521,14,0,0,14,67,2,0,69,93,2,0,95,102,3,0,105,204,5,0,209,248,8,0,256
40205,128,"ŞCOALA GIMNAZIALĂ NR. 1",BRAŞOV,BV,941,9,1,0,10,33,1,0,34,46,1,0,47,55,1,0,56,129,2,0,131,170,4,0,174
40205,129,"ŞCOALA GIMNAZIALĂ NR. 1",BRAŞOV,BV,1058,11,1,0,12,44,1,0,45,58,1,0,59,66,1,0,67,138,1,0,139,172,1,0,173
40205,130,"ŞCOALA GIMNAZIALĂ NR. 1",BRAŞOV,BV,1610,19,0,0,19,86,2,0,88,110,2,0,112,125,2,0,127,214,4,0,218,265,5,0,270
40205,131,"CENTRUL REGIONAL DE FORMARE PROFESIONALĂ BRAŞOV",BRAŞOV,BV,1021,4,4,0,8,29,6,0,35,41,6,0,47,49,6,0,55,95,11,0,106,117,13,0,130
40205,132,"CENTRUL REGIONAL DE FORMARE PROFESIONALĂ BRAŞOV",BRAŞOV,BV,1300,16,4,0,20,63,8,0,71,92,10,0,102,99,11,0,110,205,16,0,221,250,21,0,271
40205,133,"ŞCOALA GIMNAZIALĂ NR.15",BRAŞOV,BV,1214,10,4,0,14,63,78,2,143,80,81,2,163,84,81,2,167,147,86,2,235,180,87,2,269
40205,134,"CANTINA STUDENŢEASCĂ",BRAŞOV,BV,1629,11,0,0,11,59,39,0,98,90,58,0,148,117,68,0,185,215,100,0,315,271,138,0,409
40205,135,"COLEGIUL NAŢIONAL ECONOMIC ""ANDREI BÂRSEANU""",BRAŞOV,BV,932,8,4,0,12,39,8,0,47,50,11,0,61,57,11,0,68,120,21,0,141,138,24,0,162
40205,136,"COLEGIUL NAŢIONAL ECONOMIC ""ANDREI BÂRSEANU""",BRAŞOV,BV,1198,1,2,0,3,37,5,0,42,55,7,0,62,68,10,0,78,133,19,0,152,162,21,0,183
40205,137,"COLEGIUL NAŢIONAL ECONOMIC ""ANDREI BÂRSEANU""",BRAŞOV,BV,1221,2,3,0,5,36,7,0,43,54,9,0,63,63,10,0,73,122,11,0,133,175,18,0,193
40205,138,"ŞCOALA GIMNAZIALĂ NR. 14",BRAŞOV,BV,1340,6,2,0,8,23,5,0,28,29,6,0,35,38,6,0,44,89,16,0,105,114,23,0,137
40205,139,"ŞCOALA GIMNAZIALĂ NR. 14",BRAŞOV,BV,1445,4,6,0,10,30,12,0,42,43,12,0,55,46,14,0,60,109,19,0,128,141,23,0,164
40205,140,"ŞCOALA GIMNAZIALĂ NR. 14",BRAŞOV,BV,1646,6,0,0,6,37,0,0,37,73,3,0,76,85,3,0,88,192,8,0,200,212,11,0,223
40205,141,"ŞCOALA GIMNAZIALĂ NR. 14",BRAŞOV,BV,1525,8,1,0,9,42,8,0,50,50,9,0,59,62,9,0,71,151,14,0,165,188,21,0,209
40205,142,"ŞCOALA GIMNAZIALĂ NR. 14",BRAŞOV,BV,1430,4,1,0,5,39,12,0,51,52,19,0,71,69,25,0,94,135,68,0,203,158,93,0,251
40205,143,"ŞCOALA GIMNAZIALĂ NR. 14",BRAŞOV,BV,1677,9,0,0,9,52,7,0,59,81,10,0,91,92,12,0,104,173,19,0,192,219,27,0,246
40205,144,"ŞCOALA GIMNAZIALĂ NR. 14",BRAŞOV,BV,2336,16,1,0,17,66,1,0,67,92,5,0,97,102,5,0,107,196,13,0,209,253,23,0,276
40205,145,"ŞCOALA GIMNAZIALĂ NR. 14",BRAŞOV,BV,1874,9,1,0,10,40,3,0,43,79,3,0,82,89,3,0,92,177,9,1,187,230,16,1,247
40205,146,"ŞCOALA GIMNAZIALĂ NR. 14",BRAŞOV,BV,1857,16,3,0,19,56,3,0,59,84,3,0,87,96,3,0,99,194,8,0,202,238,12,0,250
40205,147,"ŞCOALA GIMNAZIALĂ NR. 14",BRAŞOV,BV,1813,14,0,0,14,59,0,0,59,80,0,0,80,94,0,0,94,196,4,0,200,223,5,0,228
40205,148,"ŞCOALA GIMNAZIALĂ NR. 14",BRAŞOV,BV,1351,8,3,0,11,51,3,0,54,81,5,0,86,99,5,0,104,168,5,0,173,210,6,0,216
40205,149,"ŞCOALA GIMNAZIALĂ NR. 14",BRAŞOV,BV,2007,15,0,0,15,51,3,0,54,86,6,0,92,126,9,0,135,260,18,0,278,309,28,0,337
40205,150,"ŞCOALA GIMNAZIALĂ NR. 14",BRAŞOV,BV,1469,7,1,0,8,26,1,0,27,50,1,0,51,72,1,0,73,148,4,0,152,183,7,0,190
40205,151,"ŞCOALA GIMNAZIALĂ NR. 30",BRAŞOV,BV,1895,12,4,0,16,104,5,0,109,133,6,0,139,146,6,0,152,267,7,0,274,319,10,0,329
40205,152,"ŞCOALA GIMNAZIALĂ NR. 30",BRAŞOV,BV,2026,11,0,0,11,67,0,0,67,116,2,0,118,132,4,0,136,262,8,0,270,330,12,0,342
40205,153,"ŞCOALA GIMNAZIALĂ NR. 30",BRAŞOV,BV,2350,16,0,0,16,114,3,0,117,163,4,0,167,188,4,0,192,326,12,0,338,397,19,0,416
40205,154,"ŞCOALA GIMNAZIALĂ NR. 30",BRAŞOV,BV,2200,24,0,0,24,97,5,0,102,127,11,0,138,150,11,0,161,250,18,0,268,316,26,0,342
40205,155,"ŞCOALA GIMNAZIALĂ NR. 13",BRAŞOV,BV,1482,12,4,0,16,77,8,0,85,98,8,0,106,104,11,0,115,196,20,0,216,228,23,0,251
40205,156,"ŞCOALA GIMNAZIALĂ NR. 13",BRAŞOV,BV,1274,30,0,0,30,90,0,0,90,120,0,0,120,132,0,0,132,204,0,0,204,246,4,0,250
40205,157,"ŞCOALA GIMNAZIALĂ NR. 13",BRAŞOV,BV,1554,17,0,0,17,85,2,0,87,120,5,0,125,127,6,0,133,228,8,0,236,285,9,0,294
40205,158,"ŞCOALA GIMNAZIALĂ NR. 13",BRAŞOV,BV,1536,13,0,0,13,85,0,0,85,126,0,0,126,142,0,0,142,250,2,0,252,288,2,0,290
40205,159,"ŞCOALA GIMNAZIALĂ NR. 13",BRAŞOV,BV,1663,18,0,0,18,93,7,0,100,129,9,0,138,143,13,0,156,245,35,0,280,283,52,0,335
40205,160,"COLEGIUL ""NICOLAE TITULESCU""",BRAŞOV,BV,1572,1,5,0,6,27,24,0,51,42,29,0,71,57,32,0,89,135,57,0,192,162,90,0,252
40205,161,"COLEGIUL ""NICOLAE TITULESCU""",BRAŞOV,BV,1468,6,2,0,8,46,6,0,52,73,14,0,87,75,14,0,89,156,28,0,184,229,39,0,268
40205,162,"COLEGIUL ""NICOLAE TITULESCU""",BRAŞOV,BV,1445,11,1,0,12,59,3,0,62,83,3,0,86,93,6,0,99,168,9,0,177,205,16,0,221
40205,163,"COLEGIUL ""NICOLAE TITULESCU""",BRAŞOV,BV,1465,9,0,0,9,56,0,0,56,78,0,0,78,84,0,0,84,152,0,1,153,175,0,1,176
40205,164,"COLEGIUL ""NICOLAE TITULESCU""",BRAŞOV,BV,1631,10,0,0,10,53,5,0,58,81,6,0,87,91,6,0,97,162,10,1,173,202,13,1,216
40205,165,"COLEGIUL ""NICOLAE TITULESCU""",BRAŞOV,BV,1511,2,0,0,2,24,0,0,24,40,3,0,43,50,3,0,53,118,9,0,127,151,14,0,165
40205,166,"ŞCOALA PROFESIONALĂ GERMANĂ „KRONSTADT”",BRAŞOV,BV,2320,3,1,0,4,55,4,0,59,80,9,0,89,96,10,0,106,181,18,0,199,245,23,0,268
40205,167,"COLEGIUL TEHNIC DE TRANSPORTURI",BRAŞOV,BV,764,6,0,0,6,23,1,0,24,30,4,0,34,45,6,0,51,68,6,0,74,83,11,0,94
40205,168,"COLEGIUL TEHNIC DE TRANSPORTURI",BRAŞOV,BV,1191,11,4,0,15,40,5,0,45,66,8,0,74,80,8,0,88,130,11,0,141,163,14,0,177
40205,169,"COLEGIUL TEHNIC DE TRANSPORTURI",BRAŞOV,BV,1660,4,3,0,7,50,4,0,54,81,5,0,86,93,5,0,98,178,6,0,184,212,7,0,219
40205,170,"ŞCOALA GIMNAZIALĂ NR. 31",BRAŞOV,BV,1387,13,0,0,13,72,3,0,75,100,4,0,104,120,4,0,124,214,4,0,218,262,6,0,268
40205,171,"ŞCOALA GIMNAZIALĂ NR. 31",BRAŞOV,BV,1420,16,0,0,16,66,1,0,67,96,8,0,104,107,8,0,115,201,16,0,217,249,22,0,271
40205,172,"ŞCOALA GIMNAZIALĂ NR. 31",BRAŞOV,BV,1187,11,3,0,14,53,3,0,56,97,3,0,100,113,3,0,116,194,5,1,200,232,9,2,243
40205,173,"COLEGIUL TEHNIC ""REMUS RĂDULEŢ""",BRAŞOV,BV,553,2,0,0,2,16,0,0,16,30,0,0,30,33,0,0,33,66,0,0,66,77,1,0,78
40205,174,"COLEGIUL TEHNIC ""REMUS RĂDULEŢ""",BRAŞOV,BV,1009,7,0,0,7,32,0,0,32,45,2,0,47,55,5,0,60,101,12,0,113,130,18,0,148
40205,175,"COLEGIUL TEHNIC ""REMUS RĂDULEŢ""",BRAŞOV,BV,1119,7,0,0,7,26,2,0,28,45,2,0,47,54,2,0,56,97,3,0,100,117,5,0,122
40205,176,"COLEGIUL TEHNIC ""REMUS RĂDULEŢ""",BRAŞOV,BV,1117,7,0,0,7,30,0,0,30,47,0,0,47,59,0,0,59,124,0,0,124,146,4,0,150
40205,177,"COLEGIUL TEHNIC ""REMUS RĂDULEŢ""",BRAŞOV,BV,1059,5,0,0,5,28,0,0,28,35,3,0,38,45,3,0,48,117,4,0,121,145,4,0,149
40250,178,"COLEGIUL TEHNIC SIMION MEHEDINŢI",CODLEA,BV,982,6,0,0,6,31,0,0,31,39,0,0,39,50,4,0,54,125,4,0,129,148,4,0,152
40250,179,"COLEGIUL TEHNIC SIMION MEHEDINŢI",CODLEA,BV,1165,5,0,0,5,44,1,0,45,64,1,0,65,92,2,0,94,174,3,0,177,202,7,0,209
40250,180,"COLEGIUL TEHNIC SIMION MEHEDINŢI",CODLEA,BV,1121,8,0,0,8,49,3,0,52,63,3,0,66,80,3,0,83,172,8,1,181,207,10,1,218
40250,181,"COLEGIUL TEHNIC SIMION MEHEDINTI",CODLEA,BV,1082,9,0,0,9,26,2,0,28,43,4,0,47,50,7,0,57,119,8,0,127,166,10,0,176
40250,182,"ŞCOALA GENERALA NR.2",CODLEA,BV,1060,6,5,0,11,53,5,0,58,73,6,0,79,78,6,0,84,161,10,154,325,194,16,154,364
40250,183,"GRADINITA NR.1",CODLEA,BV,1203,9,0,0,9,40,1,0,41,57,1,0,58,68,5,0,73,170,11,154,335,222,16,154,392
40250,184,"GRADINITA NR.1",CODLEA,BV,1267,17,1,0,18,43,4,0,47,70,5,0,75,87,5,0,92,171,5,0,176,228,7,0,235
40250,185,"GRUP SCOLAR FORESTIER",CODLEA,BV,1554,25,2,0,27,72,10,0,82,94,14,0,108,107,15,0,122,242,25,0,267,300,31,0,331
40250,186,"ŞCOALA GENERALA NR.1",CODLEA,BV,1366,4,0,0,4,66,5,0,71,85,8,0,93,104,9,0,113,192,15,8,215,230,15,8,253
40250,187,"GRADINITA NR.4",CODLEA,BV,1286,9,0,0,9,48,0,0,48,61,0,0,61,72,0,0,72,138,0,0,138,164,0,0,164
40250,188,"GRADINITA NR.4",CODLEA,BV,1756,16,0,0,16,93,1,0,94,127,2,0,129,161,2,0,163,316,8,0,324,345,11,0,356
40250,189,"ŞCOALA GENERALA NR. 3",CODLEA,BV,954,11,3,0,14,57,3,0,60,80,5,0,85,95,5,0,100,154,10,0,164,183,12,0,195
40250,190,"ŞCOALA GENERALA NR. 3",CODLEA,BV,1424,14,1,0,15,69,1,0,70,105,2,0,107,117,3,0,120,200,3,0,203,256,3,1,260
40250,191,"ŞCOALA GENERALA NR. 3",CODLEA,BV,1043,12,0,0,12,53,2,0,55,82,4,0,86,96,6,0,102,156,8,0,164,177,8,0,185
40250,192,"LICEUL TEORETIC",CODLEA,BV,1276,5,0,0,5,43,1,0,44,61,4,0,65,75,6,0,81,182,8,0,190,231,9,0,240
40250,193,"ŞCOALA DE ARTE SI MESERII",CODLEA,BV,1046,15,0,0,15,46,4,0,50,58,5,0,63,86,9,0,95,192,14,0,206,245,17,0,262
40250,194,"ŞCOALA DE ARTE SI MESERII",CODLEA,BV,1417,6,0,0,6,36,4,0,40,56,4,0,60,72,4,0,76,166,4,0,170,237,4,0,241
40287,195,"SERVICIUL PUBLIC DE ASISTENTA SOCIALA, STR. T. VLADIMIRESCU NR.8",FĂGĂRAŞ,BV,1625,12,0,0,12,56,1,0,57,80,2,0,82,98,2,0,100,200,2,0,202,248,9,0,257
40287,196,"GRADINITA CU PROGRAM NORMAL „VOINICELUL""",FĂGĂRAŞ,BV,1737,17,0,0,17,82,1,0,83,112,1,0,113,135,1,0,136,218,4,0,222,259,7,0,266
40287,197,"CASAMUNICIPALĂ DE CULTURĂ",FĂGĂRAŞ,BV,1505,9,0,0,9,49,0,0,49,68,0,0,68,77,0,0,77,142,2,0,144,201,4,0,205
40287,198,"CASAMUNICIPALĂ DE CULTURĂ",FĂGĂRAŞ,BV,1338,12,0,0,12,46,0,0,46,61,0,0,61,73,0,0,73,164,14,0,178,194,24,0,218
40287,199,"ŞCOALA GIMNAZIALĂ "" OVID DENSUŞIANU"" - ŞCOALA GENERALĂ NR.4",FĂGĂRAŞ,BV,1149,6,0,0,6,37,0,0,37,60,1,0,61,80,4,0,84,151,6,0,157,221,7,0,228
40287,200,"FUNDAŢIA CULTURALĂ ""NEGRU VODA""",FĂGĂRAŞ,BV,1000,12,6,0,18,45,10,0,55,67,13,0,80,76,14,0,90,143,18,0,161,183,22,0,205
40287,201,"COLEGIUL NAŢIONAL ""D-NA STANCA""",FĂGĂRAŞ,BV,1511,8,0,0,8,50,4,0,54,89,5,0,94,101,5,0,106,203,12,0,215,257,18,0,275
40287,202,"COLEGIUL NAŢIONAL ""D-NA STANCA""",FĂGĂRAŞ,BV,1383,8,0,0,8,54,4,0,58,70,5,0,75,86,5,0,91,170,15,0,185,210,17,0,227
40287,203,"COLEGIUL NAŢIONAL ""RADU NEGRU"" - ŞCOALA GENERALĂ NR.1",FĂGĂRAŞ,BV,1163,12,0,0,12,52,4,0,56,77,8,0,85,83,10,0,93,161,20,0,181,221,22,0,243
40287,204,"COLEGIUL NAŢIONAL ""RADU NEGRU"" - ŞCOALA GENERALĂ NR.1",FĂGĂRAŞ,BV,1355,6,1,0,7,66,6,0,72,84,7,0,91,98,9,0,107,202,18,0,220,262,28,0,290
40287,205,"COLEGIUL NAŢIONAL „RADU NEGRU”",FĂGĂRAŞ,BV,1184,5,0,0,5,35,7,0,42,52,11,0,63,67,13,0,80,152,30,0,182,183,42,0,225
40287,206,"COLEGIUL NAŢIONAL „RADU NEGRU”",FĂGĂRAŞ,BV,1432,8,0,0,8,44,0,0,44,71,0,0,71,80,0,0,80,173,0,0,173,214,0,0,214
40287,207,"COLEGIUL NAŢIONAL ""D-NA STANCA""-ŞCOALA GIMNAZIALĂ NR.7",FĂGĂRAŞ,BV,1558,8,3,0,11,55,8,0,63,74,8,0,82,84,8,0,92,153,15,0,168,192,21,0,213
40287,208,"COLEGIUL NAŢIONAL ""D-NA STANCA""-ŞCOALA GIMNAZIALĂ NR.7",FĂGĂRAŞ,BV,1647,15,2,0,17,59,6,0,65,81,10,0,91,95,13,0,108,206,31,0,237,257,36,0,293
40287,209,"COLEGIUL NAŢIONAL ""D-NA STANCA""-ŞCOALA GIMNAZIALĂ NR. 7",FĂGĂRAŞ,BV,1652,18,0,0,18,73,0,0,73,91,0,0,91,102,2,0,104,214,8,0,222,256,11,0,267
40287,210,"COLEGIUL „AUREL VIJOLI”",FĂGĂRAŞ,BV,1434,4,2,0,6,31,4,0,35,39,4,0,43,41,5,0,46,110,5,0,115,137,7,0,144
40287,211,"COLEGIUL „AUREL VIJOLI”",FĂGĂRAŞ,BV,1165,9,0,0,9,21,0,0,21,21,0,0,21,24,0,0,24,54,5,0,59,75,8,0,83
40287,212,"LICEUL TEOLOGIC ORTODOX ""CONSTANTIN BRÂNCOVEANU""",FĂGĂRAŞ,BV,1186,4,2,0,6,31,3,0,34,57,6,0,63,70,6,0,76,125,13,0,138,161,13,0,174
40287,213,"LICEUL TEOLOGIC ORTODOX “SF. CONSTANTIN BRÂNCOVEANU”",FĂGĂRAŞ,BV,1335,6,0,0,6,35,3,0,38,59,4,0,63,70,7,0,77,150,9,0,159,196,14,0,210
40287,214,"LICEUL TEOLOGIC ORTODOX “ SF.. CONSTANTIN BRÂNCOVEANU”",FĂGĂRAŞ,BV,1520,12,0,0,12,49,0,0,49,59,0,0,59,67,1,0,68,125,1,0,126,151,4,0,155
40287,215,"LICEUL TEOLOGIC ORTODOX “ SF.. CONSTANTIN BRÂNCOVEANU”",FĂGĂRAŞ,BV,1670,13,3,0,16,51,5,0,56,78,8,0,86,82,8,0,90,158,18,0,176,212,22,0,234
40287,216,"LICEUL TEOLOGIC ORTODOX “ SF.. CONSTANTIN BRÂNCOVEANU” -GRĂDINIŢA CU PROGRAM NORMAL „MATEIAŞ BRÂNCOVEANU”,",FĂGĂRAŞ,BV,1277,6,0,0,6,33,2,0,35,55,2,0,57,70,2,0,72,157,4,0,161,188,6,0,194
40287,217,"ŞCOALA GIMNAZIALĂ "" OVID DENSUŞIANU""",FĂGĂRAŞ,BV,1120,4,0,0,4,54,0,0,54,81,1,0,82,92,1,0,93,158,3,0,161,178,4,0,182
40447,218,"ŞCOALA GIMNAZIALĂNR. 1, CORPUL A(LÂNGĂ GRĂDINIŢĂ)",SĂCELE,BV,1986,15,0,0,15,62,4,0,66,85,5,0,90,104,6,0,110,232,11,0,243,287,18,0,305
40447,219,"ŞCOALA GIMNAZIALĂNR. 1 CORPUL B",SĂCELE,BV,1782,19,1,0,20,74,10,0,84,105,13,0,118,117,16,0,133,269,28,1,298,322,40,1,363
40447,220,"ŞCOALA GIMNAZIALĂNR. 1 CORPUL F",SĂCELE,BV,1743,14,0,0,14,62,3,0,65,84,5,0,89,104,6,0,110,227,12,0,239,279,17,0,296
40447,221,"LICEU ZAJZONI RAB ISTVAN",SĂCELE,BV,1605,7,0,0,7,43,1,0,44,63,2,0,65,74,2,0,76,152,2,0,154,192,4,0,196
40447,222,"LICEUL GEORGE MOROIANU CORPUL C",SĂCELE,BV,1668,12,0,0,12,49,0,0,49,66,0,0,66,81,1,0,82,177,7,0,184,212,13,0,225
40447,223,"LICEUL GEORGE MOROIANU CORPUL C",SĂCELE,BV,1507,6,6,0,12,60,6,0,66,82,7,0,89,92,8,0,100,213,14,0,227,230,22,0,252
40447,224,"SALA DE SPORT",SĂCELE,BV,1499,8,2,0,10,65,4,0,69,106,4,0,110,125,5,0,130,232,5,0,237,273,6,0,279
40447,225,"SALA DE SPORT",SĂCELE,BV,1391,9,1,0,10,62,1,0,63,85,1,0,86,95,1,0,96,196,1,0,197,264,5,0,269
40447,226,"LICEUL GEORGE MOROIANU",SĂCELE,BV,1704,13,3,0,16,54,4,0,58,72,4,0,76,96,4,0,100,193,8,0,201,228,11,0,239
40447,227,"ŞCOALA GIMNAZIALĂ NR.4 FRAŢII POPEEA",SĂCELE,BV,1643,22,6,0,28,61,13,0,74,77,14,0,91,96,16,0,112,229,25,0,254,287,32,0,319
40447,228,"ŞCOALA GIMNAZIALĂ NR.4 FRAŢII POPEEA",SĂCELE,BV,1376,15,0,0,15,73,3,0,76,105,3,0,108,112,3,0,115,196,7,0,203,224,9,0,233
40447,229,"ŞCOALA GIMNAZIALĂ NR.4 FRAŢII POPEEA",SĂCELE,BV,1154,12,1,0,13,64,2,0,66,82,2,0,84,92,2,0,94,168,5,0,173,202,7,0,209
40447,230,"GRUP ŞCOLAR INDUSTRIAL VICTOR JINGA",SĂCELE,BV,1034,7,2,0,9,38,5,0,43,57,8,0,65,67,8,0,75,109,12,0,121,129,14,0,143
40447,231,"GRUP ŞCOLAR INDUSTRIAL VICTOR JINGA",SĂCELE,BV,1146,10,2,0,12,67,7,0,74,76,8,0,84,91,9,0,100,169,11,0,180,202,11,0,213
40447,232,"ŞCOALA GIMNAZIALĂNR.4 FRAŢII POPEEA",SĂCELE,BV,1457,9,0,0,9,71,0,0,71,92,0,0,92,108,0,0,108,185,0,0,185,216,0,0,216
40447,233,"ŞCOALA GIMNAZIALĂNR.5 CORPUL B",SĂCELE,BV,1094,3,6,0,9,19,6,0,25,22,6,0,28,26,6,0,32,60,6,0,66,89,7,0,96
40447,234,"ŞCOALA GIMNAZIALĂ NR.5 CORPUL B",SĂCELE,BV,1182,4,0,0,4,15,6,0,21,25,6,0,31,33,6,0,39,68,7,0,75,130,8,0,138
40447,235,"ŞCOALA GIMNAZIALĂ NR.5 CORPUL A",SĂCELE,BV,1098,1,0,0,1,17,0,0,17,26,0,0,26,29,2,0,31,54,2,0,56,105,7,0,112
40447,236,"ŞCOALA GIMNAZIALĂNR.5 CORPUL A",SĂCELE,BV,1301,4,0,0,4,8,0,0,8,28,0,0,28,34,0,0,34,104,4,0,108,198,7,0,205
40223,237,"PRIMĂRIA GHIMBAV",GHIMBAV,BV,1908,7,0,0,7,35,13,0,48,61,17,0,78,78,19,0,97,260,23,0,283,325,29,1,355
40223,238,"ŞCOALA GENERALĂGHIMBAV CLASELE V-VIII",GHIMBAV,BV,1745,5,3,0,8,44,5,0,49,72,10,0,82,79,11,0,90,220,30,0,250,270,42,0,312
40223,239,"ŞCOALA GENERALĂGHIMBAV CLASELE I-IV",GHIMBAV,BV,1749,15,0,0,15,45,1,0,46,80,3,0,83,91,7,0,98,216,17,0,233,269,25,1,295
40312,240,"CENTRUL DE CULTURĂ MIHAIL SAULESCU",PREDEAL,BV,1277,16,4,0,20,78,94,0,172,108,138,0,246,116,144,0,260,180,210,0,390,197,241,0,438
40312,241,"LICEUL TEORETICMIHAIL SAULESCU",PREDEAL,BV,1007,4,0,0,4,46,8,0,54,64,16,0,80,68,17,0,85,116,26,0,142,141,29,0,170
40312,242,"LICEUL TEORETIC MIHAIL SĂULESCU",PREDEAL,BV,1142,6,4,0,10,43,14,0,57,58,24,0,82,69,27,0,96,125,66,0,191,145,74,0,219
40349,243,"AGENȚIA POȘTALĂ","TIMIŞU DE SUS",BV,302,4,1,0,5,12,2,0,14,18,3,0,21,19,6,0,25,33,17,0,50,36,19,0,55
40330,244,"GRADINITA CUPROGRAMNORMAL TIMISUL DE JOS","TIMIŞU DE JOS",BV,351,0,0,0,0,2,4,0,6,3,5,0,8,7,6,0,13,32,8,0,40,40,12,0,52
40312,245,"CLUBUL DÂMBUL MORII",PREDEAL,BV,187,2,0,0,2,5,1,0,6,10,3,0,13,12,3,0,15,29,8,0,37,39,16,0,55
40376,246,"ȘCOALA GENERALĂ NR. 1 RÂȘNOV",RÂŞNOV,BV,1547,9,1,0,10,38,3,0,41,53,3,0,56,74,3,0,77,146,11,0,157,193,20,0,213
40376,247,"ȘCOALA GENERALĂ NR. 1 RÂȘNOV",RÂŞNOV,BV,1256,0,0,0,0,6,0,0,6,15,0,0,15,22,0,0,22,62,0,0,62,75,3,0,78
40376,248,"ȘCOALA GENERALĂ NR. 3 RÂȘNOV",RÂŞNOV,BV,1262,12,1,0,13,46,10,0,56,63,16,0,79,78,20,0,98,155,28,0,183,202,32,0,234
40376,249,"ȘCOALA GENERALĂ NR. 3 RÂȘNOV",RÂŞNOV,BV,1580,8,0,0,8,43,5,0,48,54,8,0,62,60,8,0,68,146,12,0,158,187,15,0,202
40376,250,"GRĂDINIŢA NR.1",RÂŞNOV,BV,914,3,0,0,3,25,0,0,25,42,0,0,42,47,4,0,51,95,5,0,100,116,5,0,121
40376,251,"ȘCOALA GENERALĂ NR. 2 RÂȘNOV",RÂŞNOV,BV,1625,11,0,0,11,51,5,0,56,80,6,0,86,92,7,0,99,187,14,0,201,235,17,0,252
40376,252,"ȘCOALA GENERALĂ NR. 2 RÂȘNOV",RÂŞNOV,BV,1447,1,0,0,1,31,7,0,38,57,12,0,69,69,13,0,82,179,27,0,206,217,44,0,261
40376,253,"ȘCOALA GENERALĂ NR. 2 RÂȘNOV",RÂŞNOV,BV,1255,9,3,0,12,41,11,0,52,57,15,0,72,71,16,0,87,155,22,0,177,189,25,0,214
40376,254,"GRUP ȘCOLAR INDUSTRIAL RÂȘNOV",RÂŞNOV,BV,1356,7,4,0,11,46,29,0,75,66,51,0,117,76,51,0,127,175,80,0,255,211,82,0,293
40376,255,"GRUP ȘCOLAR INDUSTRIAL RÂȘNOV",RÂŞNOV,BV,1489,13,2,0,15,58,17,0,75,86,28,0,114,104,30,0,134,197,49,0,246,251,61,0,312
40401,256,"ŞCOALA GENERALA I",RUPEA,BV,1123,6,0,0,6,32,2,0,34,40,2,0,42,44,2,0,46,113,5,0,118,158,10,0,168
40401,257,"CASA ORASENEASCA DE CULTURA",RUPEA,BV,1243,6,1,0,7,36,6,0,42,43,8,0,51,53,8,0,61,98,13,9,120,147,21,9,177
40401,258,"SCOALA GENERALA II",RUPEA,BV,1557,8,0,0,8,39,2,0,41,43,2,0,45,53,4,0,57,116,16,0,132,193,21,0,214
40401,259,"CLUB MUNCITORESC BRAFOR GARA RUPEA",RUPEA,BV,558,3,0,0,3,13,0,0,13,18,0,0,18,22,0,0,22,62,2,0,64,70,2,0,72
40410,260,"SCOALA PRIMARA FISER",FIŞER,BV,386,1,2,0,3,8,2,0,10,13,2,0,15,13,2,0,15,67,2,0,69,98,6,0,104
40474,261,"PRIMARIA VICTORIA",VICTORIA,BV,1284,11,1,0,12,33,5,0,38,59,8,0,67,68,9,0,77,147,11,0,158,173,13,0,186
40474,262,"LICEUL TEORETIC I.C. DRĂGUȘANU",VICTORIA,BV,1657,8,1,0,9,56,9,0,65,75,10,0,85,89,11,0,100,169,27,0,196,209,32,0,241
40474,263,"ŞCOALA GIMNAZIALA VICTORIA",VICTORIA,BV,1670,9,0,0,9,58,2,0,60,84,2,1,87,96,8,1,105,178,13,1,192,214,16,1,231
40474,264,"COLEGIUL TEHNIC DR. ALEXANDRU BĂRBAT",VICTORIA,BV,1087,2,3,0,5,33,5,0,38,54,5,0,59,58,7,0,65,137,15,0,152,169,31,0,200
40474,265,"GRĂDINIŢA NR. 1",VICTORIA,BV,1506,6,4,0,10,20,6,0,26,34,6,0,40,37,8,0,45,108,10,0,118,148,20,0,168
40508,266,"GRĂDINIŢA BOBOCEL",ZĂRNEŞTI,BV,1429,16,0,0,16,41,0,0,41,57,1,0,58,83,7,0,90,191,11,0,202,246,13,0,259
40508,267,"LICEUL TEORETIC M.I.MEŢIANU - CORP A",ZĂRNEŞTI,BV,1341,5,2,0,7,25,17,0,42,36,17,0,53,60,18,0,78,128,33,0,161,154,40,0,194
40508,268,"LICEUL TEORETIC M.I.MEŢIANU - CORP B",ZĂRNEŞTI,BV,1350,8,2,0,10,39,9,0,48,46,10,0,56,70,12,0,82,185,23,0,208,214,27,0,241
40508,269,"LICEUL TEORETIC M.I.MEŢIANU - CORP B",ZĂRNEŞTI,BV,1626,15,0,0,15,51,1,0,52,61,1,0,62,96,2,0,98,197,8,0,205,251,13,0,264
40508,270,"CASA DE CULTURĂ",ZĂRNEŞTI,BV,1298,5,3,0,8,25,7,0,32,30,8,0,38,49,9,0,58,144,12,0,156,192,19,0,211
40508,271,"GRĂDINIŢA VOINICELUL NR. 2",ZĂRNEŞTI,BV,1230,6,1,0,7,32,10,0,42,46,11,0,57,65,12,0,77,134,16,0,150,154,17,0,171
40508,272,"CLUBUL PENSIONARILOR - CARAIMAN",ZĂRNEŞTI,BV,1448,9,2,0,11,43,2,0,45,69,2,0,71,87,3,0,90,186,6,0,192,227,7,0,234
40508,273,"CLUBUL PENSIONARILOR",ZĂRNEŞTI,BV,1276,23,1,0,24,81,1,0,82,116,1,0,117,135,2,0,137,215,4,1,220,252,5,1,258
40508,274,"ŞCOALA GIMNAZIALĂ NR. 3 POMPILIU DAN-CORP A",ZĂRNEŞTI,BV,948,6,2,0,8,44,4,0,48,52,6,0,58,61,7,0,68,105,9,0,114,148,11,0,159
40508,275,"SPITALUL ORĂŞENESC DR. CAIUS TIBERIU SPÂRCHEZ",ZĂRNEŞTI,BV,1327,8,0,0,8,85,15,0,100,107,17,0,124,119,17,0,136,200,20,0,220,253,23,1,277
40508,276,"ŞCOALA GIMNAZIALĂNR. 1 GHEORGHECRĂCIUN CORP B",ZĂRNEŞTI,BV,1353,9,0,0,9,54,0,0,54,84,0,0,84,99,0,0,99,202,6,0,208,244,12,0,256
40508,277,"ŞCOALA GIMNAZIALĂNR. 1 GHEORGHECRĂCIUN",ZĂRNEŞTI,BV,1369,12,1,0,13,53,1,0,54,84,2,0,86,100,2,0,102,193,18,0,211,252,21,0,273
40508,278,"LICEUL TEHNOLOGICMALAXA",ZĂRNEŞTI,BV,1037,3,0,0,3,21,3,0,24,28,3,0,31,31,5,0,36,66,7,0,73,89,9,0,98
40508,279,"SCOALA GIMNAZIALA NR. 2",ZĂRNEŞTI,BV,1604,5,0,0,5,10,0,0,10,18,0,0,18,24,6,0,30,52,16,0,68,72,17,0,89
40517,280,"CĂMINUL CULTURAL TOHANUL NOU","TOHANU NOU",BV,1194,3,0,0,3,28,1,0,29,50,5,0,55,82,5,0,87,181,14,0,195,255,29,8,292
40508,281,"CAMINUL CULTURAL TOHANUL VECHI",ZĂRNEŞTI,BV,1724,6,1,0,7,41,7,0,48,64,8,0,72,92,8,0,100,200,11,0,211,247,16,0,263
40535,282,"CĂMINUL CULTURAL",APAŢA,BV,1230,6,0,0,6,11,1,0,12,15,2,0,17,17,2,0,19,59,7,0,66,93,8,0,101
40535,283,"CĂMINUL CULTURAL",APAŢA,BV,1159,3,0,0,3,10,0,0,10,18,0,0,18,24,0,0,24,74,0,0,74,101,0,0,101
41569,284,"GRĂDINIȚA DE COPII",AUGUSTIN,BV,1282,4,5,0,9,25,11,0,36,34,11,0,45,38,13,0,51,82,25,0,107,103,31,0,134
40553,285,"CAMIN CULTURAL BECLEAN",BECLEAN,BV,634,3,0,0,3,16,3,0,19,18,3,0,21,31,4,0,35,85,9,0,94,114,25,0,139
40580,286,"CAMIN CULTURAL HUREZ",HUREZ,BV,365,1,0,0,1,11,1,0,12,14,3,0,17,27,4,0,31,78,6,0,84,93,10,0,103
40562,287,"CAMIN CULTURAL BOHOLT",BOHOLŢ,BV,158,3,0,0,3,13,2,0,15,22,5,0,27,32,8,0,40,67,14,0,81,84,22,0,106
40571,288,"CAMIN CULTURAL CALBOR",CALBOR,BV,195,3,1,0,4,6,1,0,7,11,1,0,12,20,4,0,24,36,10,0,46,38,10,0,48
40599,289,"CAMIN CULTURAL LUTA",LUŢA,BV,59,2,0,0,2,5,1,0,6,6,1,0,7,8,2,0,10,11,4,0,15,14,11,0,25
40615,290,"ȘCOALA GIMNAZIALĂ BOD SAT",BOD,BV,1271,16,2,0,18,46,3,0,49,66,14,0,80,82,15,0,97,144,25,0,169,174,35,0,209
40615,291,"SEDIUL PRIMARIEI BOD",BOD,BV,1024,8,2,0,10,22,6,0,28,32,10,0,42,45,15,0,60,115,36,0,151,142,43,0,185
40624,292,"GRĂDINIŢA BOD COLONIE","COLONIA BOD",BV,906,7,1,0,8,29,7,0,36,41,10,0,51,51,11,0,62,100,29,0,129,118,30,0,148
40624,293,"ȘCOALA GENERALĂ COLONIA BOD","COLONIA BOD",BV,930,5,0,0,5,15,2,0,17,20,6,0,26,33,6,0,39,72,8,0,80,98,8,0,106
40642,294,"PRIMĂRIA COMUNEI BRAN",BRAN,BV,810,2,5,0,7,16,36,0,52,34,66,0,100,45,67,0,112,90,140,0,230,127,150,0,277
40642,295,"CĂMINUL CULTURAL POARTA",BRAN,BV,897,7,2,0,9,19,8,0,27,36,11,0,47,71,12,0,83,142,26,0,168,167,30,0,197
40651,296,"ŞCOALA GENERALĂ PREDELUŢ",PREDELUŢ,BV,872,5,0,0,5,14,13,0,27,23,22,0,45,47,23,0,70,104,53,0,157,144,66,0,210
40660,297,"CĂMINUL CULTURAL SOHODOL",SOHODOL,BV,907,6,0,0,6,11,3,0,14,28,4,0,32,41,4,0,45,79,11,0,90,95,16,0,111
40679,298,"CĂMINUL CULTURAL ŞIMON",ŞIMON,BV,1042,5,5,0,10,13,12,0,25,26,15,0,41,48,15,0,63,90,20,0,110,176,22,0,198
40697,299,"ȘCOALA GIMNAZIALĂ BUDILA",BUDILA,BV,987,1,1,0,2,5,4,0,9,12,4,0,16,16,4,0,20,68,7,0,75,171,9,0,180
40697,300,"ȘCOALA GIMNAZIALĂ BUDILA",BUDILA,BV,1133,5,0,0,5,17,1,0,18,29,5,0,34,37,5,0,42,83,6,0,89,103,10,0,113
40697,301,"PRIMĂRIA COMUNEI BUDILA",BUDILA,BV,940,1,0,0,1,5,1,0,6,17,1,0,18,19,1,0,20,71,4,0,75,155,7,0,162
40713,302,"PRIMĂRIA BUNEŞTI",BUNEŞTI,BV,617,1,2,0,3,6,2,0,8,16,8,0,24,28,8,0,36,58,13,0,71,87,24,0,111
40722,303,"ŞCOALA PRIMARĂ CRIȚ",CRIŢ,BV,545,3,0,0,3,3,0,0,3,7,0,0,7,9,2,0,11,37,6,0,43,59,8,0,67
40731,304,"CĂMINUL CULTURAL MEŞENDORF",MEŞENDORF,BV,286,2,0,0,2,2,1,0,3,4,1,0,5,5,1,0,6,11,3,0,14,14,8,0,22
40740,305,"ŞCOALA PRIMARĂ ROADEŞ",ROADEŞ,BV,251,4,0,0,4,10,0,0,10,12,0,0,12,13,0,0,13,25,0,0,25,31,1,0,32
40759,306,"ŞCOALA PRIMARĂ VISCRI",VISCRI,BV,365,0,0,0,0,3,8,0,11,5,8,0,13,7,8,0,15,32,17,0,49,43,18,0,61
40777,307,"CĂMINUL CULTURAL CAŢA",CAŢA,BV,1034,2,0,0,2,23,0,0,23,27,2,0,29,28,2,0,30,68,7,0,75,115,8,0,123
40786,308,"ŞCOALA GENERALĂ BEIA",BEIA,BV,328,0,0,0,0,6,1,0,7,9,1,0,10,11,1,0,12,25,6,0,31,36,11,0,47
40795,309,"GRĂDINIŢA DRĂUŞENI",DRĂUŞENI,BV,406,1,0,0,1,6,0,0,6,12,0,0,12,12,0,0,12,27,0,0,27,33,4,0,37
40802,310,"CĂMINUL CULTURAL IONEŞTI",IONEŞTI,BV,104,0,0,0,0,3,1,0,4,5,3,0,8,6,3,0,9,14,4,0,18,18,4,0,22
40811,311,"ŞCOALA GENERALĂ PALOŞ",PALOŞ,BV,193,0,0,0,0,3,2,0,5,4,4,0,8,6,6,0,12,29,18,0,47,38,20,0,58
40839,312,"CAMINUL CULTURAL CINCU",CINCU,BV,1292,9,53,0,62,26,159,0,185,45,214,0,259,93,255,0,348,120,263,0,383,171,311,0,482
40848,313,"ȘCOALA GENERALĂ TOARCLA",TOARCLA,BV,281,3,1,0,4,3,2,0,5,4,2,0,6,6,2,0,8,20,4,0,24,39,8,0,47
40866,314,"CĂMINUL CULTURAL COMĂNA DE JOS","COMANA DE JOS",BV,848,5,0,0,5,10,6,0,16,14,6,0,20,18,6,0,24,68,9,0,77,83,15,0,98
40875,315,"CĂMINUL CULTURAL COMĂNA DE SUS","COMANA DE SUS",BV,288,0,2,0,2,6,8,0,14,9,11,0,20,11,12,0,23,34,33,1,68,48,36,1,85
40884,316,"CĂMINUL CULTURAL CRIHALMA",CRIHALMA,BV,563,5,0,0,5,15,1,0,16,18,4,0,22,30,6,0,36,112,12,0,124,191,14,0,205
40893,317,"CĂMINUL CULTURAL TICUŞU NOU","TICUŞU NOU",BV,460,3,0,0,3,12,0,0,12,13,1,0,14,21,7,0,28,65,12,0,77,86,16,0,102
40919,318,"GRADINITA DE COPII CRISTIAN",CRISTIAN,BV,1527,11,4,0,15,36,27,0,63,67,38,0,105,82,41,0,123,186,64,0,250,230,80,0,310
40919,319,"CAMINUL CULTURAL NR. 1",CRISTIAN,BV,1262,7,1,0,8,28,5,0,33,47,6,0,53,64,8,0,72,146,14,0,160,178,21,0,199
40919,320,"SCOALA GENERALA, CORP B",CRISTIAN,BV,1589,8,4,0,12,59,15,0,74,79,17,0,96,99,17,0,116,236,32,0,268,294,40,0,334
41051,321,"CĂMINUL CULTURAL",CRIZBAV,BV,1326,4,4,0,8,33,7,0,40,45,9,0,54,60,15,0,75,200,24,0,224,339,35,0,374
41060,322,"ŞCOALA PRIMARĂ CUTUŞ",CUTUŞ,BV,559,6,0,0,6,24,0,0,24,26,0,0,26,36,0,0,36,110,5,0,115,195,11,0,206
42254,323,"PRIMĂRIA DRĂGUŞ",DRĂGUŞ,BV,936,6,0,0,6,16,0,0,16,21,5,0,26,39,5,0,44,117,16,0,133,147,27,0,174
40937,324,"PRIMĂRIA COMUNEI DUMBRĂVIŢA",DUMBRĂVIŢA,BV,1603,8,0,0,8,25,7,0,32,50,8,0,58,74,10,0,84,152,17,0,169,200,20,0,220
40937,325,"GRĂDINIŢA CU PROGRAM NORMAL DUMBRĂVIŢA",DUMBRĂVIŢA,BV,1758,6,0,0,6,31,3,0,34,65,5,0,70,103,5,0,108,210,14,0,224,252,19,0,271
40946,326,"ŞCOALA GENERALĂ SAT VLĂDENI",VLĂDENI,BV,720,11,4,0,15,27,7,0,34,51,12,0,63,60,16,0,76,130,31,0,161,165,40,0,205
40964,327,"CĂMINUL CULTURAL FELDIOARA",FELDIOARA,BV,1822,12,0,0,12,56,2,0,58,85,10,0,95,99,11,0,110,201,20,0,221,252,23,0,275
40964,328,"LICEUL TEORETIC PETRU RAREȘ FELDIOARA",FELDIOARA,BV,1318,9,0,0,9,39,2,0,41,48,2,0,50,79,2,0,81,182,3,0,185,237,4,0,241
40964,329,"LICEUL TEORETIC PETRU RAREȘ FELDIOARA",FELDIOARA,BV,1198,9,2,0,11,39,3,0,42,50,3,0,53,68,3,0,71,174,5,0,179,231,9,2,242
40982,330,"CĂMINUL CULTURAL ROTBAV",ROTBAV,BV,1051,4,0,0,4,27,2,0,29,31,5,0,36,49,13,0,62,137,25,0,162,194,41,0,235
40973,331,"CĂMINUL CULTURAL RECONSTRUCŢIA","COLONIA RECONSTRUCŢIA",BV,590,11,4,0,15,19,4,0,23,24,4,0,28,27,4,0,31,59,6,0,65,73,9,0,82
41006,332,"ŞCOALA GENERALĂ FUNDATA",FUNDATA,BV,456,4,2,0,6,12,11,0,23,19,16,0,35,30,16,0,46,88,40,0,128,112,55,0,167
41024,333,"ŞCOALA GENERALĂ ŞIRNEA",ŞIRNEA,BV,216,1,3,0,4,3,13,0,16,7,24,0,31,9,25,0,34,34,37,0,71,41,46,0,87
41042,334,"CĂMINUL CULTURAL",HĂLCHIU,BV,1508,4,0,0,4,23,3,0,26,42,7,0,49,53,7,0,60,147,13,0,160,195,18,0,213
41042,335,"LOCAȚIA KREDENT",HĂLCHIU,BV,1464,3,1,0,4,18,8,0,26,30,10,0,40,40,10,0,50,164,24,0,188,222,34,0,256
41079,336,"CAMIN CULTURAL","SATU NOU",BV,989,12,1,0,13,26,5,0,31,35,6,0,41,46,7,0,53,87,11,0,98,109,16,0,125
41104,337,"CĂMINUL CULTURAL","PODU OLTULUI",BV,644,11,1,0,12,21,6,0,27,25,9,0,34,34,12,0,46,74,26,0,100,94,40,0,134
41097,338,"SCOALA GIMNAZIALA HARMAN",HĂRMAN,BV,1669,11,1,0,12,35,2,0,37,59,5,0,64,69,7,0,76,150,16,0,166,207,22,0,229
41097,339,"SCOALA GIMNAZIALA HARMAN",HĂRMAN,BV,1579,10,0,0,10,35,1,0,36,56,2,0,58,60,2,0,62,157,7,0,164,200,11,0,211
41097,340,"SCOALA GIMNAZIALA HARMAN",HĂRMAN,BV,1490,16,5,0,21,51,10,0,61,65,15,0,80,75,16,0,91,177,32,0,209,223,37,0,260
41122,341,"ŞCOALA GIMNAZIALĂ PROF.DR. IOAN CERGHIT HÂRSENI",HÂRSENI,BV,480,7,1,0,8,27,4,0,31,40,6,0,46,60,7,0,67,112,15,0,127,149,20,2,171
41168,342,"GRĂDINIȚA SEBEȘ",SEBEŞ,BV,653,3,0,0,3,11,2,0,13,19,3,0,22,29,4,0,33,53,14,0,67,92,22,0,114
41159,343,"GRĂDINIȚA MĂRGINENI",MĂRGINENI,BV,246,5,5,0,10,19,7,0,26,26,11,0,37,37,11,0,48,79,28,0,107,97,38,0,135
41131,344,"GRĂDINIȚA COPĂCEL",COPĂCEL,BV,511,1,1,0,2,2,1,0,3,4,3,0,7,12,5,0,17,55,11,0,66,71,19,0,90
41186,345,"CĂMINUL CULTURAL HOGHIZ",HOGHIZ,BV,1016,7,2,0,9,17,4,0,21,23,7,0,30,29,8,0,37,53,12,0,65,73,14,0,87
41186,346,"CĂMINUL CULTURAL HOGHIZ",HOGHIZ,BV,795,2,2,0,4,12,4,0,16,18,4,0,22,22,5,0,27,60,8,0,68,63,8,0,71
41195,347,"CĂMINUL CULTURAL BOGATA","BOGATA OLTEANĂ",BV,329,3,1,0,4,6,1,0,7,13,3,0,16,16,3,0,19,39,6,0,45,87,15,0,102
41202,348,"ȘCOALA GIMNAZIALĂ ""ARON PUMNU"" CUCIULATA",CUCIULATA,BV,1142,2,0,0,2,15,6,0,21,22,8,0,30,27,9,0,36,80,17,0,97,163,25,0,188
41211,349,"CĂMINUL CULTURAL DOPCA",DOPCA,BV,407,5,3,0,8,13,3,0,16,13,3,0,16,17,3,0,20,33,4,0,37,38,4,0,42
41220,350,"CĂMUNUL CULTURAL FÂNTÂNA",FÂNTÂNA,BV,214,0,0,0,0,3,2,0,5,5,3,0,8,11,4,0,15,22,5,0,27,41,5,0,46
41239,351,"CĂMINUL CULTURAL LUPŞA",LUPŞA,BV,79,0,0,0,0,2,0,0,2,3,0,0,3,3,2,0,5,6,4,0,10,11,8,0,19
42423,352,"PRIMARIA COMUNEI HOLBAV",HOLBAV,BV,1028,8,2,0,10,43,3,0,46,66,4,0,70,105,6,0,111,224,14,0,238,286,19,0,305
41257,353,"CAMIN CULTURAL HOMOROD",HOMOROD,BV,1179,5,0,0,5,17,1,0,18,34,4,0,38,44,5,0,49,94,14,0,108,120,14,0,134
41275,354,"CAMIN CULTURAL MERCHEASA",MERCHEAŞA,BV,413,2,0,0,2,24,2,0,26,29,3,0,32,34,5,0,39,51,8,0,59,66,9,0,75
41266,355,"CAMIN CULTURAL JIMBOR",JIMBOR,BV,381,3,0,0,3,3,1,0,4,3,1,0,4,14,1,0,15,24,4,0,28,25,5,0,30
41293,356,"ŞCOALA GENERALĂ JIBERT",JIBERT,BV,627,1,0,0,1,4,0,0,4,7,0,0,7,11,0,0,11,44,3,0,47,63,4,0,67
41300,357,"ŞCOALA GENERALĂ DACIA",DACIA,BV,607,0,0,0,0,13,0,0,13,19,0,0,19,20,1,0,21,44,3,0,47,64,8,0,72
41328,358,"ŞCOALA GENERALĂ LOVNIC",LOVNIC,BV,437,3,3,0,6,5,3,0,8,7,3,0,10,8,3,0,11,32,8,0,40,43,10,0,53
41319,359,"ŞCOALA GENERALĂ GRÎNARI",GRÎNARI,BV,292,2,0,0,2,7,2,0,9,9,2,0,11,10,2,0,12,25,3,0,28,29,5,0,34
41337,360,"ŞCOALA GENERALĂ VĂLENI",VĂLENI,BV,136,3,1,0,4,11,5,0,16,11,6,0,17,19,9,0,28,40,14,0,54,50,22,0,72
41355,361,"CĂMINUL CULTURAL LISA",LISA,BV,875,4,0,0,4,14,5,0,19,20,7,0,27,36,10,0,46,119,27,0,146,234,45,0,279
41364,362,"CĂMINUL CULTURAL BREAZA",BREAZA,BV,559,3,2,0,5,6,8,0,14,10,12,0,22,24,17,0,41,81,35,0,116,128,49,0,177
41391,363,"CAMINUL CULTURAL MAIERUS",MĂIERUŞ,BV,1451,8,0,0,8,37,1,0,38,50,1,0,51,77,1,0,78,145,6,0,151,187,7,0,194
41408,364,"CAMINUL CULTURAL ARINI",ARINI,BV,761,7,1,0,8,13,3,0,16,16,3,0,19,22,3,0,25,65,10,0,75,89,11,0,100
41426,365,"SCOALA GENERALA MÂNDRA",MÂNDRA,BV,950,1,0,0,1,13,5,0,18,33,8,0,41,42,8,0,50,101,19,0,120,164,36,0,200
41435,366,"AŞEZAMÂNT CULTURAL",ILENI,BV,642,8,2,0,10,22,6,0,28,24,10,0,34,47,14,0,61,107,29,0,136,151,38,0,189
41444,367,"AŞEZAMÂNT CULTURAL",RÂUŞOR,BV,426,0,0,0,0,4,4,0,8,12,11,0,23,15,13,0,28,49,23,0,72,71,26,0,97
41462,368,"AŞEZAMÂNT CULTURAL",TODERIŢA,BV,231,3,2,0,5,9,5,0,14,13,10,0,23,20,10,0,30,41,24,0,65,45,30,0,75
41453,369,"AŞEZAMÂNT CULTURAL",ŞONA,BV,195,0,1,0,1,3,5,0,8,10,13,0,23,12,15,0,27,18,21,0,39,36,26,0,62
41480,370,"PRIMĂRIA COMUNEI MOIECIU","MOIECIU DE JOS",BV,1064,7,5,0,12,21,25,0,46,35,28,0,63,64,35,0,99,123,67,0,190,172,70,0,242
41480,371,"PRIMĂRIA COMUNEI MOIECIU","MOIECIU DE JOS",BV,1252,5,0,0,5,31,16,0,47,45,18,0,63,76,21,0,97,160,63,0,223,217,69,0,286
41523,372,"ŞCOALA GIMNAZIALĂ MOIECIU DE SUS","MOIECIU DE SUS",BV,768,1,0,0,1,4,13,0,17,11,28,0,39,25,29,0,54,87,50,0,137,151,57,0,208
41532,373,"ŞCOALA GIMNAZIALĂ PEȘTERA",PEŞTERA,BV,364,0,0,0,0,28,6,0,34,29,7,0,36,34,8,0,42,59,17,0,76,73,25,0,98
41514,374,"ŞCOALA GIMNAZIALĂ MĂGURA",MĂGURA,BV,428,2,1,0,3,4,2,0,6,15,4,0,19,27,6,0,33,76,10,0,86,104,17,0,121
41550,375,"DISPENSAR MEDICAL ORMENIŞ",ORMENIŞ,BV,1555,3,0,0,3,22,4,0,26,32,4,0,36,38,4,0,42,99,9,0,108,139,11,0,150
41587,376,"CĂMINUL CULTURAL PĂRĂU",PĂRĂU,BV,506,4,0,0,4,13,2,0,15,14,2,0,16,25,2,0,27,63,19,0,82,72,23,0,95
41596,377,"ŞCOALA PRIMARĂ GRID",GRID,BV,250,4,0,0,4,5,7,0,12,7,7,0,14,9,8,0,17,22,15,0,37,36,25,0,61
41603,378,"CLĂDIREA FOSTEI PRIMĂRII","VENEŢIA DE JOS",BV,577,8,0,0,8,17,2,0,19,19,3,0,22,25,4,0,29,64,14,0,78,89,21,0,110
41612,379,"CLĂDIREA FOSTEI PRIMĂRII","VENEŢIA DE SUS",BV,368,2,5,0,7,9,6,0,15,26,8,0,34,30,9,0,39,64,17,0,81,96,23,0,119
41630,380,"ȘCOALA GIMNAZIALĂ NR.1 CORP A2","POIANA MĂRULUI",BV,1266,12,0,0,12,41,6,0,47,68,8,0,76,112,13,0,125,309,22,0,331,405,25,0,430
41630,381,"ȘCOALĂ GIMNAZIALĂNR.1 CORP B","POIANA MĂRULUI",BV,1117,2,2,0,4,22,2,0,24,47,4,0,51,74,4,0,78,283,13,0,296,264,24,0,288
41630,382,"ȘCOALĂ GIMNAZIALĂ NR. 2ÎNTRE-VAI","POIANA MĂRULUI",BV,278,4,4,0,8,5,4,0,9,7,5,0,12,13,6,0,19,37,8,0,45,41,10,0,51
41676,383,"ȘCOALA GIMNAZIALĂ PREJMER, STR.ȘCOLII, NR.1, CORP A, PARTER",PREJMER,BV,1603,3,1,0,4,27,6,0,33,36,8,0,44,47,11,0,58,130,27,0,157,189,35,0,224
41676,384,"ȘCOALA GIMNAZIALĂ PREJMER, STR.ȘCOLII, NR.1, CORP A, PARTER",PREJMER,BV,1815,8,0,0,8,41,2,0,43,63,5,0,68,73,5,0,78,166,13,0,179,215,21,0,236
41676,385,"ȘCOALA GIMNAZIALĂ PREJMER, STR.ȘCOLII, NR.1, CORP A, PARTER",PREJMER,BV,1721,7,3,0,10,38,7,0,45,50,7,0,57,56,7,0,63,207,23,0,230,269,28,0,297
41685,386,"SCOALA GIMNAZIALA LUNCA CALNICULUI SAT","LUNCA CALNICULUI",BV,1271,6,2,0,8,24,7,0,31,47,8,0,55,94,10,0,104,218,20,0,238,306,24,0,330
41685,387,"SCOALA GIMNAZIALA LUNCA CALNICULUI COLONIE","LUNCA CALNICULUI",BV,1330,6,5,0,11,54,7,0,61,75,8,0,83,83,8,0,91,169,19,0,188,216,27,1,244
41729,388,"CAMIN CULTURAL",MATEIAŞ,BV,393,5,0,0,5,10,3,0,13,10,4,0,14,11,4,0,15,44,10,0,54,60,12,0,72
41710,389,"SCOALA GENERALA „BETHLEN SAMUEL”",RACOŞ,BV,1092,0,1,0,1,6,1,0,7,6,1,0,7,7,1,0,8,19,3,0,22,38,5,0,43
41710,390,"PRIMĂRIA COMUNEI RACOS",RACOŞ,BV,1028,1,0,0,1,12,1,0,13,15,1,0,16,18,1,0,19,33,1,0,34,47,4,0,51
41747,391,"CĂMINUL CULTURAL RECEA",RECEA,BV,1584,2,2,0,4,24,9,0,33,51,15,0,66,59,16,0,75,166,61,0,227,238,88,0,326
41756,392,"GRĂDINIŢA BERIVOI",BERIVOI,BV,471,4,1,0,5,12,7,0,19,18,10,0,28,25,11,0,36,73,30,0,103,93,40,0,133
41809,393,"CĂMINUL CULTURAL SĂVĂSTRENI",SĂVĂSTRENI,BV,568,2,1,0,3,11,1,0,12,20,7,0,27,24,7,0,31,106,33,0,139,151,37,0,188
42361,394,"SCOALA GENERALA","SÂMBĂTA DE SUS",BV,1304,28,6,0,34,52,14,0,66,76,16,0,92,92,22,0,114,239,54,0,293,345,70,0,415
41934,395,"ŞCOALA GIMNAZIALĂ SÂNPETRU",SÎNPETRU,BV,1516,7,1,0,8,36,6,0,42,65,10,0,75,76,12,0,88,163,19,0,182,199,28,0,227
41934,396,"GRADINITA CU PROGRAM NORMAL 4ORE SANPETRU",SÎNPETRU,BV,1493,7,0,0,7,40,9,0,49,62,19,0,81,75,19,0,94,182,38,0,220,220,54,0,274
41934,397,"CĂMINUL CULTURAL AL BISERICII ORTODOXE",SÎNPETRU,BV,1452,8,3,0,11,52,6,0,58,73,7,0,80,96,10,0,106,171,25,0,196,207,40,0,247
41827,398,"CĂMIN CULTURAL ŞERCAIA",ŞERCAIA,BV,1405,2,1,0,3,11,2,0,13,25,3,0,28,43,4,0,47,92,15,0,107,113,18,0,131
41845,399,"CĂMIN CULTURAL VAD",VAD,BV,447,4,0,0,4,16,1,0,17,34,3,0,37,41,4,0,45,73,18,0,91,104,26,0,130
41836,400,"FOSTUL SEDIU CAP",HĂLMEAG,BV,401,0,2,0,2,7,2,0,9,11,2,0,13,14,3,0,17,18,7,0,25,21,7,0,28
41916,401,"ȘCOALĂ GENERALĂ",VÂLCEA,BV,180,1,0,0,1,8,1,0,9,10,1,0,11,11,2,0,13,20,5,0,25,33,5,0,38
41872,402,"CĂMINUL CULTURAL",BUCIUM,BV,213,2,1,0,3,7,4,0,11,9,7,0,16,10,7,0,17,32,17,0,49,45,21,0,66
41881,403,"CĂMINUL CULTURAL",OHABA,BV,274,1,3,0,4,9,6,0,15,15,11,0,26,26,15,0,41,40,26,0,66,54,27,0,81
41890,404,"CĂMINUL CULTURAL",PERŞANI,BV,884,5,2,0,7,17,4,0,21,34,6,0,40,40,7,0,47,104,28,0,132,324,52,0,376
41907,405,"CĂMINUL CULTURAL",ŞERCĂIŢA,BV,575,7,2,0,9,18,6,0,24,25,8,0,33,47,11,0,58,73,16,0,89,96,23,0,119
41863,406,PRIMĂRIE,"ŞINCA VECHE",BV,708,1,2,0,3,8,6,0,14,15,8,0,23,30,11,0,41,70,32,0,102,99,43,0,142
41658,407,"CĂMINUL CULTURAL","ŞINCA NOUĂ",BV,964,14,1,0,15,59,6,0,65,83,9,0,92,114,18,0,132,307,23,0,330,392,33,3,428
41658,408,"ȘCOALĂ GENERALĂ","ŞINCA NOUĂ",BV,182,1,0,0,1,2,1,0,3,7,5,0,12,11,6,0,17,39,12,0,51,55,12,0,67
41649,409,"ȘCOALA PRIMARĂ PALTIN",PALTIN,BV,136,2,0,0,2,8,3,0,11,10,7,0,17,15,10,0,25,40,25,0,65,55,34,0,89
41952,410,"PRIMĂRIA COMUNEI ȘOARȘ",ŞOARŞ,BV,499,4,1,0,5,16,2,0,18,16,2,0,18,20,2,0,22,67,9,0,76,83,9,0,92
41970,411,"ȘCOALA GENERALĂ FELMER",FELMER,BV,376,12,5,0,17,21,8,0,29,28,10,0,38,35,10,0,45,52,17,0,69,57,18,0,75
41961,412,"ȘCOALA GENERALĂ BĂRCUT",BĂRCUT,BV,346,7,1,0,8,12,1,0,13,14,3,0,17,17,5,0,22,37,5,0,42,61,11,0,72
41989,413,"ȘCOALA GENERALĂ RODBAV",RODBAV,BV,259,0,0,0,0,4,1,0,5,7,3,0,10,9,3,0,12,27,5,0,32,32,5,0,37
41998,414,"CĂMINUL CULTURAL ORTODOX SELIȘTAT",SELIŞTAT,BV,173,2,2,0,4,4,4,0,8,5,4,0,9,5,4,0,9,12,14,0,26,18,14,0,32
42012,415,"CAMIN CULTURAL",TĂRLUNGENI,BV,1712,9,3,0,12,17,9,0,26,53,10,0,63,63,13,0,76,127,17,0,144,214,24,1,239
42012,416,"GRADINITA PROGRAM PRELUNGIT",TĂRLUNGENI,BV,1837,7,0,0,7,20,2,0,22,37,2,0,39,52,2,0,54,141,10,0,151,232,16,0,248
42030,417,"SCOALA GENERALA PURCARENI",PURCĂRENI,BV,1241,6,1,0,7,31,1,0,32,40,6,0,46,50,7,0,57,127,11,0,138,152,16,0,168
42049,418,"SCOALA GENERALA ZIZIN",ZIZIN,BV,1000,7,4,0,11,18,4,0,22,26,4,0,30,30,4,0,34,118,4,0,122,267,8,0,275
42049,419,"SCOALA GENERALA ZIZIN",ZIZIN,BV,1091,7,0,0,7,21,4,0,25,30,4,0,34,48,4,0,52,132,15,0,147,312,16,0,328
42021,420,"SCOALA GENERALA CARPINIS",CĂRPINIŞ,BV,402,6,2,0,8,22,4,0,26,31,11,0,42,46,14,0,60,83,25,0,108,98,30,0,128
42067,421,"ȘCOALĂ GENERALĂ TELIU",TELIU,BV,1321,0,3,0,3,15,5,0,20,16,8,0,24,22,8,0,30,80,9,0,89,153,10,0,163
42067,422,"CĂMINUL CULTURAL TELIU",TELIU,BV,1073,2,0,0,2,13,0,0,13,18,3,0,21,23,3,0,26,52,10,0,62,73,15,0,88
42067,423,"ȘCOALĂ GENERALĂ TELIU VALE",TELIU,BV,800,0,1,0,1,4,3,0,7,7,6,0,13,27,8,0,35,86,15,0,101,114,19,1,134
42085,424,"CĂMINUL CULTURAL TICUŞU VECHI","TICUŞU VECHI",BV,584,0,1,0,1,2,1,0,3,6,2,0,8,6,2,0,8,26,7,0,33,43,8,0,51
42094,425,"ŞCOALA PRIMARĂ COBOR",COBOR,BV,186,0,1,0,1,1,3,0,4,1,3,0,4,3,3,0,6,6,6,0,12,10,7,0,17
42110,426,"SEDIUL PRIMARIEI COMUNEI UCEA","UCEA DE JOS",BV,698,6,4,0,10,15,6,0,21,27,9,0,36,35,14,0,49,94,24,0,118,118,27,1,146
42147,427,"CAMINUL CULTURAL UCEA DE SUS","UCEA DE SUS",BV,822,11,0,0,11,26,7,0,33,43,13,0,56,73,14,0,87,141,24,0,165,178,31,0,209
42138,428,"CAMINUL CULTURALFELDIOARA",FELDIOARA,BV,173,0,0,0,0,4,6,0,10,4,6,0,10,5,6,0,11,23,14,0,37,34,16,0,50
42129,429,"CAMINUL CULTURAL CORBI",CORBI,BV,166,0,0,0,0,2,1,0,3,7,3,0,10,9,3,0,12,21,16,0,37,23,17,0,40
42165,430,"ŞCOALA GENERALĂ UNGRA",UNGRA,BV,1097,11,0,0,11,15,0,0,15,19,1,0,20,24,1,0,25,58,7,0,65,69,10,0,79
42174,431,"GRĂDINIŢA DĂIŞOARA",DĂIŞOARA,BV,577,7,2,0,9,15,3,0,18,27,4,0,31,51,4,0,55,124,11,0,135,204,14,0,218
42192,432,"ANEXĂ PRIMARIE","VAMA BUZĂULUI",BV,1354,6,3,0,9,22,5,0,27,30,6,0,36,49,11,0,60,131,13,0,144,165,18,0,183
42209,433,"CENTRUL LOCAL DE INFORMARE ȘI PROMOVARE TURISTICĂ VAMA BUZĂULUI",ACRIŞ,BV,959,2,0,0,2,6,11,0,17,9,11,0,20,17,11,0,28,117,24,0,141,148,26,0,174
42218,434,"ŞCOALA PRIMARĂ BUZĂIEL",BUZĂIEL,BV,458,2,4,0,6,9,4,0,13,9,4,0,13,13,4,0,17,31,5,0,36,34,5,0,39
42245,435,"PRIMĂRIA COMUNEI VIŞTEA","VIŞTEA DE JOS",BV,631,4,3,0,7,14,4,0,18,23,5,0,28,39,12,0,51,65,27,0,92,85,32,0,117
42281,436,"GRĂDINIŢA VIŞTEA DE SUS","VIŞTEA DE SUS",BV,490,1,4,0,5,23,8,0,31,28,11,0,39,42,17,0,59,73,28,0,101,82,31,0,113
42263,437,"ŞCOALA GENERALĂ OLTEŢ",OLTEŢ,BV,291,1,0,0,1,2,4,0,6,7,5,0,12,7,9,0,16,32,18,0,50,54,31,0,85
42272,438,"GRADINIŢA RUCĂR",RUCĂR,BV,323,7,3,0,10,11,3,0,14,12,5,0,17,17,6,0,23,52,14,0,66,65,17,0,82
42316,439,"PRIMARIA VOILA",VOILA,BV,622,3,1,0,4,17,3,0,20,27,4,0,31,37,6,0,43,106,19,4,129,132,24,4,160
42325,440,"CAMINUL CULTURAL CINCSOR",CINCŞOR,BV,654,0,0,0,0,5,6,0,11,14,9,0,23,18,11,0,29,40,18,0,58,62,23,0,85
42334,441,"CAMINUL CULTURAL DRIDIF",DRIDIF,BV,340,6,0,0,6,15,6,0,21,23,13,0,36,31,14,0,45,63,27,0,90,92,37,0,129
42343,442,"CAMINUL CULTURAL LUDISOR",LUDIŞOR,BV,152,0,0,0,0,2,5,0,7,7,7,0,14,8,10,0,18,30,29,1,60,36,34,1,71
42352,443,"CAMINUL CULTURAL SAMBATA DE JOS","SÂMBĂTA DE JOS",BV,427,1,0,0,1,7,1,0,8,11,4,0,15,19,4,0,23,60,14,0,74,91,33,0,124
42389,444,"CAMINUL CULTURAL VOIVODENII MARI",VOIVODENI,BV,347,4,0,0,4,10,1,0,11,18,4,0,22,29,5,0,34,79,45,0,124,102,63,2,167
42405,445,"CAMINUL CULTURAL VULCAN",VULCAN,BV,1682,9,1,0,10,50,5,0,55,97,7,0,104,120,7,0,127,241,26,0,267,294,29,0,323
42405,446,"CAMINUL CULTURAL VULCAN",VULCAN,BV,1579,2,0,0,2,14,0,0,14,26,0,0,26,40,0,0,40,138,2,0,140,185,2,0,187
42414,447,"CAMINUL CULTURAL 1 MAI","COLONIA 1 MAI",BV,678,6,1,0,7,20,2,0,22,44,4,0,48,62,9,0,71,161,9,0,170,176,13,0,189
41934,448,"GRADINITA CU PROGRAM NORMAL 8 ORESÎNPETRU",SÎNPETRU,BV,1469,7,1,0,8,43,4,0,47,70,6,0,76,78,6,0,84,154,18,0,172,200,28,0,228
40376,449,"GRUP ȘCOLAR INDUSTRIAL RÂȘNOV",RÂŞNOV,BV,1035,13,0,0,13,38,4,0,42,53,4,0,57,65,4,0,69,133,7,0,140,172,9,0,181
44827,1,"ŞCOALA GIMNAZIALĂ ""EP.DIONISIE ROMANO""",BUZĂU,BZ,1556,34,1,0,35,102,11,0,113,134,13,0,147,171,16,0,187,299,21,0,320,356,30,0,386
44827,2,"ŞCOALA GIMNAZIALĂ NR.11",BUZĂU,BZ,1391,19,1,0,20,71,3,0,74,105,5,0,110,121,5,0,126,217,5,0,222,261,6,0,267
44827,3,"ŞCOALA GIMNAZIALĂ NR.11",BUZĂU,BZ,1599,17,0,0,17,94,2,0,96,133,3,0,136,160,3,0,163,262,8,0,270,332,10,0,342
44827,4,"ŞCOALA GIMNAZIALĂ NR.11",BUZĂU,BZ,1681,23,1,0,24,121,1,0,122,159,3,0,162,187,3,0,190,297,13,0,310,353,16,0,369
44827,5,"ŞCOALA GIMNAZIALĂ NR.11",BUZĂU,BZ,1477,23,1,0,24,86,1,14,101,117,3,14,134,128,4,14,146,238,9,14,261,295,13,14,322
44827,6,"DIRECŢIA DE ASISTENŢĂ SOCIALĂ",BUZĂU,BZ,1063,23,2,0,25,54,6,0,60,86,7,0,93,100,9,0,109,185,9,0,194,219,10,0,229
44827,7,"DIRECŢIA DE ASISTENŢĂ SOCIALĂ",BUZĂU,BZ,1137,16,0,0,16,49,1,0,50,67,2,0,69,85,2,0,87,159,6,0,165,201,13,0,214
44827,8,"LICEUL TEHNOLOGIC ""GRIGORE MOISIL""",BUZĂU,BZ,1651,22,4,0,26,67,5,0,72,96,5,0,101,109,5,0,114,212,10,0,222,273,10,0,283
44827,9,"LICEUL TEHNOLOGIC ""GRIGORE MOISIL""",BUZĂU,BZ,1455,15,4,0,19,40,7,0,47,63,8,0,71,82,8,0,90,168,13,0,181,245,16,0,261
44827,10,"LICEUL TEHNOLOGIC ""GRIGORE MOISIL""",BUZĂU,BZ,1321,12,0,0,12,51,1,0,52,72,1,0,73,87,1,0,88,161,3,0,164,209,4,0,213
44827,11,"LICEUL TEHNOLOGIC ""GRIGORE MOISIL""",BUZĂU,BZ,1488,12,5,0,17,54,7,0,61,87,7,0,94,100,7,0,107,190,12,0,202,237,12,0,249
44827,12,"COLEGIULUNIVERSITAR ECONOMIC",BUZĂU,BZ,1639,13,0,0,13,50,0,0,50,87,4,0,91,106,4,0,110,214,8,0,222,293,17,0,310
44827,13,"ŞCOALA GIMNAZIALĂ NR. 7",BUZĂU,BZ,1823,15,2,0,17,57,2,0,59,80,4,0,84,92,4,0,96,166,8,0,174,244,13,0,257
44827,14,"ŞCOALA GIMNAZIALĂ NR. 7",BUZĂU,BZ,1781,17,3,0,20,87,5,0,92,113,6,0,119,145,6,0,151,286,6,0,292,354,6,0,360
44827,15,"ŞCOALA GIMNAZIALĂ ""GENERAL GRIGORE BAŞTAN""",BUZĂU,BZ,974,5,0,0,5,31,6,0,37,52,8,0,60,71,9,0,80,124,12,0,136,156,17,0,173
44827,16,"ŞCOALA GIMNAZIALĂ ""GENERAL GRIGORE BAŞTAN""",BUZĂU,BZ,948,11,6,0,17,31,8,0,39,54,10,0,64,67,10,0,77,129,13,0,142,162,13,0,175
44827,17,"ŞCOALA GIMNAZIALĂ ""GENERAL GRIGORE BAŞTAN""",BUZĂU,BZ,1779,19,0,0,19,59,0,0,59,101,2,0,103,119,7,0,126,224,9,0,233,292,9,0,301
44827,18,"ŞCOALA GIMNAZIALĂ ""GENERAL GRIGORE BAŞTAN""",BUZĂU,BZ,1309,8,0,0,8,37,1,0,38,50,5,0,55,75,5,0,80,145,5,0,150,208,6,0,214
44827,19,"LICEUL TEORETIC ""ALEXANDRU MARGHILOMAN""",BUZĂU,BZ,1398,7,2,0,9,37,3,0,40,68,8,0,76,80,8,0,88,145,13,0,158,206,18,0,224
44827,20,"LICEUL TEORETIC ""ALEXANDRU MARGHILOMAN""",BUZĂU,BZ,1299,9,1,0,10,42,3,0,45,77,5,0,82,99,5,0,104,179,12,0,191,229,12,0,241
44827,21,"LICEUL TEORETIC ""ALEXANDRU MARGHILOMAN""",BUZĂU,BZ,1427,17,0,0,17,58,5,0,63,75,7,0,82,90,7,0,97,172,8,0,180,230,14,0,244
44827,22,"LICEUL TEHNOLOGIC ""HENRI COANDĂ""",BUZĂU,BZ,1375,7,0,0,7,30,4,0,34,36,5,0,41,50,8,0,58,122,9,0,131,164,13,0,177
44827,23,"LICEUL TEHNOLOGIC ""HENRI COANDĂ""",BUZĂU,BZ,1312,3,3,0,6,16,3,0,19,28,3,0,31,29,4,0,33,70,4,0,74,124,4,0,128
44827,24,"LICEUL TEHNOLOGIC ""HENRI COANDĂ""",BUZĂU,BZ,1172,12,3,0,15,39,5,17,61,62,5,17,84,75,5,17,97,160,6,17,183,205,6,17,228
44827,25,"LICEUL TEHNOLOGIC ""HENRI COANDĂ""",BUZĂU,BZ,1368,8,0,0,8,32,0,0,32,49,3,0,52,56,4,0,60,130,5,0,135,171,7,0,178
44827,26,"ŞCOALA GIMNAZIALĂ ""ION CREANGĂ""",BUZĂU,BZ,1624,16,3,0,19,54,4,0,58,75,5,0,80,101,5,0,106,190,7,0,197,260,10,0,270
44827,27,"ŞCOALA GIMNAZIALĂ ""ION CREANGĂ""",BUZĂU,BZ,1401,16,5,0,21,52,5,0,57,71,5,0,76,101,5,0,106,195,15,0,210,245,19,0,264
44827,28,"ŞCOALA GIMNAZIALĂ ""ION CREANGĂ""",BUZĂU,BZ,1655,22,0,0,22,88,2,0,90,113,3,0,116,140,3,0,143,247,4,0,251,289,4,0,293
44827,29,"ŞCOALA GIMNAZIALĂ ""ION CREANGĂ""",BUZĂU,BZ,1394,24,1,0,25,53,1,0,54,76,1,0,77,95,1,0,96,207,2,0,209,272,9,0,281
44827,30,"COLEGIUL TEHNIC",BUZĂU,BZ,857,9,1,0,10,44,2,0,46,66,2,0,68,84,2,0,86,173,5,0,178,201,10,0,211
44827,31,"COLEGIUL TEHNIC",BUZĂU,BZ,941,5,0,0,5,41,4,0,45,48,4,0,52,61,4,0,65,140,4,0,144,177,5,0,182
44827,32,"LICEUL DE ARTE ""MARGARETA STERIAN""",BUZĂU,BZ,1527,13,5,0,18,58,7,0,65,85,8,0,93,103,9,0,112,229,13,0,242,294,13,0,307
44827,33,"COLEGIUL NAŢIONAL ""B.P. HAŞDEU""",BUZĂU,BZ,1413,15,5,0,20,54,10,0,64,74,11,1,86,125,11,1,137,228,20,4,252,279,24,4,307
44827,34,"ŞCOALA GIMNAZIALĂ ""P.H. ZANGOPOL""",BUZĂU,BZ,1016,9,0,0,9,27,1,0,28,40,4,0,44,59,7,0,66,112,12,0,124,149,14,0,163
44827,35,"ŞCOALA GIMNAZIALĂ ""P.H. ZANGOPOL""",BUZĂU,BZ,1258,14,0,0,14,53,0,0,53,71,0,0,71,89,2,0,91,161,6,0,167,227,9,0,236
44827,36,"ŞCOALA GIMNAZIALĂ ""P.H. ZANGOPOL""",BUZĂU,BZ,1595,12,0,0,12,58,4,0,62,84,10,1,95,134,10,1,145,212,11,1,224,270,11,1,282
44827,37,"LICEUL TEHNOLOGIC ""DIMITRIE FILIPESCU""",BUZĂU,BZ,1451,12,0,0,12,48,0,0,48,68,0,0,68,83,3,0,86,175,5,0,180,256,13,0,269
44827,38,"LICEUL TEHNOLOGIC ""DIMITRIE FILIPESCU""",BUZĂU,BZ,1533,10,0,0,10,25,4,0,29,46,4,0,50,59,6,0,65,115,8,0,123,169,9,0,178
44827,39,"COLEGIUL AGRICOL ""DR. C. ANGELESCU""",BUZĂU,BZ,1385,16,3,0,19,61,8,0,69,90,11,0,101,138,15,0,153,237,21,0,258,320,29,0,349
44827,40,"ŞCOALA GIMNAZIALĂ ""N.CONSTANTINESCU""",BUZĂU,BZ,1063,10,3,0,13,49,6,0,55,72,6,0,78,85,7,0,92,140,12,0,152,185,16,0,201
44827,41,"ŞCOALA GIMNAZIALĂ ""N.CONSTANTINESCU""",BUZĂU,BZ,985,9,3,0,12,41,4,0,45,59,8,0,67,68,12,0,80,132,19,0,151,173,24,0,197
44827,42,"ŞCOALA GIMNAZIALĂ ""N.CONSTANTINESCU""",BUZĂU,BZ,1685,15,0,0,15,62,1,0,63,93,1,0,94,114,1,0,115,233,4,0,237,293,9,0,302
44827,43,"GRĂDINIŢA CU PROGRAM PRELUNGIT NR. 8",BUZĂU,BZ,1017,10,0,0,10,52,0,0,52,73,0,0,73,85,1,0,86,153,2,0,155,189,3,0,192
44827,44,"GRĂDINIŢA CU PROGRAM PRELUNGIT NR. 8",BUZĂU,BZ,850,9,0,0,9,44,0,0,44,62,2,0,64,69,2,0,71,133,4,0,137,170,4,0,174
44827,45,"GRĂDINIŢA CU PROGRAM PRELUNGIT NR. 8",BUZĂU,BZ,1662,22,3,0,25,86,5,0,91,127,8,0,135,153,9,0,162,280,17,0,297,359,18,0,377
44827,46,"COLEGIUL NAŢIONAL ""M. EMINESCU""",BUZĂU,BZ,1677,12,4,0,16,56,12,0,68,87,13,0,100,99,13,0,112,219,20,0,239,273,26,0,299
44827,47,"COLEGIUL NAŢIONAL ""M. EMINESCU""",BUZĂU,BZ,1527,16,4,0,20,80,4,1,85,99,4,1,104,113,4,1,118,202,4,1,207,257,7,1,265
44827,48,"LICEUL PEDAGOGIC “SPIRU HARET”",BUZĂU,BZ,1729,24,0,0,24,89,4,0,93,140,4,0,144,149,7,0,156,259,13,0,272,334,20,0,354
44827,49,"GRĂDINIŢA CU PROGRAM PRELUNGIT NR. 1",BUZĂU,BZ,947,2,0,0,2,40,6,0,46,55,9,0,64,57,10,0,67,132,20,0,152,172,21,0,193
44827,50,"LICEUL PEDAGOGIC ""SPIRU HARET""",BUZĂU,BZ,1416,11,0,0,11,71,3,0,74,117,5,0,122,137,6,0,143,250,9,0,259,296,12,0,308
44827,51,"LICEUL PEDAGOGIC ""SPIRU HARET""",BUZĂU,BZ,1204,18,4,0,22,93,8,0,101,119,8,0,127,136,9,0,145,250,18,0,268,287,26,0,313
44827,52,"ŞCOALA GIMNAZIALĂ ""DR. GEORGE EMIL PALADE""",BUZĂU,BZ,1547,13,1,0,14,65,1,0,66,102,6,0,108,123,6,0,129,228,6,0,234,288,6,0,294
44827,53,"ŞCOALA GIMNAZIALĂ ""DR. GEORGE EMIL PALADE""",BUZĂU,BZ,1309,12,0,0,12,61,4,0,65,94,6,0,100,114,6,0,120,200,6,0,206,258,6,0,264
44827,54,"ŞCOALA GIMNAZIALĂ ""DR. GEORGE EMIL PALADE""",BUZĂU,BZ,1584,28,2,0,30,79,8,0,87,110,11,0,121,133,12,0,145,219,20,0,239,287,28,0,315
44827,55,"ŞCOALA GIMNAZIALĂ ""DR. GEORGE EMIL PALADE""",BUZĂU,BZ,1143,18,0,0,18,73,1,0,74,102,8,0,110,111,10,0,121,209,13,0,222,253,17,0,270
44827,56,"ŞCOALA GIMNAZIALĂ ""DR. GEORGE EMIL PALADE""",BUZĂU,BZ,1230,13,0,0,13,50,2,0,52,71,6,0,77,80,9,0,89,152,12,0,164,199,20,0,219
44827,57,"COLEGIUL ECONOMIC",BUZĂU,BZ,1170,19,0,0,19,94,0,0,94,122,4,0,126,136,4,0,140,220,9,0,229,257,11,0,268
44827,58,"ŞCOALA GIMNAZIALĂ ""CPT. AV. MIRCEA T. BĂDULESCU""",BUZĂU,BZ,1304,14,0,0,14,88,12,0,100,124,18,0,142,143,18,0,161,242,29,0,271,306,42,0,348
44827,59,"ŞCOALA GIMNAZIALĂ ""CPT. AV. MIRCEA T. BĂDULESCU""",BUZĂU,BZ,1494,15,2,0,17,65,3,0,68,100,8,0,108,115,12,0,127,212,24,0,236,271,24,1,296
44827,60,"ŞCOALA GIMNAZIALĂ ""CPT. AV. MIRCEA T. BĂDULESCU""",BUZĂU,BZ,1011,5,1,0,6,37,1,0,38,61,1,0,62,77,1,0,78,136,3,0,139,174,3,0,177
44827,61,"ŞCOALA GIMNAZIALĂ ""CPT. AV. MIRCEA T. BĂDULESCU""",BUZĂU,BZ,1317,11,5,0,16,69,5,0,74,94,5,0,99,102,5,0,107,198,6,0,204,257,6,0,263
44827,62,"GRĂDINIŢA CU PROGRAM PRELUNGIT NR.4",BUZĂU,BZ,1351,16,4,0,20,70,6,0,76,109,8,0,117,130,8,0,138,216,9,0,225,271,10,0,281
44827,63,"ŞCOALA GIMNAZIALĂ “N.TITULESCU”",BUZĂU,BZ,1324,13,0,0,13,59,0,0,59,96,2,0,98,122,2,0,124,235,5,0,240,279,8,0,287
44827,64,"ŞCOALA GIMNAZIALĂ “N.TITULESCU”",BUZĂU,BZ,1474,14,5,0,19,46,8,0,54,82,8,0,90,123,9,0,132,231,10,0,241,269,14,0,283
44827,65,"ŞCOALA GIMNAZIALĂ ""SF.APOSTOL ANDREI""",BUZĂU,BZ,1351,14,7,0,21,52,10,0,62,74,13,30,117,99,15,30,144,164,21,30,215,215,28,124,367
44827,66,"ŞCOALA GIMNAZIALĂ ""SF.APOSTOL ANDREI""",BUZĂU,BZ,1448,40,0,0,40,84,4,0,88,98,5,0,103,121,6,0,127,211,7,0,218,256,12,0,268
44827,67,"ŞCOALA GIMNAZIALĂ ""SF.APOSTOL ANDREI""",BUZĂU,BZ,1588,17,3,0,20,76,6,0,82,110,8,0,118,137,10,0,147,229,11,0,240,301,15,0,316
44827,68,"ŞCOALA GIMNAZIALĂ ""SF.APOSTOL ANDREI""",BUZĂU,BZ,1748,32,7,0,39,104,8,0,112,140,8,0,148,177,8,0,185,291,9,0,300,358,11,0,369
44827,69,"LICEUL CU PROGRAM SPORTIV ""I.BALAŞ-SÖTER""",BUZĂU,BZ,965,16,2,0,18,45,3,0,48,57,5,0,62,67,6,0,73,138,7,0,145,175,9,0,184
44827,70,"LICEUL CU PROGRAM SPORTIV “I.BALAŞ- SÖTER ”",BUZĂU,BZ,1319,19,0,0,19,53,0,0,53,81,0,0,81,94,1,0,95,166,1,0,167,208,3,0,211
44827,71,"LICEUL CU PROGRAM SPORTIV “I.BALAŞ- SÖTER ”",BUZĂU,BZ,1111,4,1,0,5,44,2,0,46,65,2,0,67,86,2,0,88,156,3,0,159,187,6,0,193
44827,72,"GRĂDINIŢA CU PROGRAM PRELUNGIT ""BOBOCEII DIN MICRO III""",BUZĂU,BZ,1443,24,4,0,28,72,6,0,78,115,7,0,122,137,8,0,145,242,19,0,261,314,26,0,340
44827,73,"SEMINARUL TEOLOGIC ORTODOX ""CHESARIE EPISCOPUL""",BUZĂU,BZ,1501,12,1,0,13,54,6,0,60,81,10,0,91,102,10,0,112,221,16,0,237,265,26,0,291
44827,74,"SEMINARUL TEOLOGIC ORTODOX ""CHESARIE EPISCOPUL""",BUZĂU,BZ,1690,16,2,0,18,58,3,0,61,92,11,0,103,116,12,0,128,231,23,0,254,296,27,0,323
44827,75,"LICEUL TEHNOLOGIC ""COSTIN NENIŢESCU""",BUZĂU,BZ,1956,6,0,0,6,24,3,0,27,44,5,0,49,60,8,0,68,122,12,0,134,171,15,0,186
44827,76,"LICEUL TEHNOLOGIC MESERII ŞI SERVICII",BUZĂU,BZ,1466,2,4,0,6,32,5,0,37,46,5,0,51,54,7,0,61,116,8,0,124,160,8,0,168
44827,77,"LICEUL TEHNOLOGIC MESERII ŞI SERVICII",BUZĂU,BZ,1211,6,0,0,6,26,0,0,26,42,1,0,43,59,5,0,64,98,5,0,103,131,5,0,136
44827,78,"ŞCOALA GIMNAZIALĂ “ M. KOGĂLNICEANU”",BUZĂU,BZ,1629,7,0,0,7,40,4,0,44,62,7,0,69,74,7,0,81,165,15,0,180,222,17,0,239
44827,79,"ŞCOALA GIMNAZIALĂ “ M. KOGĂLNICEANU”",BUZĂU,BZ,1736,7,0,0,7,28,1,0,29,37,1,0,38,49,1,0,50,106,7,0,113,162,11,0,173
44827,80,"ŞCOALA GIMNAZIALĂ “ M. KOGĂLNICEANU”",BUZĂU,BZ,1658,5,0,0,5,18,1,0,19,35,2,0,37,49,2,0,51,89,2,0,91,163,3,0,166
44854,81,"CENTRUL DE RECUPERARE PENTRU COPII CU DIZABILITĂŢI","RÂMNICU SĂRAT",BZ,1937,9,0,0,9,76,2,0,78,109,3,0,112,144,4,0,148,282,6,0,288,344,9,0,353
44854,82,"ŞCOALA GIMNAZIALĂ ""DR. ILIE PAVEL""","RÂMNICU SĂRAT",BZ,1740,2,0,0,2,20,0,0,20,87,0,0,87,93,0,0,93,195,0,0,195,324,0,0,324
44854,83,"ŞCOALA GIMNAZIALĂ ""VASILE CRISTOFOREANU""","RÂMNICU SĂRAT",BZ,1609,23,4,0,27,79,9,0,88,112,9,0,121,151,9,0,160,285,9,0,294,333,17,1,351
44854,84,"ŞCOALA GIMNAZIALĂ ""VASILE CRISTOFOREANU""","RÂMNICU SĂRAT",BZ,1620,26,48,0,74,73,53,0,126,106,55,0,161,137,56,0,193,232,64,2,298,310,85,2,397
44854,85,"ŞCOALA GIMNAZIALĂ ""VASILE CRISTOFOREANU""","RÂMNICU SĂRAT",BZ,1488,27,3,0,30,80,9,0,89,114,9,0,123,164,12,0,176,310,18,0,328,388,19,0,407
44854,86,"GRĂDINIŢA CU PROGRAM NORMAL ""ORIZONT""","RÂMNICU SĂRAT",BZ,1534,25,0,0,25,73,5,0,78,111,8,0,119,145,9,0,154,245,13,0,258,307,20,0,327
44854,87,"LICEUL TEHNOLOGIC ""VICTOR FRUNZĂ""","RÂMNICU SĂRAT",BZ,1657,18,0,0,18,52,2,0,54,81,3,0,84,98,5,0,103,187,6,0,193,237,8,0,245
44854,88,"LICEUL TEHNOLOGIC ""VICTOR FRUNZĂ""","RÂMNICU SĂRAT",BZ,1371,11,4,0,15,83,6,0,89,111,8,44,163,145,9,44,198,271,13,66,350,340,13,66,419
44854,89,"COLEGIUL NAŢIONAL ""ALEXANDRU VLAHUŢĂ""","RÂMNICU SĂRAT",BZ,1192,18,5,0,23,82,7,0,89,104,10,0,114,121,12,0,133,213,20,0,233,258,24,0,282
44854,90,"COLEGIUL NAŢIONAL ""ALEXANDRU VLAHUŢĂ""","RÂMNICU SĂRAT",BZ,1348,16,5,0,21,63,11,1,75,78,14,1,93,111,16,1,128,229,22,1,252,294,25,1,320
44854,91,"GRĂDINIŢA CU PROGRAM PRELUNGIT ""MUGURAŞII""","RÂMNICU SĂRAT",BZ,1497,12,4,0,16,58,10,0,68,97,10,0,107,126,10,0,136,201,13,0,214,255,20,0,275
44854,92,"GRĂDINIŢA CU PROGRAM PRELUNGIT ""LUMEA COPILĂRIEI""","RÂMNICU SĂRAT",BZ,1688,19,0,0,19,83,0,0,83,128,0,0,128,157,0,0,157,280,2,0,282,336,4,0,340
44854,93,"GRĂDINIŢA CU PROGRAM PRELUNGIT ""LUMEA COPILĂRIEI""","RÂMNICU SĂRAT",BZ,1811,17,1,0,18,65,2,0,67,89,5,0,94,113,5,0,118,227,9,0,236,293,12,0,305
44854,94,"ŞCOALA GIMNAZIALĂ NR. 6","RÂMNICU SĂRAT",BZ,1910,17,1,0,18,90,8,0,98,117,9,0,126,164,10,0,174,331,26,0,357,397,27,0,424
44854,95,"LICEUL TEORETIC ""ŞTEFAN CEL MARE""","RÂMNICU SĂRAT",BZ,1227,5,2,0,7,39,2,0,41,72,2,0,74,101,3,0,104,220,6,0,226,282,8,0,290
44854,96,"CANTINA DE AJUTOR SOCIAL","RÂMNICU SĂRAT",BZ,1340,21,4,0,25,70,4,0,74,116,4,0,120,145,6,0,151,255,7,0,262,298,11,0,309
44854,97,"ŞCOALA GIMNAZIALĂ NR. 1","RÂMNICU SĂRAT",BZ,1188,14,1,0,15,60,4,1,65,82,7,8,97,104,8,8,120,208,13,8,229,263,15,8,286
44854,98,"ŞCOALA GIMNAZIALĂ NR. 2","RÂMNICU SĂRAT",BZ,1795,14,0,0,14,63,8,16,87,94,10,16,120,117,15,16,148,194,19,16,229,264,24,16,304
44854,99,"S.C. RAFINĂRIA VENUS OILREG S.A.","RÂMNICU SĂRAT",BZ,1890,12,4,0,16,55,11,0,66,78,12,0,90,104,12,0,116,213,16,0,229,276,19,0,295
44854,100,"GRĂDINIŢA CU PROGRAM PRELUNGIT NR.2","RÂMNICU SĂRAT",BZ,1508,18,0,0,18,78,1,0,79,84,2,0,86,116,3,0,119,223,7,0,230,286,9,0,295
44854,101,"LICEUL ECONOMIC ""ELINA MATEI BASARAB""","RÂMNICU SĂRAT",BZ,1549,17,0,0,17,63,0,0,63,89,5,0,94,116,6,0,122,208,10,0,218,274,11,0,285
47925,102,"CASA DE CULTURĂ GEORGE BĂICULESCU NEHOIU",NEHOIU,BZ,1161,7,1,0,8,34,3,0,37,52,5,0,57,97,10,0,107,174,18,0,192,224,23,0,247
47925,103,"GRUP SCOLAR TEHNIC NEHOIU STR. SCOLII",NEHOIU,BZ,1059,6,0,0,6,36,1,4,41,53,3,4,60,79,3,4,86,155,6,4,165,207,6,4,217
47925,104,"SALA DE SPORT A ORASULUI",NEHOIU,BZ,682,7,3,0,10,23,3,0,26,33,3,3,39,47,6,3,56,128,9,3,140,173,10,3,186
47925,105,"CĂMIN CULTURAL BĂDÂRLEGI",NEHOIU,BZ,105,2,3,0,5,3,3,0,6,6,3,0,9,16,4,0,20,22,5,2,29,40,6,2,48
47925,106,"CLĂDIREA FOSTA SECŢIE CONFECŢIONAT ÎNCĂLŢĂMINTE DÂMBOVIŢA (LÂNGĂ BISERICA ORTODOXĂ) STR. VALEA NEHOIULUI",NEHOIU,BZ,562,4,2,0,6,21,8,0,29,23,8,0,31,54,10,0,64,96,12,9,117,115,14,9,138
47925,107,"CĂMIN CULTURAL VALEA NEHOIULUI",NEHOIU,BZ,834,15,0,0,15,45,2,0,47,58,3,0,61,77,3,0,80,130,5,2,137,173,5,2,180
47925,108,"ŞCOALA PRIMARĂ NEHOIAŞU",NEHOIU,BZ,348,3,0,0,3,18,0,0,18,26,1,0,27,53,2,0,55,122,4,5,131,145,4,5,154
47925,109,"ŞCOALA GIMNAZIALĂ LUNCA PRIPORULUI",NEHOIU,BZ,649,2,0,0,2,21,2,0,23,37,3,0,40,52,3,0,55,103,5,9,117,135,10,9,154
47961,110,"SCOALA CU CLASELE I-IV PRUND","LUNCA PRIPORULUI",BZ,351,8,0,0,8,11,0,0,11,18,4,9,31,42,6,9,57,80,11,9,100,128,17,9,154
47934,111,"CĂMIN CULTURAL BÎSCA ROZILEI","BÎSCA ROZILEI",BZ,599,4,1,0,5,17,1,0,18,21,4,0,25,26,4,0,30,95,4,7,106,139,6,7,152
47934,112,"GRĂDINITA POD VINETIS - VECHE","BÎSCA ROZILEI",BZ,490,1,0,0,1,9,0,0,9,18,3,0,21,25,4,0,29,89,6,1,96,140,7,1,148
48012,113,"CĂMIN CULTURAL VINETIS",VINEŢIŞU,BZ,122,2,3,0,5,8,3,0,11,10,5,0,15,16,5,0,21,42,5,0,47,60,6,2,68
47998,114,"CĂMIN CULTURAL PĂLTINENI",PĂLTINENI,BZ,701,10,1,0,11,43,2,0,45,48,2,19,69,75,5,19,99,163,12,19,194,221,18,19,258
47970,115,"CĂMIN CULTURAL MLĂJET",MLĂJET,BZ,712,16,0,0,16,39,2,0,41,50,2,0,52,80,2,0,82,217,8,0,225,317,21,0,338
47943,116,"SCOALA CU CLASELE I-IV CHIRLESTI",CHIRLEŞTI,BZ,658,4,0,0,4,20,0,0,20,30,2,0,32,48,6,0,54,113,9,1,123,161,15,1,177
47952,117,"CĂMIN CULTURAL CURMĂTURA",CURMĂTURA,BZ,136,6,4,0,10,13,4,0,17,19,5,12,36,21,6,12,39,61,9,12,82,68,9,12,89
48334,118,"LICEUL TEHNOLOGIC PĂTÂRLAGELE",PĂTÂRLAGELE,BZ,968,26,5,0,31,56,16,0,72,71,18,0,89,89,20,0,109,184,33,0,217,246,39,0,285
48334,119,"LICEUL TEHNOLOGIC PĂTÂRLAGELE",PĂTÂRLAGELE,BZ,1139,32,4,0,36,62,10,0,72,80,13,0,93,100,14,0,114,197,24,0,221,267,30,0,297
48423,120,"ŞCOALĂ PRIMARĂ",POIENILE,BZ,248,0,0,0,0,13,0,0,13,22,2,0,24,25,3,0,28,53,7,0,60,64,13,0,77
48398,121,"ŞCOALA GENERALĂ",MĂRUNŢIŞU,BZ,1237,12,2,0,14,36,5,0,41,55,6,0,61,73,8,0,81,184,16,0,200,273,19,0,292
48414,122,"ŞCOALA GENERALĂ",MUŞCEL,BZ,597,4,0,0,4,20,3,0,23,30,3,0,33,38,4,0,42,113,8,0,121,148,12,0,160
48450,123,"ŞCOALA PRIMARĂ","VALEA LUPULUI",BZ,376,2,4,0,6,15,8,0,23,25,11,0,36,30,12,0,42,71,16,0,87,102,18,0,120
48478,124,"ŞCOALA PRIMARĂ","VALEA VIEI",BZ,405,4,1,0,5,16,3,0,19,25,3,0,28,41,4,0,45,80,14,0,94,107,15,0,122
48352,125,"ŞCOALA PRIMARĂ",CRÂNG,BZ,533,8,3,0,11,36,9,0,45,52,9,0,61,65,10,0,75,117,15,0,132,197,18,0,215
48432,126,"ŞCOALA PRIMARĂ","SIBICIU DE SUS",BZ,719,12,2,0,14,26,5,0,31,34,5,0,39,52,7,0,59,164,25,0,189,266,29,0,295
48469,127,"ŞCOALA PRIMARĂ","VALEA SIBICIULUI",BZ,185,1,2,0,3,10,3,0,13,13,5,0,18,19,5,0,24,43,7,0,50,59,8,0,67
48753,128,"LICEUL TEORETIC POGOANELE",POGOANELE,BZ,1506,6,1,0,7,19,2,0,21,29,3,0,32,61,4,0,65,150,22,0,172,186,24,0,210
48753,129,"CLUBUL COPIILOR POGOANELE",POGOANELE,BZ,1419,6,1,0,7,17,5,0,22,24,5,0,29,54,10,0,64,117,13,0,130,150,17,0,167
48753,130,"ŞCOALA GENERALĂ NR.2 POGOANELE",POGOANELE,BZ,1500,4,1,0,5,21,4,0,25,33,7,0,40,84,8,0,92,126,10,0,136,167,10,0,177
48762,131,"ŞCOALA GENERALĂ CĂLDĂRĂŞTI",CĂLDĂRĂŞTI,BZ,1548,15,3,0,18,85,4,0,89,133,6,28,167,176,10,28,214,308,15,28,351,403,24,28,455
44872,132,"ŞCOALA GENERALA AMARU",AMARU,BZ,957,5,1,0,6,29,8,0,37,46,13,0,59,81,19,0,100,148,29,0,177,190,35,0,225
44890,133,"CĂMINUL CULTURAL",DULBANU,BZ,405,12,3,0,15,26,11,0,37,41,12,0,53,51,14,0,65,75,18,0,93,94,20,0,114
44907,134,"CĂMINUL CULTURAL","LACU SINAIA",BZ,196,4,0,0,4,12,0,0,12,20,2,0,22,26,4,0,30,65,12,0,77,78,12,0,90
44916,135,"CAMINUL CULTURALLUNCA",LUNCA,BZ,309,11,0,0,11,31,16,1,48,39,16,1,56,46,18,1,65,72,29,1,102,88,32,1,121
44943,136,"GRĂDINIŢA CU PROGRAM NORMAL SAT BALTA ALBĂ","BALTA ALBĂ",BZ,443,14,1,0,15,26,4,0,30,41,17,0,58,60,19,0,79,100,25,0,125,137,31,0,168
44961,137,"CAMINUL CULTURAL BAILE",BĂILE,BZ,364,5,5,0,10,23,10,0,33,24,10,0,34,43,17,0,60,90,33,0,123,117,41,0,158
44952,138,"ŞCOALA GIMNAZIALĂ SAT AMARA",AMARA,BZ,1226,5,0,0,5,16,2,0,18,37,8,0,45,78,16,0,94,185,24,0,209,283,40,0,323
44998,139,"PRIMARIA COMUNEI BĂLĂCEANU",BĂLĂCEANU,BZ,1284,10,3,0,13,28,3,13,44,46,4,13,63,98,14,13,125,223,34,20,277,285,39,28,352
45012,140,"ŞCOALA PRIMARĂ BECENI",BECENI,BZ,810,5,2,0,7,11,4,0,15,19,5,0,24,35,6,0,41,85,18,0,103,118,23,0,141
45067,141,"ŞCOALA GIMNAZIALĂ GURA DIMIENII","GURA DIMIENII",BZ,778,4,0,0,4,31,0,0,31,43,4,0,47,97,10,0,107,220,20,0,240,270,21,23,314
45094,142,"ŞCOALA GIMNAZIALĂ VALEA PĂRULUI","VALEA PĂRULUI",BZ,1165,5,2,0,7,37,4,0,41,51,5,0,56,90,10,0,100,234,32,0,266,321,37,0,358
45076,143,"ŞCOALA PRIMARĂ IZVORU DULCE","IZVORU DULCE",BZ,694,4,3,0,7,27,5,0,32,36,9,0,45,50,10,0,60,126,24,0,150,201,32,0,233
45058,144,"ŞCOALA PRIMARĂFLOREŞTI",FLOREŞTI,BZ,205,0,6,0,6,4,7,0,11,9,8,0,17,13,10,0,23,41,19,0,60,48,21,0,69
45110,145,"CASA DE CULTURĂ BERCA-PARTER",BERCA,BZ,1223,9,3,0,12,40,13,22,75,57,14,22,93,75,14,22,111,183,26,22,231,230,36,22,288
45110,146,"CASA DE CULTURĂ BERCA-ETAJ 1",BERCA,BZ,1131,8,4,0,12,27,5,0,32,42,5,0,47,48,6,0,54,110,6,0,116,137,6,0,143
45110,147,"LICEUL TEHNOLOGIC SF.MUCENIC SAVA, BERCA",BERCA,BZ,629,3,0,0,3,13,2,0,15,18,2,0,20,24,5,0,29,90,28,0,118,128,35,0,163
45209,148,"GRĂDINIŢA SĂTUC",SĂTUC,BZ,545,2,0,0,2,13,2,0,15,16,6,0,22,27,8,0,35,64,14,0,78,118,20,0,138
45192,149,"GRĂDINIȚA CU PROGRAM NORMAL RĂTEŞTI",RĂTEŞTI,BZ,821,11,7,0,18,47,10,0,57,67,12,0,79,97,13,0,110,186,20,0,206,256,20,0,276
45165,150,"CĂMIN CULTURAL PÎCLE",PÎCLELE,BZ,134,2,0,0,2,3,5,0,8,6,5,0,11,8,6,0,14,16,6,0,22,19,7,0,26
45147,151,"CĂMIN CULTURAL JOSENI",JOSENI,BZ,776,3,0,0,3,17,4,0,21,26,4,0,30,50,9,0,59,108,15,0,123,135,25,0,160
45183,152,"ŞCOALA GIMNAZIALĂ PLEȘCOI",PLEŞEŞTI,BZ,803,6,1,0,7,14,7,0,21,24,7,0,31,32,8,0,40,99,18,0,117,116,19,0,135
45183,153,"CĂMIN CULTURAL PLEŞCOI",PLEŞEŞTI,BZ,749,3,5,0,8,17,9,0,26,26,9,0,35,36,9,0,45,93,13,0,106,119,15,0,134
45227,154,"ŞCOALA PRIMARĂ VALEA NUCULUI","VALEA NUCULUI",BZ,577,2,1,0,3,5,1,0,6,14,2,0,16,23,8,0,31,66,16,0,82,89,19,0,108
45254,155,"SALA DE FESTIVITATI A PRIMARIEI BISOCA",BISOCA,BZ,487,487,0,0,487,13,7,0,20,21,8,0,29,40,10,0,50,99,23,0,122,113,30,0,143
45307,156,"CAMPUS PENTRU COPII SF.SAVA - RECEA",RECEA,BZ,800,4,0,0,4,21,3,0,24,26,4,0,30,34,4,0,38,135,10,0,145,187,11,0,198
45290,157,"ŞCOALA GENERALĂ PLEŞI",PLEŞI,BZ,353,3,0,0,3,10,1,0,11,14,1,0,15,21,1,0,22,97,3,0,100,123,5,0,128
45316,158,"ŞCOALA GENERALĂ SĂRILE",SĂRILE,BZ,401,0,0,0,0,10,0,0,10,12,0,0,12,14,0,0,14,76,4,0,80,108,6,0,114
45343,159,"CĂMINUL CULTURAL BLĂJANI",BLĂJANI,BZ,600,5,0,0,5,20,5,0,25,31,9,0,40,50,12,0,62,103,21,0,124,176,35,0,211
45352,160,"CĂMINUL CULTURAL SOREŞTI",SOREŞTI,BZ,239,0,0,0,0,9,3,0,12,12,3,0,15,20,5,0,25,62,13,0,75,107,19,0,126
45370,161,CLUBULPRIMĂRIEIBOLDU,BOLDU,BZ,967,17,3,0,20,57,10,0,67,78,11,25,114,107,16,26,149,232,31,26,289,303,38,26,367
45370,162,"GRĂDINIŢA DE COPII BOLDU",BOLDU,BZ,843,18,3,0,21,36,4,26,66,74,7,26,107,99,11,26,136,205,21,27,253,266,31,27,324
45398,163,"ŞCOALA GIMNAZIALĂ BOZIORU",BOZIORU,BZ,511,1,1,0,2,6,2,0,8,14,4,0,18,44,9,0,53,95,23,0,118,126,27,6,159
45414,164,"ŞCOALA PRIMARĂ FIŞICI",FIŞICI,BZ,316,2,0,0,2,7,2,0,9,13,13,0,26,22,16,0,38,67,22,0,89,76,24,4,104
45502,165,"ŞCOALA GIMNAZIALĂ BRĂDEANU",BRĂDEANU,BZ,909,11,1,0,12,33,10,0,43,48,12,0,60,65,13,0,78,110,21,0,131,158,27,0,185
45520,166,"ŞCOALA GIMNAZIALĂ SMÎRDAN",SMÎRDAN,BZ,734,5,3,0,8,14,6,0,20,23,9,0,32,41,20,0,61,88,22,0,110,173,31,0,204
45511,167,"ŞCOALA PRIMARĂ MITROPOLIA",MITROPOLIA,BZ,354,14,0,0,14,19,2,0,21,25,4,0,29,35,6,0,41,73,8,0,81,114,15,0,129
45548,168,"SALA MARE A CLADIRII FOSTULUI SEDIU C.A.P. – SAT BRAESTI",BRĂEŞTI,BZ,376,3,1,0,4,14,3,0,17,16,5,0,21,20,5,0,25,57,8,0,65,85,10,0,95
45557,169,"CAMINUL CULTURALBRĂTILEŞTI",BRĂTILEŞTI,BZ,1094,11,1,0,12,17,1,0,18,23,2,0,25,55,2,0,57,205,12,0,217,273,15,0,288
45584,170,"CAMINUL CULTURAL PINU",PINU,BZ,297,3,0,0,3,10,0,0,10,15,2,0,17,23,3,0,26,59,9,0,68,92,13,0,105
45628,171,"GRADINITA CU PROGRAM NORMAL BREAZA",BREAZA,BZ,792,9,1,0,10,34,5,0,39,48,8,0,56,72,13,0,85,122,26,0,148,155,35,0,190
45646,172,"ŞCOALA GENERALĂ GRECEANCA",GRECEANCA,BZ,768,3,2,0,5,13,5,0,18,18,5,0,23,34,9,0,43,68,21,0,89,89,21,0,110
45664,173,"ŞCOALA PRIMARĂ VISPEŞTI",VISPEŞTI,BZ,581,8,5,0,13,40,15,0,55,46,17,0,63,60,28,0,88,102,43,0,145,131,52,0,183
45682,174,"ŞCOALA BUDA",BUDA,BZ,892,4,1,0,5,19,1,0,20,34,2,0,36,51,4,0,55,138,17,0,155,201,24,0,225
45717,175,"ŞCOALAPRIMARĂ MUCEŞTI DĂNULEŞTI",MUCEŞTI-DĂNULEŞTI,BZ,947,8,3,0,11,12,3,0,15,30,5,0,35,39,5,0,44,131,10,0,141,218,12,0,230
45735,176,"GRADINITA PN PIETROIU",TOROPĂLEŞTI,BZ,527,1,0,0,1,14,0,0,14,35,0,0,35,38,7,0,45,80,11,0,91,159,17,0,176
45824,177,"ȘCOALA GIMNAZIALĂ C.A.ROSETTI","C.A. ROSETTI",BZ,721,5,0,0,5,13,2,0,15,19,2,0,21,31,5,0,36,57,9,0,66,80,12,0,92
45833,178,"ŞCOALA PRIMARĂ BĂLTENI",BĂLTENI,BZ,375,4,3,0,7,9,5,0,14,17,5,0,22,27,9,0,36,45,25,0,70,60,30,0,90
45842,179,"CĂMINUL CULTURAL BÎLHACU",BÎLHACU,BZ,183,1,0,0,1,8,3,0,11,18,3,0,21,26,6,0,32,37,9,0,46,41,11,0,52
45851,180,"ŞCOALA PRIMARĂ COTU CIORII","COTU CIORII",BZ,491,12,1,0,13,28,12,0,40,44,14,0,58,61,16,0,77,90,27,0,117,108,37,0,145
45860,181,"ȘCOALA GIMNAZIALĂ LUNCA",LUNCA,BZ,847,10,1,0,11,71,5,0,76,100,6,0,106,126,6,0,132,243,21,18,282,308,25,18,351
45879,182,"ŞCOALA PRIMARĂ VIZIRENI",VIZIRENI,BZ,372,5,0,0,5,11,0,0,11,16,0,0,16,18,0,0,18,37,8,0,45,46,8,0,54
45762,183,"CAMIN CULTURAL CALVINI",CALVINI,BZ,788,1,1,0,2,16,2,0,18,23,3,0,26,33,3,0,36,69,3,0,72,100,7,0,107
45771,184,"SCOALA GIMNAZIALA ""DUMITRU I. IONESCU"" CALVINI","BÎSCENII DE JOS",BZ,1503,4,0,0,4,18,6,0,24,29,8,0,37,43,8,0,51,99,15,0,114,163,18,0,181
45771,185,"SCOALA PRIMARA BÎSCENII DE JOS","BÎSCENII DE JOS",BZ,488,0,0,0,0,20,1,0,21,25,1,0,26,31,3,0,34,81,8,0,89,117,11,0,128
45780,186,"SCOALA GIMNAZIALA BÎSCENII DE SUS","BÎSCENII DE SUS",BZ,726,9,0,0,9,13,3,0,16,13,3,0,16,19,4,0,23,77,16,1,94,126,19,1,146
45897,187,"SCOALA GIMNAZIALA CANESTI",CĂNEŞTI,BZ,469,5,9,0,14,20,19,0,39,24,24,0,48,45,27,0,72,134,48,20,202,162,52,25,239
45913,188,"SCOALA PRIMARA NEGOSINA",NEGOŞINA,BZ,159,6,0,0,6,13,0,0,13,18,0,0,18,24,0,0,24,53,6,0,59,88,12,0,100
45968,189,"ŞCOALA GIMNAZIALĂ NR.1 CĂTINA",CĂTINA,BZ,621,7,1,0,8,20,5,0,25,21,6,0,27,32,10,0,42,83,13,0,96,101,17,0,118
45977,190,"ŞCOALA GIMNAZIALĂ NR.2 CORBU",CORBU,BZ,665,7,0,0,7,14,0,0,14,26,4,0,30,63,5,0,68,149,11,0,160,180,12,0,192
45995,191,"ŞCOALA PRIMARĂ NR.1 VALEA CĂTINEI","VALEA CĂTINEI",BZ,392,6,2,0,8,19,5,0,24,25,6,0,31,27,8,0,35,63,13,0,76,79,16,0,95
45986,192,"ŞCOALA CU CLS.I-IV SLOBOZIA",SLOBOZIA,BZ,163,2,5,0,7,5,5,0,10,8,5,0,13,8,5,0,13,14,6,0,20,22,6,0,28
46000,193,"ŞCOALA PRIMARĂ NR.2ZELETIN",ZELETIN,BZ,160,0,0,0,0,7,2,0,9,8,2,0,10,8,2,0,10,14,2,0,16,17,5,0,22
46028,194,"GRADINITA CU PROGRAM NORMAL CERNATESTI",CERNĂTEŞTI,BZ,935,3,3,0,6,17,4,0,21,24,6,0,30,30,9,0,39,90,18,0,108,126,23,0,149
46091,195,"CĂMINUL CULTURAL DIN SATUL ZĂRNEŞTI SLĂNIC","ZĂRNEŞTII DE SLĂNIC",BZ,1108,5,0,0,5,31,1,0,32,42,7,0,49,55,8,0,63,135,22,0,157,180,27,1,208
46037,196,"CĂMINUL CULTURAL DIN SATUL ALDENI",ALDENI,BZ,686,5,5,0,10,29,11,0,40,41,11,0,52,58,21,0,79,124,38,0,162,192,53,0,245
46064,197,"ŞCOALA PRIMARA DIN SATUL FULGA",FULGA,BZ,396,3,0,0,3,12,7,0,19,19,7,0,26,28,8,0,36,59,11,0,70,81,17,0,98
46117,198,"CAMINUL CULTURAL CHILIILE",CHILIILE,BZ,271,3,0,0,3,15,4,0,19,18,6,0,24,30,7,0,37,103,23,0,126,149,36,0,185
46171,199,"ŞCOALA TRESTIOARA",TRESTIOARA,BZ,180,1,0,0,1,10,2,0,12,16,2,0,18,25,2,0,27,71,8,0,79,87,9,0,96
46199,200,"GRADINITA CU PROGRAM NORMAL CHIOJDU",CHIOJDU,BZ,801,10,3,0,13,26,21,0,47,37,24,0,61,58,27,0,85,152,52,0,204,219,63,0,282
46206,201,"ŞCOALA GIMNAZIALA BISCA-CHIOJDULUI","BÎSCA CHIOJDULUI",BZ,960,4,4,0,8,7,7,0,14,11,7,0,18,15,8,0,23,57,15,0,72,97,20,0,117
46233,202,"ŞCOALA PRIMARA PLESCIOARA",PLESCIOARA,BZ,134,0,3,0,3,7,5,0,12,8,6,0,14,9,6,0,15,35,6,0,41,53,6,0,59
46215,203,"ŞCOALA PRIMARA CATIASU",CĂTIAŞU,BZ,296,3,3,0,6,10,7,0,17,16,7,0,23,22,7,0,29,67,10,0,77,95,11,0,106
46224,204,"ŞCOALA PRIMARA LERA",LERA,BZ,359,9,2,0,11,25,2,0,27,31,2,0,33,38,3,0,41,101,6,0,107,142,12,0,154
46242,205,"ŞCOALA PRIMARA POENITELE",POENIŢELE,BZ,187,6,0,0,6,25,4,0,29,44,4,0,48,46,9,0,55,85,9,0,94,90,9,0,99
46260,206,"PRIMĂRIA COMUNACILIBIA – LA PARTER",CILIBIA,BZ,1212,9,7,0,16,54,10,0,64,101,11,0,112,120,13,0,133,205,23,0,228,351,31,0,382
46297,207,"ŞCOALAPRIMARĂ DIN SATULMOVILA OII","MOVILA OII",BZ,304,6,2,0,8,18,7,0,25,26,11,0,37,35,15,0,50,85,19,0,104,150,21,0,171
46322,208,"GRĂDINIŢA CU PROGRAM NORMAL NR. 1 COMUNA CISLĂU",CISLĂU,BZ,1845,11,0,0,11,48,4,0,52,61,5,0,66,94,6,0,100,243,11,0,254,348,17,0,365
46368,209,"ŞCOALA GIMNAZIALĂ SAT SCĂRIŞOARA, COMUNA CISLĂU",SCĂRIŞOARA,BZ,1033,6,0,0,6,13,4,0,17,25,4,0,29,40,4,0,44,107,9,0,116,172,12,0,184
46340,210,"CENTRUL DE ZI « DOAMNA NEAGA » PENTRU COPII CU VÂRSTE CUPRINSE ÎNTRE 3-6 ANI","BUDA CRĂCIUNEŞTI",BZ,643,7,1,0,8,11,4,0,15,17,4,0,21,43,6,0,49,138,11,0,149,162,14,0,176
46359,211,"ŞCOALA PRIMARĂ SAT GURA BÂSCEI, COMUNA CISLĂU","GURA BÎSCEI",BZ,302,4,5,0,9,10,6,0,16,15,8,0,23,19,8,0,27,68,18,0,86,104,20,0,124
46386,212,"SCOALA GIMNAZIALA COCHIRLEANCA NR.1",COCHIRLEANCA,BZ,1318,13,2,0,15,40,5,0,45,75,6,0,81,111,8,0,119,223,13,0,236,292,15,0,307
46386,213,"SCOALA GIMNAZIALA COCHIRLEANCA NR.2",COCHIRLEANCA,BZ,825,9,0,0,9,29,4,0,33,54,5,0,59,65,7,0,72,195,16,0,211,275,17,0,292
46395,214,"CLĂDIRE PUNCT SANITAR UMAN SATBOBOC",BOBOC,BZ,1370,6,1,0,7,34,2,0,36,53,3,0,56,73,8,0,81,225,23,0,248,340,29,0,369
46411,215,"SCOALA PRIMARAROSIORU",ROŞIORU,BZ,573,4,4,0,8,16,4,0,20,27,5,0,32,47,5,0,52,115,10,0,125,174,24,0,198
46402,216,"SCOALA PRIMARA GARA BOBOCU","GARA BOBOCU",BZ,295,5,23,0,28,15,26,0,41,20,28,0,48,29,55,0,84,60,64,0,124,89,70,0,159
46420,217,"SCOALA PRIMARA TARLELE",TÎRLELE,BZ,41,1,1,0,2,2,4,0,6,8,6,0,14,8,8,0,16,14,9,0,23,19,12,0,31
46448,218,"ȘCOALA GIMNAZIALĂ COLȚI",COLŢI,BZ,407,1,0,0,1,11,7,0,18,13,7,0,20,17,10,0,27,46,15,0,61,85,23,0,108
46457,219,"ȘCOALA GIMNAZIALĂ ALUNIȘ",ALUNIŞ,BZ,127,0,0,0,0,2,6,0,8,2,7,0,9,7,7,0,14,18,7,0,25,29,9,0,38
46475,220,"CĂMINUL CULTURAL MUSCELUL CĂRĂMĂNEŞTI","MUSCELU CĂRĂMĂNEŞTI",BZ,84,0,1,0,1,4,3,0,7,7,3,0,10,9,3,0,12,21,8,0,29,24,15,0,39
46466,221,"ŞCOALA GIMNAZIALĂ COLȚII DE JOS","COLŢII DE JOS",BZ,254,1,0,0,1,2,0,0,2,12,0,0,12,26,2,0,28,55,3,0,58,75,3,0,78
46493,222,"ȘCOALA GIMNAZIALĂ COSTEȘTI",COSTEŞTI,BZ,1281,6,1,0,7,19,5,0,24,33,5,0,38,48,7,0,55,128,17,0,145,208,42,0,250
46536,223,"GRĂDINIŢA CU PROGRAM NORMAL PIETROSU",PIETROSU,BZ,1115,3,0,0,3,16,0,0,16,27,0,0,27,30,1,0,31,74,10,0,84,99,11,0,110
46509,224,"GRĂDINIȚA CU PROGRAM NORMAL BUDIȘTENI",BUDIŞTENI,BZ,406,3,3,0,6,13,6,0,19,16,7,0,23,20,9,0,29,62,15,0,77,88,21,0,109
46545,225,"ŞCOALA GIMNAZIALĂ ""GENERAL ȘTEFAN GUȘĂ"" SPĂTARU",SPĂTARU,BZ,1054,8,0,0,8,30,3,0,33,36,4,0,40,53,4,0,57,128,15,0,143,164,31,0,195
46518,226,"ŞCOALA PRIMARĂ GOMOEȘTI",GOMOEŞTI,BZ,184,2,0,0,2,7,3,0,10,10,4,0,14,14,4,0,18,30,11,0,41,44,12,0,56
46563,227,"ŞCOALA COZIENI",COZIENI,BZ,522,3,1,0,4,16,8,0,24,17,20,0,37,40,24,0,64,101,32,0,133,141,40,0,181
46581,228,"ŞCOALA BĂLĂNEŞTI",BĂLĂNEŞTI,BZ,611,7,2,0,9,17,8,0,25,29,9,0,38,52,10,0,62,88,21,0,109,135,27,0,162
46714,229,"CĂMINUL CULTURAL TRESTIA",TRESTIA,BZ,323,5,5,0,10,6,5,0,11,10,7,0,17,18,7,0,25,51,10,0,61,76,11,0,87
46689,230,"ŞCOALA PIETRARU",PIETRARU,BZ,184,0,0,0,0,10,4,0,14,10,10,0,20,21,13,0,34,40,19,0,59,43,19,0,62
47603,231,"ŞCOALA GIMNAZIALA FLORICA",FLORICA,BZ,1068,8,2,0,10,38,5,0,43,77,10,0,87,127,17,0,144,256,46,0,302,391,65,0,456
46778,232,"ŞCOALA GIMNAZIALĂ GĂLBINAŞI",GĂLBINAŞI,BZ,1077,5,4,0,9,16,4,0,20,18,6,0,24,24,7,0,31,83,15,0,98,139,20,0,159
46787,233,"CĂMINUL CULTURAL BENTU",BENTU,BZ,766,16,2,0,18,58,5,0,63,79,15,0,94,82,16,0,98,146,23,0,169,191,32,0,223
46796,234,"ȘCOALA PRIMARĂNR.1 TĂBĂRĂȘTI",TĂBĂRĂŞTI,BZ,722,2,1,0,3,5,2,0,7,8,3,0,11,19,8,0,27,50,13,0,63,96,14,0,110
46796,235,"GRĂDINIȚA CU PROGRAM NORMAL NR. 2 TĂBĂRĂȘTI",TĂBĂRĂŞTI,BZ,943,2,0,0,2,19,2,0,21,28,3,0,31,34,7,0,41,97,12,0,109,119,14,0,133
46812,236,"GRADINITA CU PROGRAM NORMAL GHERASENI",GHERĂSENI,BZ,1466,18,0,0,18,57,7,0,64,89,11,0,100,133,14,0,147,257,30,0,287,420,34,0,454
46812,237,"ŞCOALA CU CLASELE I-IV GHERASENI",GHERĂSENI,BZ,870,8,0,0,8,47,1,0,48,62,3,0,65,85,5,0,90,184,16,0,200,303,25,0,328
46821,238,"ŞCOALA CU CLS.I-IV SUDITI",SUDIŢI,BZ,446,6,1,0,7,19,2,0,21,25,2,0,27,31,2,0,33,63,14,0,77,105,18,0,123
46849,239,"ŞCOALA GIMNAZIALA GHERGHEASA",GHERGHEASA,BZ,991,8,2,0,10,20,8,0,28,23,10,0,33,46,11,0,57,130,20,0,150,158,26,0,184
46858,240,"ŞCOALA PRIMARA SĂLCIOARA",SĂLCIOARA,BZ,846,0,0,0,0,3,0,0,3,10,0,0,10,17,0,0,17,61,4,0,65,83,8,0,91
46876,241,"SCOALA GIMNAZIALA GLODEANU SARAT","GLODEANU SĂRAT",BZ,1744,10,0,0,10,31,1,0,32,54,9,0,63,114,18,0,132,223,32,0,255,342,42,0,384
46894,242,"GRADINITA CU PROGRAM NORMALILEANA",ILEANA,BZ,346,3,4,0,7,14,4,0,18,20,7,0,27,31,8,0,39,65,14,0,79,85,19,0,104
46901,243,"ŞCOALA GIMNAZIALA PITULICEA",PITULICEA,BZ,760,4,0,0,4,24,6,0,30,49,6,4,59,67,9,4,80,145,18,4,167,204,27,14,245
46885,244,"GRĂDINIȚA CU PROGRAM NORMAL",CĂLDĂRUŞEANCA,BZ,470,5,3,0,8,24,10,0,34,29,11,0,40,45,13,0,58,107,20,0,127,141,30,0,171
46929,245,"ȘCOALA GIMNAZIALĂ GLODEANU-SILIȘTEA",GLODEANU-SILIŞTEA,BZ,1102,10,2,0,12,36,9,0,45,51,11,0,62,85,17,0,102,208,37,0,245,302,52,0,354
46974,246,"ȘCOALA PRIMARĂ COTORCA",COTORCA,BZ,789,4,1,0,5,21,4,0,25,32,5,0,37,49,9,0,58,99,19,0,118,160,31,0,191
46947,247,"ŞCOALA CÎRLIGU MARE","CÎRLIGU MARE",BZ,364,3,2,0,5,12,3,0,15,25,5,0,30,30,5,0,35,55,15,0,70,75,21,0,96
46992,248,"ŞCOALA GIMNAZIALĂ VĂCĂREASCA",VĂCĂREASCA,BZ,401,3,4,0,7,7,6,0,13,13,8,0,21,20,9,0,29,48,18,0,66,72,27,0,99
46938,249,"GRĂDINIŢA CAŞOTA",CASOTA,BZ,277,3,0,0,3,15,4,0,19,24,4,0,28,31,6,0,37,58,18,0,76,73,23,0,96
47015,250,"ŞCOALA GIMNAZIALĂ GREBĂNU",GREBĂNU,BZ,1810,7,2,0,9,30,5,0,35,32,5,0,37,72,8,0,80,177,23,0,200,226,30,0,256
47024,251,"ŞCOALA PRIMARĂ HOMEŞTI",HOMEŞTI,BZ,808,6,5,0,11,16,7,0,23,19,8,0,27,25,9,0,34,73,27,0,100,103,33,0,136
47033,252,"ŞCOALA PRIMARĂ LIVADA",LIVADA,BZ,597,9,6,0,15,40,15,0,55,52,19,0,71,64,22,0,86,149,44,0,193,174,56,0,230
47051,253,"ŞCOALA GIMNAZIALĂ PLEVNA",PLEVNA,BZ,1146,3,1,0,4,45,4,0,49,52,8,0,60,116,11,0,127,246,17,0,263,304,24,0,328
47113,254,"ŞCOALA GIMNAZIALĂ PĂLTINIŞ",PĂLTINIŞ,BZ,523,3,0,0,3,8,4,0,12,13,7,0,20,34,7,0,41,67,13,0,80,90,13,0,103
47097,255,"CĂMINUL CULTURAL SAT FURTUNEŞTI",FURTUNEŞTI,BZ,749,4,0,0,4,21,2,0,23,23,3,0,26,33,5,0,38,125,10,0,135,140,14,0,154
47088,256,"CAMINUL CULTURAL SATUL GURA TEGHII","GURA TEGHII",BZ,1109,9,2,0,11,13,7,0,20,16,8,0,24,49,10,0,59,172,25,0,197,261,28,0,289
47140,257,"ŞCOALA PRIMARĂ VARLAAM",VARLAAM,BZ,457,2,0,0,2,11,0,0,11,19,0,0,19,30,4,0,34,101,18,0,119,112,23,0,135
47168,258,"PRIMARIA LARGU",LARGU,BZ,1252,3,3,0,6,28,5,0,33,48,10,0,58,61,12,0,73,128,21,0,149,153,28,0,181
47195,259,"PRIMARIA LOPĂTARI",LOPĂTARI,BZ,1001,14,1,0,15,33,5,0,38,45,11,0,56,84,14,0,98,237,28,0,265,292,35,2,329
47220,260,"ŞCOALA PRIMARĂ SAT LUNCILE",LUNCILE,BZ,666,4,0,0,4,15,0,0,15,29,4,0,33,52,5,0,57,143,9,0,152,166,14,0,180
47284,261,"CĂMINUL CULTURAL TERCA",TERCA,BZ,349,0,0,0,0,11,4,0,15,17,6,0,23,21,7,0,28,96,10,0,106,122,10,0,132
47257,262,"ŞCOALA PRIMARĂ SATPLOŞTINA",PLOŞTINA,BZ,408,4,0,0,4,17,2,0,19,17,4,0,21,26,4,0,30,106,7,0,113,149,7,0,156
47248,263,"CĂMINUL CULTURAL DIN SATUL PLAIU NUCULUI","PLAIU NUCULUI",BZ,594,5,2,0,7,23,12,0,35,42,15,0,57,47,16,0,63,228,44,14,286,287,50,14,351
47319,264,"FOSTA ŞCOALĂ GIMNAZIALĂ ""PROF. DR. ION ANGHEL""",LUCIU,BZ,1534,20,2,0,22,67,8,0,75,102,14,0,116,128,16,0,144,249,30,0,279,315,40,0,355
47328,265,"ŞCOALA CARAGELE",CARAGELE,BZ,695,12,1,0,13,39,3,0,42,73,5,0,78,84,6,0,90,149,17,0,166,213,25,1,239
47346,266,"ȘCOALA GIMNAZIALĂ MĂGURA",MĂGURA,BZ,1087,18,3,0,21,42,7,0,49,58,12,0,70,78,13,0,91,197,55,25,277,252,72,25,349
47355,267,"ŞCOALA GIMNAZIALĂ CIUTA",CIUTA,BZ,637,5,0,0,5,14,2,0,16,22,9,0,31,29,11,0,40,166,20,0,186,270,25,0,295
47382,268,"SCOALA GENERALA MARACINENI",MĂRĂCINENI,BZ,1384,7,1,0,8,36,2,0,38,56,4,0,60,95,4,0,99,188,16,0,204,255,22,0,277
47382,269,"ŞCOALA GENERALĂ MĂRĂCINENI",MĂRĂCINENI,BZ,1202,5,2,0,7,16,2,0,18,29,6,0,35,48,11,0,59,135,15,0,150,171,21,0,192
47391,270,"ŞCOALA GENERALĂ CĂPĂŢÎNEŞTI",CĂPĂŢÎNEŞTI,BZ,1467,7,1,0,8,24,2,0,26,39,2,0,41,60,3,0,63,175,9,0,184,242,13,0,255
47391,271,"GRĂDINIŢA CU PROGRAM NORMAL CĂPĂŢÎNEŞTI",CĂPĂŢÎNEŞTI,BZ,1493,9,3,0,12,38,7,0,45,55,7,0,62,78,10,0,88,182,16,0,198,254,19,0,273
47408,272,"ŞCOALA GENERALĂ POTOCENI",POTOCENI,BZ,1712,13,0,0,13,36,3,0,39,48,3,0,51,131,7,0,138,267,18,0,285,363,29,0,392
47426,273,"PRIMARIA MĂRGĂRITEŞTI",MĂRGĂRITEŞTI,BZ,539,0,0,0,0,3,0,0,3,8,0,0,8,23,3,0,26,102,18,0,120,162,22,0,184
47462,274,"ŞCOALA GIMNAZIALĂ MEREI",MEREI,BZ,927,8,2,0,10,19,4,0,23,21,10,0,31,26,12,0,38,52,30,0,82,76,37,0,113
47523,275,"GRĂDINIȚA CU PROGRAM NORMAL LIPIA",LIPIA,BZ,1610,9,2,0,11,41,6,0,47,60,11,0,71,99,23,0,122,169,51,0,220,237,65,0,302
47550,276,"CLĂDIRE PRESTĂRI SERVICII",SĂRATA-MONTEORU,BZ,668,6,7,0,13,13,62,0,75,22,73,0,95,46,93,0,139,108,160,0,268,139,176,0,315
47505,277,"ŞCOALAGURA SĂRĂŢII","GURA SĂRĂŢII",BZ,143,2,0,0,2,13,3,0,16,16,6,0,22,20,6,0,26,28,18,0,46,38,24,0,62
47480,278,"ŞCOALA PRIMARĂDEALUL VIEI","DEALUL VIEI",BZ,645,4,3,0,7,10,6,0,16,23,8,0,31,29,12,0,41,46,19,0,65,81,24,0,105
47514,279,"ŞCOALA GIMNAZIALĂ IZVORU DULCE","IZVORU DULCE",BZ,736,3,0,0,3,12,3,0,15,23,5,0,28,32,10,0,42,72,22,0,94,109,24,0,133
47532,280,ŞCOALANENCIULEŞTI,NENCIULEŞTI,BZ,267,2,1,0,3,4,5,0,9,12,8,0,20,14,8,0,22,30,12,0,42,43,15,0,58
47541,281,"ŞCOALA PRIMARĂ OGRĂZILE",OGRĂZILE,BZ,596,0,0,0,0,9,3,0,12,14,4,0,18,21,13,0,34,73,15,0,88,115,27,0,142
47587,282,"ŞCOALA GIMNAZIALA MIHAILESTI",MIHĂILEŞTI,BZ,986,10,4,0,14,25,9,0,34,46,11,0,57,66,15,0,81,136,25,0,161,191,42,0,233
47612,283,"ŞCOALA PRIMARA MĂRGINEANU",MĂRGINEANU,BZ,636,7,0,0,7,22,2,0,24,45,7,0,52,59,11,0,70,155,18,0,173,264,21,0,285
47649,284,"ŞCOALA GIMNAZIALĂMÎNZĂLEŞTI",MÎNZĂLEŞTI,BZ,624,1,0,0,1,9,3,0,12,19,3,0,22,28,5,0,33,99,6,0,105,142,9,0,151
47658,285,"ŞCOALAGIMNAZIALĂ“DUMITRU N. CRISTEA” BEŞLII",BEŞLII,BZ,471,1,2,0,3,19,2,0,21,30,7,0,37,35,9,0,44,98,15,0,113,114,19,0,133
47756,286,"ŞCOALA PRIMARĂ VALEA COTOAREI","VALEA COTOAREI",BZ,167,0,2,0,2,4,3,0,7,6,3,0,9,7,4,0,11,31,7,0,38,53,7,0,60
47694,287,"ŞCOALA GIMNAZIALĂGURA BĂDICULUI","GURA BĂDICULUI",BZ,371,2,0,0,2,5,4,0,9,5,6,0,11,16,8,0,24,56,22,0,78,77,25,0,102
47747,288,"ŞCOALA PRIMARĂ TRESTIOARA",TRESTIOARA,BZ,295,0,0,0,0,6,1,0,7,7,1,0,8,10,3,0,13,48,6,0,54,71,9,0,80
47783,289,"CAMINUL CULTURAL MOVILA BANULUI","MOVILA BANULUI",BZ,1031,9,2,0,11,23,5,0,28,44,12,0,56,63,14,0,77,118,30,0,148,189,44,0,233
47809,290,"GRĂDINIŢA CU PROGRAM NORMAL LIMPEZIŞ",LIMPEZIŞ,BZ,817,3,1,0,4,24,5,0,29,30,6,0,36,50,12,0,62,126,18,0,144,197,23,0,220
47792,291,"ŞCOALA GENERALA CIORANCA",CIORANCA,BZ,210,7,2,0,9,13,2,0,15,13,3,0,16,18,4,0,22,36,11,0,47,54,12,0,66
47827,292,"PRIMĂRIA MURGEŞTI",MURGEŞTI,BZ,751,3,3,0,6,22,6,0,28,31,9,0,40,78,12,0,90,189,38,0,227,295,63,0,358
47863,293,"ŞCOALA GIMNAZIALĂ NĂENI",NĂENI,BZ,473,10,2,0,12,23,11,0,34,27,12,4,43,46,15,8,69,106,32,8,146,160,43,9,212
47872,294,"ŞCOALA PRIMARĂ FINŢESTI",FINŢEŞTI,BZ,484,11,2,0,13,28,8,0,36,37,13,0,50,54,16,0,70,99,34,0,133,129,39,0,168
47907,295,"ŞCOALA VÎRF",VÎRF,BZ,206,5,3,0,8,14,3,0,17,17,4,0,21,26,5,0,31,59,12,4,75,101,14,4,119
47890,296,"GRĂDINIŢA PROSCA",PROŞCA,BZ,188,3,0,0,3,11,1,0,12,16,6,0,22,23,12,0,35,42,21,0,63,69,34,0,103
48030,297,"ŞCOALA GIMNAZIALĂ ODĂILE",ODĂILE,BZ,656,0,0,0,0,5,0,0,5,10,1,0,11,19,4,0,23,105,12,0,117,149,16,0,165
48147,298,"GRADINITACU PROGRAM NORMAL NR. 2 COMUNA PADINA",PADINA,BZ,1279,10,3,0,13,26,8,0,34,35,9,0,44,43,9,0,52,90,18,0,108,138,24,0,162
48147,299,"GRADINITA CU PROGRAM NORMAL NR. 1 PADINA",PADINA,BZ,918,4,2,0,6,12,6,0,18,14,6,0,20,27,8,0,35,80,16,0,96,108,25,0,133
48147,300,"SCOALA GIMNAZIALA NR.1 COMUNA PADINA",PADINA,BZ,1015,4,1,0,5,28,4,0,32,40,10,0,50,48,17,0,65,87,33,0,120,108,38,0,146
48174,301,"ŞCOALA PARDOŞI",PARDOŞI,BZ,332,5,1,0,6,36,8,0,44,40,9,0,49,51,10,0,61,123,39,0,162,139,44,0,183
48236,302,"ŞCOALA GIMNAZIALĂ PĂNĂTĂU",PĂNĂTĂU,BZ,1265,13,1,0,14,51,6,0,57,68,8,0,76,81,8,0,89,205,17,0,222,283,24,0,307
48307,303,"ŞCOALA TEGA",TEGA,BZ,537,4,2,0,6,13,5,0,18,23,9,0,32,27,10,0,37,51,21,0,72,110,27,0,137
48245,304,"CAMIN CULTURAL BEGU",BEGU,BZ,186,3,1,0,4,8,3,0,11,15,6,0,21,18,7,0,25,55,9,0,64,82,10,0,92
48496,305,"ŞCOALA GIMNAZIALĂ PIETROASELE",PIETROASELE,BZ,1558,6,0,0,6,21,9,0,30,40,14,0,54,77,25,0,102,115,32,0,147,140,44,0,184
48548,306,"GRĂDINIŢA CU PROGRAM NORMAL DIN SATUL ŞARÎNGA",ŞARÎNGA,BZ,1192,12,3,0,15,39,11,0,50,56,13,0,69,82,26,0,108,143,48,0,191,175,53,1,229
48566,307,"CĂMINUL CULTURALPÎRSCOV",PÎRSCOV,BZ,1253,2,3,0,5,25,13,0,38,33,13,0,46,48,16,0,64,144,30,0,174,203,38,0,241
48566,308,"CĂMINUL CULTURALPÎRSCOV",PÎRSCOV,BZ,1214,10,2,0,12,41,5,0,46,56,6,0,62,73,10,0,83,155,17,0,172,212,21,0,233
48575,309,"ŞCOALA GENERALĂ BĂDILA",BADILA,BZ,663,2,3,0,5,6,3,0,9,15,3,0,18,19,7,0,26,55,9,0,64,76,12,0,88
48593,310,"ŞCOALA LUNCA FRUMOASA","LUNCA FRUMOASĂ",BZ,910,3,3,0,6,9,8,0,17,14,9,0,23,26,10,0,36,87,13,0,100,122,13,0,135
48628,311,"ŞCOALA GENERALĂ ROBEŞTI",ROBEŞTI,BZ,491,8,1,0,9,15,4,0,19,23,12,0,35,29,12,0,41,62,27,0,89,79,38,0,117
48664,312,"FOSTUL MAGAZIN TRESTIENI",TRESTIENI,BZ,47,0,0,0,0,4,0,0,4,4,0,0,4,6,2,0,8,6,7,0,13,8,8,0,16
48726,313,"ŞCOALA PRIMARĂ PLEȘEȘTI",PLEŞEŞTI,BZ,312,3,1,0,4,12,2,0,14,20,3,0,23,31,3,0,34,63,9,0,72,73,12,0,85
48691,314,"ŞCOALA GIMNAZIALĂ PODGORIA",PODGORIA,BZ,1304,8,4,0,12,49,8,1,58,64,10,1,75,99,12,1,112,259,26,1,286,350,37,10,397
48708,315,"ŞCOALA GIMNAZIALĂ COȚATCU",COŢATCU,BZ,972,5,2,0,7,28,8,0,36,40,8,0,48,59,12,0,71,198,42,0,240,376,52,0,428
48780,316,"GRĂDINIŢA DE COPII POŞTA CÎLNĂU","POŞTA CÎLNĂU",BZ,1060,8,0,0,8,20,5,0,25,37,7,0,44,46,7,0,53,113,7,0,120,206,11,0,217
48780,317,"GRĂDINIŢA DE COPII POŞTA CÎLNĂU","POŞTA CÎLNĂU",BZ,995,7,0,0,7,20,0,0,20,29,0,0,29,40,1,0,41,107,13,0,120,185,31,0,216
48815,318,"SCOALA GENERALA DIN POTIRNICHESTI",POTÎRNICHEŞTI,BZ,391,0,0,0,0,4,0,0,4,12,0,0,12,13,0,0,13,62,10,0,72,96,14,0,110
48833,319,"ŞCOALA GENERALĂ ZILIŞTEANCA",ZILIŞTEANCA,BZ,1117,2,0,0,2,14,3,0,17,31,3,0,34,41,3,0,44,97,6,0,103,159,11,0,170
48824,320,"ŞCOALA GENERALĂ, SATUL SUDIŢI",SUDIŢI,BZ,1470,12,0,0,12,40,5,0,45,78,9,0,87,116,17,0,133,244,28,0,272,404,47,0,451
48913,321,"ŞCOALA PUIEŞTII DE SUS","PUIEŞTII DE SUS",BZ,320,10,1,0,11,27,3,0,30,37,5,0,42,44,6,0,50,67,15,0,82,84,18,0,102
48851,322,"ŞCOALA GIMNAZIALĂ PUIEŞTII DE JOS","PUIEŞTII DE JOS",BZ,1112,6,0,0,6,23,2,0,25,35,3,0,38,50,6,0,56,163,27,0,190,231,38,0,269
48897,323,"ŞCOALA GIMNAZIALĂNICOLEŞTI",NICOLEŞTI,BZ,597,6,5,0,11,29,10,0,39,41,12,0,53,60,12,0,72,123,25,0,148,161,29,0,190
48860,324,GRĂDINIŢADĂSCĂLEŞTI,DĂSCĂLEŞTI,BZ,594,4,0,0,4,17,0,0,17,31,0,0,31,44,0,0,44,93,11,0,104,127,19,0,146
48888,325,"ŞCOALA MĂCRINA",MĂCRINA,BZ,455,5,1,0,6,15,7,0,22,17,7,0,24,19,9,0,28,46,24,0,70,75,29,0,104
48931,326,"PRIMĂRIA RACOVIŢENI",RACOVIŢENI,BZ,1054,8,1,0,9,22,3,0,25,31,6,0,37,57,10,0,67,169,28,0,197,286,41,0,327
48977,327,"SCOALA GIMNAZIALA NR.1",RÎMNICELU,BZ,1028,4,2,0,6,24,7,0,31,33,7,0,40,56,7,0,63,168,12,0,180,280,15,0,295
48977,328,"SCOALA NR.2 SAT RAMNICELU",RÎMNICELU,BZ,1417,6,3,0,9,32,3,0,35,60,3,0,63,65,7,0,72,200,9,0,209,340,15,0,355
49000,329,"SCOALA SAT ŞTIUBEI",ŞTIUBEI,BZ,484,3,2,0,5,10,5,0,15,17,7,0,24,23,10,0,33,98,22,0,120,123,25,0,148
48986,330,"ŞCOALA SAT COLIBAŞI",COLIBAŞI,BZ,332,4,3,0,7,15,3,0,18,26,7,0,33,37,9,0,46,74,13,0,87,90,15,0,105
48995,331,"ŞCOALA SAT FOTIN",FOTIN,BZ,175,5,3,0,8,17,4,0,21,23,9,0,32,26,9,0,35,49,11,0,60,56,12,0,68
49028,332,"ŞCOALA GIMNAZIALĂ ROBEASCA",ROBEASCA,BZ,570,11,1,0,12,24,2,0,26,31,5,15,51,54,6,15,75,150,20,15,185,194,24,15,233
49037,333,"CAMINUL CULTURAL MOŞEŞTI",MOŞEŞTI,BZ,265,3,4,0,7,18,18,24,60,23,20,24,67,36,30,24,90,59,52,24,135,79,65,24,168
49055,334,"LICEUL TEHNOLOGIC RUȘEȚU",RUŞEŢU,BZ,1008,5,1,0,6,10,4,0,14,23,8,0,31,69,17,0,86,119,27,0,146,162,30,0,192
49055,335,"CLĂDIREA GRĂDINIŢEI CU PROGRAM NORMAL",RUŞEŢU,BZ,968,3,0,0,3,15,1,0,16,29,1,0,30,66,2,0,68,151,3,0,154,209,4,0,213
49055,336,"CĂMINUL CULTURAL ""DIMITRIE GUSTI""",RUŞEŢU,BZ,961,14,0,0,14,50,1,0,51,80,5,0,85,155,14,0,169,239,30,0,269,302,42,0,344
49064,337,"ŞCOALA PRIMARĂ","SERGENT IONEL ŞTEFAN",BZ,166,1,0,0,1,4,5,0,9,7,7,0,14,14,7,0,21,42,8,0,50,74,8,0,82
49082,338,ŞCOALASĂGEATA,SĂGEATA,BZ,1135,15,0,0,15,40,8,0,48,71,12,0,83,137,13,0,150,250,27,20,297,374,37,20,431
49126,339,"ŞCOALA DÎMBROCA",DÎMBROCA,BZ,1022,8,2,0,10,35,4,0,39,49,5,0,54,76,7,0,83,145,11,0,156,253,27,16,296
49117,340,ŞCOALABORDUŞANI,BORDUŞANI,BZ,320,7,9,0,16,20,11,0,31,33,13,0,46,41,15,0,56,78,22,0,100,129,30,0,159
49108,341,ŞCOALABEILIC,BEILIC,BZ,301,8,0,0,8,24,6,7,37,35,6,7,48,44,12,7,63,71,16,7,94,106,18,11,135
49135,342,"ŞCOALA GĂVĂNEŞTI",GĂVĂNEŞTI,BZ,853,13,2,0,15,39,5,0,44,71,6,0,77,96,9,0,105,196,20,33,249,304,36,33,373
49091,343,SCOALABANIŢA,BANIŢA,BZ,254,7,5,0,12,15,5,0,20,17,11,0,28,27,15,0,42,52,23,0,75,71,29,0,100
49162,344,"CAMINUL CULTURAL SĂHĂTENI",SĂHĂTENI,BZ,1297,8,1,0,9,42,3,0,45,52,5,0,57,76,5,0,81,137,10,0,147,172,16,0,188
49180,345,"ŞCOALA CU CLS.I-IV ISTRIŢA DE JOS","ISTRIŢA DE JOS",BZ,274,6,1,0,7,10,1,0,11,15,5,0,20,27,6,0,33,47,10,0,57,55,13,0,68
49171,346,"ŞCOALA CU CLS.I-IV GĂGENI",GĂGENI,BZ,363,6,2,0,8,19,5,0,24,22,5,0,27,27,6,0,33,74,9,0,83,106,13,0,119
49199,347,"ŞCOALA CLS.I-VIII VINTILEANCA",VINTILEANCA,BZ,721,8,0,0,8,26,2,0,28,53,2,0,55,62,5,0,67,122,11,0,133,215,17,0,232
49215,348,"ȘCOALA GIMNAZIALĂ SĂPOCA",SĂPOCA,BZ,1428,12,1,0,13,34,6,0,40,42,7,67,116,54,17,67,138,138,35,91,264,210,42,93,345
49224,349,"ȘCOALA GIMNAZIALĂ MĂTESTI",MĂTEŞTI,BZ,1416,4,0,0,4,26,1,0,27,39,2,0,41,54,6,0,60,188,20,0,208,273,27,0,300
49242,350,"CĂMINUL CULTURAL SĂRULEŞTI",SĂRULEŞTI,BZ,1070,14,1,0,15,34,4,0,38,53,7,0,60,112,11,0,123,297,33,0,330,396,36,0,432
49322,351,"SALA DE FESTIVITĂŢI SCORTOASA",SCORŢOASA,BZ,1017,4,1,0,5,18,2,0,20,23,5,0,28,42,13,0,55,102,27,0,129,133,32,0,165
49402,352,"ŞCOALA PRIMARĂSAT GURA VĂII","GURA VĂII",BZ,181,1,2,0,3,8,2,0,10,16,2,0,18,18,2,0,20,27,9,0,36,56,14,0,70
49411,353,"ŞCOALA PRIMARĂ SATPLOPEASA DE SUS",PLOPEASA,BZ,164,2,1,0,3,12,2,0,14,14,2,0,16,17,2,0,19,36,12,0,48,49,15,0,64
49386,354,"ŞCOALAPRIMARĂ SAT GRABICINA DE JOS","GRABICINA DE JOS",BZ,174,1,4,0,5,11,7,0,18,12,8,0,20,18,9,0,27,50,13,0,63,67,15,0,82
49377,355,"ŞCOALA PRIMARĂ SAT GOLU GRABICINA","GOLU GRABICINA",BZ,233,3,2,0,5,8,2,0,10,15,3,0,18,23,8,0,31,54,16,0,70,75,19,0,94
49331,356,"SCOALA GIMNAZIALĂ SATBALTA TOCILA","BALTA TOCILA",BZ,265,9,4,0,13,15,9,0,24,20,11,0,31,26,12,0,38,54,25,0,79,79,29,0,108
49340,357,"ŞCOALA PRIMARĂ SATBECIU",BECIU,BZ,115,2,0,0,2,5,2,0,7,12,5,0,17,23,5,0,28,40,9,0,49,45,12,0,57
49448,358,"CĂMINUL CULTURAL DIN SATUL SCUTELNICI",SCUTELNICI,BZ,902,8,2,0,10,24,11,0,35,37,14,0,51,48,18,0,66,123,35,0,158,153,47,0,200
49466,359,"GRĂDINIŢA CU PROGRAM NORMAL SAT BRAGAREASA",BRĂGĂREASA,BZ,529,7,2,0,9,10,5,0,15,14,6,0,20,28,10,0,38,78,25,0,103,100,28,0,128
49457,360,"ŞCOALA PRIMARA SAT ARCANU",ARCANU,BZ,330,1,1,0,2,17,3,0,20,22,3,0,25,27,4,0,31,53,5,0,58,96,9,0,105
49493,361,"ŞCOALA GIMNAZIALA COMUNA SIRIU, JUDETUL BUZAU,DIN SATUL LUNCA JARISTEI","LUNCA JARIŞTEI",BZ,1425,9,1,0,10,43,3,0,46,49,4,0,53,63,6,0,69,187,9,0,196,266,15,0,281
49509,362,"ŞCOALA PRIMARĂ SAT COLŢU PIETRII,COMUNA SIRIU,JUDETUL BUZĂU","COLŢU PIETRII",BZ,1135,8,1,0,9,27,1,0,28,38,1,0,39,56,1,0,57,180,6,0,186,232,7,0,239
49554,363,"CĂMINUL DE NUNTI SMEENI",SMEENI,BZ,1209,4,1,0,5,11,2,0,13,18,5,0,23,25,7,0,32,83,11,1,95,113,14,1,128
49554,364,"GRĂDINIȚA CU PROGRAM NORMAL SMEENI",SMEENI,BZ,1109,10,3,0,13,21,5,0,26,40,11,0,51,58,11,0,69,102,23,0,125,138,27,0,165
49554,365,"ȘCOALA PRIMARĂ SĂLCIOARA",SMEENI,BZ,544,3,1,0,4,7,2,0,9,14,2,0,16,17,4,0,21,41,6,0,47,54,11,0,65
49590,366,"GRĂDINIȚA CU PROGRAM NORMAL MOISICA",MOISICA,BZ,289,10,4,0,14,17,5,0,22,30,7,0,37,38,15,0,53,58,18,0,76,81,19,0,100
49563,367,"ŞCOALA GIMNAZIALĂ ALBEŞTI",ALBEŞTI,BZ,719,2,0,0,2,9,3,0,12,15,3,0,18,19,4,0,23,51,9,0,60,97,13,0,110
49616,368,"GRĂDINIȚA CU PROGRAM NORMAL UDAŢI- MÂNZU",UDAŢI-MÂNZU,BZ,721,5,0,0,5,15,2,0,17,18,2,0,20,26,2,0,28,57,4,0,61,73,8,0,81
49581,369,"ŞCOALA PRMARĂ CĂLŢUNA",CĂLŢUNA,BZ,433,7,0,0,7,7,2,0,9,7,4,0,11,13,4,0,17,44,11,0,55,64,12,0,76
49607,370,"ŞCOALA PRMARĂ LUCIENI",UDAŢI-LUCIENI,BZ,349,0,0,0,0,0,0,0,0,1,4,0,5,1,4,0,5,11,5,0,16,20,5,0,25
49634,371,"SCOALA GIMNAZIALA STILPU",STÎLPU,BZ,1382,14,0,0,14,58,5,0,63,76,11,0,87,102,13,0,115,232,26,18,276,342,32,19,393
49634,372,"PRIMARIA STILPU",STÎLPU,BZ,1203,6,6,0,12,44,11,0,55,68,14,0,82,94,18,0,112,160,20,7,187,224,22,7,253
49670,373,"CAMINUL CULTURAL SAT GRAJDANA",GRĂJDANA,BZ,920,4,1,0,5,14,5,0,19,22,6,0,28,28,9,0,37,88,20,0,108,126,23,0,149
49698,374,"SCOALA PRIMARA, SAT IZVORANU, COMUNA TISAU",IZVORANU,BZ,97,3,1,0,4,5,2,0,7,8,4,0,12,10,7,0,17,19,10,0,29,23,13,0,36
49750,375,"GRADINIŢA CU PROGRAM NORMAL SAT VALEA SĂLCIILOR, COMUNA TISAU","VALEA SĂLCIILOR",BZ,500,1,1,0,2,6,1,0,7,11,1,0,12,13,1,0,14,28,5,0,33,43,6,0,49
49689,376,"ŞCOALAGIMNAZIALA SAT HALEŞ, COMUNA TISAU",HALEŞ,BZ,774,11,2,0,13,23,2,0,25,27,10,0,37,35,12,0,47,120,31,0,151,149,39,0,188
49714,377,"GRADINITA CU PROGRAM NORMAL SATPADURENI, COMUNA TISAU",PĂDURENII,BZ,468,4,1,0,5,17,1,0,18,24,1,0,25,33,2,0,35,78,7,0,85,91,9,0,100
49741,378,"GRADINIŢĂ CU PROGRAM NORMAL COMUNA TISAU",TISĂU,BZ,619,5,1,0,6,14,2,0,16,18,2,0,20,27,8,0,35,59,13,0,72,78,17,0,95
49732,379,"SCOALAPRIMARĂ SAT STREZENI, COMUNA TISAU",STREZENI,BZ,444,5,2,0,7,14,2,0,16,25,4,0,29,26,4,0,30,61,15,0,76,70,20,0,90
49821,380,"ŞCOALA PRIMARA POŞTA",POŞTA,BZ,437,5,1,0,6,12,5,0,17,13,5,0,18,27,5,0,32,64,9,0,73,98,14,0,112
49778,381,"ŞCOALA GIMNAZIALA TOPLICENI",TOPLICENI,BZ,1046,0,0,0,0,14,1,0,15,21,8,0,29,33,8,0,41,92,18,0,110,130,22,0,152
49830,382,"GRADINITA CU PROGRAM NORMAL RĂDUCEŞTI",RĂDUCEŞTI,BZ,380,0,1,0,1,7,3,0,10,15,5,0,20,32,5,0,37,59,16,0,75,86,23,0,109
49787,383,"ŞCOALAGIMNAZIALA BĂBENI ""ION ARISTOTEL""",BĂBENI,BZ,847,4,3,0,7,12,6,0,18,23,11,0,34,32,14,0,46,90,23,0,113,136,26,0,162
49803,384,"GRADINITA CU PROGRAM NORMAL DEDULEŞTI",DEDULEŞTI,BZ,776,1,1,0,2,8,2,0,10,19,2,0,21,41,2,0,43,129,14,0,143,167,21,0,188
49812,385,"SCOALA GURA-FAGETULUI","GURA FĂGETULUI",BZ,133,2,0,0,2,6,1,0,7,8,6,0,14,12,6,0,18,36,8,0,44,40,10,0,50
49858,386,"ŞCOALA PRIMARA SAT ŢINTEŞTI",ŢINTEŞTI,BZ,1847,20,1,0,21,83,7,0,90,158,14,0,172,201,15,0,216,493,36,0,529,680,59,0,739
49867,387,"SPAŢIUL DE UTILITATE PUBLICĂ DIN SATUL MAXENU",MAXENU,BZ,1810,6,4,0,10,26,5,0,31,60,8,0,68,86,8,0,94,307,25,0,332,489,42,0,531
49901,388,"SCOALA GIMNAZIALA PROFESOR CONSTANTIN DINCA ULMENI",ULMENI,BZ,1237,8,1,0,9,23,24,0,47,40,30,0,70,71,36,0,107,143,51,0,194,194,62,1,257
49929,389,"LOCALUL FOSTULUI SFAT POPULAR CLONDIRU",CLONDIRU,BZ,1348,9,0,0,9,47,7,0,54,87,14,0,101,123,20,0,143,277,46,5,328,380,60,5,445
47364,390,"SCOALA GIMNAZIALA ING. OPRISAN IARCA UNGURIU",UNGURIU,BZ,938,4,0,0,4,29,9,85,123,34,12,85,131,40,18,85,143,117,23,85,225,134,25,85,244
47364,391,"SCOALA GIMNAZIALA ING. OPRISAN IARCA UNGURIU",UNGURIU,BZ,956,7,0,0,7,19,0,0,19,22,5,0,27,34,6,0,40,88,16,0,104,121,16,0,137
49965,392,"SCOALA GIMNAZIALA VADU PAŞII","VADU PAŞII",BZ,1950,2,0,0,2,41,1,0,42,50,2,0,52,69,6,0,75,193,28,0,221,266,32,0,298
49965,393,"GRĂDINIŢA CU PROGRAM NORMAL VADU PAŞII","VADU PAŞII",BZ,1451,10,0,0,10,18,3,0,21,51,7,0,58,73,7,0,80,149,9,0,158,225,13,0,238
49983,394,"SCOALA FOCŞĂNEI",FOCŞĂNEI,BZ,1189,4,0,0,4,42,0,0,42,68,2,0,70,80,4,0,84,175,12,0,187,252,25,0,277
50004,395,"SCOALA CIOCÂRLIA",SCURTEŞTI,BZ,557,4,1,0,5,41,5,0,46,55,9,0,64,66,10,0,76,121,18,0,139,155,23,0,178
50004,396,"SCOALA GIMNAZIALA SCURTEŞTI",SCURTEŞTI,BZ,1638,3,0,0,3,27,2,0,29,40,5,0,45,50,6,0,56,142,9,0,151,213,12,0,225
50013,397,"ŞCOALA GIMNAZIALA STĂNCEŞTI",STĂNCEŞTI,BZ,1209,13,0,0,13,52,4,0,56,68,4,0,72,92,5,0,97,199,16,0,215,256,17,0,273
50040,398,"GRADINITA CU PROGRAM NORMAL OREAVU",OREAVUL,BZ,1905,11,0,0,11,40,1,0,41,82,4,0,86,145,9,0,154,280,16,0,296,408,24,0,432
50031,399,"SCOALA GIMNAZIALA VALEA RAMNICULUI","VALEA RÎMNICULUI",BZ,1826,27,0,0,27,85,4,0,89,120,4,30,154,191,4,30,225,351,17,30,398,469,21,30,520
50059,400,"GRADINITA CU PROGRAM NORMAL RUBLA",RUBLA,BZ,968,13,0,0,13,35,1,0,36,55,5,0,60,105,6,0,111,225,18,0,243,316,22,0,338
50077,401,"CĂMINUL CULTURAL VALEA SALCIEI","VALEA SALCIEI",BZ,590,13,0,0,13,16,0,0,16,23,0,11,34,53,2,11,66,153,10,23,186,201,16,23,240
50111,402,"ŞCOALA GIMNAZIALĂ ,,NICOLAE IOAN JILINSCHI,, VERNEȘTI",VERNEŞTI,BZ,1915,7,3,0,10,31,8,0,39,47,13,0,60,72,14,0,86,198,29,0,227,265,40,0,305
50139,403,"ŞCOALA GIMNAZIALĂSAT CÎNDEȘTI",CÎNDEŞTI,BZ,1390,7,1,0,8,14,4,0,18,20,4,0,24,25,5,0,30,91,12,0,103,168,16,0,184
50139,404,"ŞCOALA GIMNAZIALĂ SAT CINDEŞTI",CÎNDEŞTI,BZ,1355,2,0,0,2,10,0,0,10,17,0,0,17,32,2,0,34,105,3,0,108,171,4,0,175
50219,405,"ŞCOALA GIMNAZIALĂ ,,VASILE ALDEA,, ZOREȘTI",ZOREŞTI,BZ,1105,5,2,0,7,22,10,0,32,26,11,0,37,37,16,0,53,117,28,0,145,143,33,0,176
50175,406,"GRĂDINIȚA CU PROGRAM NORMAL NIȘCOV",NIŞCOV,BZ,1064,11,1,0,12,38,10,0,48,46,15,0,61,57,21,0,78,112,32,1,145,148,37,1,186
50184,407,"ŞCOALA PRIMARĂ SĂSENII NOI","SĂSENII NOI",BZ,296,4,0,0,4,11,0,0,11,16,4,0,20,16,7,0,23,42,17,0,59,59,22,0,81
50157,408,"GRADINITA CU PROGRAM NORMAL MIEREA",MIEREA,BZ,374,10,2,0,12,16,5,0,21,25,9,0,34,34,11,0,45,82,32,0,114,101,37,0,138
50237,409,"ŞCOALA GIMNAZIALĂ TACHE ŞI ECATERINA TOCILESCU","VINTILĂ VODĂ",BZ,1292,13,1,0,14,54,8,0,62,78,15,23,116,118,20,23,161,294,48,43,385,382,60,43,485
50273,410,"ŞCOALA PRIMARĂ SAT NICULEŞTI",NICULEŞTI,BZ,966,6,5,0,11,11,7,0,18,24,7,0,31,41,10,0,51,110,26,0,136,139,31,0,170
50255,411,"ŞCOALA PRIMARĂ SAT COCA ANTIMIREŞTI",COCA-ANTIMIREŞTI,BZ,206,0,3,0,3,3,3,0,6,3,4,0,7,5,6,0,11,10,8,0,18,15,8,0,23
50335,412,"ŞCOALA GIMNAZIALA VIPEREŞTI",VIPEREŞTI,BZ,906,8,0,0,8,15,1,0,16,28,3,0,31,41,4,0,45,97,16,0,113,233,25,0,258
50371,413,"ŞCOALA PRIMARA TRONARI",TRONARI,BZ,753,5,0,0,5,12,0,0,12,32,3,0,35,40,5,0,45,130,12,0,142,271,15,0,286
50380,414,"ŞCOALA GIMNAZIALA URSOAIA",URSOAIA,BZ,874,0,0,0,0,2,1,0,3,4,4,0,8,12,6,0,18,47,12,0,59,94,18,0,112
50344,415,"ŞCOALA PRIMARA MUŞCEL",MUSCEL,BZ,106,2,0,0,2,6,5,0,11,6,6,0,12,7,6,0,13,23,12,0,35,25,12,0,37
50406,416,"SCOALA GIMNAZIALA NR 1 VILCELELE",VÎLCELELE,BZ,1217,18,2,0,20,51,16,0,67,51,16,0,67,55,18,0,73,199,58,0,257,277,63,90,430
50424,417,"ŞCOALA GIMNAZIALĂ ""CONSTANTIN POPESCU"" FUNDENI",FUNDENI,BZ,1856,18,2,0,20,63,2,0,65,99,8,0,107,181,14,0,195,339,21,0,360,511,33,0,544
50442,418,"SCOALA GENERALA PRUNENI",PRUNENI,BZ,307,3,6,0,9,13,6,0,19,20,9,0,29,24,11,0,35,57,19,0,76,89,23,0,112
50451,419,"GRĂDINIŢA DE COPII VADU SOREŞTI","VADU SOREŞTI",BZ,1075,7,2,0,9,37,3,0,40,77,5,2,84,99,7,2,108,182,13,2,197,274,18,2,294
50460,420,"GRĂDINIŢA DE COPII ZĂRNEŞTI",ZĂRNEŞTI,BZ,869,11,2,0,13,33,8,0,41,47,11,0,58,68,13,0,81,153,27,0,180,266,39,0,305
50488,421,"SALA DE ŞEDINŢE PRIMĂRIA ZIDURI",ZIDURI,BZ,817,6,4,0,10,14,7,0,21,27,9,0,36,57,12,0,69,110,26,0,136,169,31,0,200
50521,422,"CĂMINUL CULTURAL LANURILE",LANURILE,BZ,599,5,2,0,7,28,8,0,36,35,15,0,50,46,19,0,65,73,29,0,102,112,31,0,143
50512,423,"ŞCOALA PRIMARĂ HELIADE RĂDULESCU","HELIADE RĂDULESCU",BZ,668,11,4,0,15,38,8,0,46,63,14,0,77,90,18,0,108,178,36,0,214,246,47,0,293
50497,424,"ŞCOALA PRIMARĂCOSTIENI",COSTIENI,BZ,617,3,3,0,6,14,4,0,18,24,4,0,28,51,7,0,58,98,15,0,113,173,20,0,193
50530,425,"CĂMINUL CULTURAL ZOIŢA",ZOIŢA,BZ,454,6,1,0,7,37,3,0,40,42,4,0,46,54,6,0,60,104,12,0,116,140,18,0,158
50503,426,"ŞCOALA PRIMARĂ CUCULEASA",CUCULEASA,BZ,372,2,0,0,2,12,0,0,12,25,4,0,29,28,6,0,34,67,10,0,77,90,11,0,101
54984,1,"COLEGIUL ECONOMIC “IULIAN POP”",CLUJ-NAPOCA,CJ,931,0,2,0,2,2,50,0,52,2,80,0,82,2,80,0,82,4,144,0,148,7,197,12,216
54984,2,"COLEGIUL ECONOMIC “IULIAN POP”",CLUJ-NAPOCA,CJ,1197,4,1,0,5,29,5,0,34,51,21,0,72,60,23,0,83,103,36,0,139,131,40,0,171
54984,3,"COLEGIUL TEHNIC DE TELECOMUNICATII“AUGUSTIN MAIOR”,",CLUJ-NAPOCA,CJ,1539,10,8,0,18,33,33,40,106,60,59,90,209,66,59,90,215,187,157,140,484,216,181,140,537
54984,4,"COLEGIUL TEHNIC DE TELECOMUNICATII“AUGUSTIN MAIOR”,",CLUJ-NAPOCA,CJ,1421,8,2,0,10,55,28,0,83,81,46,3,130,92,48,3,143,138,98,28,264,212,110,50,372
54984,5,"ŞCOALA""ION CREANGĂ"" ,",CLUJ-NAPOCA,CJ,1067,8,1,0,9,61,13,0,74,78,16,0,94,92,16,0,108,158,30,0,188,207,40,0,247
54984,6,"ŞCOALA""ION CREANGĂ"" ,",CLUJ-NAPOCA,CJ,1568,12,1,0,13,63,11,0,74,92,32,0,124,99,34,0,133,193,70,0,263,268,117,0,385
54984,7,"ŞCOALA""ION CREANGĂ"" ,",CLUJ-NAPOCA,CJ,1270,14,0,0,14,51,2,0,53,80,4,0,84,89,5,0,94,161,16,0,177,209,24,0,233
54984,8,"GRADINITA DUMBRAVA MINUNATA",CLUJ-NAPOCA,CJ,1267,15,3,0,18,72,4,1,77,95,4,1,100,100,4,1,105,166,14,1,181,209,19,1,229
54984,9,"GRADINITA ""DUMBRAVA MINUNATĂ""",CLUJ-NAPOCA,CJ,1597,13,4,0,17,71,13,0,84,109,15,0,124,132,15,0,147,254,21,0,275,315,28,0,343
54984,10,"GRĂDINIŢA ""DUMBRAVA MINUNATĂ"" (FOSTA 66),",CLUJ-NAPOCA,CJ,1524,9,3,0,12,67,5,0,72,104,5,0,109,115,5,0,120,192,13,0,205,272,14,0,286
54984,11,"ŞCOALA “IULIU HAŢIEGANU” (FOSTĂ NR.21)",CLUJ-NAPOCA,CJ,918,2,0,0,2,29,5,0,34,46,6,0,52,56,6,0,62,108,14,0,122,150,21,0,171
54984,12,"ŞCOALA “IULIU HAŢIEGANU” (FOSTĂ NR.21)",CLUJ-NAPOCA,CJ,917,9,1,0,10,33,13,0,46,58,23,0,81,62,26,0,88,127,38,0,165,157,67,0,224
54984,13,"GRĂDINIŢA ""ALBINUŢA"" (FOSTĂ CĂSUŢA POVEŞTILOR), STR. GRIGORE ALEXANDRESCU, NR.21/A",CLUJ-NAPOCA,CJ,1652,18,3,0,21,83,3,0,86,119,10,0,129,132,11,0,143,226,16,0,242,275,19,0,294
54984,14,"ŞCOALA “IULIU HAŢIEGANU” (FOSTĂ NR.21),",CLUJ-NAPOCA,CJ,1600,11,0,0,11,77,2,0,79,101,11,0,112,112,12,0,124,201,25,0,226,256,27,0,283
54984,15,"ŞCOALA “IULIU HAŢIEGANU” (FOSTĂ NR.21),",CLUJ-NAPOCA,CJ,1882,19,1,0,20,88,2,0,90,130,8,0,138,146,11,0,157,284,13,0,297,378,17,0,395
54984,16,"ŞCOALA “IULIU HAŢIEGANU” (FOSTĂ NR.21),",CLUJ-NAPOCA,CJ,1390,16,2,0,18,50,13,0,63,81,18,0,99,98,20,0,118,157,30,0,187,210,40,0,250
54984,17,"COLEGIUL TEHNIC NAPOCA",CLUJ-NAPOCA,CJ,1540,8,2,0,10,48,18,0,66,82,29,0,111,103,30,0,133,242,43,0,285,315,65,0,380
54984,18,"LICEUL CU PROGRAM SPORTIV (FOSTA SCOALA NR.20).",CLUJ-NAPOCA,CJ,1614,13,0,0,13,74,5,0,79,119,9,0,128,129,12,0,141,229,28,0,257,303,45,0,348
54984,19,"LICEUL CU PROGRAM SPORTIV (FOSTA SCOALA NR.20).",CLUJ-NAPOCA,CJ,1593,10,0,0,10,54,0,0,54,84,5,0,89,99,5,0,104,193,12,0,205,249,15,0,264
54984,20,"LICEUL CU PROGRAM SPORTIV (FOSTA SCOALA NR.20).",CLUJ-NAPOCA,CJ,1564,11,0,0,11,64,3,0,67,105,5,0,110,114,5,0,119,234,10,0,244,298,17,0,315
54984,21,"LICEUL TEORETIC ""EUGEN PORA""",CLUJ-NAPOCA,CJ,1657,12,3,0,15,57,8,0,65,97,9,0,106,120,10,0,130,243,29,0,272,324,41,0,365
54984,22,"LICEUL TEORETIC ""EUGEN PORA""",CLUJ-NAPOCA,CJ,1621,11,1,0,12,58,16,0,74,100,30,0,130,121,32,0,153,216,59,0,275,298,81,0,379
54984,23,"LICEUL TEORETIC ""EUGEN PORA""",CLUJ-NAPOCA,CJ,889,9,1,0,10,35,12,0,47,52,13,0,65,57,13,0,70,97,18,0,115,140,27,0,167
54984,24,"LICEUL TEORETIC ""EUGEN PORA""",CLUJ-NAPOCA,CJ,1709,20,2,0,22,82,2,0,84,116,6,0,122,129,6,0,135,232,12,0,244,309,16,0,325
54984,25,"SCOALA INTERNATIONALA ""SPECTRUM""",CLUJ-NAPOCA,CJ,1713,14,2,0,16,82,16,0,98,110,31,0,141,120,33,0,153,202,42,0,244,251,55,0,306
54984,26,"SCOALA INTERNATIONALA ""SPECTRUM""",CLUJ-NAPOCA,CJ,1447,16,2,0,18,58,10,0,68,74,18,0,92,81,23,0,104,162,42,0,204,213,48,0,261
54984,27,"SCOALA INTERNATIONALA ""SPECTRUM""",CLUJ-NAPOCA,CJ,1304,3,1,0,4,48,9,0,57,71,13,0,84,79,17,0,96,151,25,0,176,196,40,0,236
54984,28,"SCOALA INTERNATIONALA ""SPECTRUM""",CLUJ-NAPOCA,CJ,1216,12,0,0,12,46,2,0,48,76,2,0,78,85,2,0,87,165,7,0,172,217,12,0,229
54984,29,"LICEUL TEORETIC ""EUGEN PORA"", STR.MOGOŞOAIA NR.6",CLUJ-NAPOCA,CJ,1624,17,0,0,17,72,0,0,72,109,5,0,114,120,11,0,131,227,13,0,240,302,13,0,315
54984,30,"SALA SPORTURILOR ""HOREA DEMIAN""",CLUJ-NAPOCA,CJ,921,13,4,0,17,66,11,0,77,93,17,0,110,98,17,0,115,147,19,0,166,184,20,0,204
54984,31,"SALA SPORTURILOR ""HOREA DEMIAN""",CLUJ-NAPOCA,CJ,1427,3,1,0,4,53,15,0,68,77,22,0,99,77,22,0,99,128,31,0,159,175,48,0,223
54984,32,"SALA SPORTURILOR ""HOREA DEMIAN""",CLUJ-NAPOCA,CJ,1382,12,3,0,15,65,11,0,76,92,13,0,105,97,13,0,110,171,19,0,190,210,29,0,239
54984,33,"CENTRUL REGIONAL DE EXCELENŢĂ,",CLUJ-NAPOCA,CJ,1635,10,3,0,13,74,5,0,79,91,9,0,100,95,9,0,104,199,14,0,213,243,20,0,263
54984,34,"LICEUL TEORETIC ""ONISIFOR GHIBU"",",CLUJ-NAPOCA,CJ,1726,21,8,0,29,93,22,0,115,121,28,2,151,143,29,2,174,263,48,2,313,342,64,3,409
54984,35,"LICEUL TEORETIC ""ONISIFOR GHIBU"",",CLUJ-NAPOCA,CJ,1542,3,6,0,9,51,7,0,58,76,8,0,84,89,8,0,97,197,16,0,213,239,16,0,255
54984,36,"LICEUL TEORETIC ""ONISIFOR GHIBU"",",CLUJ-NAPOCA,CJ,1272,10,0,0,10,51,1,0,52,64,2,0,66,75,3,0,78,164,5,0,169,200,5,2,207
54984,37,"LICEUL TEORETIC ""ONISIFOR GHIBU"",",CLUJ-NAPOCA,CJ,1685,17,1,0,18,92,8,0,100,135,20,0,155,141,20,0,161,238,32,0,270,307,53,0,360
54984,38,"LICEUL TEORETIC ""ONISIFOR GHIBU"",",CLUJ-NAPOCA,CJ,1285,14,2,0,16,55,7,0,62,76,9,0,85,87,9,0,96,152,11,0,163,212,15,0,227
54984,39,"GRADINIŢA"" MICA SIRENA"" (FOSTĂ 64),",CLUJ-NAPOCA,CJ,1477,11,5,0,16,65,9,0,74,106,17,0,123,117,17,0,134,228,24,0,252,279,26,0,305
54984,40,"GRADINIŢA ""LICURICI"" (FOSTA STELUŢA FERMECATĂ), STR.FÂNTÂNELE NR.46",CLUJ-NAPOCA,CJ,1380,16,3,0,19,79,11,0,90,129,15,0,144,150,18,0,168,241,24,0,265,287,31,0,318
54984,41,"GRADINIŢA ""LICURICI"" (FOSTA STELUŢA FERMECATĂ), STR.FÂNTÂNELE NR.46",CLUJ-NAPOCA,CJ,1665,22,3,0,25,60,6,0,66,100,7,0,107,116,7,0,123,225,10,0,235,277,18,0,295
54984,42,"INSTITUTUL DE CERCETARI ÎN CHIMIE ”RALUCA RIPAN”",CLUJ-NAPOCA,CJ,1680,18,1,0,19,87,13,0,100,106,13,0,119,111,14,0,125,206,18,0,224,271,29,0,300
54984,43,"GRADINITA MICA SIRENA (FOSTA 12)",CLUJ-NAPOCA,CJ,1469,19,0,0,19,59,2,0,61,97,6,0,103,107,6,0,113,213,12,0,225,259,16,0,275
54984,44,"INSTITUTUL DE CERCETARI ÎN CHIMIE"" RALUCA RIPAN"",",CLUJ-NAPOCA,CJ,1525,7,0,0,7,51,1,0,52,83,5,0,88,101,6,0,107,187,16,0,203,243,21,0,264
54984,45,"INSTITUTUL DE CERCETARI ÎN CHIMIE"" RALUCA RIPAN"",",CLUJ-NAPOCA,CJ,1856,16,0,0,16,84,14,0,98,133,15,0,148,141,16,0,157,237,24,0,261,298,28,0,326
54984,46,"COLEGIUL TEHNIC ”EDMOND NICOLAU”",CLUJ-NAPOCA,CJ,1105,7,0,0,7,30,15,0,45,58,23,0,81,68,25,0,93,114,31,0,145,176,42,0,218
54984,47,"LICEUL DE INFORMATICĂ „TIBERIU POPOVICIU”",CLUJ-NAPOCA,CJ,1587,12,6,0,18,59,19,0,78,95,37,0,132,110,40,0,150,187,68,0,255,238,98,0,336
54984,48,"LICEUL DE INFORMATICĂ „TIBERIU POPOVICIU”",CLUJ-NAPOCA,CJ,1529,9,2,0,11,51,24,0,75,74,33,0,107,88,35,0,123,180,49,0,229,239,59,0,298
54984,49,"LICEUL DE INFORMATICĂ „TIBERIU POPOVICIU”",CLUJ-NAPOCA,CJ,1649,23,1,0,24,91,4,0,95,124,11,0,135,141,12,0,153,248,30,0,278,312,42,0,354
54984,50,"LICEUL DE INFORMATICĂ „TIBERIU POPOVICIU”",CLUJ-NAPOCA,CJ,1373,11,0,0,11,68,4,0,72,85,4,0,89,100,5,0,105,152,21,0,173,196,28,0,224
54984,51,"LICEUL DE INFORMATICĂ „TIBERIU POPOVICIU”",CLUJ-NAPOCA,CJ,1210,18,0,0,18,71,2,0,73,100,8,0,108,105,8,0,113,185,11,0,196,236,16,0,252
54984,52,"ASOCIAŢIA ""CARITATEA""",CLUJ-NAPOCA,CJ,2197,12,8,0,20,88,36,0,124,170,55,0,225,186,58,0,244,312,78,0,390,422,102,0,524
54984,53,"GRADINIŢA ""ZÎNA ZORILOR"", STR.L.PASTEUR NR.12",CLUJ-NAPOCA,CJ,1835,25,0,0,25,79,20,0,99,107,28,150,285,123,28,150,301,208,48,181,437,268,69,181,518
54984,54,"FACULTATEA DE ARHITECTURĂ ŞI URBANISM, STR.OBSERVATORULUI NR.72",CLUJ-NAPOCA,CJ,1555,9,0,0,9,50,21,0,71,74,55,0,129,90,56,0,146,167,91,0,258,223,127,0,350
54984,55,"FACULTATEA DE ARHITECTURĂ ŞI URBANISM, STR.OBSERVATORULUI NR.72",CLUJ-NAPOCA,CJ,1433,10,0,0,10,33,29,1,63,53,44,1,98,60,44,1,105,124,96,1,221,165,139,1,305
54984,56,"FACULTATEA DE ARHITECTURĂ ŞI URBANISM, STR.OBSERVATORULUI NR.72",CLUJ-NAPOCA,CJ,1056,2,0,0,2,22,2,0,24,46,5,0,51,61,6,0,67,116,18,0,134,170,26,0,196
54984,57,"FACULTATEA DE ARHITECTURĂ ŞI URBANISM, STR.OBSERVATORULUI NR.72",CLUJ-NAPOCA,CJ,1316,6,5,0,11,33,8,0,41,61,11,0,72,67,11,0,78,169,18,0,187,212,28,0,240
54984,58,"LICEUL INFORMATICA ”T.POPOVICIU”",CLUJ-NAPOCA,CJ,1970,13,3,0,16,58,26,0,84,118,51,0,169,132,52,0,184,237,89,0,326,304,135,0,439
54984,59,"LICEUL INFORMATICA ”T.POPOVICIU”",CLUJ-NAPOCA,CJ,2675,5,2,0,7,95,12,0,107,126,18,0,144,129,20,0,149,264,47,0,311,338,87,0,425
54984,60,"LICEUL INFORMATICA ”T.POPOVICIU”",CLUJ-NAPOCA,CJ,1912,9,2,0,11,62,8,0,70,94,11,0,105,102,11,0,113,188,31,1,220,264,42,1,307
54984,61,"PALATUL COPIILOR",CLUJ-NAPOCA,CJ,1531,18,3,0,21,68,32,0,100,93,57,75,225,109,61,75,245,189,114,82,385,252,143,82,477
54984,62,"SCOALA""IOAN BOB""",CLUJ-NAPOCA,CJ,1465,10,3,0,13,64,16,0,80,75,21,0,96,93,21,0,114,164,53,0,217,210,76,0,286
54984,63,"COLEGIUL NAŢIONAL ""G.COŞBUC""",CLUJ-NAPOCA,CJ,1187,10,0,0,10,60,16,0,76,90,25,0,115,100,29,0,129,194,60,0,254,241,88,0,329
54984,64,"LICEUL TEORETIC ""GH. SINCAI""",CLUJ-NAPOCA,CJ,1566,12,3,0,15,78,34,0,112,102,47,0,149,117,49,0,166,236,93,0,329,278,117,0,395
54984,65,"LICEUL TEORETIC ""GH. SINCAI""",CLUJ-NAPOCA,CJ,1478,15,0,0,15,72,14,0,86,88,25,0,113,104,26,0,130,204,34,0,238,250,53,0,303
54984,66,"LICEUL TEORETIC ""GH. SINCAI""",CLUJ-NAPOCA,CJ,1702,16,5,0,21,67,19,0,86,110,35,0,145,135,42,0,177,249,84,82,415,340,104,82,526
54984,67,"LICEUL TEORETIC ""GH. SINCAI""",CLUJ-NAPOCA,CJ,1186,9,1,0,10,45,6,0,51,83,10,0,93,96,13,0,109,192,28,0,220,270,38,1,309
54984,68,"LICEUL TEORETIC ""GH. SINCAI""",CLUJ-NAPOCA,CJ,1440,4,0,0,4,59,3,0,62,92,12,0,104,98,20,0,118,196,23,0,219,256,29,0,285
54984,69,"LICEUL TEORETIC ""GH. SINCAI""",CLUJ-NAPOCA,CJ,1376,14,5,0,19,52,9,0,61,80,11,0,91,87,12,0,99,144,14,0,158,200,17,0,217
54984,70,"COLEGIUL TEHNIC "" EDMOND NICOLAU"",",CLUJ-NAPOCA,CJ,1884,8,1,0,9,58,7,0,65,90,11,0,101,94,13,0,107,201,22,0,223,262,29,0,291
54984,71,"COLEGIUL TEHNIC "" EDMOND NICOLAU"",",CLUJ-NAPOCA,CJ,1478,5,1,0,6,44,7,0,51,80,12,0,92,82,12,0,94,184,14,0,198,247,23,0,270
54984,72,"COLEGIUL TEHNIC "" EDMOND NICOLAU"",",CLUJ-NAPOCA,CJ,1609,12,1,0,13,62,5,0,67,96,6,0,102,111,6,0,117,209,8,0,217,271,14,0,285
54984,73,"COLEGIUL TEHNIC "" EDMOND NICOLAU"",",CLUJ-NAPOCA,CJ,1511,13,0,0,13,54,2,0,56,91,5,0,96,100,6,0,106,189,14,0,203,254,17,0,271
54984,74,"ŞCOALA ""LIVIU REBREANU""",CLUJ-NAPOCA,CJ,1594,10,0,0,10,76,10,0,86,108,12,0,120,117,15,0,132,215,20,0,235,267,28,0,295
54984,75,"ŞCOALA ""LIVIU REBREANU""",CLUJ-NAPOCA,CJ,1618,8,0,0,8,51,5,0,56,75,12,0,87,89,12,0,101,203,19,0,222,273,21,0,294
54984,76,"ŞCOALA ""LIVIU REBREANU""",CLUJ-NAPOCA,CJ,1605,5,0,0,5,61,0,0,61,89,0,0,89,97,0,0,97,188,2,0,190,237,7,0,244
54984,77,"GRADINIŢA ""UNIVERSUL COPIILOR"" (FOSTĂNR.71)",CLUJ-NAPOCA,CJ,1470,18,1,0,19,65,4,0,69,98,11,0,109,116,11,0,127,222,17,0,239,281,24,0,305
54984,78,"ŞCOALA "" LIVIU REBREANU""( FOSTA CONSTANTIN BRÂNCOVEANU),ALEEA RETEZAT NR.4",CLUJ-NAPOCA,CJ,1570,15,0,0,15,66,7,0,73,86,8,0,94,93,9,0,102,166,18,0,184,239,23,0,262
54984,79,"ŞCOALA "" LIVIU REBREANU"" ( FOSTA CONSTANTIN BRÂNCOVEANU), ALEEA RETEZAT NR.4",CLUJ-NAPOCA,CJ,1135,13,0,0,13,63,7,0,70,83,11,0,94,90,11,0,101,171,17,0,188,231,26,0,257
54984,80,"ŞCOALA "" LIVIU REBREANU"" ( FOSTA CONSTANTIN BRÂNCOVEANU), ALEEA RETEZAT NR.4",CLUJ-NAPOCA,CJ,1383,13,0,0,13,57,2,0,59,76,5,0,81,93,5,0,98,194,5,0,199,251,10,0,261
54984,81,"ŞCOALA "" LIVIU REBREANU"" ( FOSTA CONSTANTIN BRÂNCOVEANU), ALEEA RETEZAT NR.4",CLUJ-NAPOCA,CJ,965,10,1,0,11,38,2,0,40,59,2,0,61,64,3,0,67,128,4,0,132,172,5,0,177
54984,82,"GRADINIŢA"" BUBURUZA"" (FOSTĂ NR. 70),",CLUJ-NAPOCA,CJ,1139,6,4,0,10,29,4,0,33,51,10,0,61,55,11,0,66,107,17,0,124,150,29,0,179
54984,83,"GRADINIŢA"" BUBURUZA"" (FOSTĂ NR. 70),",CLUJ-NAPOCA,CJ,1587,0,0,0,0,47,2,0,49,71,3,0,74,84,3,0,87,169,6,0,175,206,9,0,215
54984,84,"GRADINIŢA ""ACADEMIA PITICILOR""(FOSTĂ NR. 72),",CLUJ-NAPOCA,CJ,1765,10,2,0,12,79,8,0,87,124,14,0,138,131,14,0,145,270,26,0,296,340,36,0,376
54984,85,"GRADINIŢA ""ACADEMIA PITICILOR""(FOSTĂ NR. 72),",CLUJ-NAPOCA,CJ,1491,17,1,0,18,59,6,0,65,83,7,0,90,93,7,0,100,199,17,0,216,239,26,0,265
54984,86,"FOSTA ŞCOALĂ NR.6,",CLUJ-NAPOCA,CJ,1446,13,0,0,13,42,4,1,47,66,6,1,73,79,6,1,86,145,6,1,152,178,11,1,190
54984,87,"FOSTA ŞCOALĂ NR.6,",CLUJ-NAPOCA,CJ,1583,10,0,0,10,72,7,0,79,111,13,0,124,122,13,0,135,219,21,0,240,273,22,0,295
54984,88,"FOSTA ŞCOALĂ NR.6,",CLUJ-NAPOCA,CJ,1583,15,4,0,19,73,11,0,84,98,14,0,112,123,16,0,139,218,25,0,243,262,35,0,297
54984,89,"FOSTA ŞCOALĂ NR.6,",CLUJ-NAPOCA,CJ,1211,18,0,0,18,69,1,0,70,98,3,0,101,110,5,0,115,195,12,0,207,229,18,0,247
54984,90,"ŞCOALA ”OCTAVIAN GOGA”",CLUJ-NAPOCA,CJ,1511,2,3,0,5,44,26,0,70,81,44,0,125,93,46,0,139,164,68,0,232,236,98,0,334
54984,91,"ŞCOALA ”OCTAVIAN GOGA”",CLUJ-NAPOCA,CJ,1484,10,3,0,13,44,15,0,59,59,20,0,79,68,20,0,88,147,30,0,177,209,36,0,245
54984,92,"ŞCOALA ”OCTAVIAN GOGA”",CLUJ-NAPOCA,CJ,1582,6,1,0,7,39,7,0,46,62,15,0,77,70,15,0,85,156,24,0,180,193,34,0,227
54984,93,"COLEGIUL NAŢIONAL""GEORGE COŞBUC"",",CLUJ-NAPOCA,CJ,1194,5,3,0,8,46,7,10,63,74,7,10,91,85,7,10,102,159,14,68,241,193,16,68,277
54984,94,"COLEGIUL NAŢIONAL""GEORGE COŞBUC"",",CLUJ-NAPOCA,CJ,940,4,0,0,4,37,2,0,39,53,2,0,55,59,2,0,61,112,5,0,117,162,5,0,167
54984,95,"GRADINIŢA ""POIENIŢA"",",CLUJ-NAPOCA,CJ,1641,8,4,0,12,83,8,0,91,119,16,0,135,137,18,0,155,258,25,0,283,320,30,0,350
54984,96,"GRADINIŢA ""POIENŢA"",",CLUJ-NAPOCA,CJ,2215,5,0,0,5,61,2,0,63,112,8,0,120,126,10,0,136,244,25,0,269,309,36,0,345
54984,97,"GRADINIŢA ""POIENŢA"",",CLUJ-NAPOCA,CJ,1870,5,7,0,12,42,14,0,56,69,21,1,91,79,21,1,101,167,34,1,202,230,49,1,280
54984,98,"ŞCOALA “CONSTANTIN BRÂNCUŞI”",CLUJ-NAPOCA,CJ,2000,13,2,0,15,103,8,8,119,154,14,8,176,172,14,8,194,292,25,8,325,353,40,8,401
54984,99,"ŞCOALA “CONSTANTIN BRÂNCUŞI”",CLUJ-NAPOCA,CJ,1615,12,2,0,14,84,4,0,88,118,15,0,133,135,17,0,152,227,23,0,250,279,33,0,312
54984,100,"ŞCOALA “CONSTANTIN BRÂNCUŞI”",CLUJ-NAPOCA,CJ,891,7,2,0,9,42,8,0,50,70,10,0,80,82,11,0,93,156,23,0,179,193,31,0,224
54984,101,"ŞCOALA “CONSTANTIN BRÂNCUŞI”",CLUJ-NAPOCA,CJ,1528,8,7,0,15,71,16,0,87,98,19,0,117,107,20,0,127,189,27,0,216,253,28,0,281
54984,102,"GRĂDINIŢA ""LUMEA COPIILOR"", STR.SEPTIMIU ALBINI NR 53",CLUJ-NAPOCA,CJ,1006,3,0,0,3,37,3,0,40,57,9,0,66,60,10,0,70,117,14,0,131,172,24,0,196
54984,103,"CREŞA ""CASTELUL FERMECAT"", STR.SEPTIMIU ALBINI NR.91",CLUJ-NAPOCA,CJ,1498,21,2,0,23,75,5,0,80,101,12,0,113,113,12,0,125,192,22,0,214,236,41,0,277
54984,104,"CREŞA ""CASTELUL FERMECAT"", STR.SEPTIMIU ALBINI NR.91",CLUJ-NAPOCA,CJ,1547,10,4,0,14,67,6,0,73,94,7,0,101,99,7,0,106,203,9,0,212,253,16,0,269
54984,105,"GRĂDINIŢA "" LUMEA COPIILOR"" (FOSTĂ NR. 20),",CLUJ-NAPOCA,CJ,1714,11,3,0,14,61,12,0,73,90,18,0,108,105,20,0,125,197,41,0,238,249,53,0,302
54984,106,"GRĂDINIŢA "" LUMEA COPIILOR"" (FOSTĂ NR. 20),",CLUJ-NAPOCA,CJ,1585,20,7,0,27,72,12,0,84,97,16,0,113,101,17,0,118,186,23,0,209,224,25,0,249
54984,107,"LICEUL TEORETIC ""LUCIAN BLAGA""",CLUJ-NAPOCA,CJ,1630,18,1,0,19,76,5,0,81,107,10,0,117,119,11,0,130,223,21,0,244,273,22,0,295
54984,108,"LICEUL TEORETIC ""LUCIAN BLAGA""",CLUJ-NAPOCA,CJ,1317,18,0,0,18,69,1,0,70,93,4,0,97,109,4,0,113,187,12,0,199,237,25,0,262
54984,109,"LICEUL TEORETIC ""LUCIAN BLAGA""",CLUJ-NAPOCA,CJ,1298,11,0,0,11,87,11,0,98,119,15,0,134,130,15,0,145,197,27,0,224,219,46,0,265
54984,110,"LICEUL TEORETIC ""LUCIAN BLAGA""",CLUJ-NAPOCA,CJ,1478,10,3,0,13,62,13,0,75,92,27,0,119,96,28,0,124,190,51,0,241,234,58,0,292
54984,111,"ŞCOALA "" N.TITULESCU""",CLUJ-NAPOCA,CJ,1958,19,5,0,24,97,11,0,108,138,16,0,154,157,16,0,173,279,22,0,301,335,30,0,365
54984,112,"ŞCOALA "" N.TITULESCU""",CLUJ-NAPOCA,CJ,1478,18,1,0,19,88,13,0,101,121,19,0,140,133,21,0,154,214,47,0,261,256,63,0,319
54984,113,"LICEUL TEHNOLOGIC ""AL. BORZA""",CLUJ-NAPOCA,CJ,1507,4,0,0,4,50,17,0,67,94,27,0,121,104,30,0,134,208,46,0,254,265,63,0,328
54984,114,"LICEUL TEHNOLOGIC ""AL. BORZA""",CLUJ-NAPOCA,CJ,1040,5,1,0,6,53,21,0,74,67,40,0,107,70,43,0,113,107,65,2,174,135,94,2,231
54984,115,"COLEGIUL TEHNIC DE TRANSPORTURI"" TRANSILVANIA""",CLUJ-NAPOCA,CJ,1508,4,7,0,11,47,13,0,60,83,14,0,97,91,15,0,106,199,33,1,233,253,43,1,297
54984,116,"COLEGIUL TEHNIC DE TRANSPORTURI"" TRANSILVANIA""",CLUJ-NAPOCA,CJ,1887,11,4,0,15,67,6,0,73,115,8,0,123,124,9,0,133,217,11,0,228,288,17,0,305
54984,117,"COLEGIUL TEHNIC ""ENERGETIC""",CLUJ-NAPOCA,CJ,1590,18,0,0,18,85,8,0,93,139,19,1,159,152,20,1,173,246,35,2,283,309,44,2,355
54984,118,"UNIVERSITATEA “BABES-BOLYAI” - FACULTATEA DE ŞTIINŢE ECONOMICE ŞI GESTIUNEA AFACERILOR,",CLUJ-NAPOCA,CJ,1906,5,7,0,12,42,36,0,78,72,66,0,138,87,69,0,156,187,122,0,309,264,159,0,423
54984,119,"UNIVERSITATEA “BABES-BOLYAI” - FACULTATEA DE ŞTIINŢE ECONOMICE ŞI GESTIUNEA AFACERILOR,",CLUJ-NAPOCA,CJ,1312,10,5,0,15,45,27,0,72,68,48,0,116,73,49,0,122,157,82,0,239,209,126,0,335
54984,120,"ŞCOALA ""ION AGÂRBICEANU"",",CLUJ-NAPOCA,CJ,1270,10,5,0,15,42,24,1,67,63,48,1,112,66,48,1,115,144,70,1,215,186,76,1,263
54984,121,"ŞCOALA ""ION AGÂRBICEANU"",",CLUJ-NAPOCA,CJ,1397,12,5,0,17,51,22,0,73,90,30,0,120,101,30,0,131,192,58,0,250,252,98,0,350
54984,122,"ŞCOALA ""ION AGÂRBICEANU"",",CLUJ-NAPOCA,CJ,1491,5,0,0,5,38,11,0,49,75,15,0,90,78,17,0,95,166,33,0,199,216,43,0,259
54984,123,"ŞCOALA ""ION AGÂRBICEANU"",",CLUJ-NAPOCA,CJ,1404,5,1,0,6,35,16,0,51,62,30,0,92,66,33,0,99,136,55,0,191,197,70,0,267
54984,124,"ŞCOALA ""ION AGÂRBICEANU"",",CLUJ-NAPOCA,CJ,1418,9,3,0,12,46,10,0,56,71,14,0,85,81,17,0,98,163,31,0,194,215,33,0,248
54984,125,"ŞCOALA ""ION AGÂRBICEANU"",",CLUJ-NAPOCA,CJ,1412,5,0,0,5,30,3,0,33,54,13,0,67,60,14,0,74,133,28,0,161,186,36,0,222
54984,126,"ŞCOALA ""ION AGÂRBICEANU"",",CLUJ-NAPOCA,CJ,1055,6,0,0,6,32,1,0,33,60,9,0,69,66,12,0,78,119,16,0,135,149,21,0,170
54984,127,"GRĂDINŢA ""MĂMARUŢA""(FOSTĂ NR. 42),",CLUJ-NAPOCA,CJ,1629,13,7,0,20,51,31,0,82,92,40,0,132,102,42,0,144,218,66,0,284,296,87,1,384
54984,128,"COLEGIUL TEHNIC “ANGHEL SALIGNY”,",CLUJ-NAPOCA,CJ,1479,2,0,0,2,52,31,12,95,71,52,25,148,77,54,25,156,184,81,25,290,262,109,25,396
54984,129,"COLEGIUL TEHNIC “ANGHEL SALIGNY”,",CLUJ-NAPOCA,CJ,1257,9,4,0,13,56,20,0,76,88,30,0,118,101,32,0,133,194,40,0,234,250,63,0,313
54984,130,"COLEGIUL TEHNIC “ANGHEL SALIGNY”,",CLUJ-NAPOCA,CJ,1553,10,4,0,14,51,5,0,56,87,6,62,155,98,6,62,166,186,10,62,258,257,11,62,330
54984,131,"COLEGIUL TEHNIC ""ANGHEL SALIGNY""",CLUJ-NAPOCA,CJ,1586,1,2,0,3,59,3,0,62,68,3,0,71,75,3,0,78,156,7,0,163,228,11,0,239
54984,132,"COLEGIUL DE MUZICĂ ""SIGISMUND TODUŢĂ"" (FOSTUL GRUP SCOLAR DE MATERIAL RULANT- UNIREA)",CLUJ-NAPOCA,CJ,1630,7,3,0,10,50,15,0,65,96,24,0,120,107,26,0,133,212,34,0,246,274,49,0,323
54984,133,"COLEGIUL DE MUZICĂ ""SIGISMUND TODUŢĂ"" (FOSTUL GRUP SCOLAR DE MATERIAL RULANT- UNIREA)",CLUJ-NAPOCA,CJ,911,1,0,0,1,19,5,0,24,41,9,0,50,43,9,0,52,86,14,0,100,121,24,0,145
54984,134,"LICEUL TEORETIC ""A. IANCU"",",CLUJ-NAPOCA,CJ,1522,12,0,0,12,55,7,0,62,76,14,0,90,82,19,0,101,152,28,1,181,199,43,1,243
54984,135,"LICEUL TEORETIC ""VICTOR BABEŞ"" (FOSTA SCOALA ""DAVID PRODAN""),",CLUJ-NAPOCA,CJ,1547,7,1,0,8,35,10,0,45,65,15,0,80,70,15,0,85,136,25,0,161,161,31,0,192
54984,136,"SEMINARUL TEOLOGIC ORTODOX (FOSTĂ ŞCOALA ""DAVID PRODAN""),",CLUJ-NAPOCA,CJ,1665,9,3,0,12,47,7,0,54,71,7,0,78,80,10,0,90,168,11,0,179,231,20,0,251
54984,137,"ŞCOALA “HOREA”",CLUJ-NAPOCA,CJ,1544,5,3,0,8,64,16,0,80,90,26,0,116,94,30,0,124,176,53,0,229,223,82,0,305
54984,138,"LICEUL TEORETIC ""N. BALCESCU"",",CLUJ-NAPOCA,CJ,1427,17,5,0,22,86,68,16,170,108,95,16,219,115,102,16,233,193,216,47,456,232,241,47,520
54984,139,"LICEULTEORETIC UNITARIAN"" JANOS ZSIGMOND""",CLUJ-NAPOCA,CJ,1342,13,7,0,20,74,52,0,126,96,100,0,196,101,102,0,203,157,158,0,315,191,229,0,420
54984,140,"PAVILIONUL “EXPO TRANSILVANIA”",CLUJ-NAPOCA,CJ,1751,19,9,0,28,81,47,0,128,121,64,0,185,138,72,0,210,275,76,0,351,348,76,0,424
54984,141,"PAVILIONUL “EXPO TRANSILVANIA”",CLUJ-NAPOCA,CJ,1086,7,7,0,14,49,23,0,72,83,32,0,115,88,33,0,121,159,37,0,196,196,40,0,236
54984,142,"PAVILIONUL “EXPO TRANSILVANIA”",CLUJ-NAPOCA,CJ,1587,24,0,0,24,89,1,0,90,137,2,0,139,148,2,0,150,265,12,0,277,328,23,0,351
54984,143,"PAVILIONUL “EXPO TRANSILVANIA”",CLUJ-NAPOCA,CJ,1441,10,2,0,12,51,5,0,56,79,5,0,84,97,7,0,104,200,17,0,217,247,23,0,270
54984,144,"PAVILIONUL “EXPO TRANSILVANIA”",CLUJ-NAPOCA,CJ,1374,12,0,0,12,30,4,0,34,63,6,1,70,73,9,1,83,142,26,1,169,178,49,1,228
54984,145,"PAVILIONUL “EXPO TRANSILVANIA”",CLUJ-NAPOCA,CJ,1583,11,3,0,14,53,6,0,59,87,9,0,96,107,9,0,116,210,25,1,236,254,36,1,291
54984,146,"PAVILIONUL “EXPO TRANSILVANIA”",CLUJ-NAPOCA,CJ,1472,12,8,0,20,55,10,0,65,89,11,0,100,99,12,0,111,212,24,0,236,276,40,0,316
54984,147,"GRĂDINIŢA ""DEGEŢICA""(FOSTĂ NR. 53),",CLUJ-NAPOCA,CJ,1564,16,1,0,17,59,4,0,63,87,9,0,96,98,9,0,107,199,20,0,219,278,40,0,318
54984,148,"GRĂDINIŢA ""DEGEŢICA""(FOSTĂ NR. 53),",CLUJ-NAPOCA,CJ,1553,5,2,0,7,35,13,0,48,57,18,0,75,71,21,0,92,139,33,0,172,185,38,0,223
54984,149,"ŞCOALA "" AL.VAIDA VOEVOD"",",CLUJ-NAPOCA,CJ,1636,9,0,0,9,29,9,0,38,58,16,0,74,75,16,0,91,147,32,0,179,209,51,0,260
54984,150,"ŞCOALA "" AL.VAIDA VOEVOD"",",CLUJ-NAPOCA,CJ,1666,11,0,0,11,54,3,0,57,103,9,0,112,119,9,0,128,248,13,0,261,322,25,0,347
54984,151,"ŞCOALA "" AL.VAIDA VOEVOD"",",CLUJ-NAPOCA,CJ,1470,11,0,0,11,36,0,1,37,91,4,1,96,100,7,1,108,203,16,1,220,243,16,1,260
54984,152,"ŞCOALA "" AL.VAIDA VOEVOD"",",CLUJ-NAPOCA,CJ,1221,8,1,0,9,51,5,0,56,81,11,0,92,92,11,0,103,206,19,0,225,257,29,0,286
54984,153,"ŞCOALA "" AL.VAIDA VOEVOD"",",CLUJ-NAPOCA,CJ,1273,7,2,0,9,26,2,0,28,51,8,0,59,63,11,0,74,146,29,0,175,191,38,0,229
54984,154,"GRUP ŞCOLAR""SAMUS""",CLUJ-NAPOCA,CJ,1696,23,2,0,25,69,8,0,77,112,12,0,124,126,13,0,139,228,22,0,250,287,33,0,320
54984,155,"GRUP ŞCOLAR""SAMUS""",CLUJ-NAPOCA,CJ,1651,14,1,0,15,49,1,0,50,101,8,0,109,109,8,0,117,206,16,0,222,269,20,0,289
54984,156,"GRUP ŞCOLAR""SAMUS""",CLUJ-NAPOCA,CJ,1564,8,1,0,9,63,3,0,66,91,15,0,106,108,18,0,126,221,23,0,244,286,34,0,320
54984,157,"COLEGIUL TEHNIC ""ANA ASLAN""( FOSTUL GRUP SC. CHIMIE IND ""TERAPIA"" ),",CLUJ-NAPOCA,CJ,1609,8,3,10,21,37,11,34,82,55,16,34,105,66,22,34,122,135,31,40,206,180,41,40,261
54984,158,"COLEGIUL TEHNIC ""ANA ASLAN""( FOSTUL GRUP SC. CHIMIE IND ""TERAPIA"" ),",CLUJ-NAPOCA,CJ,1579,12,1,0,13,59,5,0,64,97,10,0,107,104,12,0,116,181,23,0,204,231,30,0,261
54984,159,"EPARHIA REFORMATĂ DIN ARDEAL , STR.HOREA NR.51",CLUJ-NAPOCA,CJ,1354,5,1,0,6,32,5,0,37,51,10,0,61,60,12,0,72,113,34,0,147,169,50,0,219
54984,160,"ŞCOALA ""HOREA"" (FOSTĂ NR.27)",CLUJ-NAPOCA,CJ,1543,8,4,0,12,58,15,0,73,79,17,0,96,94,20,0,114,166,35,0,201,236,47,0,283
54984,161,"LICEUL TEOLOGIC “EMANUEL”",CLUJ-NAPOCA,CJ,1701,5,0,0,5,54,1,0,55,91,2,0,93,102,2,0,104,203,6,0,209,261,6,0,267
54984,162,"LICEUL TEOLOGIC “EMANUEL”",CLUJ-NAPOCA,CJ,1576,8,2,0,10,65,3,1,69,109,4,2,115,131,6,2,139,228,10,2,240,281,16,2,299
54984,163,"GRĂDINIŢA ""NEGHINIŢĂ""",CLUJ-NAPOCA,CJ,1819,19,2,0,21,67,6,0,73,116,9,0,125,133,10,0,143,264,29,0,293,355,32,0,387
54984,164,"GRĂDINIŢA ""NEGHINIŢĂ""",CLUJ-NAPOCA,CJ,1376,14,0,0,14,24,0,0,24,46,0,0,46,59,1,0,60,129,6,0,135,205,18,0,223
54984,165,"GRĂDINIŢA ""NEGHINIŢĂ""",CLUJ-NAPOCA,CJ,1685,14,5,0,19,73,8,0,81,88,8,0,96,109,8,0,117,205,23,0,228,273,31,0,304
54984,166,"GRĂDINIŢA ""NEGHINIŢĂ""",CLUJ-NAPOCA,CJ,1790,12,4,0,16,55,6,0,61,75,7,0,82,100,7,0,107,216,9,0,225,309,16,0,325
54984,167,"ŞCOALA “EMIL ISAC”",CLUJ-NAPOCA,CJ,1523,13,4,0,17,53,7,0,60,105,7,0,112,146,9,0,155,279,22,0,301,334,30,0,364
54984,168,"ŞCOALA “EMIL ISAC”",CLUJ-NAPOCA,CJ,998,9,0,0,9,35,5,0,40,50,9,0,59,68,9,0,77,119,13,0,132,154,24,1,179
54984,169,"ŞCOALA ""NICOLAE IORGA""",CLUJ-NAPOCA,CJ,1618,15,7,0,22,49,9,0,58,80,20,0,100,97,21,0,118,206,38,0,244,265,54,0,319
54984,170,"ŞCOALA ""NICOLAE IORGA""",CLUJ-NAPOCA,CJ,1668,6,0,0,6,51,12,0,63,68,14,0,82,85,17,1,103,216,28,1,245,282,37,1,320
54984,171,"ŞCOALA ""NICOLAE IORGA""",CLUJ-NAPOCA,CJ,1717,15,1,0,16,68,3,0,71,103,3,34,140,116,3,34,153,206,5,34,245,279,10,34,323
54984,172,"ŞCOALA ""NICOLAE IORGA""",CLUJ-NAPOCA,CJ,1783,4,7,0,11,35,9,1,45,64,10,1,75,80,10,2,92,183,19,2,204,236,24,2,262
54984,173,"LICEUL TEHNOLOGIC NR.1 (FOSTUL GRUP ŞCOLAR TEHNOFRIG), STR.MARAMUREŞULUI NR.165/A",CLUJ-NAPOCA,CJ,1849,5,4,0,9,24,7,0,31,44,8,1,53,49,9,1,59,137,20,1,158,171,25,1,197
54984,174,"LICEUL TEHNOLOGIC NR.1 (FOSTUL GRUP ŞCOLAR TEHNOFRIG), STR.MARAMUREŞULUI NR.165/A",CLUJ-NAPOCA,CJ,1837,9,1,0,10,44,4,0,48,73,7,2,82,89,9,2,100,212,17,2,231,283,20,2,305
54984,175,"LICEUL TEHNOLOGIC ""AUREL VLAICU""",CLUJ-NAPOCA,CJ,1253,6,7,0,13,25,14,0,39,44,20,0,64,48,20,0,68,129,31,0,160,176,48,0,224
54984,176,"LICEUL TEHNOLOGIC""AUREL VLAICU""",CLUJ-NAPOCA,CJ,1737,9,5,0,14,48,8,0,56,78,11,0,89,85,12,0,97,216,22,0,238,289,30,0,319
54984,177,"GARAJE COMPANIA DE TRANSPORT PUBLIC CLUJ-NAPOCA S.A.",CLUJ-NAPOCA,CJ,1861,8,3,0,11,33,11,0,44,57,12,0,69,64,12,0,76,185,15,0,200,268,19,0,287
54984,178,"ŞCOALA ""TRAIAN DARJAN""",CLUJ-NAPOCA,CJ,1698,8,3,0,11,47,13,0,60,82,15,0,97,110,18,0,128,201,28,0,229,262,39,0,301
54984,179,"ŞCOALA ""TRAIAN DARJAN""",CLUJ-NAPOCA,CJ,1846,11,1,0,12,49,5,0,54,84,9,0,93,112,13,0,125,237,30,0,267,287,35,0,322
54984,180,"ŞCOALA ""TRAIAN DARJAN""",CLUJ-NAPOCA,CJ,1783,4,1,0,5,50,1,0,51,85,1,0,86,98,1,0,99,225,9,0,234,281,10,0,291
54984,181,"ŞCOALA ""TRAIAN DARJAN""",CLUJ-NAPOCA,CJ,1438,7,1,0,8,31,1,0,32,64,1,0,65,79,1,0,80,157,3,1,161,203,7,1,211
55366,182,"COLEGIUL TEHNIC ”VICTOR UNGUREANU”","CÂMPIA TURZII",CJ,1239,5,0,0,5,33,0,0,33,40,2,0,42,54,2,0,56,111,5,0,116,143,11,0,154
55366,183,"COLEGIUL TEHNIC ”VICTOR UNGUREANU”","CÂMPIA TURZII",CJ,1188,6,0,0,6,29,3,0,32,50,3,0,53,60,6,0,66,109,6,0,115,157,7,0,164
55366,184,"COLEGIUL TEHNIC ”VICTOR UNGUREANU”","CÂMPIA TURZII",CJ,1286,5,0,0,5,29,1,0,30,44,1,0,45,53,2,0,55,136,4,0,140,162,5,0,167
55366,185,"LICEUL TEORETIC ”PAVEL DAN”","CÂMPIA TURZII",CJ,864,4,1,0,5,30,3,0,33,47,3,0,50,59,3,0,62,115,6,1,122,147,7,1,155
55366,186,"LICEUL TEORETIC ”PAVEL DAN”","CÂMPIA TURZII",CJ,1021,4,0,0,4,31,0,0,31,44,4,0,48,54,4,0,58,144,11,0,155,159,11,0,170
55366,187,"LICEUL TEORETIC ”PAVEL DAN”","CÂMPIA TURZII",CJ,1044,9,7,0,16,39,12,0,51,50,12,0,62,67,12,0,79,124,20,0,144,157,23,0,180
55366,188,"LICEUL TEORETIC ”PAVEL DAN”","CÂMPIA TURZII",CJ,1371,7,0,0,7,20,0,0,20,33,3,0,36,40,3,0,43,100,5,0,105,135,6,0,141
55366,189,"LICEUL TEORETIC ”PAVEL DAN”","CÂMPIA TURZII",CJ,1083,8,0,0,8,38,2,0,40,54,2,0,56,67,3,0,70,123,5,0,128,168,8,0,176
55366,190,"LICEUL TEORETIC ”PAVEL DAN”","CÂMPIA TURZII",CJ,1211,8,1,0,9,33,1,0,34,53,2,0,55,64,3,0,67,113,9,0,122,140,11,0,151
55366,191,"ȘCOALA GIMNAZIALĂ ”AVRAM IANCU”","CÂMPIA TURZII",CJ,1224,12,0,0,12,35,0,0,35,65,1,0,66,72,1,0,73,133,3,0,136,182,6,0,188
55366,192,"ȘCOALA GIMNAZIALĂ ”AVRAM IANCU”","CÂMPIA TURZII",CJ,1280,12,0,0,12,61,10,0,71,69,10,0,79,89,12,0,101,182,18,8,208,223,26,8,257
55366,193,"ȘCOALA GIMNAZIALĂ ”AVRAM IANCU”","CÂMPIA TURZII",CJ,1180,8,0,0,8,29,0,0,29,41,0,0,41,49,4,0,53,117,6,0,123,155,7,0,162
55366,194,"GRĂDINIȚA ”PINOCCHIO”","CÂMPIA TURZII",CJ,1313,20,0,0,20,55,0,0,55,79,3,0,82,87,3,0,90,182,8,0,190,222,9,0,231
55366,195,"GRĂDINIȚA ”PINOCCHIO”","CÂMPIA TURZII",CJ,1379,6,0,0,6,25,0,0,25,35,1,0,36,39,1,0,40,75,2,0,77,114,7,0,121
55366,196,"GRĂDINIȚA ”PINOCCHIO”","CÂMPIA TURZII",CJ,1389,13,0,0,13,42,1,0,43,80,4,0,84,82,4,0,86,145,4,0,149,198,5,1,204
55366,197,"ȘCOALA GIMNAZIALĂ ”MIHAI VITEAZU”","CÂMPIA TURZII",CJ,1119,11,8,0,19,31,13,0,44,41,13,0,54,45,14,0,59,94,14,0,108,137,15,0,152
55366,198,"ȘCOALA GIMNAZIALĂ ”MIHAI VITEAZU”","CÂMPIA TURZII",CJ,1541,17,0,0,17,51,0,0,51,66,3,0,69,77,5,0,82,122,12,0,134,196,16,0,212
55366,199,"ȘCOALA GIMNAZIALĂ ”MIHAI VITEAZU”","CÂMPIA TURZII",CJ,1424,8,0,0,8,41,0,0,41,62,0,0,62,71,0,0,71,115,0,0,115,155,3,0,158
55366,200,"ȘCOALA GIMNAZIALĂ ”MIHAI VITEAZU”","CÂMPIA TURZII",CJ,1222,2,0,0,2,17,2,0,19,27,4,0,31,40,6,0,46,83,6,0,89,116,12,0,128
55017,201,"S.C. VASROM S.R.L DEJ",DEJ,CJ,1272,13,0,0,13,36,2,0,38,65,3,0,68,72,3,0,75,200,5,0,205,231,9,0,240
55017,202,"SCOALA GENERALA NR.1 DEJ",DEJ,CJ,1338,2,1,0,3,24,4,0,28,60,16,0,76,76,19,0,95,194,26,0,220,255,60,0,315
55017,203,"SCOALA MIHAI EMINESCU DEJ",DEJ,CJ,826,7,3,0,10,26,4,62,92,45,4,62,111,57,4,62,123,104,5,62,171,114,7,62,183
55017,204,"SCOALA MIHAI EMINESCU DEJ",DEJ,CJ,972,8,0,0,8,28,0,0,28,51,0,0,51,66,7,0,73,151,10,0,161,181,11,0,192
55017,205,"SCOALA MIHAI EMINESCU DEJ",DEJ,CJ,1582,17,1,0,18,89,7,0,96,126,8,0,134,162,8,0,170,313,17,0,330,383,29,0,412
55017,206,"LICEUL AL.P.ILARIAN DIN DEJ",DEJ,CJ,1539,6,0,0,6,53,1,0,54,77,1,0,78,104,1,0,105,239,11,0,250,299,16,0,315
55017,207,"GRADINITA JUNIOR DEJ",DEJ,CJ,1522,17,0,0,17,66,8,0,74,104,11,0,115,128,12,0,140,293,22,0,315,356,27,0,383
55017,208,"OCOLUL SILVIC DEJ",DEJ,CJ,1385,12,1,0,13,46,2,49,97,84,3,49,136,96,3,49,148,224,9,49,282,268,18,49,335
55017,209,"CLUBUL COPIILOR DEJ",DEJ,CJ,1447,13,0,0,13,60,3,0,63,79,3,0,82,89,3,0,92,204,11,0,215,273,15,0,288
55017,210,"CAMINUL CULTURAL DEJ",DEJ,CJ,742,1,4,0,5,23,4,0,27,48,6,0,54,73,6,0,79,173,9,0,182,183,9,0,192
55017,211,"SCOALA GENERALA AVRAM IANCU DEJ",DEJ,CJ,1444,14,1,0,15,54,1,0,55,83,2,0,85,99,4,0,103,200,6,0,206,255,9,0,264
55017,212,"SCOALA GENERALA AVRAM IANCU DEJ",DEJ,CJ,1530,7,0,0,7,33,0,0,33,74,3,0,77,91,3,0,94,188,7,0,195,254,7,0,261
55017,213,"SERVICIUL DE ADMINISTRARE AL DOMENIULUI PUBLIC DEJ",DEJ,CJ,1652,6,5,0,11,45,5,0,50,69,7,0,76,81,8,0,89,203,15,0,218,300,19,0,319
55017,214,"SCOALA GENERALA NR.5 DEJ",DEJ,CJ,1554,14,0,0,14,61,2,0,63,85,3,0,88,93,3,0,96,169,7,0,176,211,11,0,222
55017,215,"SCOALA GENERALA NR.5 DEJ",DEJ,CJ,1468,13,0,0,13,62,0,0,62,119,0,0,119,136,0,0,136,247,1,0,248,324,4,0,328
55017,216,"GRADINITA PITICOT DEJ",DEJ,CJ,961,12,0,0,12,50,1,0,51,81,1,0,82,92,2,0,94,139,5,0,144,175,9,0,184
55017,217,"GRADINITA PITICOT DEJ",DEJ,CJ,1261,11,3,0,14,50,5,0,55,81,5,0,86,85,8,0,93,170,11,0,181,206,12,0,218
55017,218,"GRADINITA PITICOT DEJ",DEJ,CJ,1410,9,0,0,9,44,1,0,45,77,1,0,78,91,1,0,92,195,2,0,197,251,4,0,255
55017,219,"GRADINITA PARADISUL PITICILOR DEJ",DEJ,CJ,1256,13,5,0,18,48,6,0,54,74,6,0,80,96,7,0,103,166,10,0,176,222,16,0,238
55017,220,"SCOALA GENERALA AVRAM IANCU DEJ - CORP B",DEJ,CJ,1399,8,0,0,8,37,0,0,37,73,0,0,73,83,0,0,83,149,6,0,155,175,9,0,184
55017,221,"SCOALA GENERALA AVRAM IANCU DEJ - CORP B",DEJ,CJ,1437,12,0,0,12,41,1,0,42,56,6,0,62,73,7,0,80,185,14,0,199,224,16,0,240
55017,222,"SCOALA GENERALA OCNA DEJ",DEJ,CJ,1050,3,0,0,3,12,0,0,12,28,1,0,29,40,3,0,43,126,6,0,132,163,8,0,171
55017,223,"SCOALA GENERALA OCNA DEJ",DEJ,CJ,1095,4,1,0,5,29,2,0,31,38,2,0,40,60,2,0,62,152,2,0,154,185,3,0,188
55017,224,"GRADINITA DE COPII LUMEA PITICILOR",DEJ,CJ,1411,5,1,0,6,24,3,0,27,50,3,0,53,71,3,0,74,185,6,0,191,225,8,0,233
55053,225,"CAMINUL CULTURAL SOMCUTU MIC","ŞOMCUTU MIC",CJ,484,3,0,0,3,11,2,0,13,21,6,0,27,32,7,0,39,75,9,0,84,92,10,0,102
55044,226,"ŞCOALA GENERALĂ PINTIC",PINTIC,CJ,197,2,3,0,5,7,4,0,11,9,4,0,13,10,6,0,16,36,14,0,50,45,15,0,60
55393,227,"LICEUL TEORETIC PETRU MAIOR GHERLA",GHERLA,CJ,1561,14,1,0,15,45,3,0,48,75,4,0,79,100,5,0,105,227,25,146,398,284,27,146,457
55393,228,"LICEUL TEORETIC PETRU MAIOR GHERLA",GHERLA,CJ,1616,5,1,0,6,33,3,0,36,57,8,0,65,104,10,0,114,261,28,169,458,337,37,169,543
55393,229,"SCOALA GIMNAZIALA NR. 2",GHERLA,CJ,1478,12,0,0,12,51,6,0,57,77,7,0,84,92,7,0,99,202,12,0,214,261,17,0,278
55393,230,"ŞCOALA GIMNAZIALĂ NR.1",GHERLA,CJ,1081,8,0,0,8,32,10,0,42,58,18,0,76,74,20,0,94,175,25,0,200,225,34,0,259
55393,231,"SCOALA GIMNAZIALA NR. 1",GHERLA,CJ,1322,8,0,0,8,60,16,0,76,70,18,0,88,81,18,0,99,164,23,0,187,206,29,0,235
55393,232,"SCOALA GIMNAZIALA NR. 1",GHERLA,CJ,1254,8,0,0,8,48,10,0,58,68,15,0,83,76,15,0,91,164,19,0,183,208,21,0,229
55393,233,"ŞCOALA GIMNAZIALĂ NR.2",GHERLA,CJ,1780,6,2,0,8,57,3,0,60,67,3,0,70,81,3,0,84,235,4,0,239,297,6,0,303
55393,234,"ŞCOALA GIMNAZIALĂ NR.2",GHERLA,CJ,876,15,8,0,23,42,8,0,50,61,11,0,72,72,12,0,84,114,14,0,128,157,22,0,179
55393,235,"LICEUL TEORETIC ANA IPĂTESCU",GHERLA,CJ,1591,12,2,0,14,39,3,0,42,57,3,0,60,67,3,0,70,150,5,0,155,214,8,0,222
55393,236,"LICEUL TEORETIC ANA IPĂTESCU",GHERLA,CJ,1407,6,2,0,8,41,2,0,43,83,4,0,87,98,4,0,102,189,4,0,193,232,5,0,237
55393,237,"LICEUL TEORETIC ANA IPATESCU",GHERLA,CJ,1425,7,8,0,15,28,13,0,41,47,16,0,63,54,17,0,71,145,28,0,173,205,40,0,245
55393,238,"LICEUL TEORETIC ANA IPATESCU",GHERLA,CJ,1449,9,2,0,11,32,3,0,35,71,8,0,79,78,8,0,86,161,15,0,176,212,25,0,237
55393,239,"CLUBUL COPIILOR GHERLA",GHERLA,CJ,1546,8,1,0,9,30,1,0,31,50,3,0,53,71,5,0,76,161,14,0,175,221,17,0,238
55393,240,"SCOALA CLS. I - IV BAITA",GHERLA,CJ,403,0,1,0,1,1,1,0,2,5,1,0,6,10,1,0,11,48,2,0,50,54,2,0,56
55419,241,"ŞCOALA CLS. I - IV HĂŞDATE",HĂŞDATE,CJ,277,0,7,0,7,1,8,0,9,3,8,0,11,20,8,0,28,45,10,0,55,58,11,0,69
55428,242,"ŞCOALA CLS. I - IV SILIVAŞ",SILIVAŞ,CJ,158,0,0,0,0,1,0,0,1,3,0,0,3,5,0,0,5,18,7,0,25,21,7,0,28
55268,243,"LICEUL TEORETIC ""JOSIKA MIKLOS""",TURDA,CJ,930,7,0,0,7,41,7,0,48,50,9,0,59,54,9,0,63,102,22,0,124,128,25,0,153
55268,244,"LICEUL TEORETIC ""JOSIKA MIKLOS""",TURDA,CJ,1206,9,5,0,14,41,5,1,47,64,5,1,70,77,5,1,83,152,8,1,161,190,11,1,202
55268,245,"SCOALA GIMNAZIALĂ ""TEODOR MURĂŞANU""",TURDA,CJ,1155,15,2,0,17,52,6,0,58,71,7,0,78,79,7,0,86,145,15,0,160,182,26,1,209
55268,246,"COLEGIUL TEHNIC ""DR.IOAN RAŢIU""",TURDA,CJ,1375,5,4,0,9,15,6,0,21,31,7,0,38,43,8,0,51,143,11,0,154,178,15,0,193
55268,247,"COLEGIUL TEHNIC ""DR.IOAN RAŢIU""",TURDA,CJ,1033,1,4,0,5,19,4,0,23,25,5,0,30,36,5,0,41,88,6,0,94,134,6,0,140
55268,248,"COLEGIUL TEHNIC ""DR.IOAN RAŢIU""",TURDA,CJ,1103,6,0,0,6,15,0,0,15,20,0,0,20,30,4,0,34,66,6,0,72,123,7,0,130
55268,249,"ŞCOALA GIMNAZIALĂ ""TEODOR MURĂŞANU""",TURDA,CJ,1560,9,1,0,10,42,1,0,43,78,3,0,81,87,3,0,90,169,10,1,180,226,14,1,241
55268,250,"ŞCOALA GIMNAZIALĂ ""TEODOR MURĂŞANU""",TURDA,CJ,1215,9,0,0,9,50,5,0,55,69,5,0,74,78,5,0,83,183,10,0,193,230,13,0,243
55268,251,"SCOALA GIMNAZIALA ""TEODOR MURĂŞANU""",TURDA,CJ,1131,4,2,0,6,43,2,0,45,63,3,0,66,74,3,0,77,128,4,0,132,149,5,0,154
55268,252,"COLEGIUL TEHNIC",TURDA,CJ,1222,8,1,0,9,32,9,0,41,62,9,0,71,65,9,0,74,181,16,0,197,229,21,0,250
55268,253,"COLEGIUL TEHNIC",TURDA,CJ,1162,2,3,0,5,25,6,0,31,35,8,31,74,48,8,31,87,172,17,31,220,168,26,31,225
55268,254,"COLEGIUL NAŢIONAL ""MIHAI VITEAZU""",TURDA,CJ,1092,6,3,0,9,32,4,0,36,49,7,0,56,61,7,0,68,130,14,0,144,170,15,0,185
55268,255,"COLEGIUL ""EMIL NEGRUŢIU""",TURDA,CJ,1225,5,0,0,5,22,3,0,25,46,5,0,51,59,5,0,64,116,11,0,127,166,12,0,178
55268,256,"ŞCOALA GIMNAZIALĂ ""ANDREI ŞAGUNA""",TURDA,CJ,1230,20,0,0,20,42,3,0,45,55,9,1,65,63,9,1,73,140,16,1,157,160,18,1,179
55268,257,"ŞCOALA GIMNAZIALĂ ""ANDREI ŞAGUNA""",TURDA,CJ,965,7,0,0,7,38,5,0,43,55,10,0,65,61,12,0,73,122,16,0,138,162,22,0,184
55268,258,"ŞCOALA GIMNAZIALĂ ""ANDREI ŞAGUNA""",TURDA,CJ,1076,8,0,0,8,32,0,0,32,61,0,0,61,71,0,0,71,144,1,0,145,166,4,0,170
55268,259,"ŞCOALA GIMNAZIALĂ ""AVRAM IANCU""",TURDA,CJ,1010,9,0,0,9,34,0,0,34,47,2,1,50,57,6,1,64,105,12,1,118,143,16,1,160
55268,260,"ŞCOALA GIMNAZIALĂ""AVRAM IANCU""",TURDA,CJ,1169,9,1,0,10,39,5,0,44,47,7,0,54,54,7,0,61,128,8,0,136,150,9,0,159
55268,261,"ŞCOALA GIMNAZIALĂ""AVRAM IANCU""",TURDA,CJ,1174,10,0,0,10,62,1,0,63,79,3,0,82,90,3,0,93,138,4,0,142,166,4,0,170
55268,262,"ŞCOALA GIMNAZIALĂ""AVRAM IANCU""",TURDA,CJ,1247,9,0,0,9,32,0,0,32,49,0,0,49,58,0,0,58,134,5,0,139,174,5,0,179
55268,263,"ŞCOALA GIMNAZIALĂ ""ION OPRIŞ""",TURDA,CJ,1229,10,1,0,11,49,1,0,50,71,1,0,72,84,2,0,86,153,5,0,158,181,10,0,191
55268,264,"ŞCOALA GIMNAZIALĂ ""ION OPRIŞ""",TURDA,CJ,1043,9,0,0,9,38,0,0,38,59,0,0,59,70,0,0,70,131,1,0,132,160,3,0,163
55268,265,"ŞCOALA GIMNAZIALĂ ""ION OPRIŞ""",TURDA,CJ,1343,18,2,0,20,58,3,0,61,79,3,0,82,87,3,0,90,165,4,0,169,202,7,0,209
55268,266,"LICEUL TEORETIC ""LIVIU REBREANU""",TURDA,CJ,1450,10,2,0,12,39,9,0,48,61,11,0,72,74,14,0,88,147,17,0,164,195,22,0,217
55268,267,"LICEUL TEORETIC ""LIVIU REBREANU""",TURDA,CJ,1500,5,2,0,7,39,5,0,44,61,5,0,66,73,5,0,78,127,8,0,135,178,9,0,187
55268,268,"LICEUL TEORETIC ""LIVIU REBREANU""",TURDA,CJ,1412,14,1,0,15,53,1,1,55,81,2,1,84,94,4,1,99,145,4,1,150,187,6,1,194
55268,269,"LICEUL TEORETIC ""LIVIU REBREANU""",TURDA,CJ,1267,8,1,0,9,24,1,0,25,40,1,0,41,51,1,0,52,122,5,0,127,152,6,0,158
55268,270,"LICEUL TEORETIC ""LIVIU REBREANU""",TURDA,CJ,1477,11,3,0,14,58,3,0,61,77,3,0,80,86,3,0,89,158,3,0,161,225,4,0,229
55268,271,"LICEUL TEORETIC ""LIVIU REBREANU""",TURDA,CJ,1094,12,0,0,12,42,0,0,42,56,1,0,57,64,3,0,67,117,3,0,120,147,4,0,151
55268,272,"ŞCOALA GIMNAZIALĂ ""HOREA CLOŞCA ŞI CRIŞAN""",TURDA,CJ,1411,9,2,0,11,36,3,0,39,44,3,0,47,55,3,0,58,107,6,0,113,147,9,0,156
55268,273,"ŞCOALA GIMNAZIALĂ ""HOREA CLOŞCA ŞI CRIŞAN""",TURDA,CJ,1401,10,0,0,10,40,0,0,40,59,0,0,59,65,0,0,65,110,0,0,110,144,8,0,152
55268,274,"ŞCOALA GIMNAZIALĂ ""HOREA CLOŞCA ŞI CRIŞAN""",TURDA,CJ,1352,13,0,0,13,50,0,0,50,78,2,0,80,89,5,0,94,148,6,0,154,193,8,0,201
55268,275,"ŞCOALA GIMNAZIALĂ ""HOREA CLOŞCA ŞI CRIŞAN""",TURDA,CJ,1364,9,6,0,15,32,7,0,39,51,8,0,59,57,11,1,69,129,16,1,146,159,22,1,182
55268,276,"ŞCOALA GIMNAZIALĂ ""HOREA CLOŞCA ŞI CRIŞAN""",TURDA,CJ,1230,6,0,0,6,28,0,0,28,41,1,0,42,52,1,0,53,100,4,0,104,129,5,0,134
55268,277,"ŞCOALA GIMNAZIALĂ ""HOREA CLOŞCA ŞI CRIŞAN""",TURDA,CJ,1209,16,2,0,18,41,3,0,44,56,3,0,59,64,4,0,68,122,4,0,126,172,6,0,178
55268,278,"ŞCOALA GIMNAZIALĂ ""HOREA CLOŞCA ŞI CRIŞAN""",TURDA,CJ,1386,1,0,0,1,36,0,0,36,49,0,0,49,58,0,0,58,104,0,0,104,138,0,0,138
55268,279,"ŞCOALA PROFESIONALĂ POIANA",TURDA,CJ,1288,6,2,0,8,29,5,0,34,43,5,0,48,57,5,0,62,135,5,0,140,182,6,0,188
55268,280,"ŞCOALA PROFESIONALĂ POIANA",TURDA,CJ,1454,8,5,0,13,31,5,0,36,40,5,0,45,51,5,0,56,122,5,0,127,225,6,0,231
55455,281,"SCOALA NOUA CU 16 SALI DE CLASA",HUEDIN,CJ,1048,3,4,0,7,14,8,0,22,29,9,0,38,36,11,0,47,128,19,0,147,170,25,0,195
55455,282,"GRUPUL SCOLAR HUEDIN",HUEDIN,CJ,1531,3,2,0,5,24,5,0,29,36,5,0,41,50,7,0,57,97,19,0,116,153,23,17,193
55455,283,"CASA DE COPII",HUEDIN,CJ,1610,15,3,0,18,46,4,0,50,73,7,0,80,99,10,0,109,227,18,0,245,317,38,0,355
55455,284,"PRIMARIA ORAS HUEDIN",HUEDIN,CJ,1421,9,6,0,15,21,9,0,30,26,13,0,39,31,15,0,46,96,30,0,126,151,40,0,191
55455,285,"LICEUL TEORETIC OCTAVIAN GOGA",HUEDIN,CJ,1414,6,3,0,9,23,9,0,32,28,10,0,38,47,10,0,57,117,19,0,136,161,34,0,195
55455,286,"CAMIN CULTURAL",HUEDIN,CJ,355,2,4,0,6,2,4,0,6,2,4,0,6,4,6,0,10,9,6,0,15,13,7,0,20
55464,287,"CAMIN CULTURAL",BICĂLATU,CJ,266,1,2,0,3,3,2,0,5,4,2,0,6,9,2,0,11,17,2,0,19,19,2,0,21
55482,288,"SCOALA GENERALA AGHIRESU",AGHIREŞU,CJ,1078,9,5,0,14,12,7,0,19,33,9,0,42,36,9,0,45,101,13,0,114,117,16,0,133
55491,289,"SEDIU CONSILIU LOCAL",AGHIREŞU-FABRICI,CJ,1180,2,0,0,2,12,0,0,12,15,2,0,17,27,2,0,29,79,3,0,82,97,5,0,102
55491,290,"SCOALA GENERALA AGHIRESU-FABRICI",AGHIREŞU-FABRICI,CJ,1388,1,0,0,1,13,0,0,13,17,0,0,17,26,0,0,26,85,7,0,92,104,13,0,117
55507,291,"CAMIN CULTURALARGHISU",ARGHIŞU,CJ,106,1,0,0,1,2,0,0,2,4,2,0,6,4,3,0,7,12,11,0,23,17,11,0,28
55516,292,"SCOALA GENERALA BAGARA",BĂGARA,CJ,324,0,0,0,0,0,0,0,0,2,0,0,2,6,0,0,6,31,4,0,35,55,11,0,66
55525,293,"SCOALA GENERALA DANCU",DÎNCU,CJ,59,0,3,0,3,2,7,0,9,2,11,0,13,2,13,0,15,8,28,0,36,12,32,0,44
55534,294,"CAMIN CULTURAL DOROLTU",DOROLŢU,CJ,72,0,2,0,2,0,4,0,4,0,4,0,4,0,4,0,4,5,6,0,11,6,8,0,14
55543,295,"SCOALA GENERALA INUCU",INUCU,CJ,262,1,1,0,2,7,2,0,9,10,4,0,14,10,5,0,15,41,9,0,50,47,14,0,61
55552,296,"CAMIN CULTURALLEGHIA",LEGHIA,CJ,399,1,0,0,1,5,2,0,7,7,2,0,9,9,2,0,11,52,7,1,60,61,7,1,69
55561,297,"IMOBIL CONSILIU NR. 7",MACĂU,CJ,514,1,1,0,2,4,2,0,6,4,2,0,6,11,6,0,17,23,6,0,29,37,7,0,44
55570,298,"SCOALA GENERALA TICU",TICU,CJ,58,2,1,0,3,5,1,0,6,8,2,0,10,8,3,0,11,9,4,0,13,15,9,0,24
55589,299,"SCOALA GENERALA TICU-COLONIE",TICU-COLONIE,CJ,132,0,4,0,4,1,6,0,7,1,6,0,7,1,9,0,10,7,14,0,21,7,14,0,21
55605,300,"CAMIN CULTURAL AITON",AITON,CJ,496,3,2,0,5,11,2,0,13,16,5,0,21,22,5,0,27,59,8,0,67,69,12,0,81
55614,301,"CAMIN CULTURAL REDIU",REDIU,CJ,385,2,0,0,2,4,3,0,7,7,8,0,15,12,8,0,20,41,22,0,63,65,33,0,98
55632,302,"CAMIN CULTURAL ALUNIS",ALUNIŞ,CJ,443,0,0,0,0,1,0,0,1,4,2,0,6,6,2,0,8,48,12,0,60,62,18,0,80
55641,303,"CAMIN CULTURAL CORNENI",CORNENI,CJ,108,0,1,0,1,0,2,0,2,4,5,0,9,4,5,0,9,7,8,0,15,10,8,0,18
55650,304,"SEDIU ADMINISTRATIV GHIROLT",GHIROLT,CJ,317,1,0,0,1,2,1,0,3,4,2,0,6,6,2,0,8,32,6,0,38,50,9,0,59
55678,305,"CAMIN CULTURAL VALE",VALE,CJ,76,1,1,0,2,1,6,0,7,3,8,0,11,4,8,0,12,16,19,0,35,16,23,0,39
55696,306,"SALA SPORT LICEU TEHNOLOGIC ""ŞTEFAN PASCU""",APAHIDA,CJ,1778,9,0,0,9,38,4,0,42,50,8,0,58,55,8,0,63,142,28,0,170,215,35,0,250
55696,307,"SALA SPORT LICEU TEHNOLOGIC ""ŞTEFAN PASCU""",APAHIDA,CJ,1594,0,0,0,0,17,0,0,17,36,2,0,38,50,4,0,54,123,21,0,144,176,32,0,208
55696,308,"SALA SPORT LICEU TEHNOLOGIC ""ŞTEFAN PASCU""",APAHIDA,CJ,1726,9,0,0,9,32,3,0,35,40,5,0,45,57,6,0,63,138,25,0,163,198,37,0,235
55696,309,"SALA SPORT LICEU TEHNOLOGIC ""ŞTEFAN PASCU""",APAHIDA,CJ,1403,3,0,0,3,15,0,0,15,34,3,0,37,40,6,0,46,118,14,0,132,158,19,0,177
55758,310,"CĂMIN CULTURAL SÎNNICOARĂ",SÎNNICOARĂ,CJ,1736,5,1,0,6,52,8,0,60,110,20,0,130,125,23,0,148,284,59,1,344,395,75,1,471
55730,311,"SEDIU PRIMĂRIE DEZMIR",DEZMIR,CJ,1540,4,0,0,4,37,8,0,45,48,9,0,57,63,13,0,76,160,44,0,204,253,58,0,311
55749,312,"SEDIU PRIMĂRIE PATA",PATA,CJ,483,1,2,0,3,8,4,0,12,17,5,0,22,29,9,0,38,89,27,0,116,109,39,0,148
55721,313,"CĂMIN CULTURAL CORPADEA",CORPADEA,CJ,334,0,0,0,0,1,0,0,1,2,4,0,6,8,10,0,18,27,16,0,43,34,19,0,53
55712,314,"SEDIU SECTOR PISCICOLA",CÎMPENEŞTI,CJ,114,2,2,0,4,4,4,0,8,6,6,0,12,6,10,0,16,22,25,0,47,30,30,0,60
55785,315,"GRĂDINIŢA AŞCHILEU MARE","AŞCHILEU MARE",CJ,448,2,0,0,2,6,0,0,6,12,0,0,12,20,2,0,22,68,9,0,77,82,12,0,94
55794,316,"GRĂDINIŢA AŞCHILEU MIC","AŞCHILEU MIC",CJ,238,2,1,0,3,4,6,0,10,9,7,0,16,19,9,0,28,45,17,0,62,53,19,0,72
55801,317,"GRĂDINIŢA CRISTOREL",CRISTOREL,CJ,305,2,1,0,3,3,2,0,5,3,4,0,7,4,5,0,9,26,9,0,35,52,12,0,64
55829,318,"ŞCOALA PRIMARĂ FODORA",FODORA,CJ,215,7,0,0,7,9,3,0,12,11,3,0,14,15,8,0,23,43,25,0,68,51,35,0,86
55847,319,"GRĂDINIȚĂ CU PROGRAM PRELUNGIT (STRUCTURĂ BLOCURI)",BACIU,CJ,1407,2,1,0,3,29,10,0,39,42,12,0,54,45,17,0,62,103,39,0,142,139,61,0,200
55847,320,"CASA DE CULTURĂ BACIU",BACIU,CJ,1583,4,1,0,5,30,8,0,38,59,14,0,73,75,16,0,91,194,47,0,241,255,72,0,327
55847,321,"CASA DE CULTURĂ BACIU",BACIU,CJ,1709,7,0,0,7,23,2,0,25,48,4,0,52,73,5,0,78,182,16,0,198,252,21,0,273
55847,322,"CASA DE CULTURĂ BACIU",BACIU,CJ,1118,4,0,0,4,14,1,0,15,19,1,0,20,33,1,0,34,88,3,0,91,111,9,0,120
55856,323,"ȘCOALA CORUȘU",CORUŞU,CJ,460,3,0,0,3,8,7,0,15,14,9,0,23,22,14,0,36,66,28,0,94,104,40,0,144
55865,324,"ȘCOALA MERA",MERA,CJ,1273,4,0,0,4,11,3,0,14,13,3,0,16,23,4,0,27,93,5,0,98,114,8,0,122
55874,325,"ȘCOALA POPEȘTI",POPEŞTI,CJ,524,1,0,0,1,13,1,0,14,15,5,0,20,23,5,0,28,56,12,0,68,90,15,0,105
55892,326,"ȘCOALA SĂLIȘTEA NOUĂ","SĂLIŞTEA NOUĂ",CJ,142,10,7,0,17,13,8,0,21,20,11,0,31,22,14,0,36,37,25,0,62,49,30,0,79
55909,327,"ȘCOALA SUCEAGU",SUCEAGU,CJ,1153,5,0,0,5,6,1,0,7,17,2,0,19,23,2,0,25,53,10,0,63,83,13,0,96
55927,328,"ŞCOALA GENERALĂ BĂIŞOARA",BĂIŞOARA,CJ,846,5,3,0,8,13,8,0,21,20,8,0,28,29,8,0,37,83,19,0,102,148,22,0,170
56005,329,"ŞCOALA PRIMARĂ SĂCEL",SĂCEL,CJ,340,1,3,0,4,4,3,0,7,11,3,0,14,13,3,0,16,46,5,0,51,68,9,0,77
55954,330,"ŞCOALA PRIMARĂ MUNTELE BĂIŞORII","MUNTELE BĂIŞORII",CJ,272,1,4,0,5,4,4,0,8,6,4,0,10,6,7,0,13,25,16,0,41,34,21,0,55
55972,331,"ŞCOALA PRIMARĂ MUNTELE CACOVEI","MUNTELE CACOVEI",CJ,84,0,0,0,0,2,0,0,2,5,2,0,7,5,3,0,8,7,3,0,10,8,7,0,15
55990,332,"ŞCOALA PRIMARĂ MUNTELE SĂCELULUI","MUNTELE SĂCELULUI",CJ,58,0,0,0,0,0,1,0,1,0,4,0,4,0,4,0,4,9,7,0,16,11,9,0,20
55945,333,"GOSPODĂRIA D-NEI. PAŞCA TODORICA, SAT MOARA DE PĂDURE, NR. 24","MOARA DE PĂDURE",CJ,120,0,2,0,2,1,7,0,8,1,8,0,9,1,8,0,9,13,9,0,22,18,12,0,30
56023,334,"PRIMĂRIA BELIŞ",BELIŞ,CJ,510,10,0,0,10,13,3,0,16,21,15,0,36,31,20,0,51,113,58,0,171,131,65,0,196
56032,335,"MAGAZINUL SATESC (MAGAZIE DE MANA)",BĂLCEŞTI,CJ,113,1,0,0,1,5,3,0,8,9,3,0,12,9,6,0,15,22,10,0,32,24,12,0,36
56041,336,"ŞCOALA PRIMARĂDEALU BOTII","DEALU BOTII",CJ,49,0,0,0,0,2,0,0,2,2,0,0,2,2,0,0,2,9,6,0,15,17,8,0,25
56087,337,"ŞCOALA PRIMARĂ SMIDA",SMIDA,CJ,45,0,0,0,0,4,3,0,7,4,3,0,7,7,5,0,12,8,7,0,15,11,18,0,29
56069,338,"MAGAZINUL SǍTESC","GIURCUŢA DE SUS",CJ,110,3,0,0,3,7,1,0,8,9,1,0,10,11,1,0,12,38,3,0,41,45,5,0,50
56078,339,"ŞCOALA PRIMARǍPOIANA HOREA","POIANA HOREA",CJ,300,3,0,0,3,5,0,0,5,6,0,0,6,8,0,0,8,58,3,0,61,72,5,0,77
56121,340,SCOLAGENERALABABDIU,BĂBDIU,CJ,133,0,2,0,2,1,5,0,6,4,10,0,14,6,12,0,18,27,26,0,53,30,27,0,57
56103,341,"SCOALA GENERALA BOBÎLNA",BOBÎLNA,CJ,318,1,0,0,1,10,6,0,16,10,6,0,16,15,9,0,24,51,21,0,72,67,27,0,94
56158,342,"SCOALA GENERALA MAIA",MAIA,CJ,182,1,1,0,2,2,4,0,6,4,5,0,9,6,5,0,11,28,13,0,41,49,19,0,68
56167,343,"SCOALA GENERALA OSORHEL",OŞORHEL,CJ,106,0,0,0,0,0,0,0,0,7,4,0,11,8,6,0,14,23,12,0,35,27,15,0,42
56176,344,"CAMINUL CULTURAL PRUNI",PRUNI,CJ,25,0,0,0,0,2,2,0,4,3,13,0,16,3,17,0,20,8,24,0,32,8,25,0,33
56185,345,"SCOALA GENERALA RAZBUNENI",RĂZBUNENI,CJ,187,6,3,0,9,13,3,0,16,20,7,0,27,25,9,0,34,44,18,0,62,52,22,0,74
56194,346,"CAMINUL CULTURAL SUARĂŞ",SUARĂŞ,CJ,118,2,5,0,7,6,5,0,11,9,9,0,18,15,10,0,25,26,21,1,48,29,23,1,53
56201,347,"SCOALA GENERALA VÎLCELELE",VÎLCELELE,CJ,83,0,3,0,3,5,3,0,8,7,7,0,14,7,9,0,16,21,10,0,31,24,17,0,41
56229,348,"CAMIN CULTURAL BONTIDA",BONŢIDA,CJ,1579,5,0,0,5,17,1,0,18,32,1,0,33,43,2,0,45,116,16,0,132,161,32,0,193
56229,349,"CLUBUL TINERETULUI",BONŢIDA,CJ,851,7,1,0,8,22,4,0,26,28,6,0,34,36,6,0,42,64,9,0,73,80,14,0,94
56247,350,"SCOALA GENERALA RASCRUCI",RĂSCRUCI,CJ,1270,10,3,0,13,21,4,0,25,37,7,0,44,39,7,0,46,104,26,0,130,154,49,0,203
56238,351,"CAMIN CULTURAL COASTA",COASTA,CJ,97,0,3,0,3,3,7,0,10,7,11,0,18,7,13,0,20,11,22,0,33,18,23,0,41
56256,352,"CAMINUL CULTURALTAUSENI",TĂUŞENI,CJ,40,1,2,0,3,2,5,0,7,3,11,0,14,5,12,0,17,7,18,0,25,12,30,0,42
56274,353,"CONSILIUL LOCAL BORSA",BORŞA,CJ,886,7,1,0,8,20,7,0,27,27,10,0,37,33,18,0,51,90,32,0,122,116,42,0,158
56318,354,"CAMINUL CULTURAL GIULA",GIULA,CJ,113,2,5,0,7,5,5,0,10,10,7,0,17,10,10,0,20,24,17,0,41,33,25,0,58
56309,355,"SCOALA GENERALA CIUMĂFAIA",CIUMĂFAIA,CJ,131,4,7,0,11,5,7,0,12,5,9,0,14,5,9,0,14,7,14,0,21,15,18,0,33
56336,356,"CAMINUL CULTURAL BUZA",BUZA,CJ,1015,3,0,0,3,10,1,0,11,19,1,0,20,34,4,0,38,114,22,0,136,154,26,0,180
56381,357,"SCOALA GIMNAZIALA CAIANU MIC","CĂIANU MIC",CJ,611,2,1,0,3,7,1,0,8,12,2,0,14,19,5,0,24,33,11,0,44,57,27,0,84
56372,358,"CAMINUL CULTURAL BĂRĂI",BĂRĂI,CJ,207,1,3,0,4,5,6,0,11,7,6,0,13,9,6,0,15,24,9,0,33,39,11,0,50
56390,359,"SCOALA GENERALĂ CĂIANU VAMĂ",CĂIANU-VAMĂ,CJ,459,3,0,0,3,4,2,0,6,7,3,0,10,7,4,0,11,22,10,0,32,33,14,0,47
56407,360,"SCOALA GIMNAZIALAVAIDA CĂMĂRAS",VAIDA-CĂMĂRAŞ,CJ,715,1,0,0,1,3,0,0,3,7,0,0,7,7,3,0,10,24,3,0,27,41,8,0,49
56434,361,"GRADINITA CALARASI",CĂLĂRAŞI,CJ,780,6,1,0,7,13,1,0,14,19,3,0,22,23,8,0,31,63,9,1,73,78,9,1,88
56443,362,"CĂMINUL CULTURAL BOGATA",BOGATA,CJ,937,3,0,0,3,29,1,0,30,39,1,0,40,53,2,0,55,96,5,0,101,117,6,0,123
56452,363,"CAMINUL CULTURAL CALARASI -GARA",CĂLĂRAŞI-GARĂ,CJ,320,0,0,0,0,5,0,0,5,9,0,0,9,13,0,0,13,43,3,0,46,59,3,0,62
56470,364,"ŞCOALA DIN CĂLĂŢELE",CĂLĂŢELE,CJ,724,3,0,0,3,12,1,0,13,14,1,0,15,23,3,0,26,70,17,0,87,93,19,0,112
56470,365,"CAMINUL CULTURAL CĂLĂŢELE PĂDURE",CĂLĂŢELE,CJ,214,2,0,0,2,4,1,0,5,5,1,0,6,11,2,0,13,40,3,0,43,51,4,0,55
56489,366,SCOALACĂLATA,CĂLATA,CJ,315,0,2,0,2,6,5,0,11,13,8,0,21,14,8,0,22,51,23,0,74,63,29,0,92
56513,367,CĂMINULCULTURALVĂLENI,VĂLENI,CJ,264,2,3,0,5,2,4,0,6,2,6,0,8,5,7,0,12,21,7,0,28,27,8,0,35
56504,368,CĂMINULCULTURALFINCIU,FINCIU,CJ,111,6,3,0,9,10,4,0,14,17,9,0,26,20,10,0,30,42,12,0,54,48,21,0,69
56498,369,"ŞCOALA DIN DEALU NEGRU","DEALU NEGRU",CJ,353,5,0,0,5,10,0,0,10,15,0,0,15,16,2,0,18,49,21,0,70,75,30,0,105
56531,370,"CAMIN CULTURAL CAMARASU",CĂMĂRAŞU,CJ,1205,4,0,0,4,7,0,0,7,7,1,0,8,23,3,0,26,86,5,0,91,120,6,0,126
56540,371,"CAMIN CULTURAL NAOIU",NĂOIU,CJ,379,1,0,0,1,4,0,0,4,4,0,0,4,5,0,0,5,27,9,0,36,33,14,0,47
56559,372,"CAMIN CULTURAL SIMBOLENI",SÎMBOLENI,CJ,478,3,5,0,8,4,6,0,10,7,7,0,14,10,7,0,17,39,9,0,48,56,10,0,66
56577,373,"CĂMINUL CULTURAL CĂPUŞU MARE","CĂPUŞU MARE",CJ,690,2,3,0,5,5,3,0,8,10,3,0,13,13,5,0,18,38,6,0,44,52,14,0,66
56602,374,"CENTRUL DE INFORMARE TURISTICĂ","CĂPUŞU MIC",CJ,610,7,2,0,9,13,2,0,15,19,4,0,23,25,5,0,30,90,22,0,112,110,30,0,140
56586,375,"CĂMINUL CULTURAL",AGÎRBICIU,CJ,375,7,4,0,11,13,4,0,17,23,4,0,27,33,8,0,41,65,11,2,78,86,15,2,103
56639,376,"FOSTUL SEDIUCAP",DUMBRAVA,CJ,295,3,1,0,4,5,4,0,9,6,4,0,10,8,6,0,14,28,14,0,42,35,19,0,54
56648,377,"CĂMINUL CLULTURAL",PĂNICENI,CJ,237,6,1,0,7,14,2,0,16,14,2,0,16,14,2,0,16,47,5,0,52,53,8,0,61
56611,378,"ŞCOLA CU CLASELE I-IV DÎNGĂUL MARE","DÎNGĂU MARE",CJ,391,0,0,0,0,0,3,0,3,3,3,0,6,5,4,0,9,63,23,0,86,85,26,0,111
56675,379,"CĂMINUL CULTURAL",CĂŞEIU,CJ,1210,7,0,0,7,19,1,0,20,29,4,0,33,48,4,0,52,167,16,0,183,219,20,0,239
56693,380,"ŞCOALA COPLEAN",COPLEAN,CJ,345,5,0,0,5,5,2,0,7,12,6,0,18,24,9,0,33,69,13,0,82,86,20,0,106
56746,381,"ŞCOALA GIMNAZIALĂ RUGĂŞEŞTI",RUGĂŞEŞTI,CJ,877,4,1,0,5,18,5,0,23,32,7,0,39,45,7,0,52,131,15,0,146,187,23,0,210
56728,382,"ŞCOALA GUGA",GUGA,CJ,256,1,1,0,2,10,1,0,11,10,2,0,12,25,3,0,28,64,6,0,70,81,10,0,91
56719,383,"ŞCOALA GARBĂUL DEJULUI","GÎRBĂU DEJULUI",CJ,184,2,0,0,2,7,0,0,7,9,0,0,9,20,1,0,21,27,10,0,37,28,13,0,41
56755,384,"ŞCOALA SĂLĂTRUC",SĂLĂTRUC,CJ,120,0,0,0,0,1,0,0,1,2,0,0,2,2,0,0,2,15,5,0,20,21,16,0,37
56764,385,"ŞCOALA PRIMARĂ URIŞOR",URIŞOR,CJ,817,3,1,0,4,16,2,0,18,31,6,0,37,50,11,0,61,140,15,0,155,186,22,0,208
56782,386,"PRIMĂRIA COM.CĂTINA",CĂTINA,CJ,918,4,0,0,4,5,0,0,5,8,2,0,10,10,4,0,14,77,9,0,86,103,12,0,115
56808,387,"ŞCOLA CU CLS.I-IV FELDIOARA",FELDIOARA,CJ,428,6,0,0,6,9,2,0,11,12,2,0,14,13,6,0,19,47,12,0,59,54,15,0,69
56791,388,"CĂMINUL CULTURAL COPRU",COPRU,CJ,93,0,0,0,0,2,1,0,3,2,2,0,4,6,3,0,9,15,6,0,21,24,6,0,30
56853,389,"CAMIN CULTURAL CEANU MARE","CEANU MARE",CJ,1154,5,2,0,7,9,7,0,16,18,8,0,26,42,9,0,51,114,14,0,128,117,18,0,135
56871,390,"GRADINITA BOIAN",BOIAN,CJ,750,2,0,0,2,11,0,0,11,12,2,0,14,30,2,0,32,53,3,0,56,74,7,0,81
56880,391,"CAMIN CULTURAL BOLDUT",BOLDUŢ,CJ,665,1,0,0,1,15,2,0,17,33,4,0,37,45,5,0,50,98,9,0,107,116,10,0,126
56933,392,"CAMIN CULTURAL IACOBENI",IACOBENI,CJ,517,10,1,0,11,30,3,0,33,44,11,0,55,54,12,0,66,116,30,0,146,144,36,0,180
56906,393,"SCOALA DOSU NAPULUI","DOSU NAPULUI",CJ,122,0,0,0,0,1,0,0,1,1,0,0,1,1,0,0,1,5,9,0,14,11,13,0,24
56997,394,"PRIMĂRIA COMUNEI CHINTENI",CHINTENI,CJ,1311,12,1,0,13,25,7,0,32,43,13,0,56,61,22,0,83,174,50,0,224,197,69,0,266
57001,395,"ȘCOALA CLS.I-IV DEUȘU",DEUŞU,CJ,597,3,3,0,6,8,4,0,12,16,11,0,27,23,11,0,34,85,23,0,108,112,39,0,151
57029,396,"ȘCOALA CLS.I-IV MĂCICAȘU",MĂCICAŞU,CJ,348,4,3,0,7,7,6,0,13,17,6,0,23,19,10,0,29,57,19,0,76,94,23,0,117
57010,397,"PUNCT LUCRU FEIURDENI AL PRIMĂRIEI COMUNEI CHINTENI",FEIURDENI,CJ,385,0,4,0,4,7,6,0,13,12,8,0,20,12,9,0,21,43,20,0,63,64,24,0,88
57092,398,"SCOALA GIMNAZ. CHIUIESTI",CHIUIEŞTI,CJ,1250,5,0,0,5,34,0,0,34,53,2,0,55,128,8,0,136,351,40,1,392,479,74,2,555
57127,399,"SCOALA PRIMARA MAGOAJA",MĂGOAJA,CJ,314,2,0,0,2,5,4,0,9,10,5,0,15,18,10,0,28,52,20,0,72,103,25,0,128
57136,400,"SCOALA PRIMARA STRAMBU",STRÎMBU,CJ,359,3,1,0,4,12,10,0,22,35,17,0,52,39,21,0,60,111,28,2,141,155,34,2,191
57118,401,"SCOALA PRIMARA HUTA",HUTA,CJ,98,3,0,0,3,6,0,0,6,12,0,0,12,14,2,0,16,56,6,0,62,67,9,0,76
57172,402,"SCOALA CU CL. I - VIII, CIUCEA",CIUCEA,CJ,747,7,1,0,8,16,3,0,19,31,5,0,36,50,5,0,55,142,27,0,169,172,29,0,201
57172,403,"SCOALA CLASELE I - IV CALEA LATA",CIUCEA,CJ,209,1,1,0,2,3,2,0,5,4,3,0,7,6,3,0,9,17,5,0,22,25,9,0,34
57216,404,"SCOALA CLS.I-IV VANATORI",VÂNĂTORI,CJ,357,6,1,0,7,6,4,0,10,10,6,0,16,13,6,0,19,65,11,0,76,85,15,0,100
57234,405,"CONSILIUL LOCAL CIURILA",CIURILA,CJ,190,0,0,0,0,4,9,0,13,7,9,0,16,9,9,0,18,31,21,0,52,38,25,0,63
57243,406,"SCOALA GIMNAZIALA","FILEA DE JOS",CJ,238,0,1,0,1,1,6,0,7,3,8,0,11,5,8,0,13,40,30,0,70,58,36,0,94
57305,407,"SCOALA GIMNAZIALA",ŞUTU,CJ,300,1,1,0,2,3,3,0,6,3,5,0,8,4,5,0,9,10,15,0,25,14,18,0,32
57289,408,"CĂMINUL CULTURAL SĂLICEA",SĂLICEA,CJ,350,4,0,0,4,9,5,0,14,29,15,0,44,41,16,0,57,80,47,0,127,101,72,0,173
57298,409,"PAROHIA ORTODOXA SALISTE",SĂLIŞTE,CJ,78,1,0,0,1,3,3,0,6,4,5,0,9,6,12,0,18,24,21,0,45,26,26,0,52
57323,410,"SCOALA GIMNAZIALA CÎŢCĂU",CÎŢCĂU,CJ,1247,4,2,0,6,22,5,0,27,36,6,0,42,53,7,0,60,183,17,3,203,242,22,3,267
57332,411,"ŞCOAL GEN. MUNCEL",MUNCEL,CJ,186,0,0,0,0,0,0,0,0,6,0,0,6,6,0,0,6,20,8,0,28,40,12,0,52
57341,412,"ŞCOALA GEN. SĂLIŞCA",SĂLIŞCA,CJ,463,7,1,0,8,9,1,0,10,11,2,0,13,22,5,0,27,73,8,0,81,94,16,0,110
57369,413,"ȘCOALA GIMNAZIALĂ COJOCNA SALA NR.4",COJOCNA,CJ,1016,3,4,0,7,4,7,0,11,19,13,0,32,23,14,0,37,55,29,0,84,74,34,0,108
57369,414,"ȘCOALA GIMNAZIALĂ COJOCNA SALA NR.7",COJOCNA,CJ,885,3,0,0,3,7,0,0,7,19,2,0,21,22,2,0,24,51,8,0,59,63,8,0,71
57387,415,"ŞCOALA BOJU",BOJU,CJ,347,3,2,0,5,7,8,0,15,10,9,0,19,14,15,0,29,52,30,0,82,59,35,0,94
57378,416,"MAGAZIN COOPERATIST BOJU CATUN (FOSTUL)",BOJ-CĂTUN,CJ,189,3,0,0,3,10,2,0,12,14,2,0,16,14,2,0,16,17,4,0,21,20,4,0,24
57396,417,"BIROUL PRIMĂRIEI CARA",CARA,CJ,675,2,2,0,4,8,2,0,10,21,7,0,28,30,12,0,42,63,20,0,83,80,25,0,105
57412,418,"CĂMINUL CULTURAL IURIU DE CÎMPIE","IURIU DE CÎMPIE",CJ,206,3,0,0,3,3,2,0,5,6,6,0,12,7,9,0,16,31,17,0,48,33,23,0,56
57476,419,"CĂMIN CULTURAL IGRIŢIA",IGRIŢIA,CJ,34,0,1,0,1,1,3,0,4,3,3,0,6,3,3,0,6,9,9,0,18,10,9,0,19
57528,420,"CĂMIN CULTURAL TIOCU DE SUS","TIOCU DE SUS",CJ,70,3,2,0,5,6,4,0,10,9,6,0,15,11,8,0,19,18,14,0,32,24,17,0,41
57519,421,"CĂMIN CULTURAL TIOCU DE JOS","TIOCU DE JOS",CJ,101,4,1,0,5,8,2,0,10,10,2,0,12,11,2,0,13,22,8,0,30,25,8,0,33
57458,422,"ŞCOALA GIMNAZIALĂ LIA MANOLIU CORNEŞTI",CORNEŞTI,CJ,187,1,0,0,1,4,1,0,5,7,1,0,8,9,1,0,10,32,13,0,45,44,14,0,58
57500,423,"COOPERATIVA VECHE- STOIANA",STOIANA,CJ,164,4,4,0,8,15,8,0,23,34,10,0,44,34,12,0,46,57,18,0,75,65,23,0,88
57494,424,"CĂMIN CULTURAL MORĂU",MORĂU,CJ,43,0,1,0,1,4,2,0,6,5,2,0,7,8,4,0,12,12,12,0,24,15,16,0,31
57485,425,"CENTRUL DE INFORMARE ŞI PROMOVARE TURISTICĂ LUJERDIU",LUJERDIU,CJ,263,4,2,0,6,9,2,0,11,11,4,0,15,15,6,0,21,38,19,0,57,50,29,0,79
57467,426,"CĂMIN CULTURAL BÎRLEA",BÎRLEA,CJ,131,1,1,0,2,6,1,0,7,10,1,0,11,11,2,0,13,14,7,0,21,29,10,0,39
57537,427,"CĂMIN CULTURAL TIOLTIUR",TIOLTIUR,CJ,148,0,4,0,4,2,9,0,11,14,12,0,26,16,15,0,31,31,17,0,48,40,25,0,65
55071,428,"SCOALA GIMNAZIALA CUZDRIOARA",CUZDRIOARA,CJ,909,0,1,0,1,12,1,0,13,22,1,0,23,33,2,0,35,106,4,0,110,138,11,0,149
55071,429,"SCOALA GIMNAZIALA CUZDRIOARA",CUZDRIOARA,CJ,848,3,0,0,3,13,0,0,13,22,1,0,23,33,1,0,34,90,2,0,92,119,5,0,124
55080,430,"CĂMINUL CULTURAL",MĂNĂŞTUREL,CJ,693,5,0,0,5,10,0,0,10,20,5,0,25,27,5,0,32,77,16,0,93,100,17,0,117
57555,431,"ŞCOALA GIMNAZIALĂ CU CLASELE I-VIII “GELU ROMÂNUL”",DĂBÎCA,CJ,543,5,1,0,6,13,6,0,19,17,7,0,24,33,12,0,45,82,31,0,113,101,42,0,143
57564,432,"ŞCOALA CU CLASELE I-IV LUNA DE JOS","LUNA DE JOS",CJ,532,2,1,0,3,8,2,0,10,13,8,0,21,21,9,0,30,50,18,0,68,53,19,0,72
57573,433,"CĂMINUL CULTURAL PÎGLIŞA",PÎGLIŞA,CJ,82,5,9,0,14,6,11,0,17,12,11,0,23,19,14,0,33,28,31,0,59,30,31,0,61
57591,434,"CAMINUL CULTURAL FELEACU DIN LOCALITATEA FELEACU",FELEACU,CJ,1591,6,6,0,12,44,7,0,51,56,13,0,69,77,14,0,91,189,24,1,214,248,37,1,286
57617,435,"CAMINUL CULTURAL DIN LOCALITATEA GHEORGHENI",GHEORGHIENI,CJ,884,1,0,0,1,4,1,0,5,8,1,0,9,13,1,0,14,53,9,0,62,62,11,0,73
57635,436,"FOSTUL SEDIU CAP VILCELE DIN LOCALITATEA VILCELE",VÎLCELE,CJ,844,7,7,0,14,16,11,0,27,24,14,0,38,31,15,0,46,90,30,0,120,119,36,0,155
57653,437,"CAMINUL CULT.FIZESU GHERLII","FIZEŞU GHERLII",CJ,1101,5,2,0,7,6,2,0,8,11,2,0,13,12,2,0,14,45,5,0,50,84,10,0,94
57680,438,"SCOALA CLS.I-IV",NICULA,CJ,539,4,1,0,5,23,14,0,37,39,16,0,55,52,19,0,71,86,28,0,114,101,30,0,131
57662,439,"SCOALA CLS.I-IV BONT",BONŢ,CJ,290,1,0,0,1,3,0,0,3,4,1,0,5,4,1,0,5,26,6,0,32,34,7,0,41
57699,440,"SCOALA CLS.I-IV SACALAIA",SĂCĂLAIA,CJ,205,5,1,0,6,10,2,0,12,12,5,0,17,15,7,0,22,38,11,0,49,51,14,0,65
57715,441,"PRIMARIA COMUNEI FLORESTI",FLOREŞTI,CJ,1931,11,4,0,15,40,14,0,54,69,15,0,84,73,16,0,89,148,33,0,181,202,40,0,242
57715,442,"PRIMARIA COMUNEI FLORESTI",FLOREŞTI,CJ,1895,7,0,0,7,49,31,0,80,71,45,0,116,78,48,0,126,128,72,0,200,198,110,0,308
57715,443,"PRIMARIA COMUNEI FLORESTI",FLOREŞTI,CJ,1321,11,10,0,21,36,27,0,63,77,58,0,135,90,63,0,153,156,106,0,262,208,165,0,373
57715,444,"ȘCOALA ""GHEORGHE ȘINCAI""",FLOREŞTI,CJ,2639,11,0,0,11,79,5,0,84,120,6,0,126,133,10,0,143,258,23,1,282,325,38,1,364
57715,445,"SCOALAGH. SINCAI",FLOREŞTI,CJ,2017,5,0,0,5,34,6,0,40,69,21,0,90,75,21,0,96,178,44,0,222,231,71,0,302
57715,446,"GRADINITA NR.1",FLOREŞTI,CJ,933,15,2,0,17,33,8,0,41,51,16,0,67,80,20,0,100,152,45,0,197,181,55,0,236
57715,447,"GRADINITA NR.1",FLOREŞTI,CJ,2047,10,1,0,11,49,5,0,54,69,13,0,82,80,17,0,97,168,38,1,207,233,43,1,277
57715,448,"GRADINITA NR.2",FLOREŞTI,CJ,2918,13,3,0,16,60,14,0,74,95,22,0,117,126,23,0,149,255,48,0,303,355,76,0,431
57715,449,"GRADINITA NR.2",FLOREŞTI,CJ,2455,17,4,0,21,76,11,0,87,107,19,0,126,116,19,0,135,230,37,0,267,309,59,0,368
57715,450,"SALA DE SPORT CETATEA FETEI",FLOREŞTI,CJ,1625,3,2,0,5,35,3,0,38,57,3,0,60,62,5,0,67,122,14,0,136,157,22,0,179
57715,451,"SALA DE SPORT CETATEA FETEI",FLOREŞTI,CJ,1635,2,4,0,6,18,5,0,23,56,6,0,62,60,6,0,66,133,14,0,147,185,21,0,206
57715,452,"SALA DE SPORT CETATEA FETEI",FLOREŞTI,CJ,2498,21,5,0,26,70,14,0,84,100,19,0,119,111,22,0,133,231,58,0,289,307,93,0,400
57715,453,"SALA DE SPORT CETATEA FETEI",FLOREŞTI,CJ,2844,12,0,0,12,43,15,0,58,81,31,1,113,91,32,1,124,184,61,1,246,291,87,1,379
57724,454,"SCOALA LUNA DE SUS","LUNA DE SUS",CJ,797,1,7,0,8,10,10,0,20,15,12,0,27,18,13,0,31,69,18,0,87,82,23,0,105
57724,455,"SCOALA LUNA DE SUS","LUNA DE SUS",CJ,992,4,0,0,4,17,4,0,21,35,6,0,41,44,7,0,51,102,10,0,112,142,12,0,154
57733,456,"CAMINUL CULTURAL TAUTI",TĂUŢI,CJ,201,1,1,0,2,6,1,0,7,8,5,0,13,12,6,0,18,34,27,0,61,38,36,0,74
57751,457,"CAMINUL CULTURAL FRATA",FRATA,CJ,1555,3,0,0,3,9,1,0,10,27,2,0,29,55,4,0,59,112,12,0,124,141,17,0,158
57760,458,"CAMINUL CULTURAL BERCHIESU",BERCHIEŞU,CJ,516,2,0,0,2,7,0,0,7,14,0,0,14,19,0,0,19,38,3,0,41,59,7,0,66
57804,459,"CAMINUL CULTURAL POIANA FRATII","POIANA FRĂŢII",CJ,177,0,0,0,0,4,0,0,4,6,0,0,6,10,0,0,10,28,1,0,29,34,3,0,37
57822,460,"SCOALA GIMNAZIALA SOPORU DE CIMPIE","SOPORU DE CÎMPIE",CJ,982,4,3,0,7,10,3,0,13,16,5,0,21,26,5,0,31,82,15,0,97,118,19,0,137
57840,461,"CAMIN CULTURAL GEACA",GEACA,CJ,438,1,0,0,1,8,0,0,8,10,7,0,17,15,8,0,23,50,25,0,75,72,29,0,101
57895,462,"CAMINUL CULTURAL SUCUTARD",SUCUTARD,CJ,291,0,0,0,0,4,1,0,5,10,3,0,13,13,5,0,18,33,11,0,44,49,14,0,63
57868,463,"CAMINUL CULTURAL LACU",LACU,CJ,231,3,0,0,3,8,0,0,8,10,0,0,10,12,0,0,12,22,2,0,24,26,2,0,28
57877,464,"CAMINUL CULTURAL LEGII",LEGII,CJ,116,1,0,0,1,2,3,0,5,2,5,0,7,3,5,0,8,8,11,0,19,16,11,0,27
57859,465,"SCOALA CHIRIS",CHIRIŞ,CJ,67,0,2,0,2,1,3,0,4,3,4,0,7,10,4,0,14,18,8,0,26,19,10,0,29
57886,466,"CAMINUL CULTURAL PUINI",PUINI,CJ,74,1,0,0,1,3,0,0,3,4,0,0,4,4,0,0,4,6,2,0,8,11,4,0,15
57911,467,"CASA DE CULTURĂ ""DUMITRU SOPON""",GILĂU,CJ,1858,7,1,0,8,31,6,0,37,37,8,0,45,63,10,0,73,177,36,0,213,246,51,0,297
57911,468,"CĂMINUL CULTURAL VECHI GILĂU",GILĂU,CJ,1879,10,3,0,13,37,10,0,47,48,11,0,59,72,13,0,85,158,38,0,196,212,51,0,263
57911,469,"LICEUL TEORETIC ""GELU VOIEVOD"", CLĂDIREA INTERNAT",GILĂU,CJ,1916,7,1,0,8,30,5,0,35,45,7,0,52,57,7,0,64,171,20,0,191,238,30,0,268
57939,470,"CĂMINUL CULTURAL SOMEȘU RECE","SOMEŞU RECE",CJ,1036,13,3,0,16,44,15,0,59,82,20,0,102,101,24,0,125,256,59,0,315,321,89,0,410
57939,471,"GRĂDINIȚA - UZINA ELECTRICĂ","SOMEŞU RECE",CJ,525,3,0,0,3,11,1,0,12,13,18,0,31,16,21,0,37,60,33,0,93,73,39,0,112
57957,472,"CAMINUL CULTURAL GARBAU",GÎRBĂU,CJ,576,2,1,0,3,16,2,0,18,25,2,0,27,31,4,0,35,114,14,0,128,136,17,0,153
57984,473,"SCOALA PRIMARA VISTEA",VIŞTEA,CJ,603,1,0,0,1,9,4,0,13,13,5,0,18,21,5,0,26,43,7,0,50,54,9,0,63
57993,474,"SCOALA CU CLASELE I-IV TUREA",TUREA,CJ,426,4,0,0,4,4,0,0,4,9,0,0,9,9,0,0,9,32,6,0,38,44,9,0,53
57975,475,"CĂMINUL CULTURAL NĂDĂȘELU",NĂDĂŞELU,CJ,208,0,0,0,0,2,2,0,4,10,10,0,20,11,11,0,22,28,22,0,50,40,25,0,65
57966,476,"CAMINUL CULTURAL CORNESTI",CORNEŞTI,CJ,105,3,7,0,10,7,58,0,65,9,61,0,70,10,63,0,73,26,94,0,120,28,98,0,126
58026,477,SCOALA,AGRIŞ,CJ,326,0,0,0,0,2,0,0,2,8,0,0,8,10,0,0,10,23,3,0,26,29,7,0,36
58053,478,SCOALA,"CACOVA IERII",CJ,337,2,2,0,4,5,3,0,8,7,5,0,12,9,5,0,14,28,6,0,34,46,9,0,55
58062,479,SCOALA,"FĂGETU IERII",CJ,250,5,2,0,7,9,3,0,12,10,6,0,16,12,6,0,18,23,6,0,29,35,6,0,41
58017,480,SCOALA,IARA,CJ,773,6,1,0,7,14,2,0,16,26,3,0,29,33,3,0,36,78,11,0,89,99,13,0,112
58017,481,SCOALA,IARA,CJ,881,2,0,0,2,22,1,0,23,27,1,0,28,31,1,0,32,56,5,0,61,120,6,0,126
58080,482,SCOALA,MAŞCA,CJ,129,1,2,0,3,2,2,0,4,2,2,0,4,2,3,0,5,2,5,0,7,4,5,0,9
58106,483,SCOALA,OCOLIŞEL,CJ,107,0,1,0,1,0,3,0,3,3,5,0,8,9,5,0,14,15,6,0,21,18,7,0,25
58115,484,SCOALA,SURDUC,CJ,249,0,0,0,0,1,3,0,4,4,3,0,7,4,3,0,7,8,3,0,11,16,3,0,19
58133,485,SCOALA,"VALEA VADULUI",CJ,40,0,0,0,0,0,2,0,2,0,4,0,4,0,4,0,4,4,7,0,11,4,12,0,16
58035,486,"CASA PROPRIETATE PARTICULARA",BORZEŞTI,CJ,52,1,0,0,1,2,1,0,3,6,2,0,8,6,3,0,9,9,9,0,18,12,14,0,26
58044,487,"CASA PROPRIETATE PARTICULARĂ",BURU,CJ,144,1,0,0,1,6,5,0,11,7,5,0,12,8,5,0,13,14,10,0,24,19,10,0,29
58071,488,"CASA PROPRIETATE PARTICULARĂ",LUNGEŞTI,CJ,35,0,0,0,0,0,1,0,1,1,1,0,2,1,2,0,3,9,4,0,13,13,6,0,19
58099,489,"CASA PROPRIETATE PARTICULARĂ","MĂGURA IERII",CJ,24,0,0,0,0,1,0,0,1,1,0,0,1,2,2,0,4,6,5,0,11,8,6,0,14
58151,490,"CENTRUL CULTURAL ICLOD",ICLOD,CJ,1698,0,0,0,0,8,0,0,8,17,2,0,19,28,4,0,32,121,24,0,145,209,31,0,240
58160,491,"SCOALA DIN FUNDATURA",FUNDĂTURA,CJ,566,1,1,0,2,6,5,0,11,6,5,0,11,11,6,0,17,48,8,0,56,61,15,0,76
58188,492,"SCOALA DIN LIVADA",LIVADA,CJ,863,8,2,0,10,28,2,0,30,48,4,0,52,63,4,0,67,123,17,0,140,180,17,0,197
58197,493,"SCOALA DIN ORMAN",ORMAN,CJ,450,0,1,0,1,3,8,0,11,6,14,0,20,18,14,0,32,55,19,0,74,80,22,0,102
58222,494,"CĂMINUL CULTURAL",NADĂŞU,CJ,187,4,4,0,8,7,5,0,12,10,6,0,16,13,9,0,22,36,16,0,52,41,16,0,57
58213,495,"PRIMĂRIA COMUNEI","IZVORU CRIŞULUI",CJ,770,2,1,0,3,5,1,0,6,5,1,0,6,13,1,0,14,39,2,0,41,72,5,0,77
58240,496,"ŞCOALA GENERALĂ",ŞAULA,CJ,320,1,2,0,3,1,2,0,3,1,2,0,3,3,4,0,7,21,7,0,28,28,7,0,35
55115,497,"CĂMINUL CULTURAL","JICHIŞU DE JOS",CJ,355,2,0,0,2,8,0,0,8,18,4,0,22,34,9,0,43,81,16,0,97,106,20,0,126
55124,498,"CĂMINUL CULTURAL",CODOR,CJ,336,7,2,0,9,12,2,0,14,17,2,0,19,30,3,0,33,63,7,0,70,92,14,0,106
55133,499,"ŞCOALA GENERALĂ","JICHIŞU DE SUS",CJ,190,1,5,0,6,2,10,0,12,2,10,0,12,2,11,0,13,15,13,0,28,27,15,0,42
55151,500,"ŞCOALA GENERALĂ",TĂRPIU,CJ,89,1,4,0,5,1,6,0,7,1,7,0,8,1,9,0,10,17,11,0,28,20,11,0,31
55142,501,"ŞCOALA GENERALĂ",ŞIGĂU,CJ,21,0,0,0,0,0,6,0,6,3,12,0,15,4,14,0,18,8,22,0,30,8,22,0,30
58268,502,"PRIMĂRIA COMUNEI","JUCU DE SUS",CJ,1440,3,0,0,3,23,2,0,25,41,4,0,45,53,4,0,57,101,20,0,121,151,39,0,190
58295,503,"ŞCOALA PRIMARĂ","JUCU DE MIJLOC",CJ,940,1,0,0,1,3,0,0,3,7,0,0,7,20,3,0,23,78,11,0,89,111,19,0,130
58277,504,"ŞCOALA PRIMARĂ",GĂDĂLIN,CJ,523,4,3,0,7,11,4,0,15,17,5,0,22,19,7,0,26,64,25,2,91,94,39,2,135
58302,505,"ŞCOALA PRIMARĂ",VIŞEA,CJ,464,1,0,0,1,6,0,0,6,7,3,0,10,9,3,0,12,24,12,0,36,51,23,0,74
58286,506,"GRĂDINIŢA CU PROGRAM NORMAL",JUC-HERGHELIE,CJ,364,2,0,0,2,6,0,0,6,13,0,0,13,20,0,0,20,40,5,0,45,52,6,0,58
58320,507,"CĂMINUL CULTURAL ""PROF. NICOLAE MAZARE"" LUNA",LUNA,CJ,1144,6,0,0,6,16,3,0,19,23,3,0,26,52,4,0,56,94,10,0,104,117,15,0,132
58320,508,"CĂMINUL CULTURAL ""PROF. NICOLAE MAZARE"" LUNA",LUNA,CJ,1005,2,2,0,4,10,2,0,12,24,4,0,28,42,4,0,46,76,14,0,90,108,16,0,124
58348,509,"CAMINUL CULTURAL LUNCANI",LUNCANI,CJ,1265,8,1,0,9,19,1,0,20,31,3,0,34,41,3,0,44,115,6,0,121,149,12,0,161
58339,510,"GRĂDINIŢA GLIGORESTI",GLIGOREŞTI,CJ,467,3,4,0,7,9,6,0,15,16,6,0,22,22,6,0,28,57,8,0,65,65,13,0,78
58384,511,"CĂMINUL CULTURAL","MUNTELE RECE",CJ,448,2,0,0,2,10,1,0,11,12,2,0,14,13,3,0,16,46,12,0,58,62,24,0,86
58366,512,"PRIMĂRIA COMUNEI",MĂGURI-RĂCĂTĂU,CJ,710,0,0,0,0,8,1,0,9,16,1,0,17,23,2,0,25,121,16,0,137,163,19,0,182
58375,513,"ŞCOALA GENERALĂ",MĂGURI,CJ,741,1,2,0,3,5,5,0,10,12,5,0,17,14,5,0,19,95,8,0,103,118,8,0,126
58400,514,"PRIMĂRIA COMUNEI",MĂNĂSTIRENI,CJ,747,5,3,0,8,19,4,0,23,22,8,0,30,29,8,0,37,111,28,0,139,144,36,0,180
58428,515,"ŞCOALA GENERALĂ",BEDECIU,CJ,442,2,0,0,2,8,0,0,8,16,1,0,17,19,1,0,20,78,12,0,90,125,16,0,141
58525,516,"CĂMIN CULTURAL",SCRIND-FRĂSINET,CJ,151,1,2,0,3,4,3,0,7,8,4,0,12,12,5,0,17,31,11,0,42,43,21,0,64
58491,517,"CĂMIN CULTURAL",BUTENI,CJ,181,0,1,0,1,5,5,0,10,6,10,0,16,9,13,0,22,23,23,0,46,29,27,0,56
58473,518,"PRIMĂRIA COMUNEI MĂRGĂU",MĂRGĂU,CJ,360,1,1,0,2,7,4,0,11,8,4,0,12,20,5,0,25,80,14,0,94,108,25,0,133
58516,519,"CĂMIN CULTURAL",RĂCHIŢELE,CJ,604,8,1,0,9,12,4,0,16,12,4,0,16,15,4,0,19,63,16,0,79,106,17,0,123
58543,520,"ŞCOALA GENERALĂ",MĂRIŞEL,CJ,99,0,0,0,0,0,0,0,0,1,2,0,3,1,2,0,3,17,15,0,32,24,17,0,41
58543,521,"ŞCOALA GENERALĂ",MĂRIŞEL,CJ,1033,1,0,0,1,10,0,0,10,19,0,0,19,25,0,0,25,155,21,0,176,216,23,0,239
58543,522,"ŞCOALA GENERALĂ",MĂRIŞEL,CJ,146,0,0,0,0,0,0,0,0,1,2,0,3,2,3,0,5,13,5,0,18,23,7,0,30
55179,523,"CĂMINUL CULTURAL",MICA,CJ,577,11,2,0,13,17,2,19,38,21,7,19,47,36,7,19,62,84,11,19,114,103,16,19,138
55197,524,"CĂMINUL CULTURAL",MĂNĂSTIREA,CJ,590,4,0,0,4,9,2,0,11,31,5,0,36,40,5,0,45,83,14,2,99,132,19,2,153
55204,525,"FOSTUL SEDIU CAP",NIREŞ,CJ,900,0,0,0,0,1,0,0,1,1,0,0,1,8,0,0,8,50,0,0,50,82,0,0,82
55213,526,"ŞCOALA GENERALĂ",SÎNMĂRGHITA,CJ,885,3,2,0,5,11,2,0,13,15,2,0,17,17,2,0,19,60,5,0,65,86,8,0,94
55286,527,"ŞCOALA GENERALĂ","MIHAI VITEAZU",CJ,1503,6,2,0,8,24,2,0,26,34,8,0,42,37,12,0,49,76,17,0,93,105,21,0,126
55295,528,"ŞCOALA GENERALĂ",CHEIA,CJ,467,0,0,0,0,3,3,0,6,6,3,0,9,12,3,0,15,27,6,0,33,39,6,0,45
55302,529,"ŞCOALA GENERALĂ",CORNEŞTI,CJ,636,5,0,0,5,18,0,0,18,23,1,0,24,26,1,0,27,43,5,0,48,67,7,0,74
55286,530,"CASĂ DE CULTURĂ","MIHAI VITEAZU",CJ,1334,3,2,0,5,13,2,0,15,22,4,0,26,34,6,0,40,83,10,0,93,124,22,0,146
55286,531,"SALA DE SPORT","MIHAI VITEAZU",CJ,960,0,0,0,0,9,0,0,9,11,0,0,11,18,1,0,19,73,4,0,77,100,10,0,110
58561,532,"PRIMĂRIA COMUNEI","MINTIU GHERLII",CJ,1272,17,0,0,17,30,0,0,30,40,3,0,43,75,5,0,80,176,23,0,199,226,27,0,253
58570,533,"ŞCOALA GENERALĂ",BUNEŞTI,CJ,757,3,0,0,3,12,3,0,15,20,10,0,30,24,12,0,36,97,25,0,122,122,34,0,156
58589,534,"ŞCOALA GENERALĂ",NIMA,CJ,592,4,0,0,4,10,1,0,11,17,2,0,19,19,4,0,23,64,5,0,69,105,12,0,117
58598,535,"ŞCOALA GENERALĂ",PĂDURENII,CJ,79,3,0,0,3,6,6,0,12,6,6,0,12,7,6,0,13,13,10,0,23,18,13,0,31
58605,536,"ŞCOALA GENERALĂ",PETREŞTI,CJ,206,3,0,0,3,9,0,0,9,12,2,0,14,13,2,0,15,28,7,0,35,34,10,0,44
58614,537,"ŞCOALA GENERALĂ",SALATIU,CJ,225,2,0,0,2,6,0,0,6,9,1,0,10,10,3,0,13,18,4,0,22,27,5,0,32
58632,538,"CAMIN CULTURAL MOCIU - SALA MICA",MOCIU,CJ,1319,1,0,0,1,6,5,0,11,14,8,0,22,17,9,0,26,94,25,0,119,145,42,0,187
58650,539,"ŞCOALA ELEMENTARA",CHESĂU,CJ,274,1,0,0,1,3,1,0,4,13,1,0,14,17,1,0,18,34,1,0,35,49,6,0,55
58669,540,"ŞCOALA GENERALĂ",CRIŞENI,CJ,207,1,0,0,1,3,1,0,4,6,6,0,12,8,6,0,14,29,9,0,38,39,12,0,51
58687,541,"CLADIRE MULTIFUNCTIONALA","GHIRIŞU ROMÂN",CJ,271,0,0,0,0,3,3,0,6,6,4,0,10,7,4,0,11,22,7,0,29,32,9,0,41
58712,542,"CLADIRE MULTIFUNCTIONALA","ZORENII DE VALE",CJ,252,1,0,0,1,1,0,0,1,2,3,0,5,3,5,0,8,13,9,0,22,25,13,0,38
58641,543,"SALĂ MULTIFUNCŢIONALĂ",BOTENI,CJ,177,0,2,0,2,1,3,0,4,4,4,0,8,4,5,0,9,17,6,0,23,26,13,0,39
58696,544,"CLADIRE MULTIFUNCŢIONALĂ",ROŞIENI,CJ,144,1,0,0,1,2,0,0,2,3,0,0,3,4,0,0,4,18,9,0,27,23,10,0,33
58730,545,"PRIMĂRIA COMUNEI",MOLDOVENEŞTI,CJ,586,1,0,0,1,3,0,0,3,7,0,0,7,10,0,0,10,29,5,0,34,37,7,0,44
58730,546,"ŞCOALA CU CLASELE I-VIII",MOLDOVENEŞTI,CJ,414,0,1,0,1,1,1,0,2,3,1,0,4,3,1,0,4,9,3,0,12,16,6,0,22
58767,547,"ŞCOALA CU CLASELE I-IV",PLĂIEŞTI,CJ,519,0,0,0,0,3,0,0,3,6,0,0,6,6,2,0,8,8,3,0,11,13,6,0,19
58749,548,"CASA SATULUI",BĂDENI,CJ,570,4,0,0,4,6,4,0,10,8,4,0,12,8,6,0,14,15,8,0,23,26,8,0,34
58785,549,"CLĂDIREA PRIMĂRIEI",STEJERIŞ,CJ,157,0,0,0,0,0,1,0,1,1,1,0,2,1,1,0,2,6,5,0,11,11,5,0,16
58758,550,"CĂMINUL CULTURAL",PIETROASA,CJ,110,0,0,0,0,1,0,0,1,2,0,0,2,3,0,0,3,7,4,0,11,9,5,0,14
58776,551,"ŞCOALA CU CLASELE I-IV",PODENI,CJ,369,1,0,0,1,4,2,0,6,10,5,0,15,15,6,0,21,37,25,0,62,61,39,0,100
57190,552,"CĂMINUL CULTURAL",NEGRENI,CJ,1331,35,1,0,36,57,3,0,60,71,4,0,75,82,6,0,88,271,27,0,298,361,35,0,396
57181,553,"CASA DE CULTURĂ",BUCEA,CJ,586,9,0,0,9,23,6,0,29,44,8,0,52,59,12,0,71,137,22,0,159,171,31,0,202
57207,554,"SCOALA CU CLASELE I-IV",PRELUCELE,CJ,94,0,3,0,3,3,3,0,6,3,3,0,6,7,3,0,10,12,3,0,15,14,6,0,20
58909,555,"SCOALA PRIMARĂ",SĂRATA,CJ,244,0,0,0,0,2,3,0,5,3,4,0,7,3,5,0,8,28,12,0,40,36,16,0,52
58865,556,"SCOALĂ GENERALĂ IULIU HAȚIEGANU PANTICEU",PANTICEU,CJ,521,1,0,0,1,4,2,0,6,10,4,0,14,16,4,0,20,55,23,0,78,86,28,0,114
58883,557,"ŞCOALA CLASELE I-IV","CUBLEŞU SOMEŞAN",CJ,307,1,2,0,3,7,7,0,14,11,11,0,22,14,13,0,27,38,26,0,64,42,37,0,79
58892,558,"CLADIRE SCOALA",DÎRJA,CJ,170,1,1,0,2,4,2,0,6,4,3,0,7,7,3,0,10,12,6,0,18,15,13,0,28
58874,559,"CAMIN CULTURAL",CĂTĂLINA,CJ,54,0,1,0,1,0,3,0,3,0,5,0,5,0,7,0,7,7,12,0,19,7,19,0,26
58801,560,"CĂMINUL CULTURAL PĂLATCA",PĂLATCA,CJ,635,3,0,0,3,7,3,0,10,16,4,0,20,23,4,0,27,93,19,0,112,121,30,0,151
58847,561,"CĂMINUL CULTURAL SAVA",SAVA,CJ,261,0,0,0,0,5,8,0,13,8,9,0,17,10,9,0,19,24,20,0,44,30,23,0,53
58981,562,"CĂMINUL CULTURAL",PLAIURI,CJ,102,1,1,0,2,4,3,0,7,5,5,0,10,7,7,0,14,24,18,0,42,29,26,0,55
58963,563,"ŞCOALA GENERALĂ","PETREŞTII DE MIJLOC",CJ,111,0,1,0,1,2,2,0,4,6,3,0,9,6,3,0,9,9,6,0,15,19,12,0,31
58945,564,"ŞCOALA GENERALĂ",DELENI,CJ,181,4,0,0,4,7,0,0,7,9,5,0,14,13,5,0,18,25,18,0,43,38,29,0,67
58936,565,"ŞCOALA GENERALĂ",CRĂEŞTI,CJ,167,0,1,0,1,5,1,0,6,7,1,0,8,7,1,0,8,24,2,0,26,32,3,0,35
58927,566,"CĂMIN CULTURAL","PETREŞTII DE JOS",CJ,509,0,0,0,0,2,0,0,2,7,2,0,9,10,2,0,12,33,9,0,42,54,19,0,73
58954,567,"CAMIN CULTURAL LIVADA",LIVADA,CJ,161,3,2,0,5,4,5,0,9,5,5,0,10,5,6,0,11,16,10,0,26,18,13,0,31
58972,568,"CAMINUL CULTURAL","PETREŞTII DE SUS",CJ,75,1,0,0,1,6,3,0,9,6,5,0,11,7,6,0,13,10,13,0,23,14,13,0,27
59005,569,"CĂMINUL CULTURAL",PLOSCOŞ,CJ,337,0,0,0,0,1,0,0,1,6,5,0,11,7,5,0,12,23,16,0,39,29,17,0,46
59032,570,"ŞCOALA CU CLASELE I-IV","VALEA FLORILOR",CJ,224,3,3,0,6,5,3,0,8,8,4,0,12,10,4,0,14,22,8,0,30,31,13,0,44
59050,571,"PRIMĂRIACOMUNEI POIENI",POIENI,CJ,955,3,0,0,3,16,0,0,16,32,2,0,34,42,4,0,46,126,18,0,144,159,35,0,194
59069,572,ŞCOALAPRIMARABOLOGA,BOLOGA,CJ,517,4,0,0,4,8,1,0,9,15,4,0,19,21,4,0,25,94,17,0,111,137,23,0,160
59103,573,ŞCOALAPRIMARAMORLACA,MORLACA,CJ,616,1,1,0,2,7,3,0,10,10,10,0,20,15,11,0,26,68,16,0,84,121,37,0,158
59087,574,"ŞCOALA HODIŞU",HODIŞU,CJ,306,4,4,0,8,8,7,0,15,10,12,0,22,20,15,0,35,77,23,0,100,98,27,0,125
59121,575,"ŞCOALA GIMNAZIALA ,,AUREL MUNTEANU""VALEA DRĂGANULUI","VALEA DRĂGANULUI",CJ,1301,11,2,0,13,30,9,0,39,38,16,0,54,56,22,0,78,147,35,0,182,203,44,0,247
59112,576,ŞCOALATRANIŞU,TRANIŞU,CJ,288,1,0,0,1,2,2,0,4,2,2,0,4,4,4,0,8,15,6,0,21,26,6,0,32
59096,577,"ŞCOALALUNCA VIŞAGULUI","LUNCA VIŞAGULUI",CJ,186,0,0,0,0,2,3,0,5,2,4,0,6,4,4,0,8,17,7,0,24,23,14,0,37
59149,578,"SEDIUL PRIMĂRIEI SALA DE SEDINŢE",RECEA-CRISTUR,CJ,549,5,1,0,6,19,3,0,22,22,3,0,25,38,5,0,43,89,17,0,106,111,20,0,131
59185,579,ŞCOALA,ELCIU,CJ,83,1,0,0,1,4,0,0,4,9,0,0,9,10,0,0,10,28,15,0,43,28,17,0,45
59229,580,ŞCOALA,PUSTUŢA,CJ,74,4,2,0,6,8,4,0,12,9,5,0,14,10,5,0,15,18,7,0,25,25,15,0,40
59210,581,ŞCOALA,OSOI,CJ,88,2,3,0,5,5,3,0,8,14,6,0,20,14,6,0,20,27,13,0,40,32,18,0,50
59176,582,ŞCOALA,CIUBĂNCUŢA,CJ,124,1,0,0,1,7,1,0,8,12,5,0,17,12,5,0,17,26,8,0,34,29,14,0,43
59167,583,"CAMINUL CULTURAL CIUBANCA",CIUBANCA,CJ,80,1,1,0,2,4,1,0,5,6,2,0,8,7,2,0,9,24,17,0,41,24,17,0,41
59247,584,"ŞCOALA GIMNAZIALĂCU CLASELE I-VIII",RÎŞCA,CJ,780,3,0,0,3,15,0,0,15,18,6,0,24,25,6,0,31,73,9,0,82,105,15,0,120
59256,585,"ŞCOALA PRIMARĂ CU CLASELE I-IV","DEALU MARE",CJ,324,4,0,0,4,9,1,0,10,20,1,0,21,26,3,0,29,99,14,0,113,109,19,0,128
59274,586,"ŞCOALA PRIMARĂ CU CLASELE I-IV",MĂRCEŞTI,CJ,156,5,0,0,5,6,2,0,8,9,5,0,14,9,5,0,14,21,7,0,28,34,7,0,41
59292,587,"CĂMINUL CULTURAL",SĂCUIEU,CJ,465,7,2,0,9,14,9,0,23,15,11,0,26,24,11,0,35,55,16,0,71,65,16,0,81
59309,588,"CĂMINUL CULTURAL",ROGOJEL,CJ,530,4,0,0,4,8,2,0,10,8,4,0,12,11,5,0,16,68,9,0,77,94,10,0,104
59318,589,"ŞCOALA GENERALĂ CU CLASELE I-IV",VIŞAGU,CJ,222,0,0,0,0,0,4,0,4,0,4,0,4,5,4,0,9,37,10,0,47,48,12,0,60
55320,590,ŞCOALA,SĂNDULEŞTI,CJ,595,3,1,0,4,14,7,0,21,23,7,0,30,34,7,0,41,65,13,0,78,84,18,0,102
55339,591,"ŞCOALA SIMION BALINT",COPĂCENI,CJ,1131,4,3,0,7,14,4,0,18,25,5,0,30,31,5,0,36,90,10,0,100,142,18,0,160
59336,592,"CĂMINUL CULTURAL",SĂVĂDISLA,CJ,863,0,2,0,2,3,5,0,8,3,7,0,10,6,7,0,13,26,19,0,45,36,30,0,66
59363,593,"CĂMINUL CULTURAL",LITA,CJ,253,1,1,0,2,7,2,0,9,10,3,0,13,12,5,0,17,31,10,0,41,41,18,0,59
59390,594,"CĂMINUL CULTURAL",VĂLIŞOARA,CJ,47,0,1,0,1,0,3,0,3,0,3,0,3,0,4,0,4,6,10,0,16,8,14,0,22
59407,595,"CĂMINUL CULTURAL",VLAHA,CJ,754,0,0,0,0,9,4,0,13,11,8,0,19,15,9,0,24,30,12,0,42,42,15,0,57
59354,596,"ŞCOALA CU CLASELE I-VIII",HĂŞDATE,CJ,398,2,2,0,4,3,3,0,6,4,4,0,8,6,6,0,12,36,14,0,50,60,21,0,81
59345,597,"ŞCOALA CU CLASELE I-VIII",FINIŞEL,CJ,672,11,0,0,11,38,0,0,38,52,2,0,54,58,3,0,61,129,8,0,137,164,19,0,183
59372,598,"ŞCOALA CU CLASELE I-IV",LITENI,CJ,326,3,5,0,8,4,5,0,9,4,6,0,10,6,7,0,13,13,9,0,22,18,12,0,30
59381,599,"ŞCOALA CU CLASELE I-IV",STOLNA,CJ,198,2,0,0,2,8,1,0,9,15,9,0,24,23,10,0,33,51,13,0,64,58,19,0,77
59443,600,"SANCRAIU NR.330 CAMINUL CULTURAL",SÂNCRAIU,CJ,931,8,0,0,8,47,10,0,57,58,17,0,75,76,18,0,94,212,31,2,245,280,35,2,317
59452,601,"ALUNISU NR.74 CAMINUL CULTURAL",ALUNIŞU,CJ,90,0,0,0,0,2,2,0,4,4,3,0,7,4,3,0,7,10,4,0,14,15,8,0,23
59470,602,"DOMOSU NR.22 CAMINUL CULTURAL",DOMOŞU,CJ,295,0,0,0,0,3,0,0,3,8,7,0,15,10,8,0,18,51,10,0,61,76,13,0,89
59504,603,"PRIMARIA SANMARTIN",SÂNMĂRTIN,CJ,198,3,5,0,8,4,5,0,9,5,5,0,10,7,5,0,12,25,8,0,33,50,18,0,68
59513,604,"SC. PRIM. CEABA",CEABA,CJ,186,5,4,0,9,7,4,0,11,18,6,0,24,23,9,0,32,42,15,0,57,88,29,0,117
59522,605,"SC. GIMNAZIALA CUTCA",CUTCA,CJ,329,12,2,0,14,13,4,0,17,20,5,0,25,35,7,0,42,136,15,0,151,238,21,0,259
59568,606,"CAMIN CULT. SAMBOIENI",SÎMBOIENI,CJ,128,2,0,0,2,13,6,0,19,19,6,0,25,28,7,0,35,73,16,0,89,84,16,0,100
59577,607,"SC. PRIM. TARGUSOR",TÎRGUŞOR,CJ,98,5,3,0,8,8,9,0,17,9,20,0,29,14,21,0,35,44,34,0,78,53,40,0,93
59559,608,"SC. PRIM. MAHAL",MĂHAL,CJ,72,4,5,0,9,9,6,0,15,18,8,0,26,21,10,0,31,34,13,0,47,49,19,0,68
59531,609,"SC. PRIM. DIV-MARI","DIVICIORII MARI",CJ,125,1,3,0,4,5,9,0,14,8,12,0,20,11,12,0,23,50,28,0,78,77,37,0,114
59540,610,"SC. PRIM. DIV-MICI","DIVICIORII MICI",CJ,52,1,2,0,3,9,6,0,15,13,9,0,22,15,10,0,25,28,20,0,48,32,23,0,55
59425,611,"CAMIN CULTURAL SIC",SIC,CJ,765,1,0,0,1,3,0,0,3,4,0,0,4,6,0,0,6,26,2,0,28,46,9,0,55
59425,612,"CAMIN CULTURAL SIC",SIC,CJ,1230,0,0,0,0,2,0,0,2,14,3,0,17,23,3,0,26,83,3,0,86,114,3,0,117
59595,613,"SEDIUL PRIMARIEI",SÎNPAUL,CJ,699,7,0,0,7,16,4,0,20,25,6,0,31,29,8,0,37,84,18,0,102,109,30,0,139
59639,614,"SEDIUL ŞCOLII GEN SARDU",ŞARDU,CJ,344,6,2,0,8,16,6,0,22,24,11,0,35,28,11,0,39,60,24,0,84,93,30,0,123
59602,615,"SEDIUL ŞCOLII GEN BERINDU",BERINDU,CJ,359,5,0,0,5,11,1,0,12,13,4,0,17,18,5,0,23,46,23,0,69,56,29,0,85
59611,616,"CAMINUL CULTURAL MIHAIESTI",MIHĂIEŞTI,CJ,215,1,0,0,1,8,2,0,10,9,3,0,12,12,3,0,15,32,8,0,40,37,11,0,48
59648,617,MAGAZINULCOOPERAŢIEI,"TOPA MICĂ",CJ,190,0,2,0,2,3,5,0,8,5,7,0,12,5,7,0,12,20,20,0,40,27,21,0,48
59666,618,"SEDIUL ADMINISTRATIV AL PRIMARIEI SUATU",SUATU,CJ,1069,7,1,0,8,15,2,0,17,16,2,0,18,18,5,0,23,50,10,0,60,71,14,0,85
59675,619,"SEDIUL ADMINISTRATIV DIN ARUNCUTA",ARUNCUTA,CJ,277,5,2,0,7,7,2,0,9,9,3,0,12,13,5,0,18,25,12,0,37,39,16,0,55
59700,620,"SCOALA PAVEL DAN","TRITENII DE JOS",CJ,1250,4,1,0,5,12,1,0,13,18,1,0,19,22,1,0,23,97,9,0,106,151,11,0,162
59746,621,"SCOALA PRIMARA","TRITENII DE SUS",CJ,874,3,0,0,3,11,0,0,11,20,0,0,20,39,2,0,41,124,6,0,130,165,18,0,183
59728,622,"SCOALA PRIMARA",COLONIA,CJ,398,1,0,0,1,4,0,0,4,6,2,0,8,8,4,0,12,30,4,0,34,41,6,0,47
59737,623,"CAMIN CULTURAL",PĂDURENI,CJ,986,0,0,0,0,10,3,0,13,22,3,0,25,27,4,0,31,72,7,0,79,92,12,0,104
59755,624,"SCOALA CU CLS I-IV",TRITENII-HOTAR,CJ,243,0,4,0,4,6,5,0,11,6,5,0,11,6,6,0,12,16,7,0,23,23,8,0,31
59719,625,"CASA PARTICULARA",CLAPA,CJ,71,1,1,0,2,2,3,0,5,2,6,0,8,2,8,0,10,4,8,0,12,9,10,0,19
59773,626,"PRIMARIA COMUNEI TURENI , NR. 243",TURENI,CJ,790,2,1,0,3,7,8,0,15,8,9,0,17,21,11,0,32,59,23,0,82,83,29,0,112
59782,627,"CAMINUL CULTURAL CEANU MIC , NR.184","CEANU MIC",CJ,330,1,4,0,5,5,4,0,9,6,4,0,10,10,5,0,15,34,11,0,45,40,16,0,56
59791,628,"SCOALA CU CLS. I-IV COMSESTI , NR.111",COMŞEŞTI,CJ,185,0,0,0,0,3,3,0,6,4,3,0,7,4,3,0,7,17,9,0,26,22,9,0,31
59808,629,"SCOALA CU CLS. I-IV MĂRTINEŞTI ,NR.60",MĂRTINEŞTI,CJ,304,1,2,0,3,5,4,0,9,5,4,0,9,5,5,0,10,15,9,0,24,31,10,0,41
59817,630,"SCOALA CU CLS. I - IV MICESTI , NR.57",MICEŞTI,CJ,218,3,5,0,8,8,11,0,19,8,13,0,21,14,13,0,27,28,28,0,56,33,36,0,69
59835,631,"PRIMĂRIA ŢAGA",ŢAGA,CJ,618,5,2,0,7,9,3,0,12,12,5,0,17,17,6,0,23,55,8,0,63,81,19,0,100
59871,632,"SCOALA I-IV SÎNTIOARA",SÎNTIOANA,CJ,458,2,0,0,2,2,0,0,2,4,3,0,7,7,4,0,11,35,7,0,42,52,8,0,60
59844,633,"FOSTA ŞCOALA I-IV NĂSAL",NĂSAL,CJ,259,0,2,0,2,2,2,0,4,3,6,0,9,5,6,0,11,17,13,0,30,39,23,0,62
59853,634,"CĂMINUL CULTURAL SÎNTEJUDE",SÎNTEJUDE,CJ,197,1,1,0,2,1,3,0,4,1,6,0,7,4,6,0,10,17,17,0,34,23,23,0,46
59899,635,"GRADINITA CU PROGRAM NORMAL",UNGURAŞ,CJ,756,0,3,0,3,5,3,0,8,16,3,0,19,29,3,0,32,86,6,0,92,142,11,0,153
59899,636,"CAMINUL CULTURAL UNGURAS",UNGURAŞ,CJ,754,1,0,0,1,5,2,0,7,10,2,0,12,10,2,0,12,68,13,0,81,108,17,0,125
59906,637,"SCOALA GIMNAZIALA BATIN",BATIN,CJ,559,1,1,0,2,6,1,0,7,8,5,0,13,17,8,0,25,87,16,0,103,103,17,0,120
59933,638,"GRADINIŢA CU PROGRAM NORMAL VALEA UNGURAŞULUI","VALEA UNGURAŞULUI",CJ,168,2,0,0,2,3,1,0,4,4,1,0,5,9,8,0,17,26,10,0,36,33,15,0,48
59951,639,"CĂMIN CULTURAL VAD",VAD,CJ,267,0,0,0,0,9,2,0,11,14,5,0,19,20,6,0,26,44,13,0,57,52,20,0,72
59997,640,"ȘCOALA CETAN",CETAN,CJ,477,7,2,0,9,23,3,0,26,25,5,0,30,45,16,0,61,111,28,0,139,140,31,0,171
59960,641,"CENTRU DE ZI PENTRU COPII","BOGATA DE JOS",CJ,197,2,1,0,3,8,1,0,9,12,1,0,13,17,1,0,18,50,10,0,60,57,11,0,68
60008,642,"ȘCOALA CURTUIUȘ","CURTUIUŞU DEJULUI",CJ,137,3,1,0,4,18,2,0,20,22,2,0,24,30,4,0,34,44,12,0,56,55,18,0,73
59979,643,"ȘCOALA BOGATA DE SUS","BOGATA DE SUS",CJ,203,0,1,0,1,5,2,0,7,6,4,0,10,8,5,0,13,40,14,0,54,66,14,0,80
60017,644,"ȘCOALA VALEA GROȘILOR","VALEA GROŞILOR",CJ,205,4,6,0,10,12,10,0,22,15,13,0,28,15,14,0,29,45,26,0,71,54,43,0,97
59988,645,"CĂMIN CULTURAL CALNA",CALNA,CJ,110,3,0,0,3,12,2,0,14,15,2,0,17,17,4,0,21,37,11,0,48,45,13,0,58
60035,646,"ȘCOALA GIMNAZIALĂ VALEA IERII","VALEA IERII",CJ,801,6,1,0,7,12,11,0,23,26,12,0,38,35,12,0,47,129,28,0,157,170,36,0,206
60071,647,"SCOALA GEN CLS I-VIII",VIIŞOARA,CJ,1395,1,0,0,1,11,3,0,14,11,4,0,15,18,4,0,22,66,14,0,80,89,15,0,104
60071,648,"SCOLA GEN CLS I-IV",VIIŞOARA,CJ,1360,6,2,0,8,27,4,0,31,42,5,0,47,72,9,0,81,164,18,1,183,221,25,1,247
60071,649,"SCOLA GEN CLS I-IV",VIIŞOARA,CJ,1270,4,0,0,4,19,0,0,19,33,2,0,35,47,2,0,49,96,10,0,106,162,13,0,175
60080,650,"SCOALA GEN CLS I-VIII URCA",URCA,CJ,808,4,1,0,5,11,2,0,13,19,2,0,21,26,2,0,28,76,6,0,82,117,8,0,125
60106,651,"PRIMARIA COMUNEI VULTURENI",VULTURENI,CJ,318,5,1,0,6,5,1,0,6,12,2,0,14,14,4,0,18,58,19,0,77,64,20,0,84
60115,652,"CASA PAROHIALA BABUTIU",BĂBUŢIU,CJ,179,5,0,0,5,13,1,0,14,22,3,0,25,23,3,0,26,33,11,0,44,48,12,0,60
60124,653,"CAMINUL CULTURAL BADESTI",BĂDEŞTI,CJ,96,2,3,0,5,5,3,0,8,7,3,0,10,9,3,0,12,14,4,0,18,22,8,0,30
60133,654,"FUNDATIA KIDE",CHIDEA,CJ,95,0,1,0,1,3,2,0,5,4,2,0,6,4,3,0,7,9,8,0,17,13,8,0,21
60142,655,"CAMINUL CULTURAL FAURENI",FĂURENI,CJ,144,0,5,0,5,4,8,0,12,6,10,0,16,10,12,0,22,15,17,0,32,31,29,0,60
60151,656,"SCOALA SOIMENI",ŞOIMENI,CJ,266,4,4,0,8,12,5,0,17,13,7,0,20,17,9,0,26,38,22,0,60,62,33,0,95
92578,1,"SCOALA GIMNAZIALA CAROL I CALARASI",CĂLĂRAŞI,CL,1435,24,1,0,25,79,1,0,80,119,1,0,120,139,4,0,143,234,18,0,252,288,22,0,310
92578,2,"SCOALA GIMNAZIALA CAROL I CALARASI",CĂLĂRAŞI,CL,652,10,0,0,10,41,5,3,49,51,6,3,60,58,8,3,69,98,11,3,112,118,11,3,132
92578,3,"SCOALA GIMNAZIALA CAROL I CALARASI",CĂLĂRAŞI,CL,1016,18,0,0,18,57,2,0,59,76,6,0,82,82,6,0,88,120,9,0,129,152,16,0,168
92578,4,"SCOALA GIMNAZIALA CAROL I CALARASI",CĂLĂRAŞI,CL,793,3,0,0,3,39,2,0,41,60,4,0,64,84,7,0,91,119,10,33,162,142,11,33,186
92578,5,"COLEGIUL NAŢIONAL ,,BARBU ŞTIRBEI,,",CĂLĂRAŞI,CL,1122,9,5,0,14,31,5,26,62,50,5,27,82,74,5,27,106,144,5,28,177,209,8,28,245
92578,6,"COLEGIUL NAŢIONAL ,,BARBU ŞTIRBEI,,",CĂLĂRAŞI,CL,1011,12,4,0,16,28,5,0,33,48,6,0,54,59,7,0,66,103,10,0,113,123,11,0,134
92578,7,"GRĂDINIŢA CU PR.NORMAL NR.5 CALARASI",CĂLĂRAŞI,CL,1333,14,0,0,14,43,0,0,43,57,0,0,57,80,6,0,86,143,7,0,150,191,7,0,198
92578,8,"GRĂDINIŢA CU PR.NORMAL NR.4 CALARASI",CĂLĂRAŞI,CL,1555,27,3,0,30,62,4,0,66,91,6,0,97,118,6,0,124,184,7,0,191,247,7,1,255
92578,9,"GRĂDINIŢA CU PR. PREL.(MICRO6)",CĂLĂRAŞI,CL,1405,18,1,0,19,63,3,0,66,94,4,0,98,115,10,0,125,194,12,0,206,233,15,0,248
92578,10,"COLEGIUL AGRICOL ,,SANDU ALDEA,, CALARASI",CĂLĂRAŞI,CL,1209,12,2,0,14,49,5,0,54,69,10,0,79,74,13,0,87,141,15,0,156,171,15,0,186
92578,11,"COLEGIUL AGRICOL ,,SANDU ALDEA,, CALARASI",CĂLĂRAŞI,CL,1062,5,0,0,5,33,5,0,38,56,7,0,63,71,9,0,80,126,12,0,138,161,12,0,173
92578,12,"COLEGIUL AGRICOL ,,SANDU ALDEA,, CALARASI",CĂLĂRAŞI,CL,1056,8,4,0,12,33,5,0,38,40,5,0,45,49,8,0,57,91,8,0,99,108,8,0,116
92578,13,"LIC. TEORETIC ,,MIHAI EMINESCU,,",CĂLĂRAŞI,CL,1073,6,1,0,7,32,1,0,33,52,4,0,56,66,5,0,71,130,10,0,140,165,13,0,178
92578,14,"LIC. TEORETIC ,,MIHAI EMINESCU,,",CĂLĂRAŞI,CL,1465,17,1,0,18,50,4,0,54,78,6,0,84,97,7,0,104,165,9,0,174,213,12,0,225
92578,15,"LIC. TEORETIC ,,MIHAI EMINESCU,,",CĂLĂRAŞI,CL,1309,10,5,0,15,49,6,0,55,76,6,0,82,96,6,0,102,159,6,0,165,195,6,0,201
92578,16,"ŞCOALA GIMNAZIALA MIHAI VITEAZUL CALARASI",CĂLĂRAŞI,CL,1307,10,1,0,11,37,1,0,38,56,1,0,57,65,2,0,67,118,4,0,122,164,5,0,169
92578,17,"ŞCOALA GIMNAZIALA MIHAI VITEAZUL CALARASI",CĂLĂRAŞI,CL,1200,12,0,0,12,37,2,0,39,58,2,0,60,69,2,0,71,125,6,0,131,149,7,0,156
92578,18,"ŞCOALA GIMNAZIALA MIHAI VITEAZUL CALARASI",CĂLĂRAŞI,CL,1402,9,5,0,14,39,7,0,46,59,7,0,66,74,7,0,81,140,8,0,148,181,12,0,193
92578,19,"ŞCOALA GIMNAZIALA MIHAI VITEAZUL CALARASI",CĂLĂRAŞI,CL,762,3,0,0,3,24,7,0,31,36,8,0,44,43,8,0,51,98,8,0,106,110,8,0,118
92578,20,"SALA DE SPORT A SCOLII GIMNAZIALE NICOLAE TITULESCU",CĂLĂRAŞI,CL,805,10,2,0,12,17,3,1,21,24,6,1,31,40,8,1,49,105,15,1,121,122,15,1,138
92578,21,"SALA DE SPORT A SCOLII GIMNAZIALE NICOLAE TITULESCU",CĂLĂRAŞI,CL,1515,15,0,0,15,45,1,0,46,56,1,0,57,67,1,0,68,116,1,0,117,159,9,0,168
92578,22,"GRĂDINIŢA CU PR.PREL.NR.1",CĂLĂRAŞI,CL,1139,15,7,0,22,54,11,0,65,84,11,0,95,97,11,0,108,158,13,0,171,183,13,0,196
92578,23,"GRĂDINIŢA CU PROGRAM NORMAL NR.2 CALARASI",CĂLĂRAŞI,CL,1742,22,5,0,27,65,9,0,74,84,10,0,94,106,10,0,116,190,10,0,200,247,10,0,257
92578,24,"LICEUL DANUBIUS CALARASI",CĂLĂRAŞI,CL,1609,9,0,0,9,31,0,0,31,52,0,0,52,68,0,0,68,108,2,0,110,139,7,0,146
92578,25,"LICEUL DANUBIUS CALARASI",CĂLĂRAŞI,CL,1584,9,5,0,14,53,5,0,58,69,5,0,74,75,6,0,81,156,10,0,166,205,10,0,215
92578,26,"LICEUL DANUBIUS CALARASI",CĂLĂRAŞI,CL,1851,10,0,0,10,53,6,0,59,59,6,0,65,79,7,0,86,138,8,0,146,181,8,0,189
92578,27,"LICEUL DANUBIUS CALARASI",CĂLĂRAŞI,CL,1499,10,0,0,10,38,2,0,40,54,4,0,58,70,4,0,74,149,5,0,154,200,5,0,205
92578,28,"CREŞA SĂPTĂMÂNALĂ CU 100 LOCURI",CĂLĂRAŞI,CL,1427,18,2,0,20,53,2,0,55,64,2,0,66,84,5,0,89,120,10,0,130,152,10,0,162
92578,29,"CREŞA SĂPTĂMÂNALĂ CU 100 LOCURI",CĂLĂRAŞI,CL,804,9,1,0,10,24,2,0,26,29,5,0,34,38,5,0,43,64,6,0,70,84,9,0,93
92578,30,"ŞCOALA GIMNAZIALA T.VLADIMIRESCU",CĂLĂRAŞI,CL,1451,7,0,0,7,54,0,0,54,69,0,0,69,93,1,0,94,150,5,0,155,196,13,0,209
92578,31,"ŞCOALA GIMNAZIALA T.VLADIMIRESCU",CĂLĂRAŞI,CL,1245,21,1,0,22,54,1,0,55,81,1,0,82,95,1,0,96,156,5,0,161,212,8,0,220
92578,32,"ŞCOALA GIMNAZIALA T.VLADIMIRESCU",CĂLĂRAŞI,CL,1339,13,0,0,13,49,5,0,54,60,5,0,65,76,5,0,81,130,7,0,137,173,9,0,182
92578,33,"ŞCOALA GIMNAZIALA T.VLADIMIRESCU",CĂLĂRAŞI,CL,1412,7,4,0,11,43,4,0,47,61,4,0,65,78,5,0,83,143,7,0,150,187,7,0,194
92578,34,"SALA DE SPORT DE LA ŞC.12",CĂLĂRAŞI,CL,1293,10,3,0,13,30,4,0,34,42,5,0,47,52,5,0,57,109,10,0,119,142,13,0,155
92578,35,"SALA DE SPORT DE LA ŞC.12",CĂLĂRAŞI,CL,1152,6,4,0,10,23,10,0,33,38,10,0,48,45,10,0,55,91,16,0,107,126,20,0,146
92578,36,"ŞCOALA GIMNAZIALA MIRCEA VODĂ",CĂLĂRAŞI,CL,1250,7,1,0,8,26,4,0,30,47,5,0,52,66,11,0,77,131,13,0,144,179,19,0,198
92578,37,"ŞCOALA GIMNAZIALA MIRCEA VODĂ",CĂLĂRAŞI,CL,1163,6,0,0,6,29,0,0,29,44,2,0,46,57,2,0,59,122,8,0,130,155,8,0,163
92578,38,"ŞCOALA GIMNAZIALA MIRCEA VODĂ",CĂLĂRAŞI,CL,1551,13,1,0,14,43,3,0,46,60,3,0,63,70,5,0,75,145,6,0,151,186,6,0,192
92578,39,"ŞCOALA GIMNAZIALA MIRCEA VODĂ",CĂLĂRAŞI,CL,1067,8,1,0,9,35,2,0,37,45,2,0,47,74,2,0,76,146,2,0,148,185,5,0,190
92578,40,"GRADINITA CU PROGRAM PRELUNGIT NR.9 VOINICEL",CĂLĂRAŞI,CL,1518,20,9,0,29,52,9,0,61,71,9,0,80,88,9,0,97,194,10,0,204,266,14,0,280
92578,41,"GRADINITA CU PROGRAM PRELUNGIT NR.9 VOINICEL",CĂLĂRAŞI,CL,1108,12,6,0,18,47,7,0,54,62,7,0,69,74,7,0,81,144,9,0,153,182,11,0,193
92578,42,"GRĂDINIŢA CU PR.PRELUNGIT NR.5 ARICEL CALARASI",CĂLĂRAŞI,CL,810,7,0,0,7,36,5,0,41,47,5,0,52,68,7,0,75,141,9,0,150,165,9,0,174
92578,43,"COLEGIUL ECONOMIC SEDIUL B",CĂLĂRAŞI,CL,1127,18,0,0,18,44,1,0,45,53,3,0,56,82,3,0,85,152,8,0,160,186,13,0,199
92578,44,"LICEUL TEHNOLOGIC TRANSPORTURI AUTO CALARASI",CĂLĂRAŞI,CL,1221,0,0,0,0,43,8,7,58,54,18,7,79,64,19,7,90,106,22,7,135,142,31,7,180
92578,45,"ŞCOALA GIMNAZIALA C-TIN BRÂNCOVEANU",CĂLĂRAŞI,CL,1406,11,0,0,11,42,2,0,44,65,2,0,67,98,2,0,100,166,8,38,212,205,9,38,252
92578,46,"ŞCOALA GIMNAZIALA C-TIN BRÂNCOVEANU",CĂLĂRAŞI,CL,1103,5,0,0,5,23,6,0,29,30,7,0,37,48,8,0,56,82,9,0,91,95,9,0,104
92578,47,"ŞCOALA GIMNAZIALA C-TIN BRÂNCOVEANU",CĂLĂRAŞI,CL,1192,9,1,0,10,34,2,0,36,45,3,0,48,60,8,0,68,141,16,0,157,177,19,0,196
92578,48,"ŞCOALA PRIMARA NR.6",CĂLĂRAŞI,CL,1024,4,0,0,4,16,1,0,17,21,1,0,22,31,2,0,33,68,3,0,71,95,7,0,102
92578,49,"ŞCOALA PRIMARA NR.6",CĂLĂRAŞI,CL,993,7,3,0,10,23,5,0,28,37,5,0,42,47,7,0,54,97,8,0,105,134,10,0,144
92578,50,"OBORUL DUMINICAL",CĂLĂRAŞI,CL,610,3,3,0,6,11,4,0,15,15,5,0,20,21,7,0,28,47,10,0,57,60,12,0,72
92578,51,"COLEGIUL ECONOMIC SEDIU",CĂLĂRAŞI,CL,1468,30,3,0,33,109,9,0,118,152,11,0,163,192,12,0,204,314,14,0,328,356,16,0,372
100629,52,"GRĂDINIŢA NR.5 (INCINTA ŞCOALA GIMNAZIALĂ ""AL.D.GHICA"")",OLTENIŢA,CL,1920,20,0,0,20,42,7,0,49,86,9,0,95,126,12,0,138,218,17,0,235,295,23,0,318
100629,53,"CANTINA DE AJUTOR SOCIAL",OLTENIŢA,CL,1282,21,1,0,22,76,3,0,79,107,5,0,112,156,6,0,162,238,7,0,245,295,10,0,305
100629,54,"ŞCOALA GIMNAZIALĂ ""PROF.LUCIAN PAVEL"" LOCAL NR.1",OLTENIŢA,CL,1218,5,0,0,5,43,4,0,47,70,4,0,74,87,5,0,92,156,9,0,165,223,9,0,232
100629,55,"ŞCOALA GIMNAZIALĂ ""PROF.LUCIAN PAVEL"" LOCAL NR.2",OLTENIŢA,CL,1504,15,6,0,21,86,8,0,94,128,12,0,140,157,13,0,170,261,18,0,279,313,23,0,336
100629,56,"PRIMARIA MUNICIPIULUI OLTENITA",OLTENIŢA,CL,1811,30,2,0,32,84,6,28,118,133,7,28,168,186,9,28,223,317,18,28,363,406,23,28,457
100629,57,"PRIMARIA MUNICIPIULUI OLTENITA",OLTENIŢA,CL,1877,24,0,0,24,80,2,0,82,137,6,0,143,183,6,0,189,305,7,0,312,389,12,0,401
100629,58,"ŞCOALA GIMNAZIALĂ ""SPIRU HARET""",OLTENIŢA,CL,1884,29,0,0,29,83,3,0,86,117,6,0,123,161,6,0,167,285,7,0,292,340,12,0,352
100629,59,"LICEUL TEORETIC ""NEAGOE BASARAB""",OLTENIŢA,CL,1836,28,0,0,28,86,3,28,117,131,6,28,165,165,7,28,200,307,11,29,347,406,24,29,459
100629,60,"ŞCOALA GIMNAZIALĂ ""ALEXANDRU VLAHUŢĂ""",OLTENIŢA,CL,1729,22,3,0,25,63,3,0,66,101,3,0,104,150,5,0,155,248,13,0,261,307,16,0,323
100629,61,"GRADINITA NR.4",OLTENIŢA,CL,1735,16,0,0,16,57,3,0,60,95,6,0,101,131,6,0,137,231,10,0,241,298,12,0,310
100629,62,"ŞCOALA GIMNAZIALĂ ""PROF.LUCIAN PAVEL"" LOCAL NR.3",OLTENIŢA,CL,1712,18,1,0,19,55,1,0,56,88,2,0,90,124,6,0,130,203,11,0,214,282,17,0,299
100629,63,"ŞCOALA CU CLS I-IV ""CONSTANTIN DECULESCU""",OLTENIŢA,CL,1755,12,1,0,13,34,1,0,35,53,1,0,54,72,2,0,74,146,6,0,152,224,7,0,231
100629,64,"ŞCOALA GIMNAZIALĂ ""MIRCEA ELIADE""",OLTENIŢA,CL,1308,6,0,0,6,28,0,0,28,54,8,0,62,75,9,0,84,130,11,0,141,200,14,0,214
100629,65,"GRADINITA NR.2",OLTENIŢA,CL,1626,9,2,0,11,32,3,0,35,57,3,0,60,96,3,0,99,180,6,0,186,242,9,0,251
101467,66,"SCOALA GIMNAZIALA GHEORGHE MANU",BUDEŞTI,CL,1862,7,1,0,8,27,1,0,28,38,1,0,39,50,3,0,53,121,12,0,133,296,26,0,322
101467,67,"SCOALA GIMNAZIALA GHEORGHE MANU",BUDEŞTI,CL,1931,17,0,0,17,46,0,0,46,66,0,0,66,80,10,0,90,158,18,0,176,256,29,0,285
101476,68,"SCOALA GIMNAZIALA NR.1APROZI",APROZI,CL,812,4,2,0,6,21,13,0,34,34,20,0,54,45,25,0,70,111,34,0,145,157,48,0,205
101485,69,"SCOALA PRIMARA NR.2 BUCIUMENI",BUCIUMENI,CL,517,0,3,0,3,19,7,0,26,27,15,0,42,36,18,0,54,88,31,0,119,167,42,0,209
101500,70,"SCOALA PRIMARA NR.1 GRUIU",GRUIU,CL,602,6,6,0,12,14,10,0,24,28,15,0,43,49,24,0,73,97,43,0,140,120,58,0,178
103041,71,"LICEUL TEHNOLOGIC NR. 1",FUNDULEA,CL,923,14,0,0,14,24,8,0,32,55,12,0,67,57,16,0,73,171,28,0,199,207,33,0,240
103041,72,"GRADINITA CU PROGRAM PRELUNGIT",FUNDULEA,CL,1418,7,3,0,10,30,12,0,42,53,15,0,68,74,21,0,95,220,56,0,276,313,95,0,408
103041,73,"SCOALA GIMNAZIALA MIRCEA NEDELCIU",FUNDULEA,CL,1072,9,4,0,13,31,8,0,39,46,13,0,59,77,20,0,97,185,44,0,229,245,61,0,306
103041,74,"GRADINITA CU PROGRAM NORMALNR. 2 CRANGU",FUNDULEA,CL,1323,9,1,0,10,30,6,0,36,54,8,0,62,96,17,0,113,187,33,0,220,270,44,0,314
103078,75,"SCOALA GIMNAZIALA NR. 1 GOSTILELE",GOSTILELE,CL,534,6,4,0,10,13,15,0,28,31,17,0,48,41,19,0,60,72,40,0,112,117,53,0,170
93897,76,PRIMARIE,LEHLIU-GARĂ,CL,1549,28,6,0,34,75,12,0,87,95,15,0,110,155,16,0,171,276,36,0,312,392,42,12,446
93897,77,"CASA DE CULTURA",LEHLIU-GARĂ,CL,1606,25,3,0,28,63,12,0,75,101,14,0,115,146,18,0,164,258,33,0,291,330,59,0,389
93913,78,"SCOALA CU CLS. I-VIII",RĂZVANI,CL,775,14,2,0,16,31,5,0,36,51,7,0,58,61,7,0,68,135,13,0,148,190,22,0,212
93913,79,"SCOALA CU CLS. I-IV",RĂZVANI,CL,1049,7,1,0,8,32,1,0,33,55,4,0,59,69,6,0,75,160,12,0,172,263,15,0,278
93904,80,"SCOALA CU CLS. I-IV",BUZOENI,CL,375,7,10,0,17,16,11,0,27,25,12,0,37,39,16,0,55,66,25,0,91,135,33,0,168
94134,81,"SCOALA GIMNAZIALA NR1 NICOLAE BALCESCU","NICOLAE BĂLCESCU",CL,1022,6,3,0,9,24,6,0,30,44,8,0,52,51,12,0,63,114,28,0,142,184,32,0,216
94143,82,"SCOALA GIMNAZIALA NR. 2 ALEXANDRU ODOBESCU","ALEXANDRU ODOBESCU",CL,912,2,0,0,2,15,2,0,17,32,7,0,39,51,14,0,65,112,27,0,139,170,37,0,207
94152,83,"DRAGNEA DANIELA INTREPRINDERE INDIVIDUALA",GĂLĂŢUI,CL,257,9,2,0,11,18,11,0,29,27,12,0,39,38,14,0,52,76,27,0,103,87,40,0,127
101092,84,"SCOALA GIMNAZIALA NR. 1 BELCIUGATELE",BELCIUGATELE,CL,1286,19,2,0,21,57,25,0,82,82,29,0,111,103,31,0,134,200,83,0,283,300,120,0,420
101136,85,"SCOALA PRIMARA MARIUTA",MĂRIUŢA,CL,407,12,3,0,15,26,13,0,39,42,21,0,63,58,23,0,81,83,54,0,137,92,62,0,154
92970,86,"SCOALA GIMNAZIALA NR. 3 BORCEA",BORCEA,CL,1038,11,4,0,15,29,8,4,41,55,9,4,68,68,11,4,83,147,19,4,170,278,28,4,310
92970,87,"GRADINITA CU PROGRAM NORMAL NR. 3 BORCEA",BORCEA,CL,968,1,4,0,5,10,5,0,15,21,11,5,37,33,13,5,51,113,19,5,137,159,30,5,194
92970,88,"LICEUL TEHNOLOGIC NR. 1 BORCEA CLASELE I-IV SALA A",BORCEA,CL,1504,1,0,0,1,43,11,0,54,65,11,0,76,76,11,0,87,165,23,0,188,275,26,0,301
92970,89,"LICEUL TEHNOLOGIC NR. 1 BORCEA CLASELE I-IV SALA B",BORCEA,CL,1651,9,0,0,9,37,1,0,38,78,6,0,84,105,7,0,112,261,29,0,290,356,36,0,392
92970,90,"SCOALA GIMNAZIALA NR. 2 BORCEA",BORCEA,CL,1665,8,0,0,8,48,7,0,55,77,10,0,87,108,11,0,119,227,28,0,255,291,29,0,320
101733,91,"CAMINUL CULTURAL",CĂSCIOARELE,CL,1488,17,2,0,19,51,8,0,59,85,15,0,100,134,16,0,150,258,35,0,293,359,48,0,407
101813,92,"SCOALA CU CLASELE I-VIII, NR.1",CHIRNOGI,CL,1575,13,4,0,17,45,5,0,50,77,5,0,82,99,8,0,107,192,17,0,209,307,20,0,327
101813,93,"SCOALA CU CLASELE I-VIII, NR.2",CHIRNOGI,CL,1598,12,0,0,12,36,0,0,36,58,0,0,58,98,0,0,98,188,8,0,196,252,13,0,265
101813,94,"SCOALA CU CLASELE I-VIII, NR.2",CHIRNOGI,CL,1595,4,0,0,4,24,0,0,24,31,0,0,31,67,0,0,67,170,0,0,170,276,8,0,284
101813,95,"SCOALA CU CLASELE I-VIII, NR.3",CHIRNOGI,CL,1243,7,6,0,13,26,8,0,34,44,8,0,52,55,10,0,65,152,24,0,176,241,32,0,273
101831,96,"ȘCOALA GIMNAZIALĂ NR. 1",CHISELET,CL,592,2,8,0,10,11,13,0,24,26,19,0,45,39,21,0,60,101,34,0,135,174,54,0,228
101831,97,"ȘCOALA GIMNAZIALĂ NR. 1",CHISELET,CL,1334,12,0,0,12,24,1,0,25,86,3,0,89,96,4,0,100,210,15,0,225,347,21,0,368
101831,98,"SPAŢIU COMERCIAL CONSUMCOOP MȂNĂSTIREA",CHISELET,CL,695,6,4,0,10,38,7,0,45,63,10,0,73,100,20,0,120,177,44,0,221,327,58,0,385
93094,99,"SCOALA SMARDAN",CIOCĂNEŞTI,CL,762,5,0,0,5,12,4,0,16,17,7,0,24,37,10,0,47,79,20,0,99,114,29,0,143
93094,100,"SCOALA MARGINENI",CIOCĂNEŞTI,CL,698,9,3,11,23,21,4,0,25,21,4,0,25,25,5,0,30,41,15,0,56,58,18,0,76
93094,101,"GRADINITA NR.1 SARBI",CIOCĂNEŞTI,CL,1056,5,4,0,9,14,14,0,28,20,16,0,36,28,21,0,49,58,25,0,83,85,30,0,115
93094,102,"SCOALA ANDOLINA",CIOCĂNEŞTI,CL,854,6,4,0,10,11,6,0,17,12,7,40,59,17,7,40,64,46,15,40,101,55,18,40,113
101494,103,"SCOALAGIMNAZIALA ""NICOLAE PETRESCU""",CRIVĂŢ,CL,815,9,0,0,9,16,7,0,23,27,9,0,36,48,9,0,57,110,24,16,150,218,28,16,262
101494,104,"SCOALAGIMNAZIALA ""NICOLAE PETRESCU""",CRIVĂŢ,CL,866,8,0,0,8,22,3,0,25,34,5,0,39,46,6,0,52,123,27,0,150,231,41,22,294
102428,105,"SCOALA NR. 1",CURCANI,CL,1164,4,1,0,5,36,4,0,40,89,8,0,97,109,11,0,120,211,35,0,246,327,51,0,378
102428,106,"SCOALA NR. 1",CURCANI,CL,998,10,0,0,10,30,3,0,33,53,7,0,60,63,8,0,71,147,13,0,160,283,22,0,305
102428,107,"SCOALA NR. 1",CURCANI,CL,1151,3,2,0,5,37,4,0,41,78,10,0,88,108,10,0,118,205,20,0,225,357,35,0,392
102428,108,"SCOALA NR. 2",CURCANI,CL,890,11,3,0,14,22,5,0,27,56,8,0,64,69,9,0,78,139,21,0,160,224,31,0,255
93290,109,"ŞCOALA CEACU",CEACU,CL,1071,7,0,0,7,28,2,0,30,37,4,0,41,52,8,0,60,119,23,0,142,155,27,0,182
93316,110,"ŞCOALA CUZA VODĂ","CUZA VODĂ",CL,1682,16,1,0,17,26,6,0,32,46,13,0,59,72,21,0,93,168,40,0,208,219,50,0,269
93307,111,"ŞCOALA CĂLĂRAŞI VECHI","CĂLĂRAŞII VECHI",CL,547,7,1,0,8,21,7,0,28,26,7,0,33,39,8,0,47,77,16,0,93,95,23,1,119
93334,112,"ŞC. GIMNAZIALĂ NR.1 DICHISENI",DICHISENI,CL,748,4,3,0,7,11,4,0,15,19,6,0,25,21,9,0,30,48,14,0,62,63,17,0,80
93343,113,"ŞC. PRIMARĂ NR.1",COSLOGENI,CL,710,5,4,0,9,9,4,0,13,26,6,0,32,31,7,0,38,45,7,0,52,70,8,0,78
93389,114,"SCOALA NR.2 DOR MARUNT GARA","DOR MĂRUNT",CL,1703,16,2,0,18,51,6,0,57,81,9,31,121,97,15,31,143,200,33,49,282,441,50,49,540
93389,115,"SCOALA NR.1 DOR MARUNT SAT","DOR MĂRUNT",CL,1149,5,4,0,9,18,15,0,33,28,21,20,69,46,29,20,95,125,44,20,189,253,84,20,357
93423,116,"PROPRIETATE PRIVATA",OGORU,CL,277,5,1,0,6,13,1,0,14,14,1,0,15,21,1,0,22,49,10,0,59,63,13,0,76
93414,117,"SCOALA INFRATIREA",ÎNFRĂŢIREA,CL,266,4,1,0,5,10,3,0,13,15,6,0,21,20,10,0,30,36,15,0,51,66,21,0,87
93432,118,"SCOALA PELINU",PELINU,CL,81,1,4,0,5,1,4,0,5,3,4,0,7,4,5,0,9,11,7,1,19,15,7,1,23
93405,119,"SCOALA DALGA GARA",DÎLGA-GARĂ,CL,1063,4,0,0,4,19,1,0,20,23,3,11,37,35,4,11,50,104,15,11,130,189,21,12,222
93398,120,"SCOALA DALGA SAT",DÎLGA,CL,612,7,2,0,9,11,4,0,15,19,8,9,36,21,12,9,42,49,14,10,73,78,20,10,108
93450,121,"ŞCOALA GIMNAZIALĂ NR. 1 DOROBANȚU, CORP B",DOROBANŢU,CL,1209,1,0,0,1,21,7,0,28,27,11,0,38,52,18,0,70,125,34,0,159,161,37,0,198
93478,122,"ŞCOALA PRIMARĂ NR. 1 VĂRĂŞTI",VĂRĂŞTI,CL,782,3,3,0,6,11,7,0,18,19,10,0,29,23,10,0,33,47,20,0,67,82,25,0,107
93469,123,"ŞCOALA DIN SATUL BOŞNEAGU",BOŞNEAGU,CL,314,1,0,0,1,9,3,0,12,15,7,0,22,22,8,0,30,35,12,0,47,54,18,0,72
93496,124,"SCOALA GIMNAZIALA NR.1 DRAGALINA",DRAGALINA,CL,1161,5,0,0,5,10,5,0,15,15,5,0,20,35,5,0,40,84,8,0,92,119,9,0,128
93496,125,"SCOALA GIMNAZIALA NR.1 DRAGALINA",DRAGALINA,CL,1277,8,3,0,11,17,3,0,20,27,3,0,30,38,4,0,42,78,11,0,89,92,14,0,106
93496,126,"SCOALA GIMNAZIALA NR.1 DRAGALINA",DRAGALINA,CL,1365,4,5,0,9,27,6,0,33,36,7,0,43,70,7,0,77,137,8,0,145,196,15,0,211
93496,127,"SCOALA GIMNAZIALA NR.1 DRAGALINA",DRAGALINA,CL,1081,4,0,0,4,15,4,0,19,22,4,0,26,39,4,0,43,68,10,0,78,91,13,1,105
93511,128,"SCOALA GIMNAZIALA NR.1 DRAJNA NOUA","DRAJNA NOUĂ",CL,1073,8,3,0,11,20,5,0,25,42,7,0,49,83,11,0,94,173,21,0,194,223,29,0,252
93502,129,"SCOALA GIMNAZIALA NR.2 CONSTANTIN BRANCOVEANU","CONSTANTIN BRÂNCOVEANU",CL,766,4,1,0,5,15,4,0,19,23,9,0,32,35,9,0,44,77,20,0,97,104,25,0,129
93548,130,"SCOALA GIMNAZIALA NR.1","DRAGOŞ VODĂ",CL,1030,19,1,0,20,44,8,0,52,62,16,0,78,79,17,0,96,185,25,18,228,270,38,18,326
93548,131,"SCOALA GIMNAZIALA NR.1","DRAGOŞ VODĂ",CL,1032,7,2,0,9,13,3,17,33,30,4,17,51,39,8,17,64,147,29,17,193,256,36,17,309
93566,132,"GRADINITA CU PROGRAM NORMAL NR.3",SOCOALELE,CL,183,2,1,0,3,9,4,0,13,17,6,8,31,18,12,8,38,34,20,8,62,44,25,8,77
102847,133,"SCOALA GIMNAZIALA NR.1 FRASINET",FRĂSINET,CL,878,14,0,0,14,44,4,0,48,106,17,0,123,125,22,0,147,227,48,0,275,304,59,0,363
102883,134,"SCOALA PRIMARA NR.1 LUPTATORI",LUPTĂTORI,CL,455,7,4,0,11,22,17,0,39,32,18,0,50,39,25,0,64,113,59,0,172,151,69,0,220
102972,135,"SCOALA GENERALA PASAREA",PASĂREA,CL,598,7,4,0,11,34,15,0,49,68,29,3,100,86,37,3,126,145,73,3,221,217,95,3,315
102954,136,"SCOALA GENERALA NR 1.FRUMUSANI",FRUMUŞANI,CL,924,4,5,0,9,40,33,0,73,59,37,2,98,76,45,2,123,140,88,2,230,248,124,2,374
102954,137,"SCOALA GENERALA NR 1.FRUMUSANI",FRUMUŞANI,CL,968,6,1,0,7,38,13,0,51,48,18,2,68,71,18,2,91,155,38,2,195,240,47,2,289
102981,138,"SCOALA GENERALA PADURISU",PĂDURIŞU,CL,503,8,8,0,16,45,29,0,74,77,51,0,128,86,77,0,163,144,110,0,254,188,145,0,333
102963,139,"SCOALA GENERALA ORASTI",ORĂŞTI,CL,791,4,10,0,14,24,25,0,49,35,44,0,79,38,47,0,85,86,70,0,156,230,94,0,324
103023,140,"SCOALA CLASELE 1-8 NR. 1",FUNDENI,CL,1260,20,0,0,20,36,12,0,48,58,14,0,72,81,22,0,103,121,37,0,158,393,70,0,463
103023,141,"PRIMARIA COMUNEI FUNDENI",FUNDENI,CL,1213,7,8,0,15,31,13,0,44,62,21,0,83,88,31,0,119,170,55,0,225,451,81,0,532
103023,142,"SCOALA CLASELE 1-4 NR. 3",FUNDENI,CL,1217,16,3,0,19,42,7,0,49,61,16,0,77,84,19,0,103,165,37,0,202,403,48,0,451
105847,143,"SCOALA NR. 1 GALBINASI",GĂLBINAŞI,CL,1699,17,3,0,20,59,13,0,72,101,21,0,122,131,23,0,154,244,44,0,288,482,80,0,562
105847,144,"SCOALA NR. 1GALBINASI",GĂLBINAŞI,CL,999,7,1,0,8,18,4,0,22,38,7,0,45,53,8,0,61,109,29,0,138,225,47,0,272
93673,145,"ŞCOALA VECHE",GRĂDIŞTEA,CL,1775,13,1,0,14,63,8,0,71,97,12,0,109,144,16,0,160,231,33,0,264,280,41,0,321
93708,146,"ŞCOALA VECHE",RASA,CL,1030,4,2,0,6,12,5,0,17,18,5,0,23,36,10,0,46,72,15,0,87,88,22,0,110
93691,147,"ŞCOALA CUNEŞTI",CUNEŞTI,CL,722,3,0,0,3,5,1,0,6,10,7,0,17,23,9,0,32,47,14,0,61,67,17,0,84
93682,148,"ŞCOALA BOGATA",BOGATA,CL,479,3,1,0,4,8,3,1,12,16,3,1,20,28,4,1,33,48,14,1,63,82,17,1,100
103577,149,"SCOALA GIMNAZIALA NR. 1 GURBANESTI",GURBĂNEŞTI,CL,449,8,1,0,9,36,17,0,53,66,21,0,87,71,23,0,94,105,38,0,143,137,44,0,181
103595,150,"GRADINITA CU PROGRAM NORMAL COTOFANCA",COŢOFANCA,CL,310,11,5,0,16,23,17,0,40,32,21,0,53,39,24,0,63,68,43,0,111,87,46,0,133
103620,151,"GRADINITA CU PROGRAM NORMAL VALEA PRESNEI","VALEA PRESNEI",CL,148,2,2,0,4,18,32,0,50,25,38,4,67,32,46,4,82,41,56,4,101,49,58,4,111
103773,152,"SCOALA ILEANA",ILEANA,CL,785,0,0,0,0,8,7,0,15,12,7,0,19,23,17,0,40,54,30,0,84,86,36,0,122
103791,153,"SCOALA FLORICA",FLORICA,CL,511,4,0,0,4,14,4,0,18,24,5,0,29,28,9,0,37,48,14,0,62,66,25,0,91
103844,154,"SCOALA STEFANESTI",ŞTEFĂNEŞTI,CL,619,7,4,0,11,31,12,0,43,56,18,0,74,72,25,0,97,145,52,0,197,207,70,0,277
103782,155,"SCOALA ARTARI",ARŢARI,CL,497,7,3,0,10,12,7,0,19,15,8,0,23,17,10,0,27,39,21,0,60,48,24,0,72
93780,156,"GRADINITA DE COPII",INDEPENDENŢA,CL,1796,15,1,0,16,41,1,0,42,62,1,0,63,131,4,0,135,201,11,0,212,300,16,0,316
93806,157,"GRADINITA DE COPII",VIŞINII,CL,434,4,4,0,8,14,6,0,20,15,6,0,21,22,8,0,30,56,14,0,70,79,23,0,102
93799,158,"SCOALA GENERALA",POTCOAVA,CL,662,4,2,0,6,15,6,0,21,22,10,0,32,46,17,0,63,73,33,0,106,96,42,0,138
93824,159,"SCOALA GIMNAZIALA NR. 1",JEGĂLIA,CL,1595,11,2,0,13,25,5,0,30,50,6,0,56,73,8,0,81,177,22,0,199,272,25,10,307
93833,160,"SCOALA PRIMARA NR. 1",GÎLDĂU,CL,1119,20,6,0,26,59,8,0,67,102,15,0,117,131,20,0,151,257,38,5,300,350,46,5,401
93842,161,"SCOALA PRIMARA NR. 2",IEZERU,CL,778,11,0,0,11,24,4,0,28,26,6,0,32,48,6,0,54,100,12,3,115,120,18,3,141
93860,162,"CAMIN CULTURAL",LEHLIU,CL,1411,8,0,0,8,24,1,0,25,45,9,0,54,77,14,0,91,174,35,0,209,268,49,0,317
93879,163,"SCOALA SAPUNARI",SĂPUNARI,CL,671,7,0,0,7,25,5,0,30,37,9,0,46,48,9,0,57,101,22,0,123,142,26,0,168
104092,164,"SCOALA CU CLASELE I-VIII LUICA",LUICA,CL,1281,10,1,0,11,36,4,0,40,74,6,0,80,117,10,0,127,247,37,0,284,414,69,0,483
104109,165,"SCOALA CU CLASELE I-IV VALEA STANII","VALEA STÎNII",CL,436,6,1,0,7,16,3,0,19,23,4,0,27,31,7,0,38,76,36,0,112,119,60,0,179
93959,166,"GRADINITA CU PROGRAM NORMAL NR.4 NUCETU",NUCETU,CL,521,3,0,0,3,18,9,0,27,25,12,0,37,42,13,0,55,73,22,0,95,96,33,0,129
93940,167,"GRADINITA CU PROGRAM NORMAL NR.3 LUPSANU",LUPŞANU,CL,504,5,3,0,8,19,5,0,24,32,9,0,41,42,10,0,52,85,19,0,104,142,29,0,171
93977,168,"SCOALA GIMNAZIALA NR.1 RADU-VODA","RADU VODĂ",CL,968,14,2,0,16,34,6,0,40,48,10,0,58,63,13,0,76,117,27,0,144,156,40,0,196
93968,169,"SCOALA PRIMARA NR.1 PLEVNA",PLEVNA,CL,523,15,2,0,17,37,15,0,52,49,18,0,67,62,21,0,83,104,47,0,151,125,53,0,178
104190,170,"LICEUL TEHNOLOGIC MATEI BASARAB",MÂNĂSTIREA,CL,1395,16,3,0,19,46,9,0,55,82,9,0,91,121,16,0,137,238,36,0,274,328,40,0,368
104190,171,"LICEUL TEHNOLOGIC MATEI BASARAB",MÂNĂSTIREA,CL,1476,15,3,0,18,59,5,0,64,89,12,0,101,149,22,0,171,243,28,0,271,357,31,0,388
104207,172,"ŞCOALA GENERALĂ COCONI",COCONI,CL,695,40,12,0,52,113,21,0,134,172,29,0,201,185,39,0,224,319,67,0,386,365,80,10,455
104216,173,"ŞCOALA GIMNAZIALĂ NR. 2 SULTANA",SULTANA,CL,783,3,4,0,7,27,13,0,40,43,20,0,63,62,24,0,86,139,53,0,192,245,72,0,317
100647,174,"SCOALA GIMNAZIALA NR. 2 MITRENI",MITRENI,CL,1176,7,0,0,7,26,0,0,26,61,3,0,64,105,7,0,112,161,15,18,194,266,22,18,306
100665,175,"SCOALA GIMNAZIALA NR. 1 VALEA ROSIE","VALEA ROŞIE",CL,1839,11,2,0,13,76,13,0,89,137,23,16,176,169,23,16,208,371,53,43,467,446,69,43,558
100656,176,"GRADINITA CU PROGRAM NORMAL NR. 3 CLATESTI",CLĂTEŞTI,CL,415,0,4,0,4,7,4,0,11,11,7,0,18,15,9,0,24,40,12,0,52,56,17,0,73
92596,177,"SCOALA GENERALA NR.1",MODELU,CL,1594,16,0,0,16,52,2,0,54,68,2,0,70,111,3,0,114,210,19,0,229,257,27,0,284
92596,178,"SCOALA GENERALA NR.1",MODELU,CL,1673,6,6,0,12,28,9,0,37,42,10,0,52,70,11,0,81,165,19,10,194,202,24,10,236
92596,179,"SCOALA GENERALA NR.1",MODELU,CL,1554,7,1,0,8,42,2,0,44,74,2,0,76,94,2,0,96,181,9,0,190,235,13,0,248
92596,180,"SCOALA GENERALA NR.2",MODELU,CL,1621,3,0,0,3,31,0,0,31,45,0,0,45,68,1,0,69,148,7,0,155,201,9,0,210
92630,181,"SCOALA TONEA",TONEA,CL,1608,4,1,0,5,26,2,0,28,39,5,0,44,57,6,0,63,145,12,0,157,219,16,0,235
104332,182,"SCOALA GIMNAZIALA NR. 1",NANA,CL,1204,17,1,0,18,33,2,0,35,66,9,0,75,107,18,0,125,189,34,6,229,307,54,6,367
104332,183,"SCOALA GIMNAZIALA NR. 1",NANA,CL,643,12,2,0,14,32,5,0,37,52,5,0,57,74,6,0,80,137,10,2,149,174,12,2,188
104350,184,"SCOALA CU CLASELE I-VIII","NICOLAE BĂLCESCU",CL,1008,14,2,0,16,35,9,0,44,63,18,0,81,70,20,0,90,135,48,0,183,196,60,0,256
104369,185,"SCOALA CU CLASELEI-IV","FÎNTÎNA DOAMNEI",CL,220,5,2,0,7,9,7,0,16,12,9,0,21,16,10,0,26,51,30,0,81,67,40,0,107
94232,186,"CĂMIN CULTURAL PERIŞORU",PERIŞORU,CL,1827,15,4,0,19,32,7,0,39,54,10,1,65,68,11,1,80,187,17,3,207,234,17,3,254
94232,187,"CĂMIN CULTURAL PERIŞORU",PERIŞORU,CL,1813,6,0,0,6,17,1,0,18,32,1,0,33,64,3,0,67,165,14,0,179,216,15,0,231
94250,188,"ŞCOALA GIMNAZIALA NR. 2 PERIŞORU","TUDOR VLADIMIRESCU",CL,593,5,2,0,7,7,3,0,10,15,4,0,19,28,4,0,32,52,6,0,58,67,10,0,77
104644,189,"PRIMĂRIA PLĂTĂREŞTI",PLĂTĂREŞTI,CL,1102,13,9,0,22,53,24,0,77,71,32,0,103,95,35,0,130,159,54,0,213,214,70,0,284
104662,190,"ŞCOALA PRIMARĂ NR.3 DOROBANȚU",DOROBANŢU,CL,771,2,1,0,3,11,17,0,28,41,28,0,69,49,34,0,83,108,60,0,168,193,92,0,285
104671,191,"GRĂDINIȚA CU PROGRAM NORMAL NR.5 PODU PITARULUI","PODU PITARULUI",CL,477,2,0,0,2,2,0,0,2,3,0,0,3,7,0,0,7,38,11,0,49,59,20,0,79
104671,192,"GRĂDINIȚA CU PROGRAM NORMAL NR.5 PODU PITARULUI","PODU PITARULUI",CL,322,5,3,0,8,15,13,0,28,35,18,0,53,40,18,0,58,62,26,0,88,99,35,0,134
104760,193,"ȘCOALA GIMNAZIALĂ ,,DIMITRIE ION GHICA ,,",RADOVANU,CL,1003,3,0,0,3,11,1,0,12,21,4,0,25,38,10,0,48,94,25,0,119,156,30,0,186
104760,194,"ȘCOALA GIMNAZIALĂ ,,DIMITRIE ION GHICA ,,",RADOVANU,CL,958,6,1,0,7,16,5,0,21,29,7,0,36,46,10,0,56,125,24,0,149,180,34,0,214
104760,195,"ȘCOALA CU CLASELE I-IV COADELE",RADOVANU,CL,964,9,1,0,10,21,3,0,24,30,4,0,34,35,9,0,44,100,21,0,121,183,29,0,212
104779,196,"ȘCOALA CU CLASELE I-IV VALEA POPII","VALEA POPII",CL,469,8,2,0,10,39,5,0,44,82,13,32,127,93,17,32,142,154,31,39,224,195,38,39,272
94321,197,"SCOALA GENERALA CU CLS I-IV-SECTOR",ROSEŢI,CL,1861,10,4,0,14,45,4,0,49,65,6,0,71,74,6,0,80,145,6,0,151,243,9,0,252
94321,198,"SCOALA GIMNAZIALA IANCU ROSETTI-CENTRU",ROSEŢI,CL,1262,7,0,0,7,23,0,0,23,31,0,0,31,45,6,0,51,111,9,0,120,146,15,0,161
94321,199,"SCOALA CU CLS. I-IV-DEAL",ROSEŢI,CL,1851,17,2,0,19,55,4,0,59,67,4,0,71,91,4,0,95,177,10,0,187,238,12,0,250
104939,200,"GRADINITA CU 4 GRUPE",SĂRULEŞTI-GARĂ,CL,1157,19,2,0,21,38,7,0,45,95,17,0,112,119,21,0,140,169,37,0,206,286,55,0,341
104920,201,"SCOALA CU CLASELE I-IV",SĂNDULIŢA,CL,475,0,2,0,2,1,7,0,8,5,7,0,12,12,10,0,22,43,23,0,66,125,41,0,166
104895,202,"SCOALA CU CLASELE I-IV",SĂRULEŞTI,CL,338,1,2,0,3,4,4,0,8,5,5,0,10,8,6,0,14,33,18,0,51,43,23,0,66
104966,203,"SCOALA CU CLASELE I-IV",SOLACOLU,CL,217,0,0,0,0,4,2,0,6,7,8,0,15,9,8,0,17,18,14,0,32,27,17,0,44
105231,204,"ȘCOALA GENERALA NR.1",SOHATU,CL,1303,5,5,0,10,32,16,0,48,54,26,0,80,66,39,0,105,168,82,0,250,250,102,0,352
105240,205,"ȘCOALA GENERALA NR.2",PROGRESU,CL,789,5,2,0,7,36,8,0,44,49,11,0,60,69,21,0,90,172,59,0,231,247,75,0,322
105268,206,"SCOALA GIMNAZIALANR. 1 SPANTOV",SPANŢOV,CL,834,20,1,0,21,42,5,15,62,67,6,15,88,112,7,15,134,254,31,15,300,377,47,15,439
105277,207,"GRĂDINIŢA CU PROGRAM NORMAL NR. 3","CETATEA VECHE",CL,714,25,1,0,26,58,4,0,62,103,8,2,113,133,12,2,147,230,20,2,252,319,28,2,349
105286,208,"ŞCOALA GIMNAZIALĂ NR. 2 STANCEA",STANCEA,CL,1242,13,2,0,15,62,4,0,66,125,8,0,133,176,12,0,188,414,28,0,442,510,38,0,548
105286,209,"ŞCOALA PRIMARĂ NR. 1 CLINCIU",STANCEA,CL,845,17,1,0,18,56,1,0,57,86,8,0,94,111,10,0,121,274,26,0,300,430,47,0,477
105393,210,"ŞCOALA GIMNAZIALĂ ,,CONSTANTIN TEODORESCU'' ŞOLDANU",ŞOLDANU,CL,1767,12,1,0,13,46,25,0,71,91,36,0,127,129,39,0,168,272,78,0,350,422,109,36,567
105400,211,"ŞCOALA PRIMARĂ NR.1 NEGOEŞTI",NEGOEŞTI,CL,823,4,0,0,4,22,4,0,26,36,7,10,53,46,13,10,69,83,33,10,126,127,45,10,182
94571,212,"SCOALA GIMNAZIALA DRAGOS MARIN","ŞTEFAN CEL MARE",CL,1544,8,0,0,8,26,2,0,28,48,5,0,53,90,6,0,96,190,13,0,203,292,20,3,315
94571,213,"SCOALA GIMNAZIALA DRAGOS MARIN","ŞTEFAN CEL MARE",CL,1118,7,3,0,10,17,4,0,21,28,4,0,32,53,4,0,57,127,16,0,143,204,22,5,231
94599,214,"ŞCOALA CU CLS. I-VIII ŞTEFAN VODĂ","ŞTEFAN VODĂ",CL,1069,7,2,0,9,18,3,0,21,23,7,0,30,38,9,0,47,74,18,0,92,108,21,0,129
94599,215,"ŞCOALA CU CLS. I-VIII ŞTEFAN VODĂ","ŞTEFAN VODĂ",CL,828,5,1,0,6,14,2,0,16,14,2,0,16,23,2,0,25,56,9,0,65,91,11,0,102
105464,216,"SCOALA GIMNAZIALA NR.1","TĂMĂDĂU MARE",CL,1221,14,4,0,18,27,10,0,37,41,10,0,51,53,14,0,67,126,31,0,157,163,41,0,204
105491,217,"SCOALA PRIMARA NR.2",PLUMBUITA,CL,729,2,6,0,8,6,12,0,18,15,14,0,29,22,15,0,37,41,27,0,68,86,31,0,117
105614,218,"SCOALA GIMNAZIALA GRIGORE MOISIL",ULMENI,CL,1321,13,2,0,15,39,2,0,41,50,7,0,57,75,14,0,89,166,34,0,200,275,63,0,338
105614,219,"SCOALA GIMNAZIALA NR.2 ULMENI",ULMENI,CL,1443,13,0,0,13,81,3,0,84,129,9,0,138,149,10,0,159,255,18,0,273,312,20,0,332
105614,220,"SCOALA PRIMARA NR.3 ULMENI",ULMENI,CL,1240,13,2,0,15,32,7,0,39,69,17,0,86,90,20,0,110,228,36,0,264,336,52,0,388
94615,221,"SCOALA CU CLASELE I-VIII ULMU",ULMU,CL,670,3,2,0,5,18,4,0,22,23,4,0,27,35,7,0,42,54,16,0,70,76,23,0,99
94633,222,"SCOALA CU CLASELE I-IV FAUREI",FĂUREI,CL,344,2,1,0,3,7,8,0,15,14,8,0,22,20,12,0,32,26,17,0,43,26,22,0,48
94642,223,"FOSTA SCOALA PRIMARA ZIMBRU",ZIMBRU,CL,98,4,4,0,8,11,7,0,18,14,9,0,23,18,14,0,32,21,20,0,41,21,25,0,46
94660,224,"SCOALA GIMNAZIALA NR 1 (LOCAL LANGA BISERICA)",UNIREA,CL,1093,19,1,0,20,41,2,0,43,51,6,0,57,76,8,0,84,141,15,0,156,175,19,0,194
94660,225,"SCOALA GIMNAZIALA NR 1 (LOCAL LANGA CAMINUL CULTURAL)",UNIREA,CL,1211,17,3,0,20,35,3,0,38,45,5,0,50,76,8,0,84,111,16,21,148,152,19,21,192
105721,226,"SCOALA GIMNAZIALA VALEA ARGOVEI","VALEA ARGOVEI",CL,1372,10,0,0,10,26,11,0,37,34,18,0,52,49,26,0,75,118,47,0,165,152,55,0,207
105758,227,"SCOALA GENERALA SILISTEA",SILIŞTEA,CL,549,6,3,0,9,13,7,0,20,29,11,0,40,47,18,0,65,96,38,0,134,114,49,0,163
105838,228,"ȘCOALA PROZANIC, CLASELE I-IV",VASILAŢI,CL,983,4,2,0,6,16,20,0,36,22,26,0,48,28,29,0,57,99,72,10,181,182,90,10,282
105838,229,"ȘCOALA CONSTANTIN BRÂNCOVEANU",VASILAŢI,CL,1748,12,4,0,16,31,9,0,40,49,24,0,73,78,28,0,106,188,52,13,253,332,89,13,434
105856,230,"ȘCOALA GIMNAZIALA NUCI",NUCI,CL,291,6,3,0,9,7,6,0,13,18,10,0,28,24,12,0,36,54,26,1,81,88,34,1,123
105865,231,"ȘCOALA GIMNAZIALA POPEȘTI",POPEŞTI,CL,278,4,5,0,9,12,7,0,19,14,12,0,26,16,15,0,31,25,26,0,51,40,30,0,70
94740,232,"SCOALA GIMNAZIALA FLORENTA ALBUVILCELELE",VÎLCELELE,CL,932,5,0,0,5,20,8,0,28,58,15,66,139,73,18,66,157,134,31,127,292,219,43,127,389
94759,233,"CONSILIUL LOCAL VILCELELE",FLOROAICA,CL,490,0,3,0,3,4,4,30,38,11,9,30,50,14,13,30,57,37,28,38,103,67,34,38,139
94777,234,"ȘCOALA VLAD ȚEPEȘ","VLAD ŢEPEŞ",CL,1257,11,4,0,15,28,8,0,36,43,12,0,55,101,19,0,120,168,33,0,201,225,43,0,268
94786,235,"GRĂDINIȚA MIHAI VITEAZU","MIHAI VITEAZU",CL,425,5,1,0,6,7,6,0,13,14,10,0,24,20,12,0,32,49,28,0,77,65,45,0,110
50807,1,"ȘCOALA GIMNAZIALĂ NR. 5",REŞIŢA,CS,1230,9,0,0,9,45,3,14,62,71,4,14,89,88,7,14,109,160,11,14,185,188,14,14,216
50807,2,"CENTRUL DE ZI ”MARIA”",REŞIŢA,CS,610,5,0,0,5,19,0,0,19,30,0,2,32,35,0,3,38,65,0,3,68,79,0,11,90
50807,3,"GRĂDINIȚA CU PROGRAM NORMAL NR. 2",REŞIŢA,CS,1075,2,5,0,7,27,6,0,33,52,9,0,61,61,9,0,70,111,12,0,123,143,14,0,157
50807,4,"ȘCOALA GIMNAZIALĂ NR. 1 (BETON)",REŞIŢA,CS,595,2,2,0,4,16,3,0,19,19,3,0,22,28,3,0,31,74,7,0,81,91,10,0,101
50807,5,"ȘCOALA GIMNAZIALĂ NR. 1 (BETON)",REŞIŢA,CS,1103,9,1,0,10,47,2,0,49,70,3,1,74,83,5,1,89,130,8,1,139,173,11,1,185
50807,6,"ȘCOALA GIMNAZIALĂ NR. 1 (CASA MUNCITOREASCĂ)",REŞIŢA,CS,1466,16,0,0,16,46,2,0,48,61,2,0,63,69,2,0,71,121,5,0,126,154,8,0,162
50807,7,"ȘCOALA GIMNAZIALĂ NR. 1 (CASA MUNCITOREASCĂ)",REŞIŢA,CS,1050,5,0,0,5,31,1,0,32,58,1,0,59,63,1,0,64,114,3,0,117,140,3,0,143
50807,8,"ȘCOALA PRIMARĂ DEALU MARE",REŞIŢA,CS,738,11,0,0,11,26,0,0,26,26,0,0,26,28,0,0,28,54,0,0,54,70,0,0,70
50807,9,"ȘCOALA PRIMARĂ DEALU MARE",REŞIŢA,CS,849,0,3,0,3,8,3,0,11,9,3,0,12,12,3,0,15,30,3,0,33,51,3,0,54
50807,10,"ȘCOALA GIMNAZIALĂ NR. 2",REŞIŢA,CS,1059,16,0,0,16,50,0,0,50,83,2,0,85,89,2,0,91,143,9,0,152,176,12,0,188
50807,11,"ȘCOALA GIMNAZIALĂ NR. 2",REŞIŢA,CS,1223,14,1,0,15,65,3,0,68,93,3,0,96,112,4,0,116,190,7,0,197,225,7,0,232
50807,12,"ȘCOALA GIMNAZIALĂ NR. 2",REŞIŢA,CS,1203,8,0,0,8,48,3,0,51,78,3,0,81,87,3,0,90,157,5,0,162,208,9,0,217
50807,13,"COLEGIUL NAȚIONAL ""TRAIAN LALESCU"" - ȘCOALA PRIMARĂ",REŞIŢA,CS,641,4,0,0,4,11,0,0,11,20,0,0,20,25,1,0,26,60,1,0,61,85,1,0,86
50807,14,"GRĂDINIȚA CU PROGRAM PRELUNGIT ""PALATUL FERMECAT""",REŞIŢA,CS,1004,6,4,0,10,64,7,0,71,78,7,0,85,85,7,0,92,147,7,0,154,189,10,0,199
50807,15,"GRĂDINIȚA CU PROGRAM PRELUNGIT ""PALATUL FERMECAT""",REŞIŢA,CS,1181,5,3,0,8,47,5,0,52,70,5,0,75,84,5,0,89,144,12,0,156,198,16,0,214
50807,16,"GRĂDINIȚA CU PROGRAM PRELUNGIT ""PALATUL FERMECAT""",REŞIŢA,CS,1423,8,0,0,8,43,0,0,43,79,0,0,79,88,0,0,88,159,1,0,160,202,3,1,206
50807,17,"S.C. DRUMURI JUDEȚENE S.A. REȘIȚA AFLAT ÎN PROPRIETATEA CONSILIULUI JUDEȚEAN CARAȘ-SEVERIN",REŞIŢA,CS,1036,9,4,0,13,34,4,0,38,54,4,0,58,63,5,0,68,114,5,0,119,147,6,0,153
50807,18,"UNIVERSITATEA ”EFTIMIE MURGU”",REŞIŢA,CS,549,6,4,0,10,38,13,0,51,50,17,0,67,52,17,0,69,93,20,0,113,98,23,0,121
50807,19,"UNIVERSITATEA ""EFTIMIE MURGU""",REŞIŢA,CS,1159,17,3,0,20,49,17,0,66,81,17,0,98,95,17,0,112,156,21,0,177,193,25,0,218
50807,20,"COLEGIUL NAȚIONAL ""TRAIAN LALESCU""",REŞIŢA,CS,1149,13,0,0,13,46,0,0,46,58,1,0,59,71,1,0,72,135,2,0,137,160,5,0,165
50807,21,"COLEGIUL NAȚIONAL ""TRAIAN LALESCU""",REŞIŢA,CS,970,5,0,0,5,31,5,0,36,51,7,0,58,56,7,0,63,107,10,0,117,127,12,0,139
50807,22,"COLEGIUL NAȚIONAL ""TRAIAN LALESCU""",REŞIŢA,CS,1300,11,1,0,12,57,1,0,58,70,8,0,78,74,8,0,82,136,16,0,152,169,18,0,187
50807,23,"COLEGIUL NAȚIONAL ""TRAIAN LALESCU""",REŞIŢA,CS,774,10,0,0,10,45,0,0,45,55,3,0,58,58,3,0,61,87,6,0,93,116,7,0,123
50807,24,"ȘCOALA GIMNAZIALĂ ""MIHAI PEIA""",REŞIŢA,CS,891,15,0,0,15,46,4,0,50,67,4,0,71,69,4,0,73,117,6,0,123,158,8,0,166
50807,25,"ȘCOALA GIMNAZIALĂ ""MIHAI PEIA""",REŞIŢA,CS,774,8,0,0,8,31,2,0,33,44,2,0,46,48,2,0,50,78,9,0,87,105,12,0,117
50807,26,"ȘCOALA GIMNAZIALĂ ""MIHAI PEIA""",REŞIŢA,CS,928,7,0,4,11,51,0,4,55,64,0,4,68,70,0,4,74,113,3,4,120,136,4,4,144
50807,27,"COLEGIUL TEHNIC REȘIȚA",REŞIŢA,CS,1217,11,0,0,11,44,0,0,44,64,0,0,64,67,5,0,72,141,10,0,151,181,10,0,191
50807,28,"COLEGIUL TEHNIC REȘIȚA",REŞIŢA,CS,766,9,0,0,9,41,1,1,43,53,2,1,56,53,2,1,56,110,8,1,119,137,10,1,148
50807,29,"COLEGIUL TEHNIC REȘIȚA",REŞIŢA,CS,1051,9,5,0,14,37,8,0,45,63,9,0,72,74,9,0,83,133,11,0,144,171,14,0,185
50807,30,"GRĂDINIŢA CU PROGRAM NORMAL ""CIUPERCUȚA""",REŞIŢA,CS,703,4,1,0,5,39,1,0,40,46,2,0,48,56,4,0,60,82,4,0,86,106,4,0,110
50807,31,"GRĂDINIȚA CU PROGRAM NORMAL ""DEGEȚICA""",REŞIŢA,CS,1133,7,0,0,7,35,2,0,37,50,3,0,53,60,3,0,63,123,6,0,129,168,7,0,175
50807,32,"LICEUL TEORETIC ”TRAIAN VUIA”",REŞIŢA,CS,1337,7,1,0,8,32,6,0,38,46,8,0,54,49,8,0,57,95,14,0,109,107,17,0,124
50807,33,"LICEUL TEORETIC ”TRAIAN VUIA”",REŞIŢA,CS,935,5,0,0,5,19,1,0,20,23,2,0,25,24,4,0,28,54,8,0,62,82,13,0,95
50807,34,"LICEUL TEORETIC ”TRAIAN VUIA”",REŞIŢA,CS,1471,9,0,0,9,34,1,0,35,51,3,0,54,55,3,0,58,95,3,0,98,156,6,0,162
50807,35,"LICEUL TEORETIC ”TRAIAN VUIA”",REŞIŢA,CS,1094,5,0,0,5,42,0,0,42,68,5,0,73,73,6,0,79,133,6,0,139,170,6,0,176
50807,36,"LICEUL TEORETIC ”TRAIAN VUIA”",REŞIŢA,CS,1116,5,1,0,6,29,1,0,30,43,1,0,44,46,1,0,47,92,3,0,95,127,6,0,133
50807,37,"LICEUL TEORETIC ”TRAIAN VUIA”",REŞIŢA,CS,911,1,0,0,1,21,1,0,22,25,1,0,26,30,1,0,31,53,1,0,54,68,2,0,70
50807,38,"ȘCOALA GIMNAZIALĂ NR. 8",REŞIŢA,CS,1294,9,1,0,10,50,1,0,51,68,3,0,71,82,5,0,87,137,10,0,147,174,12,0,186
50807,39,"ȘCOALA GIMNAZIALĂ NR. 8",REŞIŢA,CS,1448,15,2,0,17,50,3,0,53,65,4,0,69,78,4,0,82,146,13,0,159,192,13,0,205
50807,40,"ȘCOALA GIMNAZIALĂ NR. 8",REŞIŢA,CS,1126,17,0,0,17,44,0,0,44,55,0,0,55,60,0,0,60,112,3,0,115,134,4,0,138
50807,41,"COLEGIUL NAŢIONAL”MIRCEA ELIADE”REŞIŢA",REŞIŢA,CS,1017,7,0,0,7,51,4,0,55,55,4,0,59,57,4,0,61,92,6,0,98,120,12,0,132
50807,42,"COLEGIUL NAŢIONAL”MIRCEA ELIADE”,REŞIŢA",REŞIŢA,CS,994,8,0,0,8,32,0,0,32,44,1,0,45,47,6,0,53,108,6,0,114,133,6,0,139
50807,43,"COLEGIUL TEHNIC CĂRĂŞAN, REȘIȚA",REŞIŢA,CS,1197,5,0,0,5,57,1,0,58,66,1,0,67,72,1,0,73,138,3,0,141,180,4,0,184
50807,44,"COLEGIUL TEHNIC CĂRĂŞAN, REȘIȚA",REŞIŢA,CS,965,12,5,0,17,30,5,0,35,48,7,0,55,50,7,0,57,79,7,0,86,99,7,0,106
50807,45,"ȘCOALA GIMNAZIALĂ NR. 7,CORP B",REŞIŢA,CS,1391,8,0,0,8,44,1,0,45,64,3,0,67,80,4,0,84,144,9,0,153,172,11,0,183
50807,46,"ȘCOALA GIMNAZIALĂ NR. 7,CORP B",REŞIŢA,CS,1170,11,0,0,11,56,0,0,56,82,0,0,82,93,0,0,93,146,3,0,149,196,7,0,203
50807,47,"ȘCOALA GIMNAZIALĂ NR. 7,CORP B",REŞIŢA,CS,1088,9,0,0,9,51,4,1,56,71,4,1,76,76,4,1,81,138,8,1,147,182,10,1,193
50807,48,"ȘCOALA GIMNAZIALĂ NR. 7,CORP B",REŞIŢA,CS,844,9,0,0,9,34,0,0,34,46,2,0,48,52,3,0,55,83,4,0,87,100,7,0,107
50807,49,"ȘCOALA GIMNAZIALĂ NR. 7,CORP A",REŞIŢA,CS,1336,14,0,0,14,52,3,0,55,82,6,0,88,93,11,0,104,148,16,0,164,191,22,0,213
50807,50,"ȘCOALA GIMNAZIALĂ NR. 7,CORP A",REŞIŢA,CS,1153,9,0,0,9,60,2,0,62,72,2,0,74,77,3,0,80,127,4,0,131,154,6,0,160
50807,51,"ȘCOALA GIMNAZIALĂ NR. 7,CORP A",REŞIŢA,CS,1534,22,1,0,23,93,1,0,94,111,3,0,114,122,4,0,126,214,4,0,218,250,6,0,256
50807,52,"ȘCOALA GIMNAZIALĂ NR. 7,CORP A",REŞIŢA,CS,1064,2,0,0,2,41,2,0,43,56,3,0,59,63,4,0,67,104,9,0,113,125,10,0,135
50807,53,"ȘCOALA GIMNAZIALĂ NR. 9",REŞIŢA,CS,1086,8,0,0,8,41,4,0,45,53,6,0,59,64,7,0,71,124,11,0,135,157,12,0,169
50807,54,"ȘCOALA GIMNAZIALĂ NR. 9",REŞIŢA,CS,1459,7,0,0,7,63,4,0,67,84,9,0,93,99,9,0,108,158,13,0,171,204,17,0,221
50807,55,"ȘCOALA GIMNAZIALĂ NR. 9",REŞIŢA,CS,1196,6,1,0,7,48,1,0,49,70,1,0,71,82,2,0,84,127,2,0,129,161,4,0,165
50807,56,"ȘCOALA GIMNAZIALĂ NR. 9",REŞIŢA,CS,1446,8,0,0,8,39,0,0,39,63,0,0,63,74,0,0,74,128,0,0,128,154,2,0,156
50807,57,"LICEUL DE ARTE ""SABIN PĂUȚA""",REŞIŢA,CS,988,2,0,0,2,28,4,0,32,41,4,0,45,47,5,0,52,85,9,0,94,117,17,0,134
50807,58,"LICEUL DE ARTE ""SABIN PĂUȚA""",REŞIŢA,CS,1233,5,0,0,5,45,3,0,48,70,3,0,73,79,3,0,82,141,9,0,150,185,9,0,194
50807,59,"LICEUL DE ARTE ""SABIN PĂUȚA""",REŞIŢA,CS,1373,16,0,0,16,55,0,0,55,85,1,0,86,94,1,0,95,154,3,0,157,211,6,0,217
50807,60,"LICEUL DE ARTE ""SABIN PĂUȚA""",REŞIŢA,CS,1114,3,1,0,4,43,1,0,44,71,1,0,72,78,1,0,79,125,1,0,126,168,3,0,171
50807,61,"ȘCOALA GIMNAZIALĂ NR. 12",REŞIŢA,CS,1185,8,4,0,12,38,5,0,43,54,5,0,59,60,5,0,65,115,8,0,123,169,9,0,178
50807,62,"ȘCOALA GIMNAZIALĂ NR. 12",REŞIŢA,CS,1364,8,6,0,14,35,6,0,41,66,6,0,72,70,6,0,76,131,6,0,137,167,6,0,173
50807,63,"ȘCOALA GIMNAZIALĂ NR. 12",REŞIŢA,CS,1199,6,2,0,8,39,4,0,43,53,4,0,57,64,4,0,68,112,8,0,120,142,12,0,154
50807,64,"ȘCOALA GIMNAZIALĂ NR. 12",REŞIŢA,CS,1018,6,0,0,6,36,2,0,38,43,2,0,45,52,2,0,54,103,2,0,105,130,4,0,134
50816,65,"COLEGIUL NAȚIONAL ""MIRCEA ELIADE"" - ȘCOALA CÂLNIC (CORP D)",CÎLNIC,CS,1344,6,3,0,9,27,3,0,30,44,3,0,47,55,3,0,58,113,4,0,117,183,6,0,189
50825,66,"CĂMINUL CULTURAL CUPTOARE",CUPTOARE,CS,286,7,1,0,8,13,2,0,15,19,2,0,21,24,2,0,26,56,5,0,61,66,7,0,73
50834,67,"GRĂDINIȚA CU PROGRAM NORMAL DOMAN",DOMAN,CS,600,1,0,0,1,7,1,0,8,11,3,0,14,19,9,0,28,42,9,0,51,54,10,0,64
50843,68,"LICEUL TEORETIC ""DIACONOVICI TIETZ"" - ȘCOALA CU CLS I-IV",SECU,CS,398,7,2,0,9,14,2,0,16,20,2,0,22,24,2,0,26,43,3,0,46,53,3,0,56
50852,69,"ȘCOALA GIMNAZIALĂ NR. 8 - ȘCOALA PRIMARĂ ȚEROVA",ŢEROVA,CS,455,3,2,0,5,11,3,0,14,22,3,0,25,29,3,0,32,58,4,0,62,90,5,0,95
50861,70,"COLEGIUL NAȚIONAL ""MIRCEA ELIADE"" - GRĂDINIȚA MONIOM (CORP F)",MONIOM,CS,274,8,2,0,10,17,5,0,22,32,5,0,37,40,5,0,45,76,8,1,85,95,10,1,106
51029,71,"CLĂDIRE A MUNICIPIULUI CARANSEBEȘ (FOSTA ȘCOALĂ PRIMARĂ)",CARANSEBEŞ,CS,1195,5,0,0,5,47,3,0,50,69,3,0,72,77,3,0,80,167,5,0,172,210,14,0,224
51029,72,"GRĂDINIȚA CU PROGRAM NORMAL NR. 3",CARANSEBEŞ,CS,514,4,6,0,10,11,7,0,18,31,8,0,39,37,8,0,45,71,11,0,82,91,15,0,106
51029,73,"MUZEUL DE ETNOGRAFIE ȘI AL REGIMENTULUI DE GRANIȚĂ",CARANSEBEŞ,CS,1439,16,1,0,17,70,11,0,81,88,16,0,104,111,19,0,130,204,30,0,234,287,36,0,323
51029,74,"ȘCOALA GIMNAZIALĂ NR. 8",CARANSEBEŞ,CS,1130,15,6,0,21,57,13,0,70,77,16,0,93,89,19,0,108,162,22,0,184,208,28,0,236
51029,75,"LICEUL TEHNOLOGIC ”DACIA”",CARANSEBEŞ,CS,1422,21,0,0,21,83,9,0,92,112,11,0,123,126,11,0,137,237,26,0,263,303,31,0,334
51029,76,"CASA MUNICIPALĂ DE CULTURĂ ”GEORGE SURU”",CARANSEBEŞ,CS,1195,20,7,0,27,74,43,0,117,106,57,0,163,116,59,0,175,214,75,0,289,256,88,0,344
51029,77,"GRĂDINIȚA CU PROGRAM NORMAL NR. 1",CARANSEBEŞ,CS,1561,30,1,0,31,104,5,0,109,132,7,1,140,162,10,1,173,293,17,1,311,358,23,25,406
51029,78,"CLĂDIRE A MUNICIPIULUI CARANSEBEȘ (FOSTA ȘCOALĂ GENERALĂ NR. 7)",CARANSEBEŞ,CS,1300,7,2,0,9,55,9,0,64,62,9,24,95,75,9,24,108,148,15,24,187,179,17,24,220
51029,79,"CLĂDIRE A MUNICIPIULUI CARANSEBEȘ (FOSTA ȘCOALĂ GENERALĂ NR.7)",CARANSEBEŞ,CS,1139,22,1,0,23,72,1,0,73,87,8,0,95,108,8,0,116,175,11,0,186,208,14,0,222
51029,80,"CLUBUL SPORTIV ȘCOLAR",CARANSEBEŞ,CS,1197,4,3,0,7,37,5,0,42,57,7,0,64,63,7,0,70,116,10,0,126,140,10,0,150
51029,81,"GRĂDINIȚA NR. 4",CARANSEBEŞ,CS,1221,13,0,0,13,53,0,0,53,73,0,0,73,83,0,0,83,134,3,0,137,179,16,0,195
51029,82,"ȘCOALA GIMNAZIALĂ NR. 2",CARANSEBEŞ,CS,1359,13,4,0,17,73,8,0,81,97,8,0,105,120,11,0,131,209,18,0,227,271,29,0,300
51029,83,"ȘCOALA GIMNAZIALĂ NR. 2",CARANSEBEŞ,CS,1099,15,1,0,16,42,3,0,45,60,3,0,63,79,3,0,82,134,4,0,138,178,5,0,183
51029,84,"LICEUL TEHNOLOGIC ”DECEBAL”",CARANSEBEŞ,CS,1331,4,5,0,9,31,7,0,38,46,8,0,54,50,10,0,60,127,12,0,139,157,17,0,174
51029,85,"LICEUL TEHNOLOGIC ”DECEBAL”",CARANSEBEŞ,CS,1392,20,1,0,21,68,1,0,69,81,6,0,87,98,6,0,104,158,10,0,168,191,12,0,203
51029,86,"LICEUL TEHNOLOGIC ”DECEBAL”",CARANSEBEŞ,CS,1478,13,2,0,15,64,5,0,69,83,5,0,88,92,5,0,97,170,7,0,177,220,7,0,227
51029,87,"COLEGIUL NAȚIONAL ”C.D. LOGA”",CARANSEBEŞ,CS,1587,13,3,0,16,62,6,0,68,82,8,0,90,100,9,0,109,212,17,0,229,275,27,0,302
51029,88,"GRĂDINIȚA CU PROGRAM NORMAL NR.5",CARANSEBEŞ,CS,1154,17,4,0,21,33,8,0,41,54,10,0,64,67,10,0,77,165,12,0,177,225,13,0,238
51029,89,"GRĂDINIȚA CU PROGRAM PRELUNGIT NR. 3",CARANSEBEŞ,CS,736,6,2,0,8,26,4,0,30,42,4,0,46,54,5,0,59,105,7,0,112,132,8,0,140
51029,90,"ȘCOALA GIMNAZIALĂ NR. 1",CARANSEBEŞ,CS,1113,6,5,0,11,16,7,0,23,33,7,0,40,44,7,0,51,100,13,0,113,156,15,0,171
51038,91,"ȘCOALA PRIMARĂ",JUPA,CS,473,5,0,0,5,12,5,0,17,29,7,0,36,38,8,0,46,92,17,0,109,130,22,0,152
50898,92,"LICEUL ”MATHIAS HAMMER”",ANINA,CS,880,11,2,0,13,31,5,0,36,38,5,0,43,49,5,0,54,88,7,0,95,121,10,0,131
50898,93,"CENTRUL DE AFACERI ANINA",ANINA,CS,874,30,0,0,30,51,2,0,53,67,5,1,73,72,7,1,80,130,10,1,141,153,10,1,164
50898,94,"ŞCOALA GIMNAZIALĂ NR.1 CELNIC GRĂDINIŢA CU PROGRAM NORMAL NR.1 CELNIC",ANINA,CS,653,15,0,0,15,41,1,0,42,48,3,0,51,50,5,0,55,92,6,0,98,107,6,0,113
50898,95,"SEDIUL S.C. GOSTRANS S.A.",ANINA,CS,518,5,3,0,8,24,3,0,27,27,3,0,30,29,3,0,32,54,3,0,57,61,6,0,67
50898,96,"ŞCOALA GIMNAZIALĂ NR.1 CELNIC GRĂDINIŢA CU PROGRAM NORMAL NR. 2 ORAŞUL NOU",ANINA,CS,675,3,2,0,5,17,3,0,20,20,3,0,23,25,4,0,29,53,5,0,58,65,5,0,70
50898,97,"CENTRUL DE ZI ANINA",ANINA,CS,652,11,6,0,17,23,6,0,29,28,6,0,34,38,6,0,44,68,6,1,75,93,8,1,102
50898,98,"SEDIUL DEPOZITUL FINAL CÂNTAR",ANINA,CS,651,8,5,0,13,25,5,0,30,45,6,0,51,50,7,0,57,82,10,0,92,98,10,0,108
50898,99,"ŞCOALA GIMNAZIALĂ NR.1 CELNIC GRĂDINIŢA CU PROGRAM NORMAL NR.4 SIGISMUND",ANINA,CS,578,5,4,0,9,21,5,0,26,26,5,0,31,32,6,0,38,38,6,0,44,47,8,0,55
50898,100,"LICEUL ""MATHIAS HAMMER"" ANINA ŞCOALA GIMNAZIALĂ NR.2 STEIERDORF",ANINA,CS,1120,15,1,0,16,32,3,0,35,35,4,0,39,44,4,0,48,94,16,0,110,127,16,0,143
50898,101,"LICEUL""MATHIAS HAMMER"" ANINA GRĂDINIŢA CU PROGRAM NORMAL NR.5 STEIERDORF",ANINA,CS,581,11,3,0,14,19,3,0,22,32,3,0,35,33,3,0,36,57,3,0,60,74,4,0,78
50898,102,"LICEUL ""MATHIAS HAMMER"" ANINA ŞCOALA GIMNAZIALĂ NR.3 BRĂDET",ANINA,CS,307,5,5,0,10,8,5,0,13,12,6,0,18,17,6,0,23,64,7,0,71,81,7,0,88
50932,103,"PROTOPOPIAT ORTODOX ROMÂN","BĂILE HERCULANE",CS,257,3,7,0,10,13,35,0,48,25,52,0,77,28,56,0,84,45,80,0,125,53,92,0,145
50932,104,"LICEUL HERCULES(FOSTA SCOALA GENERALA)","BĂILE HERCULANE",CS,1485,6,46,0,52,30,231,0,261,67,424,0,491,83,426,0,509,173,569,0,742,222,650,0,872
50932,105,"LICEUL HERCULES","BĂILE HERCULANE",CS,933,8,0,0,8,36,19,0,55,57,45,0,102,75,47,0,122,125,63,0,188,141,67,0,208
50932,106,"LICEUL HERCULES","BĂILE HERCULANE",CS,1097,12,1,0,13,45,26,0,71,60,35,0,95,78,38,0,116,141,57,0,198,173,65,0,238
50941,107,"CĂMINUL CULTURAL",PECINIŞCA,CS,505,10,0,0,10,23,1,0,24,30,3,0,33,34,3,0,37,76,8,0,84,91,11,0,102
50978,108,"ȘCOALA GIMNAZIALĂ NR. 1 BOCŞA",BOCŞA,CS,1330,7,0,0,7,37,1,0,38,47,2,0,49,72,3,0,75,158,7,0,165,197,14,0,211
50978,109,"ȘCOALA GIMNAZIALĂ NR. 1 BOCŞA",BOCŞA,CS,1208,14,0,0,14,54,0,0,54,70,0,0,70,90,0,0,90,164,3,0,167,212,9,0,221
50978,110,"ȘCOALA GIMNAZIALĂ NR. 1 BOCŞA",BOCŞA,CS,1292,9,0,0,9,45,1,0,46,65,3,0,68,79,3,0,82,143,7,0,150,214,10,0,224
50978,111,"LICEUL TEORETIC TATA OANCEA",BOCŞA,CS,1252,25,0,0,25,61,1,0,62,88,3,0,91,95,4,0,99,155,9,0,164,200,13,1,214
50978,112,"LICEUL TEORETIC TATA OANCEA",BOCŞA,CS,1088,27,0,0,27,76,0,0,76,116,1,0,117,126,1,0,127,228,5,0,233,265,6,0,271
50978,113,"LICEUL TEORETIC TATA OANCEA",BOCŞA,CS,849,7,0,0,7,38,0,0,38,50,4,0,54,58,5,0,63,110,7,0,117,141,9,0,150
50978,114,"GRĂDINIȚA CU PROGRAM NORMAL NR. 4 BOCŞA",BOCŞA,CS,1447,21,2,0,23,94,2,0,96,130,9,0,139,163,9,0,172,279,14,0,293,330,17,1,348
50978,115,"ȘCOALA GIMNAZIALĂ NR. 2 BOCŞA",BOCŞA,CS,1239,12,0,0,12,157,2,0,159,234,4,0,238,245,4,0,249,371,6,1,378,520,10,1,531
50978,116,"LICEUL TEHNOLOGIC ""CONSTANTIN LUCACI"" BOCSA",BOCŞA,CS,1586,11,4,0,15,62,6,0,68,97,7,0,104,109,7,0,116,219,13,0,232,276,18,0,294
50978,117,"GRĂDINIȚA CU PROGRAM NORMAL NR. 6 BOCŞA",BOCŞA,CS,1248,13,3,0,16,64,6,0,70,86,6,0,92,93,6,0,99,148,8,0,156,189,8,0,197
50978,118,"SERVICIU PUBLIC DE GOSPODĂRIE COMUNALĂ",BOCŞA,CS,1248,7,3,0,10,39,7,0,46,60,7,0,67,69,8,0,77,121,10,0,131,156,10,0,166
50978,119,"CLUBUL ELEVILOR",BOCŞA,CS,1357,14,1,0,15,37,3,0,40,69,6,0,75,102,10,0,112,156,16,0,172,223,17,0,240
51065,120,"ŞCOALA GIMNAZIALĂ ""ALEXANDRU MOISI""","MOLDOVA NOUĂ",CS,1290,17,1,0,18,62,1,0,63,86,2,0,88,110,9,0,119,185,18,0,203,258,23,0,281
51065,121,"CASA DE CULTURĂ","MOLDOVA NOUĂ",CS,908,30,1,0,31,70,1,0,71,92,1,0,93,123,1,0,124,195,1,0,196,262,20,0,282
51065,122,"GRĂDINIŢA CU PROGRAM NORMAL ""BAMBI""","MOLDOVA NOUĂ",CS,512,6,3,0,9,38,3,0,41,46,3,0,49,60,5,0,65,106,5,0,111,141,6,0,147
51065,123,"ŞCOALA GIMNAZIALĂ ""SOFIA ARCAN""","MOLDOVA NOUĂ",CS,1211,16,7,0,23,80,15,0,95,108,19,0,127,115,19,0,134,210,30,0,240,255,35,0,290
51065,124,"GRĂDINIŢA CU PROGRAM PRELUNGIT ""SF STELIAN""","MOLDOVA NOUĂ",CS,1101,12,2,0,14,54,7,0,61,71,9,0,80,79,12,0,91,140,14,0,154,194,16,0,210
51065,125,"LICEUL TEHNOLOGIC ""CLISURA DUNĂRII "" CORP C4- ȘCOALA CU 10 CLASE","MOLDOVA NOUĂ",CS,1344,14,5,0,19,61,5,0,66,101,6,0,107,115,7,0,122,173,12,0,185,228,16,2,246
51065,126,"LICEUL TEHNOLOGIC ""CLISURA DUNĂRII"" (CICLUL GIMNAZIAL)","MOLDOVA NOUĂ",CS,1012,24,0,0,24,61,7,0,68,85,7,0,92,91,8,0,99,141,9,0,150,189,12,1,202
51065,127,"GRĂDINIŢA CU PROGRAM PRELUNGIT ""LICURICII""","MOLDOVA NOUĂ",CS,989,7,5,0,12,33,5,0,38,40,5,24,69,46,5,24,75,105,8,24,137,135,11,29,175
51065,128,"LICEUL TEHNOLOGIC ""CLISURA DUNĂRII"" (CICLUL LICEAL)","MOLDOVA NOUĂ",CS,835,7,1,0,8,30,5,0,35,42,7,0,49,47,8,0,55,87,15,0,102,142,20,0,162
51074,129,"ŞCOALA PRIMARĂ ""SVETI PETAR I PAVLE/SFÂNTUL PETRU ŞI PAVEL""",MĂCEŞTI,CS,459,7,2,0,9,16,2,0,18,33,2,0,35,62,2,0,64,121,5,0,126,165,6,0,171
51083,130,"CĂMIN CULTURAL","MOLDOVA VECHE",CS,1284,21,2,0,23,70,7,0,77,109,9,0,118,136,11,0,147,234,16,0,250,310,20,0,330
51092,131,"CĂMIN CULTURAL",MOLDOVIŢA,CS,180,1,3,0,4,11,5,0,16,16,10,0,26,18,12,0,30,53,17,0,70,97,26,0,123
51127,132,"ŞCOALA GIMNAZIALĂ NR. 3 ORAVIŢA",ORAVIŢA,CS,1026,3,0,0,3,23,0,0,23,39,0,0,39,50,0,0,50,122,5,0,127,164,9,0,173
51127,133,"LICEUL TEORETIC ""GENERAL DRAGALINA""",ORAVIŢA,CS,841,6,3,0,9,26,14,0,40,36,14,0,50,52,14,0,66,94,16,0,110,128,22,0,150
51127,134,"GRĂDINIŢA PN NR. 2",ORAVIŢA,CS,877,8,1,0,9,45,6,1,52,62,10,1,73,75,10,1,86,157,17,1,175,209,20,1,230
51127,135,"LICEUL TEHNOLOGIC ,, MIHAI NOVAC'' ORAVIŢA",ORAVIŢA,CS,1160,9,3,0,12,45,10,0,55,55,13,0,68,72,19,0,91,137,21,0,158,191,27,0,218
51127,136,"ŞCOALA GIMNAZIALĂ ,, ROMUL LADEA ''ORAVIŢA",ORAVIŢA,CS,1260,8,2,0,10,45,2,0,47,79,4,0,83,91,6,0,97,156,10,0,166,201,13,0,214
51127,137,"ŞCOALA GIMNAZIALĂ ,,ROMUL LADEA'' ORAVIŢA",ORAVIŢA,CS,1530,17,4,0,21,46,7,0,53,64,13,0,77,83,16,0,99,125,18,0,143,178,24,0,202
51127,138,"ŞCOALA GIMNAZIALĂ ,, ROMUL LADEA'' ORAVIŢA",ORAVIŢA,CS,1082,9,2,0,11,47,4,0,51,55,10,0,65,62,10,0,72,102,17,0,119,137,30,0,167
51127,139,"CREŞA CĂMIN",ORAVIŢA,CS,1091,13,3,0,16,39,7,0,46,53,14,0,67,68,17,0,85,108,20,0,128,149,31,0,180
51154,140,"ŞCOALA PRIMARĂ AGADICI",AGADICI,CS,156,2,0,0,2,9,7,0,16,20,16,0,36,21,16,0,37,40,20,0,60,60,23,0,83
51163,141,"ŞCOALA PRIMARĂ BRĂDIŞORU DE JOS","BRĂDIŞORU DE JOS",CS,459,0,0,0,0,5,4,0,9,15,8,0,23,26,9,0,35,44,9,0,53,71,17,0,88
51172,142,"CĂMIN CULTURAL",BROŞTENI,CS,525,7,4,0,11,35,8,0,43,51,10,0,61,60,11,0,71,107,17,0,124,158,19,0,177
51136,143,"CĂMIN CULTURAL","CICLOVA MONTANĂ",CS,439,8,1,0,9,18,1,0,19,36,7,0,43,42,7,0,49,70,15,0,85,93,16,0,109
51181,144,"FOSTA ŞCOALA PRIMARĂ RĂCHITOVA",RĂCHITOVA,CS,309,4,4,0,8,11,7,0,18,24,11,0,35,37,16,0,53,55,19,0,74,71,20,0,91
51145,145,"CENTRUL ADMINISTRATIV",MARILA,CS,27,1,3,0,4,3,8,0,11,5,10,0,15,9,13,0,22,11,17,0,28,12,23,0,35
51216,146,"CASA DE CULTURĂ","OŢELU ROŞU",CS,962,24,3,0,27,61,5,0,66,85,6,0,91,102,6,0,108,148,17,0,165,194,21,0,215
51216,147,"CASA DE CULTURĂ","OŢELU ROŞU",CS,759,14,1,0,15,50,3,0,53,63,6,0,69,70,6,0,76,117,15,0,132,160,21,0,181
51216,148,"SCOALA GIMNZIALĂ NR. 3","OŢELU ROŞU",CS,1366,11,0,0,11,60,0,0,60,86,2,0,88,92,3,0,95,149,6,0,155,206,9,0,215
51216,149,"GRĂDINIŢA CU PROGRAM PRELUNGIT NR. 3","OŢELU ROŞU",CS,1131,28,6,0,34,65,8,0,73,85,11,0,96,97,12,0,109,165,13,0,178,208,13,0,221
51216,150,"CANTINA DE AJUTOR SOCIAL","OŢELU ROŞU",CS,847,7,0,0,7,39,4,0,43,56,16,0,72,70,16,0,86,128,24,0,152,146,25,0,171
51216,151,"GRĂDINIȚA CU PROGRAM NORMAL NR.2","OŢELU ROŞU",CS,1145,11,1,0,12,48,1,0,49,72,3,0,75,92,3,0,95,158,4,0,162,215,8,0,223
51216,152,"GRĂDINIŢA CU PROGRAM NORMAL GAI","OŢELU ROŞU",CS,1112,16,0,0,16,64,0,0,64,88,0,0,88,98,2,0,100,162,8,0,170,200,8,0,208
51216,153,"GRĂDINIŢA CU PROGRAM NORMAL VALEA OHĂBII","OŢELU ROŞU",CS,531,4,3,0,7,13,4,0,17,24,5,0,29,30,5,0,35,68,6,0,74,80,6,0,86
51216,154,"S.C. ""ROMFLEX"" S.A.","OŢELU ROŞU",CS,328,4,1,0,5,16,2,0,18,29,3,0,32,33,5,0,38,68,7,0,75,86,13,0,99
51216,155,"S.C. ""ROMFLEX"" S.A.","OŢELU ROŞU",CS,1250,12,0,0,12,36,1,0,37,53,2,0,55,65,3,0,68,145,7,0,152,220,10,0,230
51216,156,"CĂMINUL CULTURAL CIREȘA","OŢELU ROŞU",CS,644,6,0,0,6,23,0,0,23,50,2,0,52,61,2,0,63,134,5,0,139,171,8,0,179
51234,157,"CĂMINUL CULTURAL MAL",MAL,CS,297,4,0,0,4,26,11,0,37,40,11,0,51,51,11,0,62,104,16,0,120,161,18,0,179
51298,158,"CĂMINUL CULTURAL","SUB MARGINE",CS,145,2,0,0,2,2,0,0,2,5,1,0,6,10,1,0,11,34,1,0,35,43,4,0,47
51252,159,"ŞCOALA GIMNAZIALĂ",ARMENIŞ,CS,1100,9,1,0,10,33,2,0,35,58,2,0,60,80,3,0,83,213,15,0,228,335,32,0,367
51261,160,"SCOALA PRIMARA FENES",FENEŞ,CS,462,8,2,0,10,18,7,0,25,35,10,0,45,41,11,0,52,94,16,0,110,117,29,0,146
51289,161,"ŞCOALA PRIMARĂ","SAT BĂTRÎN",CS,301,1,0,0,1,9,0,0,9,24,2,0,26,31,4,0,35,83,9,0,92,105,11,0,116
51314,162,"CĂMINUL CULTURAL",BĂNIA,CS,950,19,1,0,20,36,4,0,40,79,6,0,85,100,9,0,109,230,16,0,246,368,17,0,385
51323,163,"FOSTA PRIMARIE",GÎRBOVĂŢ,CS,470,7,0,0,7,15,1,0,16,26,4,0,30,38,6,0,44,98,16,0,114,137,19,0,156
51341,164,"CASA CULTURALĂ BĂUŢARUL DE JOS",BĂUŢAR,CS,662,11,1,0,12,21,2,0,23,38,4,0,42,60,6,0,66,154,17,0,171,214,19,0,233
51341,165,"CASA CULTURALĂ BĂUŢARUL DE SUS",BĂUŢAR,CS,674,6,1,0,7,19,5,0,24,45,9,0,54,67,9,0,76,233,15,0,248,308,17,3,328
51350,166,"ȘCOALA GIMNAZIALĂ BUCOVA",BUCOVA,CS,752,5,2,0,7,12,2,0,14,17,7,0,24,34,7,0,41,127,12,0,139,269,20,0,289
51396,167,"ŞCOALA GIMNAZIALĂ BERLIŞTE",BERLIŞTE,CS,302,9,2,0,11,22,5,0,27,31,6,0,37,35,10,0,45,59,13,0,72,73,14,0,87
51403,168,"ŞCOALA PRIMARĂ IAM",IAM,CS,301,0,0,0,0,1,2,0,3,5,2,0,7,12,3,0,15,35,8,0,43,62,10,0,72
51412,169,"ŞCOALA PRIMARĂ MILCOVENI",MILCOVENI,CS,195,2,1,0,3,8,1,0,9,19,4,0,23,19,8,0,27,38,15,0,53,44,17,0,61
51421,170,"ŞCOALA PRIMARĂ RUSOVA-NOUĂ","RUSOVA NOUĂ",CS,162,3,2,0,5,10,8,0,18,12,11,0,23,14,12,0,26,26,17,0,43,38,20,0,58
51458,171,"CASA CULTURALĂ-BERZASCA",BERZASCA,CS,1165,31,4,0,35,189,11,0,200,332,19,1,352,430,20,1,451,620,45,1,666,811,50,1,862
51467,172,"ŞCOALA GIMNAZIALĂ-BIGAR",BIGĂR,CS,182,3,3,0,6,6,3,0,9,41,5,0,46,45,5,0,50,91,5,0,96,121,7,0,128
51494,173,"GRADINITA LIUBCOVA",LIUBCOVA,CS,904,66,0,0,66,230,2,0,232,332,2,0,334,392,3,0,395,600,8,0,608,693,9,0,702
51519,174,"LICEUL TEHNOLOGIC BERZOVIA",BERZOVIA,CS,884,5,2,0,7,23,3,0,26,44,8,0,52,57,8,0,65,121,14,0,135,167,31,0,198
51519,175,"LICEUL TEHNOLOGIC BERZOVIA",BERZOVIA,CS,862,6,0,0,6,15,0,0,15,25,0,0,25,31,0,0,31,91,0,0,91,112,0,0,112
51528,176,"ŞCOALA GIMNAZIALA FIZES",FIZEŞ,CS,623,2,1,0,3,15,2,0,17,29,6,0,35,36,7,0,43,68,13,0,81,90,13,0,103
51537,177,"ŞCOALA PRIMARA GHERTENIS",GHERTENIŞ,CS,789,7,1,0,8,16,3,0,19,27,7,0,34,36,10,0,46,95,18,0,113,141,22,0,163
51555,178,"CLUBUL TINERETULUI",BOLVAŞNIŢA,CS,387,7,2,0,9,11,2,0,13,16,3,0,19,25,4,0,29,80,6,0,86,135,10,0,145
51564,179,"CLUBUL TINERETULUI",VÎRCIOROVA,CS,757,5,0,0,5,21,0,0,21,29,0,0,29,60,1,0,61,143,7,0,150,259,11,0,270
51582,180,"SCOALA CLASELE I-IV",BOZOVICI,CS,1162,15,1,0,16,74,4,0,78,105,7,0,112,136,9,0,145,258,22,0,280,403,37,0,440
51582,181,"LICEUL TEORETIC BOZOVICI",BOZOVICI,CS,650,9,3,0,12,34,4,0,38,51,6,0,57,64,9,0,73,120,27,0,147,200,46,1,247
51608,182,"ŞCOALA CU CLASELE I - VIII",PRILIPEŢ,CS,592,15,0,0,15,33,3,0,36,52,9,0,61,70,9,0,79,125,13,0,138,256,23,0,279
51644,183,"CĂMINUL CULTURAL",APADIA,CS,198,1,0,0,1,4,1,0,5,6,3,0,9,9,4,0,13,20,5,0,25,31,10,0,41
51635,184,"ŞCOALA GENERALĂ CU CLASELE I - VIII ""SF. IACOB""",BREBU,CS,567,2,1,0,3,11,1,0,12,18,2,0,20,21,4,0,25,97,24,0,121,144,49,0,193
51653,185,"ŞCOALA CU CLASELE I - IV",VALEADENI,CS,200,4,5,0,9,10,7,0,17,13,8,0,21,15,8,0,23,49,34,0,83,58,41,0,99
51680,186,"CĂMINUL CULTURAL",GĂRÎNA,CS,269,2,3,0,5,3,11,0,14,5,17,0,22,8,17,0,25,12,22,0,34,13,27,0,40
51724,187,"CLĂDIREA APARȚINĂTOARE COMUNEI BUCHIN (FOST SEDIU AL PRIMĂRIEI)",POIANA,CS,524,16,0,0,16,35,0,0,35,40,0,0,40,85,2,0,87,203,13,10,226,300,23,10,333
51706,188,"ŞCOALA CU CLASELE I - IV",BUCHIN,CS,748,12,0,0,12,26,4,0,30,55,5,0,60,68,5,0,73,150,16,0,166,210,26,0,236
51742,189,GRĂDINIŢA,"VALEA TIMIŞULUI",CS,428,3,0,0,3,14,0,0,14,24,0,0,24,32,1,0,33,104,10,0,114,147,18,0,165
51760,190,"SCOALA PRIMARA BUCOSNITA",BUCOŞNIŢA,CS,611,3,2,0,5,4,2,0,6,18,4,0,22,46,5,0,51,157,11,0,168,234,15,0,249
51788,191,"SCOALA GIZMNAZIALA PETROSNITA",PETROŞNIŢA,CS,799,3,2,0,5,30,4,0,34,60,6,0,66,74,7,0,81,231,17,0,248,348,32,0,380
51779,192,"SCOALA PRIMARA GOLET",GOLEŢ,CS,446,7,0,0,7,24,0,0,24,47,2,0,49,60,2,0,62,173,11,0,184,240,18,0,258
51797,193,"SCOALA PRIMARA VALISOARA",VĂLIŞOARA,CS,529,2,0,0,2,15,7,0,22,27,11,0,38,37,12,0,49,107,19,0,126,171,27,0,198
51813,194,"CĂMINUL CULTURAL",CARAŞOVA,CS,866,10,0,0,10,15,0,0,15,26,3,0,29,44,4,0,48,87,6,0,93,116,9,0,125
51822,195,"ŞCOALA PRIMARĂ IABALCEA",IABALCEA,CS,162,3,0,0,3,7,0,0,7,9,1,0,10,15,2,0,17,35,5,0,40,50,9,0,59
51831,196,"ŞCOALA PRIMARĂ NERMED",NERMED,CS,439,1,0,0,1,5,0,0,5,11,0,0,11,31,1,0,32,92,7,0,99,122,10,0,132
51813,197,"GRĂDINIȚA CU PROGRAM NORMAL CARAȘOVA",CARAŞOVA,CS,1053,2,0,0,2,8,0,0,8,15,0,0,15,25,0,0,25,82,1,0,83,105,3,0,108
51859,198,"ŞCOALA GIMNAZIALĂ",CĂRBUNARI,CS,539,9,2,0,11,39,3,0,42,49,8,0,57,72,10,0,82,183,25,0,208,281,37,9,327
51868,199,"ŞCOALA PRIMARĂ",ŞTINĂPARI,CS,286,6,3,0,9,29,7,0,36,43,14,0,57,48,14,0,62,101,25,0,126,139,29,0,168
51957,200,"SCOALA GIMNAZIALA CICLOVA ROMANA","CICLOVA ROMÂNĂ",CS,940,9,2,0,11,41,10,0,51,51,13,0,64,81,16,0,97,147,33,0,180,196,37,0,233
51966,201,"ŞCOALA PRIMARA ILIDIA",ILIDIA,CS,285,1,0,0,1,6,4,0,10,9,5,0,14,30,21,0,51,65,33,0,98,75,45,0,120
51975,202,"CADIREA PRIMARIEI(FOSTUL SEDIU AL PRIMARIEI DIN SOCOLARI)",SOCOLARI,CS,116,9,0,0,9,13,3,0,16,19,5,0,24,22,6,0,28,42,23,0,65,50,33,0,83
51993,203,"CASA DE CULTURĂ",CIUCHICI,CS,425,18,4,0,22,46,7,0,53,55,9,0,64,59,9,0,68,119,19,0,138,141,24,0,165
52008,204,"CASA DE CULTURĂ",MACOVIŞTE,CS,79,3,0,0,3,10,7,0,17,17,10,0,27,17,13,0,30,31,23,0,54,40,25,0,65
52026,205,"CASA DE CULTURĂ",PETRILOVA,CS,120,10,4,0,14,19,6,0,25,22,11,0,33,22,12,0,34,29,22,0,51,36,25,0,61
52017,206,"SEDIUL FOSTEI PRIMĂRII NICOLINŢ",NICOLINŢ,CS,249,1,1,0,2,15,3,0,18,28,7,0,35,33,7,0,40,57,14,0,71,68,17,0,85
52053,207,"CĂMINUL CULTURAL",JITIN,CS,102,3,0,0,3,6,0,0,6,14,0,0,14,20,4,0,24,39,6,0,45,48,10,0,58
52044,208,"ŞCOALA GIMNAZIALĂ",CIUDANOVIŢA,CS,412,6,1,0,7,27,4,0,31,38,5,0,43,42,5,0,47,69,14,0,83,96,18,0,114
51895,209,"ŞCOALA CU CLASELE I - VIII",MACIOVA,CS,392,3,0,0,3,15,3,0,18,25,5,0,30,32,7,0,39,73,14,0,87,96,16,0,112
51939,210,"ŞCOALA CU CLASELE I - VIII",ZĂGUJENI,CS,452,4,1,0,5,8,1,0,9,18,2,0,20,24,3,0,27,72,10,0,82,125,17,2,144
51902,211,"ŞCOALA CU CLASELE I - IV","MÎTNICU MARE",CS,310,6,1,0,7,12,3,0,15,18,8,0,26,22,10,0,32,70,18,0,88,92,19,0,111
51911,212,"ŞCOALA CU CLASELE I - IV",PEŞTERE,CS,181,3,2,0,5,3,4,0,7,5,5,0,10,9,6,0,15,29,16,0,45,54,25,0,79
51920,213,"ŞCOALA CU CLASELE I - IV",PRISACA,CS,357,4,1,0,5,15,3,0,18,18,5,0,23,21,5,0,26,53,7,0,60,96,12,4,112
51886,214,"GRĂDINIŢA DIN CADRUL ŞCOLII CU CLASELE I - VIII",CĂVĂRAN,CS,587,2,0,0,2,14,3,0,17,21,5,0,26,30,7,0,37,96,11,0,107,165,18,0,183
52071,215,"ŞCOALA CU CLASELE I - VIII",COPĂCELE,CS,314,4,0,0,4,15,2,0,17,16,3,0,19,20,4,0,24,59,15,0,74,99,23,8,130
52080,216,"ŞCOALA CU CLASELE I - IV",OHABA-MÎTNIC,CS,232,8,0,0,8,24,4,0,28,40,14,0,54,47,17,0,64,91,27,0,118,134,48,6,188
52099,217,"ŞCOALA CU CLASELE I - IV",RUGINOSU,CS,98,2,1,0,3,3,2,0,5,6,3,0,9,10,3,0,13,29,3,0,32,37,6,0,43
52106,218,"ŞCOALA CU CLASELE I - IV",ZORILE,CS,317,3,0,0,3,8,2,0,10,11,2,0,13,33,3,0,36,69,12,0,81,95,17,0,112
52124,219,"SCOALAGIMNAZIALA TRAIAN LALESCU CORNEA,CU CLASELE I- VIII",CORNEA,CS,619,4,1,0,5,9,2,0,11,17,2,0,19,20,2,0,22,73,7,0,80,98,10,0,108
52133,220,"GRADINITA CU PROGRAM NORMAL PRICHINDELUL CRUSOVAT",CRUŞOVĂŢ,CS,370,4,1,0,5,21,3,0,24,30,6,0,36,44,6,0,50,72,13,0,85,112,19,0,131
52142,221,"SCOALA GIMNAZIALA CU CLASELE I-VIII CUPTOARE-STRUCTURA",CUPTOARE,CS,503,3,0,0,3,15,0,0,15,38,0,0,38,60,0,0,60,166,23,0,189,256,32,0,288
52179,222,"CENTRU DE ZI AFTER SCHOOL CORNEREVA",CORNEREVA,CS,466,12,1,0,13,15,3,0,18,24,4,10,38,30,4,10,44,97,13,10,120,132,14,14,160
52197,223,"ŞCOALA PRIMARĂ BOGÎLTIN",BOGÎLTIN,CS,334,2,1,0,3,5,1,0,6,9,3,0,12,14,4,0,18,59,12,0,71,80,15,0,95
52286,224,"ŞCOALA PRIMARĂ DOBRAIA",DOBRAIA,CS,64,0,0,0,0,1,1,0,2,7,2,0,9,7,2,0,9,19,4,0,23,24,6,0,30
52295,225,"ŞCOALA PRIMARĂ DOLINA",DOLINA,CS,648,7,2,0,9,13,3,0,16,21,3,1,25,39,3,1,43,124,6,1,131,232,13,1,246
52302,226,"ŞCOALA GIMNAZIALĂ NR. 2 GRUNI",GRUNI,CS,786,5,1,0,6,17,1,0,18,29,1,0,30,37,2,0,39,116,2,1,119,224,5,8,237
52339,227,"ŞCOALA PRIMARĂINELEȚ",INELEŢ,CS,84,1,0,0,1,3,0,0,3,7,2,0,9,7,2,0,9,14,3,0,17,22,3,0,25
53504,228,"CĂMINUL CULTURAL","SFÎNTA ELENA",CS,451,12,2,0,14,35,3,0,38,52,3,0,55,73,3,0,76,143,4,0,147,170,7,1,178
53498,229,"ŞCOALA GIMNAZIALA CORONINI",CORONINI,CS,1147,70,4,0,74,167,10,0,177,306,18,0,324,333,21,0,354,462,32,0,494,576,36,9,621
52589,230,"CĂMINUL CULTURAL-DALBOSET",DALBOŞEŢ,CS,847,10,0,0,10,36,3,0,39,57,5,0,62,73,7,0,80,146,19,4,169,237,28,4,269
52641,231,"ȘCOALA PRIMARĂ ȘOPOTU VECHI","ŞOPOTU VECHI",CS,526,12,0,0,12,28,3,0,31,49,7,0,56,68,11,0,79,146,15,0,161,187,18,0,205
52669,232,"ŞCOALA PRIMARĂ DOCLIN",DOCLIN,CS,425,6,0,0,6,20,5,0,25,24,5,0,29,35,6,0,41,67,17,0,84,94,19,0,113
52678,233,"ŞCOALA PRIMARĂ BINIŞ",BINIŞ,CS,653,7,1,0,8,26,1,0,27,39,3,0,42,48,3,0,51,90,10,0,100,128,11,0,139
52687,234,"ŞCOALA GIMNAZIALĂ TIROL",TIROL,CS,542,2,2,0,4,4,5,0,9,6,6,0,12,11,6,0,17,35,9,0,44,65,11,0,76
52712,235,"CĂMINUL CULTURAL",CALINA,CS,79,1,5,0,6,1,5,0,6,5,7,0,12,6,7,0,13,16,10,0,26,22,11,0,33
52703,236,"SCOALA GIMNAZIALA DOGNECEA",DOGNECEA,CS,964,6,1,0,7,43,7,0,50,58,11,0,69,71,11,0,82,125,19,0,144,166,24,0,190
52703,237,"SCOALA GIMNAZIALA",DOGNECEA,CS,580,4,1,0,5,25,2,0,27,68,3,0,71,75,4,0,79,165,10,0,175,208,13,0,221
52730,238,"CĂMINUL CULTURAL",DOMAŞNEA,CS,801,11,3,0,14,26,6,0,32,33,9,0,42,66,14,0,80,181,32,0,213,267,43,0,310
52749,239,"CĂMINUL CULTURAL",CĂNICEA,CS,307,0,2,0,2,4,2,0,6,7,2,0,9,7,2,0,9,28,5,0,33,66,8,0,74
53719,240,"CĂMINUL CULTURAL","EFTIMIE MURGU",CS,1330,30,0,0,30,83,6,0,89,157,10,0,167,210,12,0,222,412,18,0,430,516,24,0,540
52767,241,"ȘCOALA GIMNAZIALĂ”AUREL PEIA”",EZERIŞ,CS,540,0,1,0,1,4,1,0,5,6,1,0,7,13,1,0,14,42,9,0,51,56,15,0,71
52776,242,"CASA DE CULTURA SOCENI",SOCENI,CS,540,1,0,0,1,5,0,0,5,8,2,0,10,11,5,0,16,38,12,0,50,52,17,0,69
52794,243,"ŞCOALA GIMNAZIALĂ FÎRLIUG",FÎRLIUG,CS,647,6,0,0,6,16,0,0,16,26,1,0,27,44,4,0,48,96,25,0,121,140,39,0,179
52801,244,"CENTRUL AGRICOL DEZEŞTI",DEZEŞTI,CS,149,3,0,0,3,9,3,0,12,14,5,0,19,19,7,0,26,68,25,0,93,83,39,0,122
52810,245,"CĂMINUL CULTURAL",DULEU,CS,163,3,0,0,3,7,4,0,11,10,10,0,20,13,10,0,23,63,25,0,88,84,26,0,110
52838,246,"CĂMINUL CULTURAL",SCĂIUŞ,CS,236,6,2,0,8,9,3,0,12,17,3,0,20,23,3,0,26,38,11,0,49,65,13,0,78
52847,247,"CĂMINUL CULTURAL","VALEA MARE",CS,93,1,1,0,2,2,2,0,4,6,3,0,9,10,4,0,14,27,13,0,40,42,16,0,58
52829,248,"ŞCOALA PRIMARĂ REMETEA-POGĂNICI",REMETEA-POGĂNICI,CS,172,6,0,0,6,8,0,0,8,9,2,0,11,12,3,0,15,27,5,0,32,32,9,0,41
52883,249,"ŞCOALA PRIMARĂ",COMORÎŞTE,CS,464,4,0,0,4,14,2,0,16,34,5,0,39,39,5,0,44,124,15,0,139,189,20,0,209
52892,250,"ŞCOALA PRIMARĂ","SURDUCU MARE",CS,364,3,0,0,3,6,3,0,9,16,7,0,23,19,7,0,26,46,15,0,61,89,21,0,110
52865,251,"ŞCOALA GIMNAZIALĂ ""PETRU OALLDE""",FOROTIC,CS,566,4,0,0,4,14,3,0,17,26,7,0,33,34,8,0,42,92,13,0,105,141,17,0,158
52918,252,"CASA CULTURALĂ ""PETR GLASER""",GÎRNIC,CS,397,2,0,0,2,3,0,0,3,6,0,0,6,7,0,0,7,41,8,0,49,54,11,2,67
52927,253,"CASA CULTURALA PADINA-MATEI","PADINA MATEI",CS,739,12,1,0,13,29,1,0,30,56,2,0,58,69,2,0,71,204,9,10,223,273,18,10,301
52945,254,"CĂMINUL CULTURAL",GLIMBOCA,CS,1544,14,1,0,15,91,6,0,97,150,10,0,160,195,11,0,206,335,15,0,350,476,18,41,535
52963,255,"CĂMINUL CULTURAL",GORUIA,CS,312,1,0,0,1,12,0,0,12,22,1,0,23,22,1,0,23,50,5,0,55,78,14,0,92
52972,256,"ŞCOALA CU CLASELE I - IV",GIURGIOVA,CS,128,3,1,0,4,7,5,0,12,9,6,0,15,27,18,0,45,30,21,0,51,44,29,0,73
52981,257,"DISPENSARUL MEDICAL",GÎRLIŞTE,CS,216,1,3,0,4,9,10,0,19,14,16,0,30,16,21,0,37,35,28,0,63,42,33,0,75
53005,258,"ŞCOALA GIMNAZIALA PAVEL BORDAN",GRĂDINARI,CS,872,14,2,0,16,33,4,0,37,44,7,0,51,54,8,0,62,115,15,1,131,155,31,1,187
53014,259,"CLADIRE PRIMARIE GREONI",GREONI,CS,794,10,0,0,10,22,5,0,27,32,5,0,37,35,5,0,40,57,6,0,63,82,11,0,93
53032,260,"CĂMINUL CULTURAL",IABLANIŢA,CS,613,17,0,0,17,36,4,0,40,47,5,0,52,63,6,0,69,159,15,0,174,275,26,0,301
53041,261,"ŞCOALA PRIMARĂ","GLOBU CRAIOVEI",CS,546,13,5,0,18,38,9,0,47,54,13,0,67,84,19,0,103,157,23,0,180,225,29,0,254
53050,262,"ŞCOALA PRIMARĂ",PETNIC,CS,618,7,0,0,7,19,6,0,25,41,8,0,49,54,12,0,66,156,14,0,170,255,22,0,277
53078,263,"CLĂDIREA AFTER SCHOOL",LĂPUŞNICEL,CS,397,7,6,0,13,21,11,0,32,40,26,0,66,50,26,0,76,97,56,1,154,146,66,1,213
53087,264,"ŞCOALA GIMNAZIALA",PÎRVOVA,CS,355,25,4,0,29,51,8,0,59,69,14,0,83,99,18,0,117,188,34,0,222,242,44,0,286
53096,265,"ŞCOALA GIMNAZIALA",ŞUMIŢA,CS,70,5,0,0,5,22,0,0,22,27,0,0,27,27,0,0,27,42,2,0,44,51,5,0,56
53112,266,"CĂMINUL CULTURAL","LĂPUŞNICU MARE",CS,902,12,1,0,13,52,5,0,57,86,7,0,93,119,11,0,130,221,21,0,242,304,25,0,329
53121,267,"CĂMINUL CULTURAL",MOCERIŞ,CS,471,2,0,0,2,19,5,0,24,29,6,0,35,37,6,0,43,79,14,0,93,163,24,0,187
53149,268,"GRADINITA CU PROGRAM NORMALLUNCAVITA",LUNCAVIŢA,CS,671,8,0,0,8,13,1,0,14,13,1,0,14,24,2,0,26,70,4,0,74,91,4,0,95
53158,269,"SCOALA GIMNAZIALA VERENDIN",VERENDIN,CS,1332,6,0,0,6,8,0,0,8,15,0,0,15,21,1,0,22,59,5,0,64,132,8,0,140
53176,270,"ŞCOALA GIMNAZIALA LUPAC",LUPAC,CS,743,1,0,0,1,7,0,0,7,17,1,0,18,25,1,0,26,46,1,0,47,82,8,0,90
53185,271,"ŞCOALA GIMNAZIALA CLOCOTICI",CLOCOTICI,CS,705,5,3,0,8,16,6,0,22,24,7,0,31,31,8,0,39,70,15,0,85,86,16,0,102
53194,272,"ŞCOALA PRIMARA RAFNIC",RAFNIC,CS,437,7,1,0,8,9,1,0,10,16,1,0,17,16,1,0,17,28,1,0,29,43,1,0,44
53201,273,"ŞCOALA PRIMARA VODNIC",VODNIC,CS,344,2,3,0,5,4,3,0,7,4,4,0,8,4,5,0,9,11,5,0,16,20,5,0,25
53229,274,"CĂMINUL CULTURAL",MARGA,CS,908,15,0,0,15,64,4,0,68,100,5,0,105,120,5,0,125,240,15,0,255,365,27,13,405
53256,275,"CĂMINUL CULTURAL",MĂURENI,CS,1501,17,0,0,17,46,1,0,47,63,1,0,64,94,5,0,99,188,14,0,202,231,21,0,252
53265,276,"CĂMIN CULTURAL",ŞOŞDEA,CS,684,6,1,0,7,14,2,0,16,29,4,0,33,42,6,0,48,88,14,0,102,141,18,0,159
53292,277,"ŞCOALA GENERALĂ",GLOBURĂU,CS,196,4,2,0,6,7,2,0,9,8,2,0,10,10,2,0,12,24,4,0,28,34,6,0,40
53309,278,"ŞCOALA GENERALĂ",PLUGOVA,CS,670,6,0,0,6,16,3,0,19,25,4,0,29,44,4,0,48,82,5,0,87,120,12,0,132
53318,279,"ŞCOALA GENERALĂ","VALEA BOLVAŞNIŢA",CS,560,15,3,0,18,32,10,0,42,50,13,0,63,62,14,0,76,125,24,0,149,167,36,0,203
53283,280,"LICEUL TEHNOLOGIC ""NICOLAE STOICA DE HATEG""",MEHADIA,CS,1157,10,2,0,12,29,6,0,35,45,6,0,51,58,6,0,64,137,17,0,154,157,22,0,179
53283,281,"LICEUL TEHNOLOGIC ""NICOLAE STOICA DE HATEG""",MEHADIA,CS,834,4,0,0,4,18,0,0,18,34,3,0,37,36,3,0,39,66,3,0,69,88,4,0,92
53336,282,"ŞCOALA GENERALĂ CU CLASELE I - VIII",MEHADICA,CS,584,3,0,0,3,22,0,0,22,32,3,0,35,43,4,0,47,120,10,0,130,247,23,0,270
53363,283,"CĂMINUL CULTURAL",LESCOVIŢA,CS,212,5,2,0,7,12,3,0,15,21,6,0,27,25,9,0,34,65,21,0,86,76,34,0,110
53354,284,"PRIMĂRIA VECHE",NAIDĂŞ,CS,664,10,2,0,12,27,6,0,33,42,6,0,48,52,7,0,59,115,11,7,133,134,19,7,160
53381,285,"SCOALA GIMNAZIALA OBREJA",OBREJA,CS,1482,18,5,0,23,56,6,0,62,106,8,0,114,149,12,0,161,291,27,0,318,440,31,0,471
53390,286,"SCOALA PRIMARA CIUTA",CIUTA,CS,299,9,1,0,10,30,5,0,35,35,7,0,42,38,7,0,45,102,13,0,115,154,22,0,176
53407,287,"SCOALA PRIMARA IAZ",IAZ,CS,592,10,4,0,14,45,5,0,50,70,10,0,80,86,10,0,96,158,32,0,190,225,45,0,270
53416,288,"SCOALA PRIMARA VAR",VAR,CS,325,2,2,0,4,12,4,0,16,26,10,0,36,39,18,0,57,98,35,0,133,146,58,5,209
50996,289,"ŞCOALA GIMNAZIALĂ","OCNA DE FIER",CS,591,13,4,0,17,37,7,0,44,47,7,0,54,52,7,0,59,86,9,0,95,108,9,0,117
53434,290,"CĂMINUL CULTURAL",PĂLTINIŞ,CS,570,16,0,0,16,31,2,0,33,46,2,0,48,62,4,0,66,109,11,0,120,159,20,0,179
53461,291,"CĂMINUL CULTURAL",OHABIŢA,CS,65,1,0,0,1,1,2,0,3,3,5,0,8,7,5,0,12,23,10,0,33,26,13,0,39
53443,292,"ŞCOALA GIMNAZIALĂ CORNUȚEL",CORNUŢEL,CS,846,8,4,0,12,17,6,0,23,32,7,0,39,38,8,0,46,117,18,0,135,162,25,0,187
53452,293,"ŞCOALA GIMNAZIALĂ DELINEȘTI",DELINEŞTI,CS,353,2,3,0,5,4,3,0,7,11,6,0,17,19,6,0,25,53,17,0,70,85,25,0,110
53470,294,GRĂDINIȚA,RUGI,CS,221,5,1,0,6,5,1,0,6,6,1,0,7,6,2,0,8,30,11,0,41,43,12,0,55
53522,295,"ŞCOALA GIMNAZIALA ""ATANASIE COJOCARU"" POJEJENA",POJEJENA,CS,925,9,1,0,10,43,2,0,45,69,6,0,75,86,6,0,92,217,20,0,237,323,36,0,359
53531,296,"ŞCOALA GIMNAZIALA ""BORISLAV CRISTICI"" BELOBREȘCA",BELOBREŞCA,CS,498,10,2,0,12,37,2,0,39,48,2,0,50,58,4,0,62,113,32,0,145,142,34,0,176
53559,297,"GRĂDINIŢA CU PROGRAM NORMAL RADIMNA",RADIMNA,CS,444,5,2,0,7,31,2,0,33,54,3,0,57,60,4,0,64,114,6,0,120,174,9,0,183
53540,298,"GRĂDINIŢA CU PROGRAM NORMAL DIVICI",DIVICI,CS,215,3,0,0,3,16,4,0,20,21,12,0,33,28,12,0,40,77,19,0,96,90,23,0,113
53568,299,"GRĂDINIŢA CU PROGRAM NORMAL ŞUȘCA",ŞUŞCA,CS,377,21,0,0,21,58,4,0,62,85,6,0,91,102,6,0,108,145,11,0,156,177,17,0,194
53602,300,"CĂMINUL CULTURAL","BORLOVENII VECHI",CS,374,8,2,0,10,36,10,0,46,59,10,0,69,71,13,0,84,140,19,0,159,190,24,0,214
53595,301,"ŞCOALA GENERALĂ","BORLOVENII NOI",CS,340,8,3,0,11,13,6,0,19,25,6,0,31,38,6,0,44,105,14,0,119,146,16,7,169
53611,302,"ŞCOALA GENERALĂ",PĂTAŞ,CS,439,8,0,0,8,12,1,0,13,30,2,0,32,42,4,0,46,90,5,0,95,150,14,5,169
53620,303,"ŞCOALA GENERALĂ",PUTNA,CS,135,5,1,0,6,10,6,0,16,16,8,0,24,18,9,0,27,51,11,0,62,63,11,0,74
53586,304,"CLADIRE PRIMARIE (ŞCOALA VECHE)",PRIGOR,CS,750,7,2,0,9,29,10,0,39,45,10,0,55,53,11,0,64,125,19,0,144,209,21,0,230
53648,305,"ŞCOALA GIMNAZIALĂ RAMNA",RAMNA,CS,976,11,1,0,12,28,2,0,30,37,3,0,40,72,6,0,78,146,16,0,162,276,30,0,306
53666,306,"ŞCOALA CU CLASELE I - IV - VALEAPAI",VALEAPAI,CS,336,4,0,0,4,18,5,0,23,28,7,0,35,31,13,0,44,64,29,0,93,81,41,0,122
53684,307,"CĂMINUL CULTURAL",RĂCĂŞDIA,CS,1340,11,2,0,13,38,3,0,41,59,5,0,64,107,10,0,117,184,19,0,203,215,24,0,239
53693,308,"CLĂDIREA FOSTEI PRIMĂRII VRĂNIUŢ",VRĂNIUŢ,CS,297,1,1,0,2,6,5,0,11,10,8,0,18,15,8,0,23,27,14,0,41,40,23,0,63
53737,309,"ŞCOALA GIMNAZIALĂ ŞTEFAN VELOVAN","RUSCA MONTANĂ",CS,1326,19,1,0,20,35,2,0,37,40,2,0,42,65,2,0,67,164,11,0,175,337,19,1,357
53746,310,"GRĂDINIŢA CU PROGRAM NORMAL",RUŞCHIŢA,CS,283,9,1,0,10,17,2,0,19,18,2,0,20,21,2,0,23,43,6,0,49,54,7,0,61
53782,311,"GRĂDINIȚA CU PROGRAM NORMAL TINCOVA",TINCOVA,CS,364,1,2,0,3,9,2,0,11,15,6,0,21,22,8,0,30,53,17,0,70,71,22,0,93
53764,312,"CLUB CĂMIN CULTURAL",SACU,CS,662,4,0,0,4,9,0,0,9,13,4,0,17,20,6,0,26,98,11,0,109,139,19,0,158
53773,313,"CĂMINUL CULTURAL SĂLBĂGELU NOU","SĂLBĂGELU NOU",CS,205,6,2,0,8,18,2,0,20,26,4,0,30,36,4,0,40,82,8,0,90,104,18,2,124
53817,314,"CĂMINUL CULTURAL",BOGODINŢ,CS,83,0,2,0,2,7,11,0,18,8,18,0,26,14,20,0,34,27,25,0,52,39,37,0,76
53835,315,"CĂMINUL CULTURAL","SASCA ROMÂNĂ",CS,284,10,2,0,12,20,3,0,23,20,4,0,24,23,4,0,27,44,4,0,48,72,9,0,81
53844,316,"CĂMINUL CULTURAL",SLATINA-NERA,CS,294,6,2,0,8,99,21,0,120,109,25,0,134,113,27,0,140,150,46,0,196,169,55,5,229
53808,317,"SCOALA GIMNAZIALA ,,MIHAI NOVAC"" SASCA MONTANA","SASCA MONTANĂ",CS,404,1,0,0,1,13,6,0,19,31,10,0,41,36,10,0,46,69,25,0,94,92,29,0,121
53826,318,"ŞCOALA PRIMARA POTOC",POTOC,CS,215,3,2,0,5,13,6,0,19,24,8,0,32,39,10,0,49,66,17,0,83,89,23,0,112
53942,319,"GRĂDINIŢA CU PROGRAM NORMAL GORNEA",GORNEA,CS,457,25,5,0,30,45,8,0,53,57,8,0,65,94,10,0,104,165,23,0,188,240,34,15,289
53862,320,"CAMIN CULTURAL SICHEVITA",SICHEVIŢA,CS,1262,20,2,0,22,46,2,0,48,74,2,0,76,142,8,0,150,245,20,0,265,325,24,2,351
53951,321,"CENTRU DE INFORMARE TURISTICA COMUNA SICHEVITA",LIBORAJDEA,CS,85,0,1,0,1,1,7,0,8,1,10,0,11,1,11,0,12,1,13,0,14,7,16,0,23
54065,322,"SCOALAPRIMARA SLATINA -TIMIS",SLATINA-TIMIŞ,CS,1407,20,2,0,22,47,3,0,50,63,6,0,69,81,7,0,88,225,11,0,236,305,12,0,317
54074,323,SCOALAPRIMARAILOVA,ILOVA,CS,617,6,0,0,6,17,2,0,19,32,3,0,35,52,4,0,56,165,4,0,169,244,8,0,252
54083,324,"SCOALA PRIMARA SADOVA-NOUA","SADOVA NOUĂ",CS,193,1,0,0,1,10,0,0,10,11,3,0,14,14,3,0,17,59,5,0,64,78,5,0,83
54092,325,"GRADINITACU PROGRAMNORMAL SADOVA-VECHE","SADOVA VECHE",CS,313,3,1,0,4,8,3,0,11,15,3,0,18,22,3,0,25,44,9,0,53,54,9,0,63
54118,326,"ŞCOALA GIMNAZIALĂ ""SF. SAVA"" - SOCOL",SOCOL,CS,597,12,1,0,13,23,1,0,24,44,3,0,47,64,4,0,68,127,8,14,149,194,13,14,221
54127,327,"CĂMINUL CULTURAL - BAZIAȘ",BAZIAŞ,CS,47,2,4,0,6,2,8,0,10,2,10,0,12,4,10,0,14,9,14,1,24,11,23,1,35
54136,328,"ŞCOALA PRIMARĂ CÎMPIA",CÎMPIA,CS,463,2,2,0,4,17,2,0,19,30,3,0,33,34,4,0,38,99,11,0,110,133,15,16,164
54154,329,"ŞCOALA GIMNAZIALĂ- ZLATITA",ZLATIŢA,CS,617,11,2,0,13,43,3,0,46,89,8,0,97,101,11,0,112,205,21,0,226,267,22,15,304
54172,330,"CĂMINUL CULTURAL-SOPOTU NOU","ŞOPOTU NOU",CS,275,3,0,0,3,10,2,0,12,39,11,0,50,44,13,0,57,90,24,1,115,114,26,1,141
54216,331,"CĂMINUL CULTURAL-RAVENSCA",RAVENSCA,CS,113,0,0,0,0,6,0,0,6,9,0,0,9,11,1,0,12,33,4,0,37,38,4,0,42
54225,332,"ŞCOALA PRIMARA - RACHITA",RĂCHITA,CS,100,0,0,0,0,1,1,0,2,5,1,0,6,7,4,0,11,19,4,0,23,29,5,0,34
54234,333,"CAMININUL CULTURAL-STANCILOVADE JOS",STĂNCILOVA,CS,88,0,0,0,0,8,2,0,10,16,4,0,20,16,4,0,20,29,4,0,33,31,6,0,37
54234,334,"CAMINNUL CULTURAL STANCILOVA DE SUS",STĂNCILOVA,CS,131,5,3,0,8,9,5,0,14,12,5,0,17,15,5,0,20,33,5,0,38,38,5,0,43
54261,335,"CĂMINUL CULTURAL-VALEA ROSIE","VALEA ROŞIE",CS,212,1,0,0,1,15,0,0,15,28,4,0,32,41,4,0,45,61,7,0,68,103,10,0,113
54289,336,"CĂMINUL CULTURAL",TEREGOVA,CS,1217,10,0,0,10,27,0,0,27,52,0,0,52,81,0,0,81,201,0,0,201,317,0,0,317
54289,337,"LICEUL TEHNOLOGIC ""SF. DIMITRIE""",TEREGOVA,CS,1121,8,0,0,8,36,4,0,40,47,5,0,52,87,6,0,93,219,18,0,237,375,29,0,404
54298,338,"OFICIUL PRIMĂRIEI",RUSCA,CS,975,7,1,0,8,22,2,0,24,26,4,0,30,33,4,0,37,129,15,0,144,231,18,0,249
54323,339,"ŞCOALA CU CLASELE I - IV",CÎRNECEA,CS,260,0,0,0,0,3,0,0,3,8,7,0,15,11,7,0,18,19,9,0,28,38,10,0,48
54332,340,"ŞCOALA CU CLASELE I - IV",SECĂŞENI,CS,298,1,2,0,3,7,2,0,9,13,6,0,19,15,7,0,22,34,19,0,53,49,23,0,72
54341,341,"ŞCOALA CU CLASELE I - IV","TICVANIU MIC",CS,268,0,3,0,3,7,4,0,11,19,6,0,25,22,6,0,28,46,8,0,54,66,10,0,76
54314,342,"CASA DE CULTURĂ ""VIRGIL BIROU""","TICVANIU MARE",CS,699,6,0,0,6,9,4,0,13,12,5,0,17,21,7,0,28,43,11,0,54,53,14,0,67
54369,343,"ŞCOALA GIMNAZIALĂ TÎRNOVA",TÎRNOVA,CS,1373,3,0,0,3,19,3,0,22,52,7,0,59,75,7,0,82,172,14,0,186,262,28,0,290
54396,344,"CĂMINUL CULTURAL",TOPLEŢ,CS,1159,10,0,0,10,44,3,0,47,61,4,2,67,82,5,2,89,154,13,2,169,211,16,2,229
54403,345,"ŞCOALA PRIMARA BÎRZA",BÎRZA,CS,1037,15,3,0,18,40,6,0,46,53,8,0,61,76,14,0,90,148,23,0,171,190,29,0,219
54421,346,"CĂMINUL CULTURAL TURNU RUIENI","TURNU RUIENI",CS,704,8,3,0,11,19,5,0,24,34,5,0,39,39,6,0,45,137,7,0,144,215,14,0,229
54430,347,"CĂMINUL CULTURAL-BORLOVA",BORLOVA,CS,1172,30,1,0,31,100,6,0,106,155,23,0,178,186,25,0,211,364,32,0,396,495,42,0,537
54458,348,"ŞCOALA PRIMARA DALCI",DALCI,CS,216,2,0,0,2,7,1,0,8,13,3,0,16,16,4,0,20,44,7,0,51,76,16,0,92
54467,349,"CĂMINUL CULTURAL ZERVESTI",ZERVEŞTI,CS,441,10,1,0,11,26,6,0,32,39,7,0,46,51,7,0,58,121,14,0,135,156,18,0,174
54476,350,"CĂMINUL CULTURAL-ZLAGNA",ZLAGNA,CS,255,6,0,0,6,20,2,0,22,31,2,0,33,37,3,0,40,104,15,0,119,141,15,0,156
54494,351,"ŞCOALA GIMNAZIALĂ ""PETRE SAVA BĂLEAN""",VĂLIUG,CS,657,4,1,0,5,9,5,0,14,14,6,0,20,19,8,0,27,46,14,0,60,55,20,0,75
54519,352,"PRIMĂRIA COMUNEI VĂRĂDIA, SALA DE ȘEDINȚĂ A CONSILIULUI LOCAL VĂRĂDIA",VĂRĂDIA,CS,647,19,3,0,22,44,7,0,51,62,10,0,72,75,10,0,85,149,23,0,172,205,32,0,237
54528,353,"CLĂDIREA ADMINISTRAŢIEI LOCALE",MERCINA,CS,475,2,2,0,4,8,5,0,13,20,7,0,27,30,7,0,37,84,10,0,94,137,14,0,151
54555,354,"ŞCOALA PRIMARĂ ERSIG",ERSIG,CS,250,1,0,0,1,7,4,0,11,10,4,0,14,16,5,0,21,35,11,0,46,46,11,0,57
54564,355,"ŞCOALA PRIMARĂ IZGAR",IZGAR,CS,244,1,4,0,5,2,6,0,8,9,6,0,15,11,7,0,18,30,10,0,40,45,15,0,60
54546,356,"SALA DE SPORT",VERMEŞ,CS,799,6,2,0,8,24,4,0,28,33,8,0,41,49,12,0,61,135,26,4,165,214,35,4,253
54582,357,"ȘCOALA GIMNAZIALĂ VRANI",VRANI,CS,705,10,1,0,11,27,7,0,34,35,15,0,50,44,16,0,60,102,22,0,124,145,25,0,170
54591,358,"SCOALA PRIMARA CIORTEA",CIORTEA,CS,143,2,1,0,3,15,3,0,18,19,5,0,24,23,10,0,33,37,12,0,49,50,13,0,63
54626,359,"CĂMINUL CULTURAL-ZAVOI",ZĂVOI,CS,1493,18,0,0,18,67,0,0,67,80,7,0,87,90,7,0,97,210,19,0,229,310,29,0,339
54635,360,"ŞCOALA PRIMARĂ MĂGURA",MĂGURA,CS,447,3,2,0,5,21,2,0,23,31,2,0,33,39,2,0,41,110,5,0,115,155,5,0,160
54644,361,"ŞCOALA GIMNAZIALA MĂRU",MĂRU,CS,890,8,1,0,9,18,3,0,21,36,8,0,44,47,8,0,55,148,15,0,163,257,23,0,280
54653,362,"OCOLUL SILVIC","POIANA MĂRULUI",CS,59,0,0,0,0,3,6,0,9,4,10,0,14,6,11,0,17,8,23,0,31,8,28,0,36
54671,363,"ŞCOALA PRIMARĂ VOISLOVA",VOISLOVA,CS,481,1,0,0,1,11,2,0,13,24,3,0,27,33,4,0,37,96,8,0,104,151,10,0,161
54715,364,"CĂMINUL CULTURAL",ZORLENCIOR,CS,112,3,1,0,4,9,11,0,20,16,15,0,31,19,20,0,39,36,36,0,72,40,44,0,84
54706,365,"ŞCOALA GIMNAZIALA ZORLENTU MARE","ZORLENŢU MARE",CS,681,3,0,0,3,6,2,0,8,13,18,0,31,24,30,0,54,95,69,0,164,137,92,0,229
60428,1,"COLEGIUL NATIONAL "" MIHAI EMINESCU""",CONSTANŢA,CT,833,7,0,0,7,22,10,0,32,36,11,0,47,46,11,0,57,76,20,0,96,93,24,0,117
60428,2,"COLEGIUL NATIONAL "" MIHAI EMINESCU""",CONSTANŢA,CT,662,7,3,0,10,31,20,0,51,36,28,0,64,46,30,0,76,71,36,0,107,87,41,0,128
60428,3,"ŞCOALA GIMNAZIALA NR.2",CONSTANŢA,CT,945,10,0,0,10,36,2,0,38,53,5,0,58,66,7,0,73,106,9,0,115,128,12,0,140
60428,4,"COLEGIUL NAŢIONAL MIRCEA CEL BĂTRÂN",CONSTANŢA,CT,620,13,0,0,13,43,10,0,53,51,20,0,71,60,21,0,81,85,33,0,118,110,46,0,156
60428,5,"COLEGIUL NAŢIONAL MIRCEA CEL BĂTRÂN",CONSTANŢA,CT,608,7,0,0,7,35,18,0,53,52,20,0,72,55,22,0,77,101,27,0,128,123,27,0,150
60428,6,"ŞCOALA GIMNAZIALA NR.28 "" DAN BARBILIAN""",CONSTANŢA,CT,450,8,2,0,10,27,4,0,31,37,5,0,42,41,5,0,46,64,7,0,71,72,8,0,80
60428,7,"COLEGIUL COMERCIAL ""CAROL I""",CONSTANŢA,CT,1441,11,0,0,11,74,4,0,78,90,7,0,97,100,8,0,108,160,10,0,170,181,12,0,193
60428,8,"COLEGIUL COMERCIAL ""CAROL I""",CONSTANŢA,CT,896,7,3,0,10,40,3,0,43,54,3,0,57,58,3,0,61,106,4,0,110,130,7,0,137
60428,9,"COLEGIUL NATIONAL PEDAGOGIC ""CONSTANTIN BRĂTESCU""",CONSTANŢA,CT,1626,15,0,0,15,59,2,0,61,71,5,0,76,81,7,0,88,169,18,0,187,201,25,0,226
60428,10,"COLEGIUL NATIONAL PEDAGOGIC ""CONSTANTIN BRĂTESCU""",CONSTANŢA,CT,1255,17,0,0,17,54,2,0,56,91,2,0,93,102,3,0,105,162,9,0,171,188,9,0,197
60428,11,"COLEGIUL NATIONAL PEDAGOGIC ""CONSTANTIN BRĂTESCU""",CONSTANŢA,CT,1277,12,1,0,13,52,2,1,55,88,8,1,97,101,8,1,110,169,9,1,179,205,10,1,216
60428,12,"LICEUL TEHNOLOGIC ""IOAN N.ROMAN"" (ŞCOALA NR.25)",CONSTANŢA,CT,1238,4,2,0,6,57,2,0,59,64,2,0,66,74,2,0,76,115,2,0,117,134,4,0,138
60428,13,"LICEUL TEHNOLOGIC ""IOAN N.ROMAN"" (ŞCOALA NR.25)",CONSTANŢA,CT,1163,8,5,0,13,27,5,0,32,58,6,0,64,64,6,0,70,107,14,0,121,138,16,0,154
60428,14,"TEATRUL DE STAT CONSTANȚA (TEATRUL ""FANTASIO"" )",CONSTANŢA,CT,690,5,0,0,5,44,2,0,46,60,3,0,63,65,3,0,68,107,3,0,110,128,10,0,138
60428,15,"TEATRUL DE STAT CONSTANȚA (TEATRUL ""FANTASIO"" )",CONSTANŢA,CT,818,9,0,0,9,51,3,0,54,58,3,0,61,61,5,0,66,100,11,0,111,120,13,0,133
60428,16,"LICEUL TEORETIC ”TRAIAN”",CONSTANŢA,CT,844,10,0,0,10,51,4,0,55,65,6,0,71,71,6,0,77,130,7,0,137,155,7,0,162
60428,17,"LICEUL TEORETIC ”TRAIAN”",CONSTANŢA,CT,453,3,0,0,3,18,3,0,21,30,8,0,38,34,9,0,43,48,15,0,63,63,23,0,86
60428,18,"LICEUL TEORETIC ”TRAIAN”",CONSTANŢA,CT,1288,6,0,0,6,67,5,0,72,93,11,0,104,101,12,0,113,158,23,0,181,183,34,0,217
60428,19,"ŞCOALAGIMNAZIALA NR. 24 ”ION JALEA”",CONSTANŢA,CT,1260,2,0,0,2,46,0,0,46,74,0,0,74,80,0,0,80,145,1,0,146,179,7,0,186
60428,20,"ŞCOALAGIMNAZIALA NR. 24 ”ION JALEA”",CONSTANŢA,CT,1162,8,1,0,9,69,2,0,71,105,3,0,108,117,4,0,121,206,5,0,211,244,9,0,253
60428,21,"ŞCOALAGIMNAZIALA NR. 24 ”ION JALEA”",CONSTANŢA,CT,1377,16,2,0,18,72,5,0,77,101,9,0,110,117,12,0,129,195,13,0,208,233,15,0,248
60428,22,"LICEUL CU PROGRAM SPORTIV ""NICOLAE ROTARU "" (ŞCOALA NR.34)",CONSTANŢA,CT,1445,21,0,0,21,74,1,0,75,118,1,0,119,134,1,0,135,227,2,0,229,278,2,0,280
60428,23,"LICEUL CU PROGRAM SPORTIV ""NICOLAE ROTARU "" (ŞCOALA NR.34)",CONSTANŢA,CT,1201,11,0,0,11,71,0,0,71,84,0,0,84,98,0,0,98,158,4,0,162,189,4,0,193
60428,24,"LICEUL CU PROGRAM SPORTIV ""NICOLAE ROTARU "" (ŞCOALA NR.34)",CONSTANŢA,CT,1284,14,1,0,15,62,6,0,68,92,8,0,100,121,9,0,130,198,17,0,215,232,23,0,255
60428,25,"LICEUL CU PROGRAM SPORTIV ""NICOLAE ROTARU "" (ŞCOALA NR.34)",CONSTANŢA,CT,1506,30,3,0,33,111,4,0,115,135,4,0,139,146,4,0,150,240,6,0,246,280,8,0,288
60428,26,"COLEGIUL NAȚIONALDE ARTE ”REGINA MARIA” (ȘCOALA NR. 42)",CONSTANŢA,CT,991,8,1,0,9,47,7,0,54,67,9,0,76,79,9,0,88,136,12,0,148,160,17,0,177
60428,27,"COLEGIUL NAȚIONALDE ARTE ”REGINA MARIA” (ȘCOALA NR. 42)",CONSTANŢA,CT,920,14,2,0,16,47,2,0,49,68,3,0,71,77,3,0,80,140,6,0,146,178,10,0,188
60428,28,"COLEGIUL NAȚIONALDE ARTE ”REGINA MARIA” (ȘCOALA NR. 42)",CONSTANŢA,CT,1072,11,0,0,11,42,1,0,43,57,3,0,60,69,3,0,72,141,10,0,151,167,10,0,177
60428,29,"COLEGIUL NAȚIONALDE ARTE ”REGINA MARIA” (ȘCOALA NR. 42)",CONSTANŢA,CT,594,7,1,0,8,38,1,0,39,65,1,0,66,75,1,0,76,123,2,0,125,151,2,0,153
60428,30,"LICEUL TEORETIC""OVIDIUS""",CONSTANŢA,CT,1565,17,4,0,21,60,4,0,64,76,5,0,81,88,5,0,93,150,8,0,158,179,9,0,188
60428,31,"LICEUL TEORETIC""OVIDIUS""",CONSTANŢA,CT,1192,7,1,0,8,65,12,0,77,102,13,0,115,115,14,0,129,174,20,0,194,207,22,0,229
60428,32,"ANEXĂ ŞCOALA GIMNAZIALĂ NR.8",CONSTANŢA,CT,963,6,1,0,7,32,1,0,33,50,9,0,59,62,9,0,71,120,9,0,129,134,17,0,151
60428,33,"ANEXĂ ŞCOALA GIMNAZIALĂ NR.8",CONSTANŢA,CT,1726,13,0,0,13,76,3,0,79,105,4,0,109,120,5,0,125,207,7,0,214,256,8,0,264
60428,34,"ANEXĂ ŞCOALA GIMNAZIALĂ NR.8",CONSTANŢA,CT,1445,25,0,0,25,62,0,0,62,81,0,0,81,95,0,0,95,139,2,0,141,165,2,0,167
60428,35,"ANEXĂ ŞCOALA GIMNAZIALĂ NR.8",CONSTANŢA,CT,1338,21,0,0,21,62,9,0,71,84,9,0,93,91,9,0,100,175,11,0,186,213,11,0,224
60428,36,"ANEXĂ ŞCOALA GIMNAZIALĂ NR.8",CONSTANŢA,CT,1328,15,1,0,16,55,3,0,58,67,5,0,72,90,5,0,95,152,5,0,157,177,7,0,184
60428,37,"ANEXĂ ŞCOALA GIMNAZIALĂ NR.8",CONSTANŢA,CT,1725,23,0,0,23,74,0,0,74,100,0,0,100,117,0,0,117,202,1,0,203,233,3,0,236
60428,38,"LICEUL TEHNOLOGIC”C.A.ROSETTI”",CONSTANŢA,CT,1106,16,0,0,16,60,6,0,66,76,11,0,87,86,13,0,99,178,22,0,200,188,27,0,215
60428,39,"LICEUL TEHNOLOGIC”C.A.ROSETTI”",CONSTANŢA,CT,1212,10,0,0,10,59,2,0,61,89,4,0,93,98,4,0,102,179,6,0,185,207,8,0,215
60428,40,"LICEUL TEHNOLOGIC ”C.A.ROSETTI”",CONSTANŢA,CT,1122,10,2,0,12,32,3,0,35,43,5,0,48,55,5,0,60,115,7,0,122,146,7,0,153
60428,41,"LICEUL TEHNOLOGIC ”C.A.ROSETTI”",CONSTANŢA,CT,900,9,3,0,12,53,3,0,56,71,4,0,75,87,4,0,91,143,4,0,147,171,4,0,175
60428,42,"ŞCOALA GIMNAZIALA NR. 16 ""MARIN IONESCU DOBROGIANU""",CONSTANŢA,CT,1627,17,2,0,19,81,5,0,86,123,7,0,130,135,8,0,143,240,10,0,250,285,11,0,296
60428,43,"ŞCOALA GIMNAZIALA NR. 16 ""MARIN IONESCU DOBROGIANU""",CONSTANŢA,CT,1657,18,2,0,20,68,2,0,70,94,3,0,97,110,3,0,113,190,10,0,200,244,18,0,262
60428,44,"ŞCOALA GIMNAZIALA NR. 16 ""MARIN IONESCU DOBROGIANU""",CONSTANŢA,CT,1701,10,2,0,12,67,2,0,69,93,2,0,95,107,2,0,109,203,7,0,210,243,14,0,257
60428,45,"ŞCOALA GIMNAZIALA NR. 16 ""MARIN IONESCU DOBROGIANU""",CONSTANŢA,CT,1547,17,3,0,20,59,3,0,62,83,6,0,89,104,6,0,110,162,10,0,172,196,16,0,212
60428,46,"ŞCOALA GIMNAZIALA NR. 16 ""MARIN IONESCU DOBROGIANU""",CONSTANŢA,CT,1552,11,0,0,11,68,3,0,71,96,5,0,101,111,6,0,117,188,16,0,204,220,17,0,237
60428,47,"LICEUL TEORETIC ” LUCIAN BLAGA”",CONSTANŢA,CT,1874,14,1,0,15,73,3,0,76,105,4,0,109,129,6,0,135,237,17,0,254,295,20,0,315
60428,48,"COLEGIUL TEHNIC DE MARINĂ ”ALEXANDRU IOAN CUZA” (LICEUL DE MARINA)",CONSTANŢA,CT,1811,8,0,0,8,59,0,0,59,79,1,0,80,91,1,0,92,151,1,0,152,191,1,0,192
60428,49,"COLEGIUL TEHNIC DE MARINĂ ”ALEXANDRU IOAN CUZA” (LICEUL DE MARINA)",CONSTANŢA,CT,1582,8,0,0,8,71,2,0,73,86,3,0,89,100,3,0,103,181,4,0,185,220,4,0,224
60428,50,"COLEGIUL TEHNIC DE MARINĂ ”ALEXANDRU IOAN CUZA” (LICEUL DE MARINA)",CONSTANŢA,CT,1615,12,3,0,15,49,5,0,54,84,6,0,90,98,6,0,104,187,8,0,195,251,11,0,262
60428,51,"COLEGIUL TEHNIC DE MARINĂ ”ALEXANDRU IOAN CUZA” (LICEUL DE MARINA)",CONSTANŢA,CT,1668,12,0,0,12,53,0,0,53,80,2,0,82,96,4,0,100,188,4,0,192,235,7,0,242
60428,52,"COLEGIUL TEHNIC DE MARINĂ ”ALEXANDRU IOAN CUZA” (LICEUL DE MARINA)",CONSTANŢA,CT,1568,14,0,0,14,47,0,0,47,80,0,0,80,101,0,0,101,184,5,0,189,226,17,0,243
60428,53,"COLEGIUL TEHNIC DE MARINĂ ”ALEXANDRU IOAN CUZA” (LICEUL DE MARINA)",CONSTANŢA,CT,1466,18,1,0,19,58,2,0,60,95,2,0,97,109,2,0,111,196,6,1,203,230,6,1,237
60428,54,"SCOALA GIMNAZIALA ""GRIGORE ANTIPA"" (ŞCOALA NR. 15 )",CONSTANŢA,CT,1512,13,3,0,16,42,5,0,47,73,6,0,79,96,10,0,106,185,12,0,197,218,18,0,236
60428,55,"SCOALA GIMNAZIALA ""GRIGORE ANTIPA"" (ŞCOALA NR. 15 )",CONSTANŢA,CT,1754,16,0,0,16,53,3,0,56,65,3,0,68,83,3,0,86,156,4,0,160,202,4,0,206
60428,56,"SCOALA GIMNAZIALA ""GRIGORE ANTIPA"" (ŞCOALA NR. 15 )",CONSTANŢA,CT,839,14,2,0,16,27,2,0,29,35,3,0,38,46,4,0,50,72,5,0,77,96,7,0,103
60428,57,"ŞCOALA GIMNAZIALA NR. 17 ”ION MINULESCU”",CONSTANŢA,CT,1774,6,0,0,6,57,2,0,59,71,4,0,75,86,4,0,90,179,9,0,188,215,11,0,226
60428,58,"ŞCOALA GIMNAZIALA NR. 17 ”ION MINULESCU”",CONSTANŢA,CT,1878,14,0,0,14,64,0,0,64,101,3,0,104,110,3,0,113,196,7,0,203,229,7,0,236
60428,59,"ŞCOALA GIMNAZIALA NR. 17 ”ION MINULESCU”",CONSTANŢA,CT,1762,5,0,0,5,65,3,0,68,98,6,0,104,117,7,0,124,223,7,0,230,247,8,0,255
60428,60,"ŞCOALA GIMNAZIALA NR. 17 ”ION MINULESCU”",CONSTANŢA,CT,1732,17,4,0,21,76,7,0,83,106,7,0,113,120,7,0,127,199,12,0,211,247,13,0,260
60428,61,"ŞCOALA GIMNAZIALA NR. 33 ""ANGHEL SALIGNY""",CONSTANŢA,CT,1280,12,0,0,12,48,2,0,50,63,4,0,67,75,6,0,81,157,8,0,165,188,9,0,197
60428,62,"ŞCOALA GIMNAZIALA NR. 33 ""ANGHEL SALIGNY""",CONSTANŢA,CT,1681,25,0,0,25,88,0,0,88,122,1,0,123,148,2,0,150,236,2,0,238,272,6,0,278
60428,63,"ŞCOALA GIMNAZIALA NR. 33 ""ANGHEL SALIGNY""",CONSTANŢA,CT,969,8,0,0,8,40,0,0,40,60,3,0,63,72,3,0,75,120,3,0,123,142,4,0,146
60428,64,"ŞCOALA GIMNAZIALA NR. 33 ""ANGHEL SALIGNY""",CONSTANŢA,CT,1263,11,0,0,11,72,1,0,73,94,1,0,95,110,1,0,111,193,4,0,197,219,8,0,227
60428,65,"ŞCOALA GIMNAZIALANR. 37",CONSTANŢA,CT,1215,16,4,0,20,56,8,0,64,77,10,0,87,95,12,0,107,161,19,0,180,195,27,0,222
60428,66,"ŞCOALA GIMNAZIALANR. 37",CONSTANŢA,CT,1344,28,0,0,28,86,0,0,86,104,0,0,104,118,0,0,118,253,0,0,253,217,0,0,217
60428,67,"ŞCOALA GIMNAZIALANR. 37",CONSTANŢA,CT,1311,23,0,0,23,98,6,0,104,111,8,0,119,131,8,0,139,215,10,0,225,236,17,0,253
60428,68,"ŞCOALA GIMNAZIALA NR. 18 ""JEAN BART""",CONSTANŢA,CT,1312,9,0,0,9,68,4,0,72,87,5,0,92,97,7,0,104,165,13,0,178,191,17,0,208
60428,69,"ŞCOALA GIMNAZIALA NR. 18 ""JEAN BART""",CONSTANŢA,CT,1834,5,0,0,5,48,0,0,48,71,1,0,72,117,3,0,120,203,6,0,209,238,8,0,246
60428,70,"ŞCOALA GIMNAZIALA NR. 18 ""JEAN BART""",CONSTANŢA,CT,1283,7,2,0,9,32,3,0,35,53,5,0,58,71,6,0,77,140,7,0,147,166,8,0,174
60428,71,"ŞCOALA GIMNAZIALA NR. 18 ""JEAN BART""",CONSTANŢA,CT,1064,7,1,0,8,40,8,0,48,59,8,0,67,62,10,0,72,121,13,0,134,152,17,0,169
60428,72,"LICEUL TEHNOLOGIC ""GHEORGHE MIRON COSTIN"" (INDUSTRIE ALIMENTARA)",CONSTANŢA,CT,1336,5,0,0,5,35,3,0,38,56,6,0,62,65,6,0,71,120,8,0,128,143,13,0,156
60428,73,"LICEUL TEHNOLOGIC ""GHEORGHE MIRON COSTIN"" (INDUSTRIE ALIMENTARA)",CONSTANŢA,CT,1607,8,0,0,8,28,0,0,28,42,0,0,42,61,0,0,61,129,1,0,130,172,2,0,174
60428,74,"LICEUL TEHNOLOGIC""DIMITRIE LEONIDA""",CONSTANŢA,CT,1794,9,2,0,11,36,6,0,42,77,7,0,84,93,7,0,100,185,10,0,195,234,12,0,246
60428,75,"LICEUL TEHNOLOGIC""DIMITRIE LEONIDA""",CONSTANŢA,CT,1769,10,2,0,12,56,2,0,58,79,3,0,82,108,3,0,111,193,4,0,197,241,5,0,246
60428,76,"ŞCOALA GIMNAZIALA NR. 40 ""AUREL VLAICU""",CONSTANŢA,CT,1620,11,10,0,21,41,12,0,53,57,16,0,73,79,16,0,95,146,23,0,169,167,30,0,197
60428,77,"ŞCOALA GIMNAZIALA NR. 40 ""AUREL VLAICU""",CONSTANŢA,CT,853,9,0,0,9,26,0,0,26,38,0,0,38,40,0,0,40,93,1,0,94,113,1,0,114
60428,78,"ŞCOALA GIMNAZIALA NR. 40 ""AUREL VLAICU""",CONSTANŢA,CT,1455,12,1,0,13,50,12,0,62,72,14,0,86,87,15,0,102,170,16,0,186,200,19,0,219
60428,79,"ŞCOALA GIMNAZIALA NR. 40 ""AUREL VLAICU""",CONSTANŢA,CT,1653,18,0,0,18,76,1,0,77,103,2,0,105,126,3,0,129,237,7,0,244,272,8,0,280
60428,80,"ŞCOALA GIMNAZIALA NR. 40 ""AUREL VLAICU""",CONSTANŢA,CT,860,3,0,0,3,29,2,0,31,40,2,0,42,43,2,0,45,94,3,0,97,113,5,0,118
60428,81,"ŞCOALA GIMNAZIALA NR. 40 ""AUREL VLAICU""",CONSTANŢA,CT,896,5,0,0,5,33,3,0,36,58,4,0,62,67,4,0,71,102,4,0,106,136,5,0,141
60428,82,"ŞCOALA GIMNAZIALA NR. 40 ""AUREL VLAICU""",CONSTANŢA,CT,1280,6,0,0,6,35,0,0,35,43,0,0,43,57,0,0,57,101,0,0,101,119,5,0,124
60428,83,"ŞCOALA GIMNAZIALA NR. 19",CONSTANŢA,CT,1663,12,0,0,12,41,0,0,41,60,2,0,62,82,2,0,84,151,5,0,156,192,9,0,201
60428,84,"ŞCOALA GIMNAZIALA NR. 19",CONSTANŢA,CT,1330,8,3,0,11,30,3,0,33,56,3,0,59,72,3,0,75,130,4,0,134,157,4,0,161
60428,85,"ŞCOALA GIMNAZIALA NR. 31",CONSTANŢA,CT,1624,7,0,0,7,34,3,0,37,49,5,0,54,59,5,0,64,125,8,0,133,174,10,2,186
60428,86,"ŞCOALA GIMNAZIALA NR. 31",CONSTANŢA,CT,1246,9,0,0,9,35,0,0,35,41,0,0,41,67,0,0,67,104,0,0,104,127,2,0,129
60428,87,"ŞCOALA GIMNAZIALA NR. 31",CONSTANŢA,CT,1306,5,0,0,5,27,0,0,27,37,1,0,38,43,2,0,45,78,7,0,85,92,12,0,104
60428,88,"LICEUL TEHNOLOGIC”GHEORGHE DUCA”",CONSTANŢA,CT,1627,10,1,0,11,42,3,0,45,62,4,0,66,75,7,0,82,142,10,0,152,180,10,0,190
60428,89,"ŞCOALA GIMNAZIALA ""MARIN SORESCU"" (SCOALA NR. 20 )",CONSTANŢA,CT,888,5,0,0,5,17,0,0,17,29,0,0,29,37,6,0,43,77,9,0,86,95,9,0,104
60428,90,"ŞCOALAGIMNAZIALA NR. 22 ""I.C.BRATIANU""",CONSTANŢA,CT,1833,21,1,0,22,57,1,0,58,72,2,0,74,98,2,0,100,179,8,0,187,226,9,0,235
60428,91,"ŞCOALAGIMNAZIALA NR. 22 ""I.C.BRATIANU""",CONSTANŢA,CT,1280,13,1,0,14,47,1,0,48,64,5,0,69,84,7,0,91,177,8,0,185,185,9,0,194
60428,92,"CENTRUL SCOLAR PENTRU EDUCATIE INCLUZIVA""MARIA MONTESSORI"" (ŞCOALA AJUTATOARE NR. 2)",CONSTANŢA,CT,1686,7,1,0,8,46,2,0,48,70,4,0,74,84,4,0,88,170,8,0,178,211,14,0,225
60428,93,"CENTRUL SCOLAR PENTRU EDUCATIE INCLUZIVA""MARIA MONTESSORI"" (ŞCOALA AJUTATOARE NR. 2)",CONSTANŢA,CT,767,8,1,0,9,31,3,0,34,43,3,0,46,49,3,0,52,76,3,0,79,89,3,0,92
60428,94,"CENTRUL SCOLAR PENTRU EDUCATIE INCLUZIVA""MARIA MONTESSORI"" (ŞCOALA AJUTATOARE NR. 2)",CONSTANŢA,CT,1149,11,0,0,11,41,2,0,43,61,3,0,64,65,3,0,68,111,4,0,115,140,4,0,144
60428,95,"CENTRUL SCOLAR PENTRU EDUCATIE INCLUZIVA""MARIA MONTESSORI"" (ŞCOALA AJUTATOARE NR. 2)",CONSTANŢA,CT,897,4,0,0,4,17,0,0,17,29,0,0,29,40,0,0,40,80,3,0,83,96,4,0,100
60428,96,"ŞCOALA GIMNAZIALA NR. 8",CONSTANŢA,CT,1936,20,0,0,20,61,5,0,66,101,7,0,108,114,7,0,121,192,16,0,208,251,20,0,271
60428,97,"ŞCOALA GIMNAZIALA NR. 8",CONSTANŢA,CT,1503,10,4,0,14,58,6,0,64,80,7,0,87,102,9,0,111,165,17,0,182,214,23,0,237
60428,98,"ŞCOALA GIMNAZIALA NR. 8",CONSTANŢA,CT,1633,8,0,0,8,39,2,0,41,57,2,0,59,72,2,0,74,153,2,0,155,196,4,0,200
60428,99,"ŞCOALA GIMNAZIALA NR. 8",CONSTANŢA,CT,1504,10,0,0,10,80,3,0,83,114,8,0,122,129,8,0,137,205,11,0,216,253,14,0,267
60428,100,"ŞCOALA GIMNAZIALA NR.23 ”CONSTANTIN BRÂNCOVEANU”",CONSTANŢA,CT,1565,7,0,0,7,53,28,0,81,76,29,0,105,88,29,0,117,161,39,0,200,199,51,0,250
60428,101,"ŞCOALA GIMNAZIALA NR.23 ”CONSTANTIN BRÂNCOVEANU”",CONSTANŢA,CT,1144,8,2,0,10,36,21,0,57,58,26,0,84,69,26,0,95,103,39,0,142,131,48,0,179
60428,102,"ŞCOALA GIMNAZIALA NR.23 ”CONSTANTIN BRÂNCOVEANU”",CONSTANŢA,CT,2117,14,1,0,15,47,13,0,60,83,16,0,99,92,17,0,109,174,25,0,199,215,26,0,241
60428,103,"ŞCOALA GIMNAZIALA NR. 39 ""NICOLAE TONITZA""",CONSTANŢA,CT,1811,19,1,0,20,76,3,0,79,113,3,0,116,141,3,0,144,257,12,0,269,308,16,0,324
60428,104,"ŞCOALA GIMNAZIALA NR. 39 ""NICOLAE TONITZA""",CONSTANŢA,CT,1565,10,1,0,11,57,3,0,60,78,3,0,81,88,3,0,91,171,4,0,175,212,6,0,218
60428,105,"ŞCOALA GIMNAZIALA NR. 39 ""NICOLAE TONITZA""",CONSTANŢA,CT,1728,17,6,0,23,68,10,0,78,90,12,0,102,105,12,0,117,192,19,0,211,231,20,0,251
60428,106,"ŞCOALA GIMNAZIALA NR. 39 ""NICOLAE TONITZA""",CONSTANŢA,CT,1898,12,1,0,13,71,2,0,73,111,3,0,114,147,3,0,150,233,6,0,239,284,8,0,292
60428,107,"CENTRUL DE PERFECȚIONARE AL MARINEI CIVILE",CONSTANŢA,CT,1943,16,0,0,16,61,9,0,70,83,12,0,95,104,13,0,117,188,17,0,205,209,26,0,235
60428,108,"CENTRUL DE PERFECȚIONARE AL MARINEI CIVILE",CONSTANŢA,CT,1922,15,1,0,16,55,3,0,58,88,6,0,94,104,6,0,110,208,11,0,219,250,14,0,264
60428,109,"CENTRUL DE PERFECȚIONARE AL MARINEI CIVILE",CONSTANŢA,CT,1499,5,0,0,5,32,0,0,32,45,0,0,45,57,0,0,57,116,4,0,120,155,9,0,164
60428,110,"ŞCOALA GIMNAZIALANR. 10”MIHAIL KOICIU”",CONSTANŢA,CT,1474,5,0,0,5,43,0,0,43,68,2,0,70,81,2,0,83,149,5,0,154,178,13,0,191
60428,111,"ŞCOALA GIMNAZIALANR. 10”MIHAIL KOICIU”",CONSTANŢA,CT,1210,19,0,0,19,66,0,0,66,84,0,0,84,106,0,0,106,178,1,0,179,210,3,0,213
60428,112,"ŞCOALA GIMNAZIALANR. 10”MIHAIL KOICIU”",CONSTANŢA,CT,1876,10,0,0,10,48,0,0,48,77,2,0,79,96,2,0,98,183,3,0,186,227,4,0,231
60428,113,"ŞCOALA GIMNAZIALANR. 10”MIHAIL KOICIU”",CONSTANŢA,CT,1570,9,0,0,9,47,1,0,48,62,1,0,63,87,2,0,89,170,7,0,177,205,7,0,212
60428,114,"ŞCOALA GIMNAZIALA NR. 10”MIHAIL KOICIU”",CONSTANŢA,CT,1553,11,0,0,11,63,3,0,66,93,4,0,97,101,6,0,107,189,8,0,197,231,10,0,241
60428,115,"CENTRUL ȘCOLAR ”ALBATROS”",CONSTANŢA,CT,1155,10,4,0,14,38,4,0,42,69,5,0,74,83,6,0,89,135,10,0,145,159,10,0,169
60428,116,"CENTRUL ȘCOLAR ”ALBATROS”",CONSTANŢA,CT,1697,14,0,0,14,76,0,0,76,106,0,0,106,119,0,0,119,208,1,0,209,245,4,0,249
60428,117,"CENTRUL ȘCOLAR ”ALBATROS”",CONSTANŢA,CT,989,9,1,0,10,28,6,0,34,39,10,0,49,48,11,0,59,103,19,0,122,125,21,0,146
60428,118,"CENTRUL ȘCOLAR ”ALBATROS”",CONSTANŢA,CT,1044,5,2,0,7,35,4,0,39,52,4,0,56,67,4,0,71,127,4,0,131,151,6,0,157
60428,119,"CENTRUL ȘCOLAR ”ALBATROS”",CONSTANŢA,CT,779,8,0,0,8,25,1,0,26,42,1,0,43,54,1,0,55,94,4,0,98,114,5,0,119
60428,120,"CENTRUL SCOLAR PENTRU EDUCATIE INCLUZIVA""DELFINUL"" (ŞCOALA AJUTATOARE NR. 1)",CONSTANŢA,CT,1665,18,1,0,19,73,1,0,74,99,5,0,104,119,5,0,124,181,8,0,189,211,14,0,225
60428,121,"CENTRUL SCOLAR PENTRU EDUCATIE INCLUZIVA""DELFINUL"" (ŞCOALA AJUTATOARE NR. 1)",CONSTANŢA,CT,1808,10,0,0,10,45,2,0,47,76,3,0,79,91,3,0,94,146,3,0,149,182,8,0,190
60428,122,"ŞCOALA GIMNAZIALA NR. 12 “B. P. HASDEU”",CONSTANŢA,CT,1801,15,0,0,15,80,0,0,80,126,0,0,126,150,0,0,150,244,0,0,244,299,6,0,305
60428,123,"ŞCOALA GIMNAZIALA NR. 12 “B. P. HASDEU”",CONSTANŢA,CT,1504,9,2,0,11,31,4,0,35,62,7,0,69,71,8,0,79,139,20,0,159,155,25,0,180
60428,124,"ŞCOALA GIMNAZIALA “DIMITRIE ȘTIUBEI” (ŞCOALA NR.36 )",CONSTANŢA,CT,1153,9,5,0,14,37,7,0,44,53,10,0,63,65,14,0,79,117,18,0,135,150,21,0,171
60428,125,"SCOALA GIMNAZIALA “DIMITRIE ȘTIUBEI” (ŞCOALA NR.36)",CONSTANŢA,CT,1698,20,0,0,20,97,3,0,100,122,5,0,127,131,8,0,139,223,10,0,233,276,14,0,290
60428,126,"SCOALA GIMNAZIALA “DIMITRIE ȘTIUBEI” (ŞCOALA NR.36)",CONSTANŢA,CT,1873,16,0,0,16,94,0,0,94,130,3,0,133,149,4,0,153,235,8,0,243,295,11,0,306
60428,127,"SCOALA GIMNAZIALA “DIMITRIE ȘTIUBEI” (ŞCOALA NR.36)",CONSTANŢA,CT,1173,17,0,0,17,52,0,0,52,89,0,0,89,100,0,0,100,172,0,0,172,212,2,0,214
60428,128,"SCOALA GIMNAZIALA “DIMITRIE ȘTIUBEI” (ŞCOALA NR.36)",CONSTANŢA,CT,1957,18,2,0,20,77,4,0,81,117,4,0,121,132,4,0,136,247,9,0,256,294,19,0,313
60428,129,"GRĂDINIŢA CU PROGRAM PRELUNGIT ”MUGUREL” (GRĂDINIŢA NR. 43)",CONSTANŢA,CT,1432,17,3,0,20,64,7,0,71,96,8,0,104,113,9,0,122,196,13,0,209,238,13,0,251
60428,130,"GRĂDINIŢA CU PROGRAM PRELUNGIT ”MUGUREL” (GRĂDINIŢA NR. 43)",CONSTANŢA,CT,1579,22,1,0,23,80,1,0,81,110,5,0,115,138,5,0,143,245,9,0,254,287,14,0,301
60428,131,"GRĂDINIŢA CU PROGRAM NORMAL NR. 51",CONSTANŢA,CT,1550,20,3,0,23,81,4,0,85,90,6,0,96,110,6,0,116,196,13,3,212,233,20,3,256
60428,132,"GRĂDINIŢA CU PROGRAM NORMAL NR. 51",CONSTANŢA,CT,1550,20,1,0,21,68,6,1,75,107,6,1,114,122,6,1,129,201,8,1,210,237,9,1,247
60428,133,"AGENȚIA FISCALĂ NR.1-4",CONSTANŢA,CT,1683,10,0,0,10,77,6,0,83,112,8,0,120,126,8,0,134,209,10,0,219,240,15,0,255
60428,134,"AGENȚIA FISCALĂ NR.1-4",CONSTANŢA,CT,1486,14,2,0,16,67,5,0,72,103,9,0,112,124,9,0,133,224,12,0,236,268,19,0,287
60428,135,"LICEUL TEORETIC”GEORGE CĂLINESCU”",CONSTANŢA,CT,1140,10,2,0,12,62,2,0,64,99,7,0,106,109,7,0,116,177,13,0,190,212,15,0,227
60428,136,"LICEUL TEORETIC”GEORGE CĂLINESCU”",CONSTANŢA,CT,1076,23,1,0,24,70,3,0,73,118,4,0,122,125,6,0,131,188,11,0,199,226,12,0,238
60428,137,"LICEUL TEORETIC”GEORGE CĂLINESCU”",CONSTANŢA,CT,1077,14,0,0,14,51,1,0,52,69,3,0,72,80,3,0,83,160,6,0,166,181,8,0,189
60428,138,"ŞCOALA GIMNAZIALA NR.14",CONSTANŢA,CT,1748,13,1,0,14,60,6,0,66,92,7,0,99,109,8,0,117,197,16,0,213,241,17,0,258
60428,139,"ŞCOALA GIMNAZIALA NR.14",CONSTANŢA,CT,1953,7,2,0,9,30,2,0,32,51,3,0,54,67,3,0,70,142,6,0,148,188,19,0,207
60428,140,"ŞCOALA GIMNAZIALA NR.14",CONSTANŢA,CT,922,2,0,0,2,17,2,0,19,25,3,0,28,37,3,0,40,81,3,0,84,98,6,0,104
60428,141,"ŞCOALAGIMNAZIALA NR. 38 ”DIMITRIE CANTEMIR”",CONSTANŢA,CT,994,15,5,0,20,68,9,0,77,85,12,0,97,107,12,0,119,170,18,0,188,198,27,0,225
60428,142,"ŞCOALAGIMNAZIALA NR. 38 ”DIMITRIE CANTEMIR”",CONSTANŢA,CT,1034,20,3,0,23,71,4,0,75,100,4,0,104,116,5,0,121,199,9,0,208,219,11,0,230
60428,143,"LICEUL TEORETIC ”DECEBAL”",CONSTANŢA,CT,948,9,0,0,9,54,0,0,54,79,2,0,81,94,2,0,96,141,3,0,144,168,5,0,173
60428,144,"LICEUL TEORETIC ”DECEBAL”",CONSTANŢA,CT,611,9,0,0,9,34,2,0,36,37,3,0,40,44,3,0,47,68,13,0,81,84,19,0,103
60428,145,"LICEUL TEORETIC ”DECEBAL”",CONSTANŢA,CT,729,12,2,0,14,41,3,0,44,53,3,0,56,61,3,0,64,80,11,0,91,103,13,0,116
60428,146,"LICEUL TEORETIC ”DECEBAL”",CONSTANŢA,CT,913,10,0,0,10,44,0,0,44,57,0,0,57,63,0,0,63,97,8,0,105,120,9,0,129
60428,147,"LICEUL TEHNOLOGIC “VIRGIL MADGEARU” (ŞCOALA NR.35)",CONSTANŢA,CT,838,15,2,0,17,45,3,0,48,54,13,0,67,66,13,0,79,120,14,0,134,151,20,0,171
60428,148,"LICEUL TEHNOLOGIC “VIRGIL MADGEARU” (ŞCOALA NR.35)",CONSTANŢA,CT,1146,9,0,0,9,59,1,0,60,73,3,0,76,78,6,0,84,135,12,0,147,161,19,0,180
60428,149,"LICEUL TEHNOLOGIC “VIRGIL MADGEARU” (ŞCOALA NR.35)",CONSTANŢA,CT,813,13,0,0,13,52,4,0,56,73,4,0,77,93,6,0,99,128,6,0,134,144,7,0,151
60428,150,"GRĂDINIŢA CU PROGRAM PRELUNGIT”AMICII” (GRĂDINIŢANR.12 )",CONSTANŢA,CT,1209,20,1,0,21,83,10,0,93,112,12,0,124,136,14,0,150,166,34,0,200,203,42,0,245
60428,151,"ŞCOALA GIMNAZIALA NR. 29 ”MIHAI VITEAZUL”",CONSTANŢA,CT,695,8,3,0,11,41,4,0,45,52,4,0,56,66,5,0,71,108,5,0,113,123,8,0,131
60428,152,"ŞCOALA GIMNAZIALA NR. 29 ”MIHAI VITEAZUL”",CONSTANŢA,CT,758,17,2,0,19,42,3,0,45,61,4,0,65,67,4,0,71,128,6,0,134,144,8,0,152
60428,153,"ŞCOALA GIMNAZIALA NR. 29 ”MIHAI VITEAZUL”",CONSTANŢA,CT,1269,14,1,0,15,60,6,0,66,90,8,0,98,103,11,0,114,163,16,0,179,205,24,0,229
60428,154,"ŞCOALA NR. 29 ”MIHAI VITEAZU”",CONSTANŢA,CT,683,13,0,0,13,63,7,0,70,82,11,0,93,95,11,0,106,153,19,0,172,177,27,0,204
60428,155,"ŞCOALA GIMNAZIALA NR. 7 ”REMUS OPREANU”",CONSTANŢA,CT,1261,20,0,0,20,92,0,0,92,112,1,0,113,126,1,0,127,206,2,0,208,242,2,0,244
60428,156,"ŞCOALA GIMNAZIALA NR. 7 ”REMUS OPREANU”",CONSTANŢA,CT,786,3,0,0,3,24,1,0,25,35,2,0,37,45,2,0,47,74,5,0,79,92,5,0,97
60428,157,"ŞCOALA GIMNAZIALA NR. 7 ”REMUS OPREANU”",CONSTANŢA,CT,1327,18,1,0,19,99,3,0,102,120,6,0,126,127,7,0,134,208,12,0,220,236,18,0,254
60428,158,"ŞCOALA GIMNAZIALA NR. 7 ”REMUS OPREANU”",CONSTANŢA,CT,1432,23,3,0,26,73,6,2,81,118,8,2,128,131,9,2,142,216,10,2,228,242,12,2,256
60428,159,"ŞCOALA GIMNAZIALA NR. 7 ”REMUS OPREANU”",CONSTANŢA,CT,1225,11,0,0,11,88,4,0,92,126,12,0,138,144,13,0,157,235,25,0,260,271,28,0,299
60428,160,"ŞCOALA GIMNAZIALA NR.6 ”NICOLAE TITULESCU”",CONSTANŢA,CT,970,8,4,0,12,52,7,0,59,93,7,1,101,97,7,1,105,158,7,1,166,183,12,1,196
60428,161,"ŞCOALA GIMNAZIALA NR.6 ”NICOLAE TITULESCU”",CONSTANŢA,CT,1127,16,0,0,16,60,0,0,60,80,0,0,80,93,0,0,93,160,4,0,164,182,4,0,186
60428,162,"ŞCOALA GIMNAZIALA NR.6 ”NICOLAE TITULESCU”",CONSTANŢA,CT,1020,11,2,0,13,41,4,0,45,56,6,0,62,62,6,0,68,115,8,0,123,151,13,0,164
60428,163,"ŞCOALA GIMNAZIALA NR.6 ”NICOLAE TITULESCU”",CONSTANŢA,CT,1069,8,0,0,8,41,1,0,42,51,3,0,54,68,5,0,73,119,7,0,126,150,8,0,158
60428,164,"GRĂDINIŢA CU PROGRAM PRELUNGIT ""NOROCEL""(GRĂDINIŢA NR.13)",CONSTANŢA,CT,904,14,0,0,14,60,4,0,64,80,5,0,85,99,5,0,104,153,7,0,160,173,10,0,183
60428,165,"GRĂDINIŢA CU PROGRAM PRELUNGIT ""NOROCEL""(GRĂDINIŢA NR.13)",CONSTANŢA,CT,1017,10,0,0,10,57,2,0,59,84,2,0,86,105,3,0,108,179,5,0,184,193,6,0,199
60428,166,"PALATUL COPIILOR",CONSTANŢA,CT,740,1,0,0,1,25,6,0,31,41,6,0,47,50,8,0,58,107,11,0,118,131,21,0,152
60428,167,"PALATUL COPIILOR",CONSTANŢA,CT,598,6,0,0,6,19,0,0,19,21,0,0,21,26,0,0,26,57,4,0,61,65,4,0,69
60428,168,"SCOALA GIMNAZIALA ”SPECTRUM” (ŞCOALA NR.27)",CONSTANŢA,CT,1378,8,1,0,9,55,5,0,60,91,10,0,101,109,10,0,119,184,19,0,203,230,28,0,258
60428,169,"COLEGIUL TEHNIC “TOMIS”",CONSTANŢA,CT,1015,3,1,0,4,45,3,0,48,58,3,0,61,60,3,0,63,122,20,0,142,154,25,0,179
60428,170,"COLEGIUL TEHNIC “TOMIS”",CONSTANŢA,CT,969,10,0,0,10,49,0,0,49,64,0,0,64,71,0,0,71,128,0,0,128,175,0,0,175
60428,171,"COLEGIUL TEHNIC “TOMIS”",CONSTANŢA,CT,659,2,1,0,3,36,2,0,38,51,3,0,54,53,3,0,56,95,4,0,99,112,6,73,191
60428,172,"COLEGIUL TEHNIC “TOMIS”",CONSTANŢA,CT,1040,5,2,0,7,56,6,0,62,72,6,0,78,80,6,0,86,120,6,0,126,143,9,0,152
60428,173,"SCOALA GIMNAZIALA”SPECTRUM” (ŞCOALA NR.27)",CONSTANŢA,CT,1602,7,1,0,8,46,3,0,49,87,3,0,90,100,5,0,105,171,7,0,178,218,14,0,232
60428,174,"ŞCOALA GIMNAZIALA NR.30 “GHEORGHE ŢIŢEICA”",CONSTANŢA,CT,1274,9,0,0,9,35,3,0,38,53,4,0,57,54,4,0,58,78,13,0,91,97,21,0,118
60428,175,"CENTRUL JUDEŢEAN DE RESURSE ŞI ASISTENŢĂ EDUCAŢIONALĂ",CONSTANŢA,CT,1208,5,2,0,7,18,9,0,27,29,10,0,39,41,10,0,51,85,12,0,97,120,18,0,138
60428,176,"CENTRUL JUDEŢEAN DE RESURSE ŞI ASISTENŢĂ EDUCAŢIONALĂ",CONSTANŢA,CT,968,6,0,0,6,43,0,0,43,67,0,0,67,75,0,0,75,134,3,0,137,164,3,0,167
60428,177,"CENTRUL JUDEŢEAN DE RESURSE ŞI ASISTENŢĂ EDUCAŢIONALĂ",CONSTANŢA,CT,1040,9,0,0,9,41,0,0,41,58,1,0,59,67,3,0,70,108,3,0,111,146,6,0,152
60428,178,"CĂMINUL DE PENSIONARI",CONSTANŢA,CT,1177,14,3,0,17,56,9,0,65,76,10,0,86,86,11,0,97,149,12,0,161,179,16,0,195
60428,179,"CĂMINUL DE PENSIONARI",CONSTANŢA,CT,1689,12,46,0,58,61,88,0,149,96,91,0,187,107,94,0,201,204,106,4,314,247,114,4,365
60428,180,"COLEGIUL TEHNIC ENERGETIC",CONSTANŢA,CT,1211,9,2,0,11,43,5,0,48,74,5,0,79,80,6,0,86,144,6,0,150,173,8,0,181
60428,181,"COLEGIUL TEHNIC ENERGETIC",CONSTANŢA,CT,718,6,0,0,6,22,7,0,29,32,15,0,47,37,19,0,56,60,31,0,91,83,39,0,122
60428,182,"COLEGIUL TEHNIC ENERGETIC",CONSTANŢA,CT,1289,10,0,0,10,50,6,0,56,61,7,0,68,73,7,0,80,130,11,0,141,153,11,0,164
60428,183,"COLEGIUL TEHNIC ENERGETIC",CONSTANŢA,CT,1714,14,0,0,14,58,1,2,61,91,2,3,96,113,2,3,118,201,7,3,211,228,8,3,239
60428,184,"ŞCOALA GIMNAZIALANR. 3 ""CIPRIAN PORUMBESCU""",CONSTANŢA,CT,1403,19,0,0,19,54,4,0,58,75,4,0,79,91,5,0,96,168,9,0,177,223,9,0,232
60428,185,"ŞCOALA GIMNAZIALANR. 3 ""CIPRIAN PORUMBESCU""",CONSTANŢA,CT,1194,11,0,0,11,32,5,0,37,46,7,0,53,64,8,0,72,111,19,0,130,132,25,0,157
60428,186,"ŞCOALA GIMNAZIALANR. 3 ""CIPRIAN PORUMBESCU""",CONSTANŢA,CT,1084,14,0,0,14,43,0,0,43,66,1,0,67,75,1,0,76,131,2,0,133,154,2,0,156
60428,187,"GRĂDINIŢA CU PROGRAM PRELUNGIT NR.45",CONSTANŢA,CT,878,6,4,0,10,32,7,0,39,42,12,0,54,52,12,0,64,140,13,2,155,123,20,2,145
60428,188,"UNIVERSITATEA ""OVIDIUS""",CONSTANŢA,CT,1806,5,0,0,5,52,4,0,56,68,6,0,74,79,9,0,88,155,20,0,175,190,22,0,212
60428,189,"UNIVERSITATEA ""OVIDIUS""",CONSTANŢA,CT,1076,4,0,0,4,21,5,0,26,44,8,0,52,52,8,0,60,97,16,0,113,122,22,0,144
60428,190,"UNIVERSITATEA ""OVIDIUS""",CONSTANŢA,CT,1141,3,2,0,5,26,6,30,62,43,7,30,80,52,7,30,89,91,15,30,136,110,18,30,158
60428,191,"UNIVERSITATEA ""OVIDIUS""",CONSTANŢA,CT,223,2,2,0,4,4,7,0,11,6,9,0,15,6,11,0,17,12,21,0,33,15,26,0,41
60428,192,"ŞCOALA GIMNAZIALA NR. 43”FERDINAND”",CONSTANŢA,CT,662,6,2,0,8,23,4,0,27,31,8,0,39,34,10,0,44,59,14,0,73,79,22,0,101
60428,193,"ŞCOALA GIMNAZIALANR.5 ""NICOLAE IORGA""",CONSTANŢA,CT,1464,14,0,0,14,51,1,0,52,79,4,0,83,90,4,0,94,164,8,0,172,191,8,0,199
60428,194,"ŞCOALA GIMNAZIALANR.5 ""NICOLAE IORGA""",CONSTANŢA,CT,763,6,0,0,6,26,1,0,27,41,1,0,42,46,1,0,47,89,4,0,93,107,8,0,115
60428,195,"ŞCOALA GIMNAZIALANR.5 ""NICOLAE IORGA""",CONSTANŢA,CT,501,7,4,0,11,31,9,0,40,40,9,0,49,43,11,0,54,85,15,0,100,93,16,0,109
60428,196,"ANEXĂ LA COLEGIUL NAŢIONAL ""MIRCEA CEL BĂTRÂN""",CONSTANŢA,CT,621,10,7,0,17,53,8,0,61,63,8,0,71,70,10,0,80,107,16,0,123,116,21,0,137
60428,197,"ANEXĂ LA COLEGIUL NAŢIONAL ""MIRCEA CEL BĂTRÂN""",CONSTANŢA,CT,594,10,0,0,10,31,0,0,31,39,0,0,39,43,0,0,43,67,0,0,67,75,0,0,75
60428,198,"GRĂDINIŢA CU PROGRAM PRELUNGIT NR. 8 (TOMIS II)",CONSTANŢA,CT,797,16,0,0,16,60,5,0,65,83,7,0,90,90,8,0,98,145,11,0,156,150,13,0,163
60428,199,"ATELIER ŞCOALĂ",CONSTANŢA,CT,733,9,1,0,10,41,1,0,42,53,1,0,54,62,1,0,63,104,4,0,108,133,8,0,141
60428,200,"GRĂDINIŢA CU PROGRAM PRELUNGIT NR.6",CONSTANŢA,CT,779,17,1,0,18,67,2,0,69,83,4,0,87,105,4,0,109,148,5,0,153,168,8,0,176
60428,201,"ŞCOALA GIMNAZIALANR.30 “GHEORGHE ŢIŢEICA”",CONSTANŢA,CT,878,6,3,0,9,35,4,0,39,48,4,0,52,59,4,0,63,120,10,0,130,151,13,0,164
60428,202,"ŞCOALA GIMNAZIALANR.30 “GHEORGHE ŢIŢEICA”",CONSTANŢA,CT,858,5,2,0,7,46,2,0,48,64,3,0,67,74,3,0,77,122,10,0,132,141,10,0,151
60428,203,"ŞCOALA GIMNAZIALA NR. 11 ”DR.CONSTANTIN ANGELESCU”",CONSTANŢA,CT,1254,10,1,0,11,61,4,0,65,98,8,0,106,115,10,0,125,190,16,0,206,217,19,0,236
60428,204,"ŞCOALA GIMNAZIALA NR. 11 ”DR.CONSTANTIN ANGELESCU”",CONSTANŢA,CT,1504,27,0,0,27,87,3,0,90,111,3,0,114,131,4,0,135,235,11,0,246,293,18,0,311
60428,205,"LICEUL TEHNOLOGIC DE ELECTROTEHNICA SI TELECOMUNICAȚII",CONSTANŢA,CT,1276,5,0,0,5,64,4,0,68,89,6,0,95,108,6,0,114,173,10,0,183,215,15,0,230
60428,206,"UNIVERSITATEA “ANDREI ŞAGUNA”",CONSTANŢA,CT,802,3,0,0,3,35,6,0,41,62,8,0,70,70,8,0,78,118,10,0,128,137,13,0,150
60428,207,"CARTIER TOMIS PLUS",CONSTANŢA,CT,1816,3,0,0,3,41,6,0,47,80,14,0,94,84,14,0,98,154,18,0,172,195,25,0,220
60437,208,"HOTEL VENUS",MAMAIA,CT,277,0,0,0,0,2,12,0,14,9,17,0,26,9,17,0,26,20,24,0,44,26,26,0,52
60428,209,"ȘCOALA GIMNAZIALANR. 23”CONSTANTIN BRÂNCOVEANU”",CONSTANŢA,CT,1087,7,0,0,7,47,0,0,47,59,0,0,59,67,0,0,67,116,0,0,116,144,0,0,144
60428,210,"CAMPUS SOCIAL ""HENRI COANDĂ""",CONSTANŢA,CT,1691,43,0,0,43,148,0,0,148,202,1,0,203,228,5,0,233,325,7,0,332,390,7,0,397
60491,211,"CASA MUNICIPALĂ DE CULTURĂ",MANGALIA,CT,1525,27,9,0,36,109,47,0,156,136,55,0,191,158,60,0,218,268,78,0,346,309,105,0,414
60491,212,"GRUP ȘCOLAR ECONOMIC",MANGALIA,CT,1414,12,2,0,14,41,11,0,52,60,13,0,73,75,16,0,91,155,23,0,178,188,25,0,213
60491,213,"GRUP ȘCOLAR INDUSTRIAL ""ION BĂNESCU""",MANGALIA,CT,1203,5,1,0,6,15,3,0,18,25,4,0,29,35,5,0,40,100,14,0,114,127,17,0,144
60491,214,"GRUP ȘCOLAR INDUSTRIAL ""ION BĂNESCU""",MANGALIA,CT,1426,11,4,0,15,52,4,0,56,77,4,0,81,100,6,0,106,149,6,0,155,176,6,0,182
60491,215,"BAZA SPOTIVĂ PESCĂRUȘ",MANGALIA,CT,1187,6,1,0,7,46,3,0,49,64,6,0,70,91,6,0,97,157,7,0,164,170,8,0,178
60491,216,"ȘCOALA GENERALĂ NR.3",MANGALIA,CT,1513,19,1,0,20,65,5,0,70,86,8,0,94,108,10,0,118,197,12,0,209,233,16,0,249
60491,217,"ȘCOALA GENERALĂ NR.3",MANGALIA,CT,1584,23,0,0,23,60,3,0,63,80,4,0,84,90,4,0,94,169,6,0,175,203,9,0,212
60491,218,"GRĂDINIȚA NR.3",MANGALIA,CT,1588,9,1,0,10,43,2,0,45,67,4,0,71,85,4,0,89,153,6,0,159,202,6,0,208
60491,219,"ȘCOALA GENERALĂ NR.1",MANGALIA,CT,1166,4,5,0,9,14,7,0,21,26,10,0,36,37,10,0,47,71,14,0,85,94,15,0,109
60491,220,"ȘCOALA GENERALĂ NR.1",MANGALIA,CT,1364,15,5,0,20,31,6,0,37,47,6,0,53,56,6,0,62,105,8,0,113,139,8,0,147
60491,221,"ȘCOALA GENERALĂ NR.2",MANGALIA,CT,1460,18,1,0,19,60,3,0,63,68,6,0,74,89,7,0,96,153,8,0,161,187,9,0,196
60491,222,"ȘCOALA GENERALĂ NR.2",MANGALIA,CT,1673,22,5,0,27,69,7,0,76,93,8,0,101,112,8,0,120,193,11,0,204,242,13,0,255
60491,223,"SEDIU S.C. ECO GOLD S.A.",MANGALIA,CT,2049,15,0,0,15,70,0,0,70,126,2,0,128,132,4,0,136,229,8,0,237,310,9,0,319
60491,224,"GRĂDINIȚA NR. 4",MANGALIA,CT,1235,9,7,0,16,38,9,0,47,52,11,0,63,56,11,0,67,127,17,0,144,150,21,0,171
60491,225,"FUNDAȚIA PENTRU TINERET MANGALIA",MANGALIA,CT,1182,1,5,0,6,5,5,0,10,8,5,0,13,12,5,0,17,23,8,0,31,32,10,0,42
60491,226,"FUNDATIA PENTRU TINERET",MANGALIA,CT,1401,8,0,0,8,47,2,0,49,61,2,0,63,80,3,0,83,148,3,0,151,193,6,0,199
60491,227,"ȘCOALA GENERALĂ NR.5",MANGALIA,CT,1201,4,4,0,8,30,9,0,39,47,16,0,63,60,18,0,78,122,30,0,152,137,34,0,171
60491,228,"ȘCOALA GENERALĂ NR.5",MANGALIA,CT,1272,22,4,0,26,61,13,0,74,73,14,0,87,92,14,0,106,154,22,0,176,186,29,0,215
60491,229,"FUNDAȚIA PENTRU TINERET",MANGALIA,CT,1266,9,1,0,10,58,4,0,62,71,4,0,75,81,6,0,87,161,8,0,169,186,8,1,195
60491,230,"HOTEL MANGALIA",MANGALIA,CT,1294,19,18,0,37,68,67,0,135,100,74,0,174,110,77,0,187,189,100,0,289,220,109,0,329
60491,231,"CLUB SPITAL MANGALIA",MANGALIA,CT,931,14,0,0,14,55,16,0,71,73,16,0,89,87,16,0,103,145,22,9,176,174,24,9,207
60491,232,"GRĂDINIȚA CALLATIS",MANGALIA,CT,1175,8,4,0,12,49,4,0,53,63,6,0,69,78,6,0,84,134,6,0,140,148,8,0,156
60491,233,"LICEUL CALLATIS",MANGALIA,CT,1201,12,0,0,12,46,4,0,50,66,10,0,76,90,15,0,105,164,20,0,184,192,23,0,215
60491,234,"LICEUL CALLATIS",MANGALIA,CT,1070,12,0,0,12,44,2,0,46,48,2,0,50,61,2,0,63,119,4,0,123,145,4,0,149
63205,235,"GRADINITA NR. 5 NEPTUN",NEPTUN,CT,1385,9,0,0,9,30,26,0,56,38,34,0,72,59,36,0,95,129,53,0,182,150,59,0,209
63205,236,"GRĂDINIȚA NR. 5 NEPTUN",NEPTUN,CT,492,0,1,0,1,6,7,0,13,6,8,0,14,12,9,0,21,17,20,0,37,21,20,0,41
60856,237,"CASA DE CULTURĂ“I.N.ROMAN”",MEDGIDIA,CT,831,14,0,0,14,58,6,0,64,73,10,0,83,86,10,0,96,153,15,0,168,165,15,0,180
60856,238,"GRĂDINIŢA NR.1 -BILINGVĂ ROMANO-TURCA",MEDGIDIA,CT,790,10,3,0,13,35,5,0,40,42,5,0,47,58,6,0,64,81,7,0,88,102,7,0,109
60856,239,"GRADINITA NR.1",MEDGIDIA,CT,848,8,0,0,8,21,1,0,22,27,4,0,31,39,4,0,43,73,7,0,80,83,9,0,92
60856,240,"ŞCOALA ""MIHAIL SADOVEANU""",MEDGIDIA,CT,925,1,2,0,3,12,2,0,14,29,4,0,33,41,4,0,45,62,4,0,66,82,5,0,87
60856,241,"ŞCOALA ""MIHAIL SADOVEANU""",MEDGIDIA,CT,1472,4,5,0,9,18,5,0,23,24,5,0,29,29,5,0,34,48,5,0,53,59,5,0,64
60856,242,"SALA DE SPORT -ŞCOALA ""MIHAIL SADOVEANU""",MEDGIDIA,CT,1130,1,4,0,5,14,4,0,18,20,5,0,25,22,5,0,27,53,6,0,59,63,6,0,69
60856,243,"GRĂDINIŢA NR.8",MEDGIDIA,CT,1374,6,0,0,6,29,0,0,29,44,0,0,44,65,4,0,69,105,5,0,110,134,8,0,142
60856,244,"LICEUL TEHNOLOGIC ""DRAGOMIR HURMUZESCU""",MEDGIDIA,CT,1280,12,3,0,15,41,3,0,44,54,3,0,57,66,3,0,69,130,4,0,134,152,5,0,157
60856,245,"ŞCOALA “CONSTANTIN BRÂNCUŞI”",MEDGIDIA,CT,1028,8,0,0,8,28,0,0,28,33,0,0,33,41,5,0,46,78,7,0,85,94,8,0,102
60856,246,"ŞCOALA “CONSTANTIN BRÂNCUŞI”",MEDGIDIA,CT,1022,13,2,0,15,43,5,0,48,63,6,0,69,73,6,0,79,119,6,0,125,145,7,0,152
60856,247,"LICEUL TEORETIC “NICOLAE BĂLCESCU”",MEDGIDIA,CT,844,10,0,0,10,23,0,0,23,33,0,0,33,38,0,0,38,55,2,0,57,63,5,0,68
60856,248,"LICEUL TEORETIC “NICOLAE BĂLCESCU”",MEDGIDIA,CT,788,7,3,0,10,27,3,0,30,41,3,0,44,56,3,0,59,120,4,0,124,132,5,0,137
60856,249,"SCOALA ""MIRCEA DRAGOMIRESCU""",MEDGIDIA,CT,844,13,2,0,15,60,3,0,63,70,4,0,74,82,5,0,87,147,6,0,153,167,6,0,173
60856,250,"ŞCOALA “MIRCEA DRAGOMIRESCU”",MEDGIDIA,CT,797,10,0,0,10,26,4,0,30,39,5,0,44,51,5,0,56,88,7,0,95,99,7,0,106
60856,251,"ŞCOALA GIMNAZIALĂ ""MIRCEA DRAGOMIRESCU""",MEDGIDIA,CT,1248,5,0,0,5,49,0,0,49,62,0,0,62,83,1,0,84,157,9,0,166,171,13,0,184
60856,252,"GRĂDINIŢA NR.2",MEDGIDIA,CT,901,12,0,0,12,41,0,0,41,52,0,0,52,63,4,0,67,126,5,0,131,152,6,0,158
60856,253,"GRĂDINIŢA NR.11",MEDGIDIA,CT,774,15,1,0,16,58,2,0,60,70,2,0,72,85,2,0,87,116,2,0,118,134,3,0,137
60856,254,"COLEGIUL ""KEMAL ATATURK""",MEDGIDIA,CT,964,9,4,0,13,28,8,0,36,36,8,0,44,52,8,0,60,107,8,0,115,123,8,0,131
60856,255,"HOTEL ""STADION""",MEDGIDIA,CT,879,8,0,0,8,33,0,0,33,44,0,0,44,58,2,0,60,105,3,0,108,146,9,0,155
60856,256,"HOTEL ""STADION""",MEDGIDIA,CT,903,11,3,0,14,33,4,0,37,49,4,0,53,56,4,0,60,105,6,0,111,152,7,0,159
60856,257,"HOTEL ""STADION""",MEDGIDIA,CT,1065,6,0,0,6,31,0,0,31,68,0,0,68,101,0,0,101,189,1,0,190,226,3,0,229
60856,258,"ANEXA - COLEGIUL ""KEMAL ATATURK""",MEDGIDIA,CT,937,10,1,0,11,35,1,0,36,45,1,0,46,64,1,0,65,111,2,0,113,131,4,0,135
60856,259,"ANEXA - COLEGIUL ""KEMAL ATATURK""",MEDGIDIA,CT,771,12,2,0,14,30,3,0,33,38,4,0,42,50,4,0,54,116,6,0,122,137,6,0,143
60856,260,"ŞCOALA “LUCIAN GRIGORESCU”",MEDGIDIA,CT,1076,18,0,0,18,49,5,0,54,57,5,0,62,82,5,0,87,126,9,0,135,161,10,0,171
60856,261,"ŞCOALA “LUCIAN GRIGORESCU”",MEDGIDIA,CT,636,8,3,0,11,39,3,0,42,47,3,0,50,58,3,0,61,109,3,0,112,127,5,0,132
60856,262,"PF AGIOMER MUZECHIR",MEDGIDIA,CT,707,6,3,0,9,18,3,0,21,29,4,0,33,42,5,0,47,77,9,0,86,89,11,0,100
60856,263,"ŞCOALA “I.L.CARAGIALE”",MEDGIDIA,CT,1008,5,5,0,10,31,8,0,39,63,10,0,73,89,13,0,102,141,16,0,157,166,17,0,183
60856,264,"SCOALA ""I.L.CARAGIALE""",MEDGIDIA,CT,1068,8,0,0,8,35,0,0,35,44,0,0,44,54,1,0,55,104,4,0,108,125,5,0,130
60856,265,"SCOALA ""I.L.CARAGIALE""",MEDGIDIA,CT,1039,3,1,0,4,41,4,0,45,56,4,0,60,71,4,0,75,112,5,0,117,136,5,0,141
60856,266,"COLEGIUL TEHNIC ""NICOLAE TITULESCU""",MEDGIDIA,CT,1017,12,0,0,12,50,0,0,50,80,1,0,81,95,3,0,98,141,10,0,151,168,15,0,183
60856,267,"COLEGIUL TEHNIC ""NICOLAE TITULESCU""",MEDGIDIA,CT,1273,9,1,0,10,35,1,0,36,73,1,0,74,86,1,0,87,185,2,0,187,232,2,0,234
60856,268,"ŞCOALA “SPIRU HARET”",MEDGIDIA,CT,1057,8,1,0,9,40,3,0,43,57,3,0,60,79,3,0,82,150,7,0,157,170,7,0,177
60856,269,"ŞCOALA “SPIRU HARET”",MEDGIDIA,CT,1218,4,0,0,4,33,2,0,35,53,5,1,59,72,6,1,79,124,7,1,132,151,11,1,163
60856,270,"ŞCOALA “SPIRU HARET”",MEDGIDIA,CT,1253,15,2,0,17,47,3,0,50,59,3,0,62,81,4,0,85,144,5,0,149,171,7,0,178
60856,271,"GRADINIŢA NR.7",MEDGIDIA,CT,1353,10,1,0,11,51,2,0,53,86,4,0,90,123,4,0,127,218,7,0,225,255,8,0,263
60874,272,"ŞCOALA “IULIU PRODAN”","VALEA DACILOR",CT,1244,10,3,0,13,25,5,0,30,31,5,0,36,37,5,0,42,80,7,0,87,116,9,0,125
60865,273,"S.C. ""MAXICOMP"" SRL","REMUS OPREANU",CT,295,7,1,0,8,15,2,0,17,24,3,0,27,27,3,0,30,39,4,0,43,42,4,0,46
61078,274,"ȘCOALA GENERALĂ NR 1 BĂNEASA",BĂNEASA,CT,1014,4,4,0,8,22,6,0,28,22,6,0,28,37,6,0,43,85,13,0,98,115,18,0,133
61078,275,"LICEUL TEORETIC BĂNEASA",BĂNEASA,CT,1741,6,4,0,10,23,7,0,30,40,9,0,49,65,11,0,76,193,22,0,215,262,24,0,286
61096,276,"ȘCOALA GENERALĂ NEGURENI",NEGURENI,CT,575,1,3,0,4,2,8,0,10,6,8,0,14,14,8,0,22,67,11,0,78,115,13,0,128
61087,277,"ȘCOALA GENERALĂ FĂUREI",FĂUREI,CT,976,0,0,0,0,3,1,0,4,22,1,0,23,25,1,0,26,77,2,0,79,199,6,0,205
60785,278,"ŞCOALA GIMNAZIALĂNR. 1",CERNAVODĂ,CT,1725,8,0,0,8,32,0,0,32,45,1,0,46,57,1,0,58,93,1,0,94,136,2,0,138
60785,279,"ŞCOALA GIMNAZIALĂ NR. 1",CERNAVODĂ,CT,1380,8,1,0,9,27,5,0,32,40,8,0,48,54,9,0,63,82,11,0,93,103,15,0,118
60785,280,"GRĂDINIŢA CU PROGRAM PRELUNGIT ,,PANSELUŢA''",CERNAVODĂ,CT,1606,17,0,0,17,29,0,0,29,50,2,0,52,61,2,0,63,91,2,0,93,127,4,0,131
60785,281,"ŞCOALA GIMNAZIALĂ NR. 2",CERNAVODĂ,CT,1420,6,4,0,10,25,4,0,29,47,4,0,51,70,6,0,76,123,7,0,130,138,7,0,145
60785,282,"LICEUL TEORETIC ANGHEL SALIGNY",CERNAVODĂ,CT,1591,10,0,0,10,32,0,0,32,38,0,0,38,68,0,0,68,143,0,0,143,189,0,0,189
60785,283,"LICEUL TEORETIC ANGHEL SALIGNY",CERNAVODĂ,CT,1572,20,2,0,22,38,8,0,46,57,13,0,70,85,18,0,103,134,39,0,173,181,50,0,231
60785,284,"GRĂDINIŢA CU PROGRAM PRELUNGIT NR. 4",CERNAVODĂ,CT,1407,9,0,0,9,20,1,0,21,29,1,0,30,42,1,0,43,78,2,0,80,94,5,0,99
60785,285,"CREŞA DIN STRADA TUDOR VLADIMIRESCU",CERNAVODĂ,CT,1000,4,0,0,4,17,3,0,20,35,3,0,38,52,3,0,55,99,4,0,103,123,7,0,130
60785,286,"LICEUL TEHNOLOGIC AXIOPOLIS CERNAVODĂ",CERNAVODĂ,CT,1489,6,4,0,10,25,5,0,30,48,8,0,56,49,8,0,57,97,11,0,108,119,13,0,132
60785,287,"LICEUL TEHNOLOGIC AXIOPOLIS CERNAVODĂ",CERNAVODĂ,CT,1212,9,0,0,9,29,1,0,30,37,2,0,39,46,2,0,48,80,5,0,85,97,9,0,106
60785,288,"ŞCOALA GIMNAZIALĂ MIRCEA ELIADE",CERNAVODĂ,CT,1135,4,4,0,8,27,12,0,39,41,12,0,53,50,13,0,63,97,21,0,118,129,25,0,154
60464,289,"LICEUL CARMEN SILVA EFORIE SUD","EFORIE SUD",CT,1465,6,2,0,8,25,5,0,30,34,17,0,51,47,21,0,68,121,31,0,152,154,36,0,190
60464,290,"SEDIUL POLITIEI LOCALE EFORIE SUD","EFORIE SUD",CT,1573,11,10,0,21,39,16,0,55,54,30,0,84,72,32,0,104,131,48,0,179,165,62,0,227
60464,291,"GRĂDINIȚA DE COPII EFORIE SUD","EFORIE SUD",CT,1003,18,3,0,21,49,11,0,60,61,11,0,72,77,14,0,91,107,23,0,130,139,24,0,163
60473,292,"HOTEL ”TRAIAN” EFORIE NORD","EFORIE NORD",CT,1402,7,53,0,60,35,115,0,150,48,125,0,173,60,143,0,203,111,165,0,276,123,176,0,299
60473,293,"SALA DE SPORTEFORIE NORD","EFORIE NORD",CT,1550,8,6,0,14,42,22,0,64,73,30,0,103,81,35,0,116,154,69,0,223,180,80,0,260
60473,294,"ȘCOALA GENERALĂ EFORIE NORD","EFORIE NORD",CT,1610,10,17,0,27,55,68,0,123,64,96,0,160,90,102,0,192,151,152,0,303,181,172,0,353
60473,295,"ȘCOALA GENERALĂ EFORIE NORD","EFORIE NORD",CT,693,11,6,0,17,21,11,0,32,34,17,0,51,40,20,0,60,57,24,0,81,74,28,0,102
60810,296,"CASA DE CULTURA",HÂRŞOVA,CT,803,8,2,0,10,27,2,0,29,42,3,0,45,57,3,0,60,97,12,0,109,129,13,0,142
60810,297,"LICEUL TEORETIC ""IOAN COTOVU""",HÂRŞOVA,CT,1336,11,2,0,13,26,2,0,28,33,3,0,36,41,3,0,44,110,9,0,119,132,9,0,141
60810,298,"CENTRUL PERMANENT PENTRU PERSOANE ABUZATE",HÂRŞOVA,CT,1230,11,2,0,13,43,3,0,46,58,3,0,61,73,3,0,76,120,3,0,123,149,3,0,152
60810,299,"ŞCOALA PORT HÂRŞOVA",HÂRŞOVA,CT,1185,5,0,0,5,18,0,0,18,23,0,0,23,35,4,0,39,66,7,0,73,89,11,0,100
60810,300,"ŞCOALA GIMNAZIALĂ NR. 1",HÂRŞOVA,CT,1155,3,0,0,3,15,6,0,21,20,6,0,26,36,6,0,42,80,6,0,86,108,10,0,118
60810,301,"R.A. ROMSILVA - OCOLUL SILVIC HÎRȘOVA",HÂRŞOVA,CT,1430,14,0,0,14,21,0,0,21,31,2,0,33,56,4,0,60,127,6,0,133,155,9,0,164
60810,302,"GRADINIŢA VAROŞ",HÂRŞOVA,CT,1288,5,4,0,9,14,4,0,18,22,4,0,26,33,4,0,37,83,8,0,91,111,8,0,119
60829,303,"ŞCOALA PRIMARĂ VADU OII","VADU OII",CT,316,5,3,0,8,7,3,0,10,7,3,0,10,11,3,0,14,29,4,0,33,41,7,0,48
62379,304,"LICEUL TEORETIC MURFATLAR",MURFATLAR,CT,1417,13,0,0,13,45,0,0,45,71,0,0,71,92,1,0,93,173,13,0,186,212,15,0,227
62379,305,"LICEUL TEORETIC MURFATLAR",MURFATLAR,CT,1193,15,3,0,18,33,3,0,36,55,4,0,59,77,4,0,81,131,4,0,135,181,6,0,187
62379,306,"SALA DE SPORT",MURFATLAR,CT,1214,5,3,0,8,26,3,0,29,40,5,0,45,67,6,0,73,123,9,0,132,178,12,0,190
62379,307,"ȘCOALA GENERALĂ NR.2 MURFATLAR",MURFATLAR,CT,1789,12,2,0,14,50,3,0,53,68,6,0,74,96,8,0,104,171,16,0,187,212,21,0,233
62379,308,"CLUB TINERET MURFATLAR",MURFATLAR,CT,1528,21,3,0,24,47,3,0,50,75,3,0,78,90,5,0,95,176,9,0,185,207,14,0,221
62379,309,"S.C.U.G S.A. MURFATLAR",MURFATLAR,CT,1009,6,3,0,9,25,3,0,28,28,3,0,31,43,3,0,46,85,4,0,89,103,8,0,111
62388,310,"CĂMIN CULTURAL SIMINOC",SIMINOC,CT,996,4,0,0,4,30,1,0,31,40,1,0,41,58,3,0,61,120,9,0,129,168,12,0,180
60516,311,"GRĂDINIȚA ,,PEȘTIȘORUL DE AUR""",NĂVODARI,CT,1608,23,0,0,23,74,2,0,76,103,2,0,105,120,4,0,124,181,5,0,186,212,8,0,220
60516,312,"LICEUL TEHNOLOGIC „LAZĂR EDELEANU""",NĂVODARI,CT,1366,6,0,0,6,45,1,0,46,63,3,0,66,77,3,0,80,142,14,0,156,163,16,0,179
60516,313,"LICEUL TEHNOLOGIC „LAZĂR EDELEANU""",NĂVODARI,CT,1242,7,11,0,18,22,12,0,34,33,14,0,47,41,14,0,55,95,18,0,113,112,21,0,133
60516,314,"LICEUL TEHNOLOGIC „LAZĂR EDELEANU""",NĂVODARI,CT,1791,11,0,0,11,43,3,0,46,70,3,0,73,90,4,0,94,166,6,0,172,216,6,0,222
60516,315,"LICEUL TEHNOLOGIC „LAZĂR EDELEANU""",NĂVODARI,CT,1567,20,0,0,20,60,0,0,60,74,2,0,76,86,2,0,88,170,11,0,181,186,11,0,197
60516,316,"ŞCOALA GIMNAZIALĂ „GEORGE ENESCU""",NĂVODARI,CT,1659,16,1,0,17,71,5,0,76,89,7,0,96,102,9,0,111,169,18,0,187,190,18,0,208
60516,317,"ŞCOALA GIMNAZIALĂ „GEORGE ENESCU""",NĂVODARI,CT,1723,15,1,0,16,45,4,0,49,73,4,0,77,81,6,0,87,141,12,0,153,187,18,0,205
60516,318,"ŞCOALA GIMNAZIALĂ „GEORGE ENESCU""",NĂVODARI,CT,1679,4,0,0,4,48,2,0,50,78,3,0,81,96,5,0,101,177,5,0,182,206,8,0,214
60516,319,"ŞCOALA GIMNAZIALĂ „GRIGORE MOISIL""",NĂVODARI,CT,1635,6,0,0,6,48,3,0,51,62,4,0,66,84,5,0,89,174,11,0,185,202,12,0,214
60516,320,"ŞCOALA GIMNAZIALĂ „GRIGORE MOISIL""",NĂVODARI,CT,1325,6,0,0,6,20,1,0,21,34,1,0,35,40,1,0,41,116,9,0,125,129,15,0,144
60516,321,"ŞCOALA GIMNAZIALĂ „GRIGORE MOISIL""",NĂVODARI,CT,1349,8,1,0,9,43,2,0,45,67,3,0,70,82,3,0,85,142,4,0,146,170,7,0,177
60516,322,"GRĂDINIȚA„ALBATROS""",NĂVODARI,CT,1677,11,3,0,14,55,10,0,65,65,12,0,77,81,14,0,95,144,18,0,162,174,27,0,201
60516,323,"CLUBUL SINDICATULUI „PETROCHIMISTUL""",NĂVODARI,CT,1446,17,2,0,19,43,2,0,45,61,4,0,65,69,5,0,74,140,9,0,149,169,11,0,180
60516,324,"ŞCOALA GIMNAZIALĂ „TUDOR ARGHEZI""",NĂVODARI,CT,988,2,5,0,7,16,6,0,22,28,7,0,35,36,8,0,44,52,10,0,62,81,10,0,91
60516,325,"ŞCOALA GIMNAZIALĂ „TUDOR ARGHEZI""",NĂVODARI,CT,1065,8,1,0,9,25,3,0,28,34,5,0,39,45,5,0,50,74,8,0,82,87,8,0,95
60516,326,CASACĂSĂTORIILOR,NĂVODARI,CT,1516,14,0,0,14,62,0,0,62,74,0,0,74,94,3,0,97,160,10,0,170,177,16,0,193
60516,327,"CASA DE CULTURĂ",NĂVODARI,CT,1544,9,5,0,14,51,5,0,56,66,7,0,73,79,7,0,86,127,8,0,135,160,11,0,171
60516,328,"CASA DE CULTURĂ",NĂVODARI,CT,1803,16,4,0,20,52,9,0,61,67,11,0,78,91,12,0,103,170,24,0,194,207,32,0,239
60516,329,"CREȘA NR. 20 NĂVODARI",NĂVODARI,CT,1853,19,0,0,19,59,0,0,59,80,1,0,81,89,4,0,93,153,5,0,158,168,12,0,180
60516,330,"CLUBUL PENSIONARILOR",NĂVODARI,CT,439,6,3,0,9,21,5,0,26,26,8,0,34,34,9,0,43,45,15,0,60,51,16,0,67
60516,331,"CLĂDIRE SEDIU ADMINISTRATIV „COLOANA AUTO""",NĂVODARI,CT,1896,8,0,0,8,48,5,0,53,80,5,0,85,92,5,0,97,149,11,0,160,176,18,0,194
60516,332,"ȘCOALA PRIMARĂ NR.1 PENINSULA NĂVODARI",NĂVODARI,CT,506,3,6,0,9,20,8,0,28,32,8,0,40,41,8,0,49,57,8,0,65,70,8,0,78
60516,333,"DISPENSARUL NR.2",NĂVODARI,CT,994,19,0,0,19,57,7,0,64,68,9,0,77,78,10,0,88,113,21,0,134,132,22,0,154
60516,334,"DISPENSARUL NR.1",NĂVODARI,CT,1942,16,0,0,16,68,2,0,70,87,7,0,94,98,7,0,105,201,15,0,216,268,15,0,283
62404,335,"CASA DE CULTURĂ","NEGRU VODĂ",CT,1231,4,1,0,5,24,1,0,25,35,1,0,36,59,1,0,60,117,3,0,120,134,3,0,137
62404,336,"ŞCOALA GENERALĂ","NEGRU VODĂ",CT,1109,7,0,0,7,26,4,0,30,32,4,0,36,51,8,0,59,84,18,0,102,97,25,0,122
62404,337,"CLUB PENSIONARI","NEGRU VODĂ",CT,1260,12,1,0,13,37,3,0,40,46,8,0,54,63,8,0,71,87,17,0,104,111,22,0,133
62404,338,"GRĂDINIŢA CU PROGRAM NORMAL","NEGRU VODĂ",CT,129,0,0,0,0,3,0,0,3,3,2,0,5,8,2,0,10,17,5,0,22,21,6,0,27
62413,339,"SEDIU ADMINISTRATIV AL PRIMARIEI",DARABANI,CT,611,3,1,0,4,16,1,0,17,29,4,0,33,34,5,0,39,76,7,0,83,107,7,0,114
62431,340,"SCOALA GENERALĂ CLASELE I-IV",VÎLCELELE,CT,196,1,0,0,1,9,3,0,12,10,4,0,14,13,4,0,17,17,4,0,21,19,6,0,25
60696,341,"LICEUL TEORETIC OVIDIU",OVIDIU,CT,1914,6,4,0,10,25,5,0,30,47,5,0,52,86,9,0,95,169,23,0,192,203,27,0,230
60696,342,"LICEUL TEORETIC OVIDIU",OVIDIU,CT,1908,8,0,0,8,41,3,0,44,64,3,0,67,74,3,0,77,148,4,0,152,185,11,0,196
60696,343,"ŞCOALA NR. 2 OVIDIU",OVIDIU,CT,1694,8,0,0,8,35,5,0,40,62,7,0,69,76,9,0,85,156,11,0,167,187,19,0,206
60696,344,"ŞCOALA NR. 2 OVIDIU",OVIDIU,CT,1744,7,3,0,10,29,3,0,32,38,4,0,42,68,5,0,73,111,8,0,119,153,10,0,163
60696,345,"ŞCOALA NR. 2 OVIDIU",OVIDIU,CT,1805,8,0,0,8,47,1,0,48,63,4,0,67,89,4,0,93,175,7,0,182,212,8,0,220
60696,346,"CENTRUL CULTURAL OVIDIU",OVIDIU,CT,1834,15,0,0,15,43,7,0,50,59,11,0,70,76,12,0,88,184,17,0,201,248,24,0,272
60712,347,"CENTRUL CULTURAL ""GABRIEL COTABIȚĂ"" POIANA",POIANA,CT,862,7,0,0,7,13,1,0,14,29,3,0,32,34,8,0,42,72,28,0,100,90,38,0,128
63349,348,"SCOALA GENERALA DIN SATUL CULMEA",CULMEA,CT,1041,6,5,0,11,34,7,0,41,58,10,0,68,71,13,0,84,147,20,0,167,173,21,0,194
60543,349,"SALA DE SPORT",TECHIRGHIOL,CT,1831,15,20,0,35,67,100,0,167,90,123,0,213,107,130,0,237,196,198,0,394,262,226,7,495
60543,350,"GRĂDINIȚA NR.1",TECHIRGHIOL,CT,1677,14,0,0,14,43,9,0,52,64,9,0,73,76,10,0,86,135,14,0,149,183,17,0,200
60543,351,"GRĂDINIȚA NR.2",TECHIRGHIOL,CT,1890,1,0,0,1,36,2,0,38,64,5,0,69,75,7,0,82,143,15,0,158,185,20,0,205
60543,352,"LICEUL ”EMIL RACOVIȚĂ”",TECHIRGHIOL,CT,1397,7,2,0,9,23,11,0,34,38,11,0,49,51,15,0,66,93,40,0,133,128,41,0,169
60605,353,"ŞCOALA CU CLASELE I-VIII, LOCALITATEA 23 AUGUST","23 AUGUST",CT,1284,6,0,0,6,21,2,0,23,36,2,0,38,49,4,0,53,106,16,0,122,120,29,0,149
60605,354,"ŞCOALA CU CLASELE I-VIII, LOCALITATEA 23 AUGUST","23 AUGUST",CT,1280,9,0,0,9,22,0,0,22,29,0,0,29,40,0,0,40,99,0,0,99,120,0,0,120
60614,355,"ŞCOALA CU CLASELE I-VIII, LOCALITATEA DULCEŞTI",DULCEŞTI,CT,1124,6,2,0,8,12,3,0,15,24,3,0,27,30,3,0,33,50,4,0,54,64,7,0,71
60623,356,"ŞCOALA CU CLASELE I-VIII, LOCALITATEA MOŞNENI",MOŞNENI,CT,1048,2,0,0,2,6,2,0,8,12,2,0,14,19,2,0,21,32,4,0,36,43,9,0,52
60892,357,"LICEUL TEHNOLOGIC ''JEAN DINU''",ADAMCLISI,CT,962,9,0,0,9,34,2,0,36,48,9,0,57,59,9,0,68,116,17,0,133,159,25,10,194
60936,358,"CĂMIN CULTURAL ZORILE",ZORILE,CT,497,0,0,0,0,4,2,0,6,11,2,0,13,24,3,0,27,47,4,0,51,72,6,0,78
60927,359,"ȘCOALA GENERALĂ URLUIA",URLUIA,CT,288,0,2,0,2,8,2,0,10,10,4,0,14,13,11,0,24,34,15,0,49,36,15,0,51
60909,360,"ȘCOALA GENERALĂ ABRUD",ABRUD,CT,112,0,0,0,0,7,2,0,9,8,2,0,10,12,2,0,14,17,2,0,19,18,2,0,20
63269,361,"SCOALA ION BORCEA- LABORATORUL DE ISTORIE",AGIGEA,CT,1173,10,5,0,15,54,10,0,64,65,13,0,78,92,16,0,108,176,27,0,203,214,31,0,245
63269,362,"SCOALA ION BORCEA- LABORATORUL DECHIMIE",AGIGEA,CT,1182,11,4,0,15,57,14,0,71,75,18,0,93,92,21,0,113,202,31,0,233,245,33,0,278
63269,363,"GRADINITA AGIGEA-GRUPA FLUTURASILOR",AGIGEA,CT,1117,8,0,0,8,31,1,0,32,63,2,0,65,78,2,0,80,148,10,0,158,205,13,0,218
63269,364,"GRADINITA AGIGEA-GRUPA RATUSTELOR",AGIGEA,CT,1258,13,3,0,16,58,9,0,67,88,10,0,98,111,11,0,122,204,16,0,220,252,16,0,268
63269,365,"GRĂDINIŢA ""RIŢA GĂRGĂRIŢA"" AGIGEA",AGIGEA,CT,462,3,1,0,4,15,2,0,17,26,7,0,33,30,9,0,39,53,15,0,68,73,15,17,105
60589,366,"GRADINITA LAZU",LAZU,CT,1604,18,3,0,21,60,20,2,82,83,24,2,109,94,35,2,131,213,50,2,265,270,62,2,334
60954,367,"ȘCOALA GIMNAZIALĂ""ION CREANGĂ"" ALBEȘTI",ALBEŞTI,CT,1277,8,0,0,8,18,1,0,19,28,1,0,29,43,4,0,47,107,6,0,113,132,11,0,143
60963,368,"ȘCOALA PRIMARĂ NR. 2 ARSA",ARSA,CT,511,3,1,0,4,8,3,0,11,9,4,0,13,13,4,0,17,25,6,0,31,34,7,0,41
60981,369,"SCOALA GIMNAZIALĂ NR. 1COTU-VAII","COTU VĂII",CT,895,10,0,0,10,17,3,0,20,19,3,0,22,21,3,0,24,48,9,0,57,58,9,0,67
60972,370,SCOALAPRIMARĂCOROANA,COROANA,CT,95,0,0,0,0,2,1,0,3,4,3,0,7,7,5,0,12,18,6,0,24,24,7,0,31
60990,371,"ȘCOALAPRIMARĂ NR.3VÎRTOP",VÎRTOP,CT,218,4,1,0,5,9,1,0,10,12,2,0,14,23,2,0,25,42,4,0,46,49,4,0,53
61014,372,"SCOALA GIMNAZIALA ""DAN SPATARU"" ALIMAN",ALIMAN,CT,661,1,1,0,2,11,4,0,15,18,4,0,22,18,5,0,23,32,7,0,39,47,13,0,60
61032,373,"SCOALA GIMNAZIALA NR. 1 DUNARENI",DUNĂRENI,CT,1126,1,0,0,1,13,0,0,13,24,1,0,25,29,1,0,30,50,1,0,51,69,1,0,70
61050,374,"SCOALA PRIMARA NR.2 VLAHII",VLAHII,CT,408,1,0,0,1,6,0,0,6,10,1,0,11,16,1,0,17,32,4,0,36,39,6,0,45
63090,375,"ȘCOALA AMZACEA",AMZACEA,CT,1186,3,1,0,4,18,1,0,19,23,3,0,26,36,3,0,39,78,4,0,82,93,4,0,97
61489,376,"ȘCOALA GENERALĂ GENERAL SCĂRIȘOREANU","GENERAL SCĂRIŞOREANU",CT,790,4,3,0,7,14,5,0,19,16,6,0,22,28,8,0,36,48,8,0,56,64,11,0,75
61470,377,"CĂMIN CULTURAL CASICEA",CASICEA,CT,353,3,0,0,3,20,0,0,20,31,0,0,31,44,1,0,45,63,1,0,64,74,5,0,79
61648,378,"ȘCOALA GIMNAZIALĂ ”EMIL GÂRLEANU” BĂRĂGANU",BĂRĂGANU,CT,928,7,0,0,7,21,2,0,23,42,3,0,45,68,3,0,71,131,4,0,135,163,4,0,167
62164,379,"ȘCOALA GIMNAZIALĂ ”EMIL GÂRLEANU” BĂRĂGANU - ȘCOALA PRIMARĂ NR. 1 LANURILE",LANURILE,CT,749,3,0,0,3,6,1,0,7,6,1,0,7,11,1,0,12,29,2,0,31,45,4,0,49
61130,380,"CĂMINUL CULTURAL",CASTELU,CT,1155,11,2,0,13,29,2,0,31,35,2,0,37,41,2,0,43,87,4,0,91,112,6,0,118
61130,381,"CĂMINUL CULTURAL",CASTELU,CT,1357,10,1,0,11,28,1,0,29,39,3,0,42,60,3,0,63,123,9,0,132,146,9,0,155
61158,382,"CĂMIN CULTURAL",NISIPARI,CT,1560,5,6,0,11,25,12,0,37,40,13,0,53,60,13,0,73,127,18,0,145,174,19,0,193
61176,383,"CĂMINUL CULTURAL CERCHEZU",CERCHEZU,CT,416,3,0,0,3,13,3,0,16,25,5,0,30,46,5,0,51,111,16,0,127,158,28,0,186
61185,384,"CĂMINUL CULTURAL CĂSCIOARELE",CĂSCIOARELE,CT,228,1,0,0,1,15,2,0,17,21,2,0,23,33,3,0,36,66,5,0,71,87,8,0,95
61201,385,"CĂMINUL CULTURAL VIROAGA",VIROAGA,CT,389,0,0,0,0,2,6,0,8,3,7,0,10,8,8,0,16,20,10,0,30,31,11,0,42
61194,386,"CASA AGRONOMULUI MĂGURA",MĂGURA,CT,70,5,0,0,5,11,0,0,11,15,2,0,17,16,2,0,18,27,4,0,31,35,10,0,45
61229,387,"ȘCOALA GIMNAZIALĂNR.1 CHIRNOGENI",CHIRNOGENI,CT,1506,3,0,0,3,8,3,0,11,35,5,0,40,44,8,0,52,135,17,0,152,189,22,1,212
61247,388,"ȘCOALA GIMNAZIALĂ NR.2 PLOPENI",PLOPENI,CT,865,0,2,0,2,9,2,0,11,12,2,0,14,14,2,0,16,39,12,0,51,46,13,0,59
61238,389,"ŞCOALA PRIMARĂ NR.3 CREDINŢA",CREDINŢA,CT,246,2,1,0,3,4,2,0,6,8,5,0,13,13,5,0,18,29,5,0,34,38,6,0,44
61265,390,"LICEUL TEHNOLOGIC CIOBANU -SALA CLASA 1",CIOBANU,CT,1238,3,0,0,3,16,4,0,20,30,7,0,37,42,8,0,50,83,11,0,94,122,15,0,137
61265,391,"LICEUL TEHNOLOGIC CIOBANU -SALA CLASA 2",CIOBANU,CT,1296,5,0,0,5,14,0,0,14,27,0,0,27,41,1,0,42,83,2,0,85,106,2,0,108
61274,392,"SCOALA GENERALA MIORIȚA",MIORIŢA,CT,260,6,0,0,6,9,2,0,11,11,3,0,14,16,4,0,20,27,7,0,34,40,8,0,48
61292,393,"CĂMIN CULTURAL SAT CIOCÎRLIA",CIOCÎRLIA,CT,1256,18,0,0,18,46,6,0,52,57,7,0,64,80,8,0,88,183,15,0,198,250,19,0,269
61309,394,"CĂMIN CULTURAL SAT CIOCÎRLIA DE SUS","CIOCÎRLIA DE SUS",CT,1175,14,3,0,17,33,4,0,37,43,7,0,50,59,8,0,67,111,16,0,127,144,16,0,160
61327,395,"CĂMIN CULTURAL COBADIN",COBADIN,CT,1916,3,2,0,5,21,6,0,27,28,7,0,35,39,9,0,48,74,14,0,88,95,19,0,114
61327,396,"ȘCOALA TĂTARĂ COBADIN",COBADIN,CT,1792,6,1,0,7,20,6,0,26,28,8,0,36,41,8,0,49,84,9,0,93,100,9,0,109
61327,397,"SCOALA ROMANA",COBADIN,CT,1730,2,1,0,3,10,1,0,11,14,1,0,15,29,1,0,30,63,2,0,65,91,4,0,95
61336,398,"ȘCOALA GENERALĂ CONACU",CONACU,CT,290,0,0,0,0,0,1,0,1,1,1,0,2,3,1,0,4,11,4,0,15,14,4,0,18
61354,399,"CĂMIN CULTURAL NEGREȘTI",NEGREŞTI,CT,373,1,1,0,2,13,1,0,14,19,1,0,20,23,3,0,26,29,9,0,38,39,19,0,58
61363,400,"GRĂDINIȚA VIIȘOARA",VIIŞOARA,CT,1294,11,3,0,14,27,6,0,33,32,6,0,38,45,8,0,53,96,11,0,107,118,15,0,133
61381,401,"GRĂDINIȚA CU ORAR NORMAL COGEALAC",COGEALAC,CT,1587,7,1,0,8,18,5,0,23,35,5,0,40,50,6,0,56,106,9,0,115,128,13,0,141
61381,402,"SCOALA GIMNAZIALA "" CRISTEA CARAMAN""COGEALAC",COGEALAC,CT,1325,6,4,0,10,20,9,0,29,40,12,0,52,54,15,0,69,102,17,0,119,127,24,0,151
61443,403,"ȘCOALA GIMNAZIALA NUMARUL 2TARIVERDE",TARIVERDE,CT,847,5,0,0,5,14,0,0,14,16,5,0,21,21,5,0,26,73,9,0,82,92,9,0,101
61425,404,"ȘCOALA GIMNAZIALA NUMARUL 1RÂMNICU DE JOS","RÎMNICU DE JOS",CT,690,0,0,0,0,6,4,0,10,14,4,0,18,14,5,0,19,34,16,0,50,42,16,0,58
61461,405,"SCOALA CU CLASELE I-VIII COMANA",COMANA,CT,804,8,0,0,8,27,1,0,28,37,1,0,38,46,4,0,50,66,5,0,71,73,5,0,78
61504,406,"ȘCOALA GENERALĂ”NEGIP HAGI FAZAL” TĂTARU",TĂTARU,CT,531,3,0,0,3,4,0,0,4,9,0,0,9,13,1,0,14,25,4,0,29,28,4,0,32
61498,407,"ŞCOALA CU CLS. I - IV PELINU",PELINU,CT,232,1,0,0,1,2,4,0,6,4,4,0,8,18,4,0,22,21,6,0,27,24,6,0,30
61522,408,"ȘCOALA GIMNAZIALĂ ”GHEORGHE LAZĂR”",CORBU,CT,1490,9,4,0,13,43,8,0,51,54,10,0,64,75,11,0,86,151,22,0,173,168,25,0,193
61522,409,"GRĂDINIȚA CU PROGRAM NORMAL NR. 1",CORBU,CT,1389,9,1,0,10,28,4,0,32,33,9,0,42,71,11,0,82,121,24,0,145,121,24,0,145
61522,410,"CĂMIN CULTURAL CORBU DE SUS",CORBU,CT,1675,7,1,0,8,36,8,0,44,53,9,0,62,72,12,0,84,157,24,0,181,208,31,0,239
61540,411,"SCOALA PRIMARA VADU",VADU,CT,537,3,3,0,6,4,6,0,10,19,8,0,27,22,9,0,31,47,22,0,69,63,25,0,88
60749,412,"ŞCOALA GIMNAZIALĂ ""MIHAIEMINESCU"" COSTINEŞTI",COSTINEŞTI,CT,958,4,0,0,4,38,0,0,38,49,2,0,51,49,21,0,70,113,39,0,152,135,55,0,190
60758,413,"ŞCOALA PRIMARA"" ION CREANGA"" SCHITU",SCHITU,CT,1758,11,2,0,13,43,10,0,53,62,11,0,73,85,15,0,100,186,30,0,216,246,32,0,278
61568,414,"CAMIN CULTURAL CRUCEA",CRUCEA,CT,921,3,0,0,3,14,3,0,17,27,6,0,33,43,7,0,50,66,13,0,79,84,27,0,111
61595,415,"CAMIN CULTURALGĂLBIORI",GĂLBIORI,CT,254,0,0,0,0,1,0,0,1,7,0,0,7,11,1,0,12,26,1,0,27,32,2,0,34
61577,416,"ŞCOALAPRIMARĂ NR.1 BĂLTĂGEŞTI",BĂLTĂGEŞTI,CT,323,5,1,0,6,5,1,0,6,6,1,0,7,11,1,0,12,16,2,0,18,22,6,0,28
61586,417,"ŞCOALA PRIMARĂ NR.2 CRIŞAN",CRIŞAN,CT,291,1,0,0,1,4,0,0,4,6,0,0,6,13,0,0,13,23,1,0,24,32,2,0,34
61602,418,"ŞCOALA PRIMARĂ NR.4 STUPINA",STUPINA,CT,559,4,2,0,6,9,2,0,11,17,2,0,19,35,2,0,37,73,5,0,78,92,6,0,98
61611,419,"ŞCOALA PRIMARĂ NR.3 ŞIRIU",ŞIRIU,CT,175,1,0,0,1,2,0,0,2,3,0,0,3,7,0,0,7,11,0,0,11,13,0,0,13
61639,420,"LICEUL TEHNOLOGIC ""NICOLAE DUMITRESCU""",CUMPĂNA,CT,1514,15,5,0,20,50,12,0,62,65,17,0,82,78,18,0,96,170,27,0,197,207,38,0,245
61639,421,"LICEUL TEHNOLOGIC ""NICOLAE DUMITRESCU""",CUMPĂNA,CT,1855,8,4,0,12,42,13,0,55,60,14,0,74,77,15,0,92,163,26,0,189,216,27,0,243
61639,422,"LICEUL TEHNOLOGIC ""NICOLAE DUMITRESCU""",CUMPĂNA,CT,1554,16,0,0,16,63,4,0,67,76,6,0,82,92,6,0,98,172,11,0,183,219,12,0,231
61639,423,"SALA DE SPORT 1",CUMPĂNA,CT,1589,11,3,0,14,49,8,0,57,62,11,0,73,82,12,0,94,164,18,0,182,236,22,0,258
61639,424,"SALA DE SPORT 1",CUMPĂNA,CT,1940,11,0,0,11,38,1,0,39,62,4,0,66,80,4,0,84,147,11,0,158,219,17,0,236
61639,425,"GRĂDINIȚA ”FLORILOR”",CUMPĂNA,CT,1633,8,0,0,8,26,1,1,28,39,2,1,42,47,6,1,54,132,13,1,146,192,16,1,209
61639,426,"ANEXA LICEULUI TEHNOLOGIC ""NICOLAE DUMITRESCU""",CUMPĂNA,CT,1704,10,4,0,14,35,7,0,42,51,10,0,61,75,11,0,86,143,19,0,162,208,23,1,232
61149,427,"ȘCOALA GIMNAZIALĂ NR. 1","CUZA VODĂ",CT,1473,1,0,0,1,7,0,0,7,17,0,0,17,23,1,0,24,58,7,0,65,92,10,0,102
61149,428,"ŞCOALA GIMNAZIALĂ NR. 1","CUZA VODĂ",CT,1635,3,1,0,4,11,1,0,12,21,2,0,23,29,2,0,31,68,3,0,71,100,4,0,104
61684,429,"LICEUL NICOLAE ISTRATOIU",DELENI,CT,328,9,0,0,9,21,1,0,22,26,1,0,27,36,1,0,37,66,5,6,77,83,7,6,96
61700,430,"FOST SEDIU C.A.P. PIETRENI",PIETRENI,CT,692,9,0,0,9,19,0,0,19,31,1,0,32,47,1,0,48,85,5,6,96,166,12,6,184
61728,431,"SCOALA GENERALAȘIPOTELE",ŞIPOTELE,CT,424,3,1,0,4,8,1,0,9,18,3,0,21,28,3,0,31,46,17,4,67,82,19,4,105
61693,432,FOSTSEDIUC.A.P.PETROŞANI,PETROŞANI,CT,455,7,1,0,8,17,4,0,21,41,5,0,46,50,6,0,56,90,10,7,107,113,14,7,134
61746,433,"CĂMINUL CULTURAL DOBROMIR -",DOBROMIR,CT,715,5,1,0,6,42,1,0,43,127,2,0,129,133,2,0,135,209,2,0,211,249,6,0,255
61764,434,"ȘCOALA GEN CU CLS. I - IV DOBROMIR DEAL","DOBROMIRU DIN DEAL",CT,264,2,3,0,5,6,3,0,9,6,5,0,11,16,7,0,23,34,7,0,41,46,11,0,57
61773,435,"ȘCOALA GEN CU CLS. I - IV LESPEZI",LESPEZI,CT,373,3,0,0,3,26,0,0,26,76,0,0,76,81,0,0,81,138,6,0,144,153,8,0,161
61791,436,"ȘCOALA GEN CU CLS. I - IV VĂLENI",VĂLENI,CT,618,0,0,0,0,17,0,0,17,147,6,0,153,172,6,0,178,203,7,0,210,231,7,1,239
61782,437,"ȘCOALA GEN CU CLS. I - IV PĂDURENI",PĂDURENI,CT,117,0,0,0,0,1,2,0,3,1,3,0,4,2,3,0,5,15,4,0,19,24,6,0,30
61755,438,"SCOALA GENERALA SAT CETATEA",CETATEA,CT,177,1,0,0,1,6,0,0,6,10,0,0,10,15,0,0,15,35,0,0,35,47,0,0,47
61899,439,"CĂMINUL CULTURAL DUMBRĂVENI",DUMBRĂVENI,CT,376,6,4,0,10,14,4,0,18,21,13,0,34,25,15,0,40,63,23,0,86,109,28,0,137
61915,440,"GRĂDINIȚA DE COPII FURNICA",FURNICA,CT,52,2,1,0,3,10,5,0,15,11,14,0,25,11,14,0,25,19,19,0,38,26,24,0,50
61407,441,"ȘCOALAGIMNAZIALA NR.1 FÂNTÂNELE",FÎNTÎNELE,CT,1310,8,1,0,9,26,2,0,28,30,4,0,34,39,8,0,47,77,8,0,85,103,11,0,114
61817,442,"CENTRUL CULTURAL DUNĂREA VECHE DIN COMUNA GÂRLICIU",GÂRLICIU,CT,1298,1,1,0,2,7,2,0,9,19,2,0,21,27,4,0,31,77,12,0,89,117,13,3,133
61853,443,"SCOALA GIMNAZIALA ""SA ESENIN"" GHINDARESTI",GHINDĂREŞTI,CT,1132,4,1,0,5,6,3,0,9,9,3,0,12,18,3,0,21,31,5,0,36,56,9,0,65
61853,444,"SCOALA GIMNAZIALA ""SA ESENIN"" GHINDARESTI",GHINDĂREŞTI,CT,1105,4,1,0,5,5,1,0,6,12,1,0,13,27,1,0,28,54,1,0,55,72,2,0,74
63027,445,"GRĂDINIȚA P+M GRĂDINA",GRĂDINA,CT,583,7,0,0,7,24,0,0,24,40,1,0,41,73,4,0,77,140,10,0,150,168,17,0,185
63018,446,"GRADINITA CU PROGRAM NORMALCHEIA",CHEIA,CT,295,8,0,0,8,15,6,0,21,18,6,0,24,36,6,0,42,67,9,0,76,82,11,0,93
61835,447,"CĂMIN CULTURAL HORIA",HORIA,CT,698,3,1,0,4,8,13,0,21,16,17,0,33,31,17,0,48,48,18,0,66,72,25,0,97
61862,448,"ȘCOALA SAT TICHILEȘTI CORP B (NOU)",TICHILEŞTI,CT,274,4,0,0,4,8,2,0,10,10,3,0,13,17,4,0,21,29,4,0,33,30,6,0,36
61880,449,"LICEUL TEHNOLOGIC",INDEPENDENŢA,CT,980,0,0,0,0,8,1,0,9,10,1,0,11,18,2,0,20,64,11,0,75,79,13,0,92
61924,450,"SCOALA GENERALĂ","MOVILA VERDE",CT,507,0,0,0,0,6,0,0,6,10,0,0,10,16,1,0,17,37,11,0,48,51,12,0,63
61933,451,"SCOALA GENERALĂ",OLTENI,CT,315,8,1,0,9,10,2,0,12,10,2,0,12,15,3,0,18,29,9,0,38,39,10,0,49
61942,452,"SCOALA GENERALĂ",TUFANI,CT,266,0,0,0,0,7,2,0,9,11,2,0,13,12,2,0,14,33,3,0,36,50,4,0,54
61906,453,"SCOALA GENERALĂ","FÎNTÎNA MARE",CT,291,4,0,0,4,8,0,0,8,10,0,0,10,14,0,0,14,16,0,0,16,19,2,0,21
61960,454,"ŞCOALA GIMNAZIALĂ NR.1 ION CORVIN, LOC. ION CORVIN","ION CORVIN",CT,504,11,3,0,14,17,7,0,24,23,10,0,33,35,11,0,46,90,13,7,110,136,17,7,160
62011,455,"ŞCOALA GIMNAZIALĂ NR. 2 VIILE, LOC. VIILE",VIILE,CT,787,8,0,0,8,24,1,2,27,32,2,2,36,45,2,2,49,103,9,2,114,177,11,22,210
62002,456,"GRĂDINIȚA CU PROGRAM NORMAL RARIȘTEA, LOC. RARIȘTEA",RARIŞTEA,CT,195,0,2,0,2,4,4,0,8,5,4,0,9,5,5,0,10,16,13,0,29,58,16,0,74
61988,457,"ŞCOALA CRÎNGU",CRÎNGU,CT,78,3,0,0,3,7,3,0,10,10,3,0,13,14,3,0,17,26,12,0,38,29,13,0,42
62039,458,"ȘCOALA GIMNAZIALĂ NR. 1ISTRIA",ISTRIA,CT,1109,8,1,0,9,22,4,0,26,31,4,0,35,70,6,0,76,139,10,0,149,161,20,0,181
62048,459,"ȘCOALA GIMNAZIALĂ NR. 2 NUNTAȘI",NUNTAŞI,CT,868,1,0,0,1,10,0,0,10,18,3,0,21,33,4,0,37,66,9,0,75,75,10,0,85
60641,460,"SCOALA GENERALĂ CU CLS. I – VIII LIMANU",LIMANU,CT,1366,5,0,0,5,18,0,0,18,22,3,0,25,36,4,0,40,125,13,0,138,156,14,0,170
60641,461,"SCOALA GENERALĂ CU CLS. I – VIII LIMANU",LIMANU,CT,1403,6,0,0,6,24,0,0,24,36,3,0,39,52,3,0,55,105,9,0,114,123,10,0,133
60669,462,"SCOALA GENERALĂ CU CLS. I – VIII 2MAI","2 MAI",CT,1251,2,0,0,2,12,2,0,14,28,9,0,37,40,12,0,52,97,19,0,116,117,22,0,139
60669,463,"SCOALA GENERALĂ CU CLS. I – VIII 2MAI","2 MAI",CT,1446,12,0,0,12,22,4,0,26,31,5,0,36,49,10,0,59,111,21,0,132,148,25,0,173
62066,464,"CAMIN CULTURAL LIPNITA",LIPNIŢA,CT,766,2,5,0,7,14,15,0,29,16,15,0,31,22,16,0,38,46,19,0,65,68,33,0,101
62093,465,"ȘCOALA CU CLASELE I - VIII COSLUGEA",COSLUGEA,CT,616,7,1,0,8,9,2,0,11,13,2,0,15,27,4,0,31,42,4,0,46,48,4,0,52
62075,466,"CĂMINUL CULTURAL CANLIA",CANLIA,CT,424,2,2,0,4,12,2,0,14,16,2,0,18,23,2,0,25,41,5,0,46,66,12,0,78
62084,467,"ȘCOALA GENERALĂ CARVĂN",CARVĂN,CT,338,2,2,0,4,4,3,0,7,7,5,0,12,9,5,0,14,22,15,0,37,45,17,0,62
62128,468,"ȘCOALA GENERALĂ CU CLASELEI - IVIZVOARELE",IZVOARELE,CT,96,8,2,0,10,11,8,0,19,13,10,0,23,15,10,0,25,21,10,0,31,29,12,0,41
62119,469,"ȘCOALA GENERALĂ CU CLASELEI - IVGORUNI",GORUNI,CT,80,5,3,0,8,8,3,0,11,10,3,0,13,11,3,0,14,13,4,0,17,18,4,0,22
62100,470,"ȘCOALA GENERALĂ CU CLASELEI - IVCUIUGIUC",CUIUGIUC,CT,153,1,0,0,1,5,5,0,10,12,5,0,17,18,5,0,23,31,5,0,36,40,5,0,45
60703,471,"ȘCOALA VECHE LUMINA",LUMINA,CT,1975,5,1,0,6,42,7,0,49,59,8,0,67,83,11,0,94,152,26,0,178,197,33,0,230
60703,472,"ȘCOALA NOUĂLUMINA",LUMINA,CT,1985,6,0,0,6,25,0,0,25,42,1,0,43,56,2,0,58,116,18,0,134,150,28,0,178
60703,473,"GRĂDINIȚA LUMINA",LUMINA,CT,1937,8,0,0,8,30,10,0,40,41,11,0,52,60,12,0,72,145,21,0,166,177,29,0,206
60703,474,"CĂMINUL CULTURAL LUMINA",LUMINA,CT,1940,3,3,0,6,26,15,0,41,45,17,0,62,54,17,0,71,127,30,0,157,168,37,0,205
62217,475,"ȘCOALA OITUZ",OITUZ,CT,693,5,1,0,6,9,1,0,10,9,1,0,10,16,3,0,19,44,6,0,50,50,6,0,56
62244,476,"ȘCOALA SIBIOARA",SIBIOARA,CT,349,11,1,0,12,19,3,0,22,23,4,0,27,35,5,0,40,57,10,0,67,62,12,0,74
62146,477,"SCOALA GIMNAZIALA NICHITA STANESCU",MERENI,CT,1110,10,1,0,11,15,1,0,16,23,1,0,24,26,4,0,30,68,5,0,73,96,7,0,103
62182,478,"ŞCOALACU CLASELEI - VIII",OSMANCEA,CT,474,2,0,0,2,10,0,0,10,18,0,0,18,25,0,0,25,56,9,0,65,87,11,0,98
62155,479,"ŞCOALACU CLASELE I -IV",CIOBĂNIŢA,CT,227,1,0,0,1,13,2,0,15,14,4,0,18,16,4,0,20,32,6,0,38,40,11,0,51
62262,480,"LICEULTEHNOLOGIC ,, MIHAI VITEAZUL""","MIHAI VITEAZU",CT,1560,4,0,0,4,17,0,0,17,22,0,0,22,50,0,0,50,117,1,0,118,140,2,0,142
62271,481,"SCOALA CU CLASELE I-VII SINOE",SINOIE,CT,1172,6,1,0,7,18,1,0,19,21,1,0,22,28,3,0,31,50,6,0,56,67,7,0,74
62208,482,"GRĂDINIŢA DOMINO","MIHAIL KOGĂLNICEANU",CT,1359,4,3,0,7,21,6,0,27,29,8,0,37,40,10,0,50,88,16,0,104,124,18,0,142
62208,483,"GRĂDINIŢA PINOCHIO","MIHAIL KOGĂLNICEANU",CT,1151,3,0,0,3,10,1,0,11,20,1,0,21,40,3,0,43,73,5,0,78,108,8,0,116
62208,484,"ŞCOALA GENERALĂ NR.2","MIHAIL KOGĂLNICEANU",CT,1248,9,0,0,9,27,6,0,33,32,6,0,38,45,7,0,52,105,12,0,117,130,18,0,148
62208,485,"LICEUL TEORETIC MIHAIL KOGĂLNICEANU","MIHAIL KOGĂLNICEANU",CT,1418,7,3,0,10,27,4,0,31,35,4,0,39,45,4,0,49,80,7,0,87,110,13,0,123
62208,486,"GRĂDINIŢA PITICOT","MIHAIL KOGĂLNICEANU",CT,800,11,0,0,11,20,4,0,24,26,4,0,30,35,4,0,39,59,8,0,67,69,12,0,81
62208,487,"GRĂDINIŢA PITICOT","MIHAIL KOGĂLNICEANU",CT,779,13,0,0,13,28,1,0,29,51,1,0,52,59,1,0,60,105,2,0,107,124,2,0,126
62208,488,"ŞCOALA GENERALĂ CERES","MIHAIL KOGĂLNICEANU",CT,383,3,0,0,3,10,1,0,11,13,1,0,14,14,3,0,17,31,3,0,34,40,3,0,43
62235,489,"UNITATEA AGRICOLĂ SIBIOARA, CENTRUL PENTRU TINERET",PIATRA,CT,256,2,0,0,2,4,0,0,4,5,0,0,5,6,4,0,10,20,10,0,30,25,15,0,40
62235,490,"CĂMINUL CULTURAL",PIATRA,CT,701,0,2,0,2,6,3,0,9,8,4,0,12,11,4,0,15,34,5,0,39,41,7,0,48
62226,491,"ŞCOALA GENERALĂ","PALAZU MIC",CT,266,1,0,0,1,1,5,0,6,2,6,0,8,4,6,0,10,14,9,0,23,15,11,0,26
62299,492,"ŞCOALA GIMNAZIALĂ NR.1 MIRCEA VODĂ","MIRCEA VODĂ",CT,1691,8,0,0,8,29,1,0,30,54,3,0,57,81,5,0,86,173,13,0,186,241,18,0,259
62333,493,"ȘCOALA GIMNAZIALĂ NR.2 SATU NOU","SATU NOU",CT,1016,4,0,0,4,12,2,0,14,28,2,0,30,43,7,0,50,104,9,0,113,153,11,0,164
62333,494,"ȘCOALA GIMNAZIALĂ NR.2 SATU NOU","SATU NOU",CT,1261,13,0,0,13,25,0,0,25,41,1,0,42,60,5,0,65,138,7,0,145,185,16,0,201
62459,495,"LICEUL ”I.C. BRĂTIANU” NICOLAE BĂLCESCU","NICOLAE BĂLCESCU",CT,1314,6,0,0,6,20,1,0,21,30,1,0,31,48,3,0,51,88,11,0,99,118,13,0,131
62459,496,"LICEUL ”I.C. BRĂTIANU” NICOLAE BĂLCESCU","NICOLAE BĂLCESCU",CT,1481,8,1,0,9,21,4,0,25,33,6,0,39,52,8,0,60,113,9,0,122,145,10,0,155
62468,497,"ȘCOALA GENERALĂ DOROBANȚU",DOROBANŢU,CT,1516,3,0,0,3,32,0,0,32,36,0,0,36,56,0,0,56,121,0,0,121,143,0,0,143
62495,498,"ȘCOALAGIMNAZIALĂNR. 1 OLTINA",OLTINA,CT,1426,10,0,0,10,23,5,0,28,31,8,0,39,44,8,0,52,114,18,0,132,151,18,0,169
62501,499,"ȘCOALA GIMNAZIALĂ NR. 2RĂZOARELE",RĂZOARELE,CT,507,0,0,0,0,5,0,0,5,12,8,0,20,25,8,0,33,63,24,0,87,79,26,0,105
62510,500,"ȘCOALA CU CLS. I - IVSATU NOU","SATU NOU",CT,161,1,1,0,2,4,1,0,5,6,1,0,7,11,7,0,18,18,9,0,27,25,9,0,34
62547,501,"LICEUL ""REGELE CAROL I"" OSTROV",OSTROV,CT,963,0,0,0,0,9,0,0,9,16,0,0,16,29,0,0,29,72,2,0,74,93,2,0,95
62547,502,"LICEUL ""REGELE CAROL I""OSTROV",OSTROV,CT,1122,4,0,0,4,18,8,0,26,29,11,0,40,40,13,0,53,73,20,0,93,119,27,0,146
62556,503,"CĂMIN CULTURAL ALMĂLĂU",ALMĂLĂU,CT,684,2,3,0,5,14,3,0,17,18,6,0,24,31,12,0,43,58,16,0,74,81,17,0,98
62574,504,"ȘCOALA GENERALĂ ESECHIOI",ESECHIOI,CT,191,1,1,0,2,6,3,0,9,14,3,0,17,16,4,0,20,39,6,0,45,65,9,0,74
62592,505,"CĂMIN CULTURAL GÎRLIȚA",GÎRLIŢA,CT,241,4,0,0,4,16,1,0,17,25,2,0,27,30,5,0,35,53,11,0,64,102,14,0,116
62583,506,"CĂMIN CULTURAL GALIȚA",GALIŢA,CT,559,3,3,0,6,17,6,0,23,28,7,0,35,35,7,0,42,51,9,0,60,85,11,0,96
62565,507,"CAMIN CULTURAL BUGEAC",BUGEAC,CT,155,2,2,0,4,8,3,0,11,8,3,0,11,11,4,0,15,22,6,0,28,35,11,0,46
62618,508,"ȘCOALA GIMNAZIALĂ NR.1PANTELIMON",PANTELIMON,CT,590,6,0,0,6,15,0,0,15,20,0,0,20,27,0,0,27,62,1,0,63,75,2,0,77
62645,509,"ȘCOALA CU CLS. I - IV PANTELIMON DE JOS","PANTELIMON DE JOS",CT,217,3,1,0,4,5,1,0,6,5,1,0,6,10,2,0,12,12,3,0,15,16,6,0,22
62654,510,"ȘCOALA CU CLS. I - IVRUNCU",RUNCU,CT,347,1,0,0,1,8,2,0,10,15,3,0,18,18,4,0,22,28,6,0,34,30,7,0,37
62636,511,"ȘCOALA CU CLS. I - IVNISTOREȘTI",NISTOREŞTI,CT,233,0,0,0,0,4,2,0,6,6,2,0,8,6,2,0,8,14,5,0,19,20,5,0,25
62681,512,"CĂMIN CULTURAL PECINEAGA",PECINEAGA,CT,1298,6,4,0,10,21,5,0,26,31,5,0,36,47,6,0,53,70,9,0,79,89,12,0,101
62681,513,"ŞCOALA GIMNAZIALĂ NR.1PECINEAGA",PECINEAGA,CT,1369,7,0,0,7,16,1,0,17,24,8,0,32,38,8,0,46,72,14,0,86,96,16,0,112
62716,514,"ŞCOALA PEŞTERA-SALA DE SPORT",PEŞTERA,CT,1544,9,0,0,9,18,0,0,18,35,5,0,40,49,6,0,55,144,12,0,156,207,14,0,221
62725,515,"CAMIN CULTURAL IVRINEZU MARE","IVRINEZU MARE",CT,710,3,0,0,3,8,4,0,12,15,5,0,20,26,5,0,31,42,9,0,51,78,15,0,93
62743,516,"SCOALA PRIMARA NR.3","IZVORU MARE",CT,593,3,0,0,3,18,7,0,25,26,8,0,34,28,8,0,36,53,11,0,64,78,11,0,89
62770,517,"SCOALA PUBLICA NR. 1 CLASA IB","POARTA ALBĂ",CT,1514,12,0,0,12,28,2,134,164,49,2,134,185,65,3,134,202,102,8,134,244,171,9,134,314
62770,518,"SCOALA PUBLICA NR. 1 CLASA IA","POARTA ALBĂ",CT,1410,1,1,0,2,17,4,192,213,30,4,192,226,41,4,192,237,93,11,192,296,134,13,192,339
62770,519,"COLEGIUL AGRICOL POARTA ALBĂ CORP B CLASA A IV A","POARTA ALBĂ",CT,1001,3,0,0,3,26,4,151,181,45,5,151,201,61,9,151,221,96,12,151,259,126,15,151,292
62789,520,"SCOALA PRIMARA",NAZARCEA,CT,424,0,0,0,0,9,0,0,9,20,0,0,20,22,0,0,22,45,2,0,47,56,2,0,58
62805,521,"SCOALA GIMNAZIALA NR.2 RASOVA",RASOVA,CT,1095,5,0,0,5,10,0,0,10,14,0,0,14,19,1,0,20,44,4,0,48,66,5,0,71
62805,522,"SCOALA GIMNAZIALA NR.2 RASOVA",RASOVA,CT,929,3,0,0,3,8,0,0,8,12,0,0,12,15,0,0,15,36,2,0,38,54,2,0,56
62814,523,"SCOALA GIMNAZIALA COCHIRLENI",COCHIRLENI,CT,927,9,2,0,11,13,2,0,15,18,2,0,20,21,5,0,26,53,11,0,64,78,11,0,89
62306,524,"SCOALA PRIMARA NR 2 FACLIA",FĂCLIA,CT,695,8,1,0,9,18,4,0,22,23,4,0,27,28,6,0,34,55,9,0,64,66,9,0,75
62324,525,"ȘCOALA GIMNAZIALA NR 1 SALIGNY",SALIGNY,CT,705,5,0,0,5,24,3,0,27,35,5,0,40,51,6,0,57,94,16,0,110,112,16,0,128
62342,526,"ȘCOALA PRIMARA NR 3 STEFAN CEL MARE","ŞTEFAN CEL MARE",CT,447,6,1,0,7,10,7,0,17,11,7,0,18,18,10,0,28,43,14,0,57,51,15,0,66
62832,527,"ȘCOALA GIMNAZIALĂ ”NICOLAE MARALOI” SARAIU",SARAIU,CT,614,8,2,0,10,73,9,0,82,146,19,0,165,172,20,0,192,235,26,0,261,320,32,39,391
62850,528,"ȘCOALA PRIMARĂ NR. 1 DULGHERU",DULGHERU,CT,445,9,4,0,13,28,8,0,36,33,9,0,42,46,9,0,55,92,11,0,103,133,12,18,163
62887,529,"ȘCOALAGIMNAZIALĂ ""A.GHENCEA""",SĂCELE,CT,1923,19,1,0,20,41,2,0,43,70,3,0,73,91,6,0,97,158,15,0,173,185,21,0,206
62930,530,"SCOALA CU CLS. I-IV SEIMENII MICI","SEIMENII MICI",CT,721,7,0,0,7,11,0,0,11,21,1,0,22,32,2,0,34,49,3,0,52,79,4,0,83
62912,531,"ŞCOALA CU CLS I-VIII SEIMENI",SEIMENI,CT,460,6,1,0,7,14,2,0,16,20,2,0,22,30,6,0,36,41,11,0,52,57,13,0,70
62921,532,"GRĂDINIŢA SAT DUNĂREA",DUNĂREA,CT,559,5,0,0,5,18,1,0,19,27,6,0,33,41,6,0,47,70,6,0,76,90,10,0,100
62958,533,"SCOALA GIMNAZIALA NR. 1",SILIŞTEA,CT,549,7,2,0,9,21,11,0,32,29,11,0,40,40,11,0,51,87,17,0,104,129,19,0,148
62976,534,"CAMIN CULTURAL","TEPEŞ VODĂ",CT,612,21,2,0,23,50,4,0,54,78,5,0,83,102,5,0,107,155,9,13,177,183,11,13,207
62994,535,"CONSILIULUI LOCAL TÎRGUȘOR",TÂRGUŞOR,CT,1080,14,0,0,14,38,6,0,44,47,12,0,59,75,14,0,89,137,23,0,160,186,26,0,212
63036,536,"ȘCOALA PRIMARĂ NR.2MIREASA",MIREASA,CT,265,0,1,0,1,6,7,0,13,16,8,0,24,19,9,0,28,31,12,0,43,39,13,0,52
63054,537,"ȘCOALA GENERALĂ TOPALU",TOPALU,CT,1415,12,5,0,17,29,6,0,35,37,9,0,46,53,11,0,64,86,25,0,111,116,26,0,142
63081,538,"LICEUL TEHNOLOGIC TOPRAISAR",TOPRAISAR,CT,1367,1,0,0,1,18,7,0,25,37,8,0,45,57,9,0,66,134,17,0,151,179,20,0,199
63081,539,"ȘCOALA VECHE TOPRAISAR",TOPRAISAR,CT,1546,12,4,0,16,35,6,0,41,55,8,0,63,71,11,0,82,152,22,0,174,200,29,0,229
63107,540,"ȘCOALA I-VIII BIRUINȚA",BIRUINŢA,CT,644,8,0,0,8,13,1,0,14,16,1,0,17,20,1,0,21,45,3,0,48,65,4,0,69
63116,541,"ȘCOALA I-VIII MOVILIȚA",MOVILIŢA,CT,916,4,1,0,5,11,2,0,13,21,2,0,23,41,6,0,47,71,13,0,84,94,15,0,109
61657,542,"ȘCOALA I-IV POTÂRNICHEA",POTÎRNICHEA,CT,400,5,4,0,9,16,8,0,24,24,12,0,36,32,16,0,48,59,24,0,83,73,32,0,105
62967,543,"CĂMINUL CULTURAL TORTOMAN",TORTOMAN,CT,1462,17,3,0,20,33,3,0,36,43,4,0,47,71,6,0,77,149,8,0,157,195,14,0,209
60730,544,GRADINITAVECHE,TUZLA,CT,1169,5,5,0,10,27,10,0,37,30,12,0,42,46,12,0,58,79,28,0,107,101,37,0,138
60730,545,"ŞCOALA MICĂ TUZLA",TUZLA,CT,1736,13,2,0,15,37,8,0,45,53,10,0,63,62,11,0,73,112,14,0,126,132,20,0,152
60730,546,"ŞCOALA MARE TUZLA",TUZLA,CT,1708,7,1,0,8,31,5,0,36,48,6,0,54,67,6,0,73,128,11,0,139,167,11,0,178
60730,547,"GRĂDINIŢĂ NOUĂ",TUZLA,CT,1368,7,1,0,8,30,4,0,34,42,4,0,46,70,4,0,74,133,6,0,139,163,9,0,172
63134,548,SALADESPORT,"VALU LUI TRAIAN",CT,1646,12,0,0,12,39,1,0,40,61,1,0,62,73,2,0,75,119,7,0,126,155,9,0,164
63134,549,"ŞCOALA GIMNAZIALĂ NR.1","VALU LUI TRAIAN",CT,1909,5,0,0,5,26,3,0,29,33,5,0,38,47,9,0,56,119,24,0,143,180,31,0,211
63134,550,"GRĂDINIŢA CU PROGRAM PRELUNGIT NR.3","VALU LUI TRAIAN",CT,1735,5,1,0,6,21,2,0,23,53,7,0,60,59,8,0,67,119,18,0,137,161,26,0,187
63134,551,COMPLEX,"VALU LUI TRAIAN",CT,1892,12,6,0,18,34,11,0,45,66,11,0,77,83,13,0,96,178,16,0,194,225,24,0,249
63134,552,"CLĂDIRE VESTIARE TEREN FOTBAL (STADION)","VALU LUI TRAIAN",CT,1296,4,0,0,4,11,0,0,11,20,0,0,20,26,0,0,26,103,5,0,108,135,9,0,144
63134,553,"ŞCOALA GIMNAZIALĂ ""VICEAMIRAL IOAN MURGESCU""","VALU LUI TRAIAN",CT,1153,2,0,0,2,18,6,0,24,28,6,0,34,40,6,0,46,69,15,0,84,108,25,0,133
63134,554,"GRĂDINIŢA CUPROGRAMNORMALNR.2","VALU LUI TRAIAN",CT,1676,6,0,0,6,44,3,129,176,59,5,129,193,74,13,129,216,125,18,129,272,159,26,129,314
63134,555,"CENTRU DE TINERET","VALU LUI TRAIAN",CT,1304,5,0,0,5,24,1,0,25,33,3,0,36,40,5,0,45,79,11,0,90,108,15,0,123
62663,556,"CAMIN CULTURAL VULTURU",VULTURU,CT,574,9,0,0,9,13,0,0,13,15,0,0,15,24,0,0,24,52,4,0,56,71,4,0,75
63401,1,"CASA DE CULTURĂ ""KÓNYA ÁDÁM""","SFÎNTU GHEORGHE",CV,1201,0,0,0,0,11,1,0,12,18,1,0,19,18,1,0,19,42,3,0,45,48,5,0,53
63401,2,"LICEUL TEHNOLOGIC""KÓS KÁROLY""","SFÎNTU GHEORGHE",CV,650,0,0,0,0,8,9,0,17,12,9,0,21,15,12,0,27,36,13,0,49,43,15,0,58
63401,3,"LICEUL TEHNOLOGIC ""KÓS KÁROLY""","SFÎNTU GHEORGHE",CV,1354,3,0,0,3,25,0,0,25,41,0,0,41,45,1,0,46,81,1,0,82,106,1,0,107
63401,4,"LICEUL TEORETIC ""SZÉKELY MIKÓ""","SFÎNTU GHEORGHE",CV,739,3,0,0,3,18,3,0,21,23,4,0,27,27,6,0,33,48,9,0,57,61,14,0,75
63401,5,"DIRECŢIA FINANŢE PUBLICE MUNICIPALE","SFÎNTU GHEORGHE",CV,751,4,0,0,4,18,0,0,18,27,1,0,28,27,1,0,28,65,3,0,68,79,8,0,87
63401,6,"LICEUL TEHNOLOGIC ECONOMIC, ADMINISTRATIV ""BERDE ÁRON""","SFÎNTU GHEORGHE",CV,678,1,4,0,5,6,4,0,10,12,5,0,17,15,5,0,20,35,6,0,41,49,6,0,55
63401,7,"LICEUL TEHNOLOGIC ECONOMIC, ADMINISTRATIV ""BERDE ÁRON""","SFÎNTU GHEORGHE",CV,1635,7,0,0,7,20,2,0,22,39,4,0,43,44,6,0,50,99,11,1,111,128,12,1,141
63401,8,"LICEUL TEHNOLOGIC ECONOMIC, ADMINISTRATIV ""BERDE ÁRON""","SFÎNTU GHEORGHE",CV,986,0,1,0,1,8,7,0,15,14,7,0,21,17,10,0,27,48,16,0,64,61,20,0,81
63401,9,"LICEUL TEORETIC ""MIKES KELEMEN""","SFÎNTU GHEORGHE",CV,654,0,0,0,0,10,0,0,10,19,2,0,21,23,3,0,26,47,6,0,53,53,7,0,60
63401,10,"GRĂDINIŢA CU PROGRAM PRELUNGIT ""GULLIVER""","SFÎNTU GHEORGHE",CV,1402,4,0,0,4,13,5,0,18,19,5,0,24,22,5,0,27,62,5,0,67,86,7,1,94
63401,11,"GRĂDINIŢA CU PROGRAM PRELUNGIT ""GULLIVER""","SFÎNTU GHEORGHE",CV,994,2,0,0,2,21,1,0,22,29,1,0,30,32,5,0,37,68,7,0,75,82,8,0,90
63401,12,"GRĂDINIŢA CU PROGRAM PRELUNGIT ""GULLIVER""","SFÎNTU GHEORGHE",CV,1014,0,2,0,2,8,2,0,10,19,2,0,21,31,2,0,33,58,4,0,62,66,4,0,70
63401,13,"GRĂDINIŢA CU PROGRAM PRELUNGIT ""GULLIVER""","SFÎNTU GHEORGHE",CV,1358,6,0,0,6,27,0,0,27,37,0,0,37,42,0,0,42,78,2,0,80,87,3,0,90
63401,14,"COLEGIUL NAŢIONAL ""MIHAI VITEAZUL""","SFÎNTU GHEORGHE",CV,979,3,5,0,8,19,5,0,24,23,5,0,28,25,5,0,30,59,5,0,64,72,8,0,80
63401,15,"COLEGIUL NAŢIONAL ""MIHAI VITEAZUL""","SFÎNTU GHEORGHE",CV,916,2,2,0,4,8,4,0,12,14,6,0,20,17,7,0,24,44,10,0,54,50,10,0,60
63401,16,"COLEGIUL NAŢIONAL ""MIHAI VITEAZUL""","SFÎNTU GHEORGHE",CV,861,2,0,0,2,17,1,0,18,21,1,0,22,25,1,0,26,50,3,0,53,59,8,0,67
63401,17,"SALA DE SPORT","SFÎNTU GHEORGHE",CV,1548,3,5,0,8,19,7,0,26,36,7,0,43,42,8,0,50,85,9,0,94,116,10,0,126
63401,18,"GRADINIŢA CU PROGRAM PRELUNGIT ""HÓFEHÉRKE""","SFÎNTU GHEORGHE",CV,804,0,0,0,0,6,0,0,6,12,0,0,12,15,6,0,21,41,10,0,51,49,10,0,59
63401,19,"ŞCOALA GIMNAZIALĂ ""VÁRADI JÓZSEF""","SFÎNTU GHEORGHE",CV,545,2,0,0,2,5,8,0,13,9,8,0,17,11,9,0,20,32,15,0,47,39,16,0,55
63401,20,"ŞCOALA GIMNAZIALĂ ""VÁRADI JÓZSEF""","SFÎNTU GHEORGHE",CV,1276,4,0,0,4,19,3,0,22,23,4,0,27,28,4,0,32,69,7,0,76,89,10,1,100
63401,21,"LICEUL DE ARTE ""PLUGOR SÁNDOR""","SFÎNTU GHEORGHE",CV,753,4,0,0,4,18,2,0,20,31,2,0,33,36,2,0,38,61,3,0,64,77,6,0,83
63401,22,"LICEUL DE ARTE ""PLUGOR SÁNDOR""","SFÎNTU GHEORGHE",CV,1138,0,0,0,0,9,0,0,9,11,0,0,11,17,0,0,17,31,1,0,32,42,6,0,48
63401,23,"ŞCOALA AJUTĂTOARE","SFÎNTU GHEORGHE",CV,696,3,3,0,6,7,4,0,11,20,5,0,25,22,5,0,27,70,8,0,78,82,8,0,90
63401,24,"GRĂDINIŢA CU PROGRAM PRELUNGIT ""ÁRVÁCSKA""","SFÎNTU GHEORGHE",CV,1246,6,0,0,6,21,0,0,21,30,0,0,30,31,4,0,35,76,4,0,80,96,4,0,100
63401,25,"GRĂDINIŢA CU PROGRAM PRELUNGIT ""ÁRVÁCSKA""","SFÎNTU GHEORGHE",CV,846,2,0,0,2,10,1,0,11,13,4,0,17,14,4,0,18,20,5,0,25,25,5,0,30
63401,26,"ŞCOALA GIMNAZIALĂ ""GÖDRI FERENC""","SFÎNTU GHEORGHE",CV,1363,3,7,0,10,12,9,0,21,22,11,0,33,24,11,0,35,55,11,0,66,66,11,0,77
63401,27,"ŞCOALA GIMNAZIALĂ ""GÖDRI FERENC""","SFÎNTU GHEORGHE",CV,898,2,0,0,2,11,1,0,12,20,4,0,24,23,4,0,27,45,7,0,52,54,10,0,64
63401,28,"CĂMINUL ""ZATHURECZKY BERTA""","SFÎNTU GHEORGHE",CV,1284,5,0,0,5,12,5,0,17,18,5,0,23,19,5,0,24,45,5,0,50,59,5,0,64
63401,29,"CĂMINUL ""ZATHURECZKY BERTA""","SFÎNTU GHEORGHE",CV,1686,10,0,0,10,34,1,0,35,50,2,0,52,53,2,0,55,104,4,0,108,130,7,0,137
63401,30,"CREŞA CU PROGRAM DE LUCRU ZILNIC","SFÎNTU GHEORGHE",CV,679,2,0,0,2,11,0,0,11,12,6,0,18,13,6,0,19,39,8,0,47,45,9,0,54
63401,31,"CREŞA CU PROGRAM DE LUCRU ZILNIC","SFÎNTU GHEORGHE",CV,1161,4,2,0,6,20,2,0,22,35,2,0,37,36,2,0,38,68,2,0,70,87,4,0,91
63401,32,"GRĂDINIŢA CU PROGRAM PRELUNGIT ""PINOCCHIO""","SFÎNTU GHEORGHE",CV,1728,0,0,0,0,13,1,0,14,30,1,0,31,38,2,0,40,85,4,0,89,124,7,0,131
63401,33,"GRĂDINIŢA CU PROGRAM PRELUNGIT ""PINOCCHIO""","SFÎNTU GHEORGHE",CV,1255,3,1,0,4,16,8,0,24,23,8,0,31,25,8,0,33,59,11,0,70,75,15,0,90
63401,34,"GRĂDINIŢA CU PROGRAM PRELUNGIT ""BENEDEK ELEK""","SFÎNTU GHEORGHE",CV,1586,9,1,0,10,43,1,0,44,68,4,0,72,82,5,0,87,127,10,0,137,156,17,0,173
63401,35,"FOSTUL CENTRU DE INFORMARE PENTRU CETĂŢENI","SFÎNTU GHEORGHE",CV,1244,8,0,0,8,40,0,0,40,50,0,0,50,55,0,0,55,89,2,0,91,104,7,0,111
63401,36,"LICEUL TEHNOLOGIC ""PUSKÁS TIVADAR""","SFÎNTU GHEORGHE",CV,1488,10,4,0,14,30,5,0,35,38,5,0,43,45,5,0,50,91,7,0,98,112,10,0,122
63401,37,"LICEUL TEHNOLOGIC ""PUSKÁS TIVADAR""","SFÎNTU GHEORGHE",CV,1351,8,3,0,11,31,5,0,36,41,7,0,48,46,7,0,53,91,8,0,99,112,10,0,122
63401,38,"ŞCOALA GIMNAZIALĂ ""NICOLAE COLAN""","SFÎNTU GHEORGHE",CV,1123,7,5,0,12,17,7,0,24,31,8,0,39,37,8,0,45,76,9,0,85,96,9,0,105
63401,39,"ŞCOALA GIMNAZIALĂ ""NICOLAE COLAN""","SFÎNTU GHEORGHE",CV,1089,4,0,0,4,15,0,0,15,22,0,0,22,26,2,0,28,54,6,0,60,69,6,0,75
63401,40,"ŞCOALA GIMNAZIALĂ ""NICOLAE COLAN""","SFÎNTU GHEORGHE",CV,1196,7,1,0,8,24,1,0,25,30,3,0,33,34,3,0,37,67,3,0,70,84,6,0,90
63401,41,"ŞTRAND MUNICIPAL SFÂNTU GHEORGHE","SFÎNTU GHEORGHE",CV,1234,6,0,0,6,30,1,0,31,41,1,0,42,50,1,0,51,81,1,0,82,102,6,0,108
63401,42,"ŞTRAND MUNICIPAL SFÂNTU GHEORGHE","SFÎNTU GHEORGHE",CV,1326,4,0,0,4,25,0,0,25,37,1,0,38,41,1,0,42,70,2,0,72,102,3,0,105
63401,43,"ŞCOALA GIMNAZIALĂ ""ADY ENDRE""","SFÎNTU GHEORGHE",CV,809,3,0,0,3,13,0,0,13,21,0,0,21,26,2,0,28,51,5,1,57,66,5,1,72
63401,44,"ŞCOALA GIMNAZIALĂ ""ADY ENDRE""","SFÎNTU GHEORGHE",CV,840,3,0,0,3,11,0,0,11,21,0,0,21,24,0,0,24,47,0,0,47,60,3,0,63
63401,45,"ŞCOALA GIMNAZIALĂ ""ADY ENDRE""","SFÎNTU GHEORGHE",CV,1315,6,1,0,7,15,1,0,16,19,3,0,22,22,3,0,25,63,3,0,66,88,4,0,92
63401,46,"GRĂDINIŢA CU PROGRAM PRELUNGIT ""NAPSUGÁR""","SFÎNTU GHEORGHE",CV,1123,7,0,0,7,16,1,0,17,24,1,0,25,29,2,0,31,54,7,0,61,67,11,0,78
63401,47,"GRĂDINIŢA CU PROGRAM PRELUNGIT ""NAPSUGÁR""","SFÎNTU GHEORGHE",CV,1149,5,0,0,5,18,0,0,18,30,0,0,30,39,0,0,39,79,1,0,80,105,3,0,108
63401,48,"FOSTA ŞCOALA GENERALĂ CÂMPUL FRUMOS","SFÎNTU GHEORGHE",CV,334,3,0,0,3,6,0,0,6,11,0,0,11,14,0,0,14,26,5,0,31,39,6,0,45
63410,49,"CĂMIN CULTURAL",CHILIENI,CV,730,4,0,0,4,9,0,0,9,12,0,0,12,17,0,0,17,33,0,0,33,50,0,0,50
63429,50,"CĂMIN CULTURAL",COŞENI,CV,422,1,0,0,1,4,0,0,4,5,0,0,5,5,0,0,5,17,7,0,24,23,8,0,31
63759,51,"CASA MUNICIPALĂ DE CULTURĂ ""VIGADÓ"" TÂRGU SECUIESC","TÂRGU SECUIESC",CV,1343,0,1,0,1,13,1,0,14,15,1,0,16,25,4,0,29,52,13,0,65,81,23,0,104
63759,52,"LICEUL TEORETIC ""NAGY MÓZES"" TÂRGU SECUIESC","TÂRGU SECUIESC",CV,1108,0,0,0,0,2,0,0,2,3,0,0,3,5,6,0,11,23,9,0,32,35,11,0,46
63759,53,"LICEUL PEDAGOGIC ""BOD PÉTER"" TÂRGU SECUIESC","TÂRGU SECUIESC",CV,1212,1,0,0,1,13,1,0,14,17,1,0,18,20,2,0,22,48,2,0,50,56,8,0,64
63759,54,"LICEUL VOCAŢIONAL REFORMAT TÂRGU SECUIESC","TÂRGU SECUIESC",CV,1221,0,0,0,0,6,0,0,6,14,0,0,14,21,0,0,21,40,6,0,46,50,10,0,60
63759,55,"GRĂDINIŢA CU PROGRAM NORMAL ""BENEDEK ELEK"" TÂRGU SECUIESC","TÂRGU SECUIESC",CV,1362,4,0,0,4,11,1,0,12,20,1,0,21,28,1,0,29,66,10,0,76,82,13,0,95
63759,56,"ŞCOALA GIMNAZIALĂ ""PETŐFI SÁNDOR"" TÂRGU SECUIESC","TÂRGU SECUIESC",CV,1262,3,2,0,5,12,2,0,14,16,3,0,19,22,3,0,25,39,4,0,43,71,4,0,75
63759,57,"GRĂDINIŢA CU PROGRAM PRELUNGIT ""CSIPKERÓZSIKA"" TÂRGU SECUIESC","TÂRGU SECUIESC",CV,1357,4,0,0,4,14,0,0,14,19,1,0,20,24,2,0,26,68,2,0,70,84,5,0,89
63759,58,"ŞCOALA GIMNAZIALĂ ""TUROCZI MÓZES"" TÂRGU SECUIESC","TÂRGU SECUIESC",CV,1339,2,0,0,2,10,0,0,10,15,0,0,15,21,0,0,21,40,8,0,48,58,11,0,69
63759,59,"GRĂDINIŢA CU PROGRAM PRELUNGIT ""MANÓCSKA"" TÂRGU SECUIESC","TÂRGU SECUIESC",CV,1359,4,1,0,5,10,2,0,12,12,2,0,14,16,3,0,19,49,7,0,56,60,9,0,69
63759,60,"GRĂDINIŢA CU PROGRAM NORMAL NR. 3 TÂRGU SECUIESC","TÂRGU SECUIESC",CV,883,2,0,0,2,6,1,0,7,10,1,0,11,18,1,0,19,41,14,0,55,62,15,0,77
63759,61,"LICEUL TEHNOLOGIC ""GÁBOR ÁRON"" TÂRGU SECUIESC","TÂRGU SECUIESC",CV,1177,1,0,0,1,4,1,0,5,4,1,0,5,12,2,0,14,35,5,0,40,53,6,0,59
63759,62,"ŞCOALA GIMNAZIALĂ ""MOLNÁR JOZSIÁS"" TÂRGU SECUIESC","TÂRGU SECUIESC",CV,1238,1,0,0,1,10,0,0,10,12,0,0,12,17,0,0,17,36,0,0,36,55,2,0,57
63759,63,"ŞCOALA PRIMARĂ RUSENI, TÂRGU SECUIESC","TÂRGU SECUIESC",CV,533,0,2,0,2,3,3,0,6,3,3,0,6,5,3,0,8,17,3,0,20,22,3,0,25
63768,64,"CĂMINUL CULTURAL TINOASA",LUNGA,CV,323,0,0,0,0,2,2,0,4,3,2,0,5,6,2,0,8,17,7,0,24,22,11,0,33
63768,65,"CĂMINUL CULTURAL LUNGA",LUNGA,CV,975,5,0,0,5,7,0,0,7,10,1,0,11,12,1,0,13,49,3,0,52,72,4,0,76
63465,66,"ŞCOALA GENERALĂ GAAL MOZES BARAOLT",BIBORŢENI,CV,592,2,0,0,2,12,0,0,12,15,0,0,15,18,0,0,18,42,0,0,42,58,5,0,63
63474,67,"CĂMIN CULTURAL BODOŞ",BODOŞ,CV,347,0,0,0,0,5,5,0,10,5,5,0,10,6,5,0,11,12,5,0,17,13,6,0,19
63483,68,"ŞCOALA GENERALĂ GAAL MOZES BARAOLT",CĂPENI,CV,875,0,0,0,0,0,1,0,1,0,1,0,1,1,1,0,2,11,1,0,12,14,5,0,19
63508,69,"CĂMIN CULTURAL RACOŞUL DE SUS","RACOŞUL DE SUS",CV,738,0,0,0,0,4,2,0,6,11,3,0,14,11,3,0,14,19,3,0,22,23,6,0,29
63456,70,"PRIMĂRIAORAŞULUI BARAOLT",BARAOLT,CV,1109,3,0,0,3,6,0,0,6,11,0,0,11,16,5,0,21,42,5,0,47,53,5,0,58
63456,71,"CASA DE CULTURĂ BARAOLT",BARAOLT,CV,1173,0,2,0,2,4,4,0,8,7,6,0,13,7,6,0,13,46,10,0,56,56,10,0,66
63456,72,"ŞCOALA GIMNAZIALĂ GAÁL MÓZES BARAOLT",BARAOLT,CV,1210,1,0,0,1,8,0,0,8,14,0,0,14,20,2,0,22,45,4,0,49,51,4,0,55
63456,73,"GRĂDINIŢA CU PROGRAM PRELUNGIT ""CIMBORA""",BARAOLT,CV,1210,4,0,0,4,13,0,0,13,22,0,0,22,27,0,0,27,49,0,0,49,61,5,0,66
63492,74,"GRĂDINIŢA CU PROGRAM NORMAL MICLOŞOARA",MICLOŞOARA,CV,366,1,0,0,1,1,2,0,3,4,2,0,6,6,7,0,13,12,7,0,19,18,7,0,25
63544,75,"CASA DE CULTURĂ-CHIURUŞ",CHIURUŞ,CV,404,0,0,0,0,4,0,0,4,4,0,0,4,4,0,0,4,13,5,0,18,16,7,0,23
63535,76,"GRĂDINIŢA CU PROGRAM PRELUNGIT NR.1 COVASNA",COVASNA,CV,1317,3,8,0,11,9,34,0,43,17,49,0,66,21,49,0,70,57,57,0,114,68,60,0,128
63535,77,"CLUBUL ORĂȘENESC- COVASNA",COVASNA,CV,1329,4,18,0,22,23,181,0,204,25,225,0,250,28,252,0,280,59,366,0,425,76,418,0,494
63535,78,"LICEUL ""KŐRÖSI CSOMA SÁNDOR"" -CORP A- COVASNA",COVASNA,CV,1138,3,16,0,19,15,69,0,84,20,87,0,107,21,95,0,116,60,123,0,183,73,142,0,215
63535,79,"LICEUL ""KŐRÖSI CSOMA SÁNDOR"" -CORP B- COVASNA",COVASNA,CV,1216,6,3,0,9,17,19,0,36,25,22,0,47,29,22,0,51,74,36,0,110,88,43,0,131
63535,80,"GRĂDINIŢA CU PROGRAM PRELUNGIT NR. 2 COVASNA",COVASNA,CV,1549,3,1,0,4,16,4,0,20,18,5,0,23,24,5,0,29,44,8,0,52,64,11,0,75
63535,81,"ȘCOALA GIMNAZIALĂ ""AVRAM IANCU""- COVASNA -PRI.",COVASNA,CV,1258,2,19,0,21,15,45,0,60,24,48,0,72,35,53,0,88,72,84,0,156,105,94,0,199
63535,82,"ȘCOALA GIMNAZIALĂ ""AVRAM IANCU""-COVASNA- GIM",COVASNA,CV,1098,3,19,0,22,14,62,0,76,18,77,0,95,38,95,0,133,71,131,0,202,119,135,0,254
63599,83,"ŞCOALA GIMNAZIALĂ""MIHAIL SADOVEANU"" ÎNTORSURA BUZĂULUI","ÎNTORSURA BUZĂULUI",CV,1129,6,2,0,8,56,2,0,58,62,5,0,67,77,6,0,83,159,8,0,167,204,14,0,218
63599,84,"ŞCOALA GIMNAZIALĂ""MIHAIL SADOVEANU"" ÎNTORSURA BUZĂULUI","ÎNTORSURA BUZĂULUI",CV,1178,8,3,0,11,27,4,0,31,46,8,0,54,56,8,0,64,137,9,0,146,166,16,0,182
63599,85,"CASA DE CULTURĂ ÎNTORSURA BUZĂULUI","ÎNTORSURA BUZĂULUI",CV,973,4,0,0,4,25,5,0,30,31,11,0,42,52,11,0,63,117,13,0,130,141,16,0,157
63599,86,"DISTRICTULDRUMURI NAȚIONALE ÎNTORSURA BUZĂULUI","ÎNTORSURA BUZĂULUI",CV,1205,8,4,0,12,26,6,0,32,32,6,0,38,55,6,0,61,142,7,0,149,198,9,0,207
63599,87,"ȘCOALA PRIMARĂ ÎNTORSURA BUZĂULUI","ÎNTORSURA BUZĂULUI",CV,746,0,0,0,0,5,0,0,5,14,0,0,14,19,4,0,23,85,5,0,90,147,7,0,154
63606,88,"ȘCOALA GIMNAZIALĂ ""GHEORGHE ZAHARIA"" BRĂDET",BRĂDET,CV,957,3,0,0,3,10,0,0,10,16,0,0,16,21,0,0,21,91,7,0,98,117,9,0,126
63615,89,"CĂMIN CULTURAL FLOROAIA",FLOROAIA,CV,1173,4,0,0,4,15,1,0,16,21,2,0,23,39,2,0,41,108,9,0,117,148,17,0,165
63786,90,"SEDIUL PRIMĂRIEI COMUNEI AITA MARE","AITA MARE",CV,723,1,0,0,1,1,0,0,1,3,1,0,4,5,2,0,7,9,4,0,13,12,7,0,19
63795,91,"CĂMINUL CULTURAL AITA MEDIE","AITA MEDIE",CV,630,1,0,0,1,3,0,0,3,5,0,0,5,6,1,0,7,7,1,0,8,12,4,0,16
64924,92,"SEDIUL CONSILIULUI LOCAL ARCUŞ",ARCUŞ,CV,1314,1,0,0,1,4,0,0,4,6,0,0,6,6,2,0,8,31,6,0,37,39,8,0,47
63642,93,"CĂMINUL CULTURALBARCANI",BARCANI,CV,963,9,4,0,13,23,5,0,28,26,5,0,31,40,5,0,45,97,7,0,104,136,7,0,143
63642,94,"CĂMINUL CULTURALBARCANI",BARCANI,CV,1010,9,1,0,10,40,6,0,46,46,6,0,52,56,6,0,62,131,12,0,143,149,12,0,161
63651,95,"ŞCOALA GIMNAZIALĂ LĂDĂUŢI",LĂDĂUŢI,CV,546,1,0,0,1,7,3,0,10,14,6,0,20,20,6,0,26,68,6,0,74,77,7,0,84
63660,96,"ŞCOALA GIMNAZIALĂ SĂRĂMAŞ",SĂRĂMĂŞ,CV,574,1,3,0,4,9,4,0,13,17,4,0,21,30,5,0,35,106,31,0,137,138,42,0,180
63811,97,"CLĂDIRE PRIMARIEI CĂMINUL CULTURAL BAŢANII MARI","BĂŢANII MARI",CV,1636,1,0,0,1,4,2,0,6,12,2,0,14,14,4,0,18,36,5,0,41,64,6,0,70
63839,98,"CĂMINUL CULTURAL BAŢANII MICI","BĂŢANII MICI",CV,452,0,3,0,3,1,3,0,4,3,3,0,6,4,3,0,7,4,5,0,9,6,7,0,13
63848,99,"SEDIUL DE DEPLASARE AL PRIMARIEI ÎN SATUL HERCULIAN",HERCULIAN,CV,875,2,0,0,2,6,4,0,10,8,4,0,12,8,5,0,13,28,5,0,33,42,8,0,50
63820,100,"SEDIUL DE DEPLASARE AL PRIMARIEI ÎN AITA SEACĂ","AITA SEACĂ",CV,555,0,1,0,1,3,1,0,4,4,1,0,5,5,1,0,6,23,3,0,26,25,5,0,30
63875,101,"ŞCOALA GIMNAZIALĂ ""BÖLÖNI FARKAS SÁNDOR""",BELIN,CV,1070,4,1,0,5,10,2,0,12,15,3,0,18,20,3,0,23,58,11,1,70,83,12,1,96
63884,102,"CENTRUL MULTIFUNCŢIONAL BELIN VALE",BELIN-VALE,CV,1054,0,2,0,2,2,4,0,6,6,4,0,10,6,4,0,10,101,7,0,108,202,14,0,216
64522,103,"CENTRUL DE STUDII ȘI PERFECȚIONARE AL PRIMĂRIEI",BIXAD,CV,1423,3,0,0,3,10,0,0,10,25,1,0,26,33,1,0,34,74,2,0,76,97,2,0,99
63900,104,"CĂMINUL CULTURAL DIN BODOC",BODOC,CV,945,4,2,0,6,6,2,0,8,8,6,0,14,12,6,0,18,27,7,0,34,28,7,0,35
63928,105,"ŞCOALAPRIMARĂ ""DÁVID JÓZSEF"" ZĂLAN",ZĂLAN,CV,522,0,0,0,0,2,2,0,4,4,3,0,7,5,4,0,9,7,9,0,16,8,9,0,17
63919,106,"IMOBILUL PRIMĂRIEI DIN OLTENI",OLTENI,CV,528,1,0,0,1,5,1,0,6,5,3,0,8,7,3,0,10,18,4,0,22,27,5,0,32
63955,107,"CONSILIUL LOCAL BOROSNEU MARE","BOROŞNEU MIC",CV,1252,1,1,0,2,2,1,0,3,5,2,0,7,6,2,0,8,19,5,0,24,26,6,0,32
63955,108,"ŞCOALA PRIMARĂ BOROŞNEU MIC","BOROŞNEU MIC",CV,353,2,6,0,8,5,6,0,11,5,6,0,11,5,6,0,11,9,6,0,15,9,6,0,15
63964,109,"SCOLA PRIMARĂ DOBOLII DE SUS","DOBOLII DE SUS",CV,188,1,1,0,2,1,1,0,2,1,1,0,2,2,4,0,6,3,6,0,9,3,7,0,10
63973,110,"ŞCOALA PRIMARĂLEŢ",LEŢ,CV,517,0,0,0,0,0,1,0,1,0,1,0,1,0,2,0,2,3,7,0,10,3,7,0,10
63982,111,"CĂMINUL CULTURAL ŢUFALAU",ŢUFALĂU,CV,175,0,0,0,0,2,1,0,3,2,1,0,3,3,2,0,5,10,6,0,16,12,6,0,18
64014,112,"SALA DE FESTIVITĂŢI ACONSILIULUILOCAL BRATEŞ",BRATEŞ,CV,463,1,0,0,1,1,0,0,1,2,0,0,2,3,2,0,5,10,3,0,13,16,10,0,26
64032,113,"CĂMINUL CULTURAL TELECHIA",TELECHIA,CV,458,0,0,0,0,4,0,0,4,5,1,0,6,5,1,0,6,5,1,0,6,8,5,0,13
64023,114,"CĂMINUL CULTURAL PACHIA",PACHIA,CV,265,0,0,0,0,0,0,0,0,0,0,0,0,2,0,0,2,5,0,0,5,8,6,0,14
64050,115,"CLUBUL CĂMINULUI CULTURAL BRĂDUŢ",BRĂDUŢ,CV,724,2,0,0,2,7,0,0,7,11,0,0,11,11,1,0,12,23,1,0,24,31,2,0,33
64087,116,"CĂMINUL CULTURAL TĂLIŞOARA",TĂLIŞOARA,CV,611,2,0,0,2,4,2,0,6,5,2,0,7,9,2,0,11,33,4,0,37,41,5,0,46
64069,117,"CLUBUL CĂMINULUI CULTURALDOBOŞENI",DOBOŞENI,CV,1410,2,2,0,4,6,2,0,8,9,2,0,11,9,2,0,11,28,3,0,31,71,5,0,76
64078,118,"CLUBUL CĂMINULUI CULTURAL FILIA",FILIA,CV,975,4,1,0,5,18,1,0,19,22,1,0,23,23,1,0,24,40,3,0,43,47,3,0,50
64103,119,"CENTRUL CULTURAL BREŢCU",BREŢCU,CV,1168,8,0,0,8,14,0,0,14,19,0,0,19,23,0,0,23,86,0,0,86,103,0,0,103
64103,120,"CENTRUL CULTURAL BREŢCU",BREŢCU,CV,873,3,0,0,3,13,1,0,14,23,1,0,24,25,1,0,26,63,6,0,69,68,10,0,78
64112,121,"ŞCOALA PRIMARĂ MĂRTĂNUŞ",MĂRTĂNUŞ,CV,618,1,1,0,2,6,1,0,7,13,5,0,18,17,5,0,22,44,12,0,56,66,15,0,81
64121,122,"ŞCOALA GIMNAZIALĂ OITUZ",OITUZ,CV,258,1,0,0,1,5,0,0,5,5,0,0,5,6,0,0,6,27,1,0,28,41,7,0,48
64149,123,"CĂMINUL CULTURAL CATALINA",CATALINA,CV,1117,2,0,0,2,5,0,0,5,7,0,0,7,10,2,0,12,32,2,0,34,38,3,0,41
64167,124,"SCOALA PRIMARA IMENI",IMENI,CV,250,1,0,0,1,1,0,0,1,3,0,0,3,3,0,0,3,7,6,0,13,8,8,0,16
64158,125,"CĂMINUL CULTURAL HĂTIUCA",HĂTUICA,CV,386,0,0,0,0,2,1,0,3,4,2,0,6,7,2,0,9,18,6,0,24,23,9,0,32
64176,126,"CASA COMUNALA MĂRTINENI",MĂRTINENI,CV,505,0,0,0,0,1,4,0,5,2,6,0,8,2,6,0,8,7,7,0,14,8,7,0,15
64185,127,"CĂMINUL CULTURAL MĂRCUŞA",MĂRCUŞA,CV,511,0,0,0,0,4,0,0,4,6,0,0,6,7,0,0,7,18,4,0,22,20,7,0,27
64201,128,"BIBLIOTECA COMUNALĂ CERNAT",CERNAT,CV,649,0,0,0,0,0,4,0,4,0,4,0,4,0,6,0,6,6,6,0,12,10,6,0,16
64201,129,"ŞCOALA GIMNAZIALĂ ""VÉGH ANTAL"" CERNAT",CERNAT,CV,1190,2,0,0,2,10,7,0,17,16,8,0,24,17,8,0,25,45,11,0,56,54,11,0,65
64201,130,"ŞCOALA GIMNAZIALĂ ""BOD PÉTER"" CERNAT",CERNAT,CV,887,0,1,0,1,4,2,0,6,5,3,0,8,8,4,0,12,40,4,0,44,62,7,0,69
64210,131,"CLĂDIREA CONSILIULUI LOCAL CERNAT, ALBIŞ",ALBIŞ,CV,335,0,0,0,0,4,0,0,4,4,0,0,4,4,0,0,4,14,7,0,21,19,12,0,31
64229,132,"CASA MULTIFUNCȚIONALĂ ICAFĂLĂU",ICAFALĂU,CV,213,1,1,0,2,4,4,0,8,5,4,0,9,6,4,0,10,23,4,0,27,30,6,0,36
64247,133,"CĂMINUL CULTURAL CHICHIŞ",CHICHIŞ,CV,870,1,0,0,1,8,0,0,8,17,4,0,21,22,5,0,27,47,5,0,52,53,8,0,61
64256,134,"ŞCOALA GIMNAZIALĂ BĂCEL",BĂCEL,CV,444,5,0,0,5,10,2,0,12,18,3,0,21,24,5,0,29,64,12,0,76,87,14,0,101
63562,135,"SEDIUL PRIMARIEI COMANDĂU",COMANDĂU,CV,820,0,0,0,0,3,2,0,5,4,5,0,9,7,5,0,12,14,10,0,24,23,12,0,35
64586,136,"CĂMINUL CULTURAL DALNIC",DALNIC,CV,740,1,3,0,4,5,4,0,9,7,4,0,11,8,5,0,13,14,5,0,19,21,6,0,27
64274,137,"CĂMINUL CULTURAL DOBÂRLĂU",DOBÎRLĂU,CV,885,2,0,0,2,14,4,0,18,21,5,0,26,27,6,0,33,69,20,0,89,109,26,0,135
64309,138,"ŞCOALA PRIMARĂ VALEA DOBÂRLĂULUI","VALEA DOBÎRLĂULUI",CV,251,0,0,0,0,6,0,0,6,7,0,0,7,7,0,0,7,19,3,0,22,29,5,0,34
64292,139,"ŞCOALA PRIMARĂ MĂRCUŞ",MĂRCUŞ,CV,332,4,0,0,4,9,1,0,10,21,5,0,26,34,13,0,47,100,28,0,128,141,39,0,180
64283,140,"ŞCOALA PRIMARĂ LUNCA MĂRCUŞULUI","LUNCA MĂRCUŞULUI",CV,295,4,1,0,5,15,2,0,17,22,7,0,29,25,8,0,33,69,14,0,83,79,18,0,97
64755,141,"CĂMINUL CULTURAL ESTELNIC",ESTELNIC,CV,668,3,3,0,6,14,4,0,18,18,5,0,23,22,6,0,28,45,15,0,60,53,16,0,69
64764,142,"CĂMINUL CULTURAL VALEA SCURTĂ","VALEA SCURTĂ",CV,206,0,0,0,0,3,2,0,5,3,5,0,8,6,5,0,11,16,10,0,26,22,10,0,32
64327,143,"ŞCOALA GIMNAZIALĂ ""JANCSÓ BENEDEK"" GHELINŢA",GHELINŢA,CV,1462,2,0,0,2,8,0,0,8,10,0,0,10,23,0,0,23,67,1,0,68,88,2,0,90
64327,144,"ŞCOALA GIMNAZIALĂ ""JANCSÓ BENEDEK"" GHELINŢA",GHELINŢA,CV,1383,2,0,0,2,5,0,0,5,11,0,0,11,18,0,0,18,54,0,0,54,76,4,0,80
64327,145,"ŞCOALA PRIMARĂ NR.2 GHELINŢA",GHELINŢA,CV,1080,0,0,0,0,3,0,0,3,8,0,0,8,25,0,0,25,52,1,0,53,79,3,0,82
64336,146,"ŞCOALA PRIMARĂ HARALE",HARALE,CV,199,0,0,0,0,0,0,0,0,0,0,0,0,2,1,0,3,16,5,0,21,23,7,0,30
64354,147,"CĂMINUL CULTURAL DIN SATUL GHIDFALĂU",GHIDFALĂU,CV,917,1,2,0,3,5,2,0,7,8,2,0,10,8,3,0,11,12,11,0,23,24,13,0,37
64363,148,"CLĂDIRE AFLATĂ ÎN DOMENIUL PUBLIC AL COMUNEI GHIDFALĂU, SAT ANGHELUŞ",ANGHELUŞ,CV,538,1,0,0,1,2,0,0,2,7,1,0,8,7,1,0,8,16,1,0,17,22,3,0,25
64381,149,"CLĂDIRE AFLATĂ ÎN DOMENIUL PRIVAT AL COMUNEI GHIDFALĂU, SAT ZOLTAN",ZOLTAN,CV,349,1,0,0,1,1,0,0,1,4,0,0,4,5,0,0,5,10,0,0,10,13,0,0,13
64372,150,"CĂMINUL CULTURAL DIN SATUL FOTOŞ",FOTOŞ,CV,300,1,0,0,1,1,0,0,1,1,0,0,1,1,0,0,1,3,2,0,5,4,2,0,6
64407,151,"CĂMINUL CULTURAL HĂGHIG",HĂGHIG,CV,1363,7,5,0,12,17,9,0,26,25,9,0,34,34,12,0,46,70,16,0,86,126,17,0,143
64416,152,"CENTRUL DE ZI PENTRU COPII IARĂȘ",IARĂŞ,CV,347,0,6,0,6,1,6,0,7,4,6,0,10,13,6,0,19,39,18,0,57,63,21,0,84
64434,153,"CĂMINUL CULTURAL ILIENI",ILIENI,CV,877,3,0,0,3,7,1,0,8,12,3,0,15,17,3,0,20,39,6,0,45,50,6,0,56
64452,154,"GRĂDINIŢA CU PROGRAM NORMAL SÂNCRAIU",SÎNCRAIU,CV,344,1,0,0,1,2,0,0,2,2,0,0,2,2,0,0,2,14,7,0,21,16,7,0,23
64443,155,"ŞCOALA PRIMARĂ ""BODA-POPOVICI"" DOBOLII DE JOS","DOBOLII DE JOS",CV,438,0,3,0,3,2,3,0,5,2,6,0,8,4,7,0,11,14,9,0,23,15,11,0,26
64470,156,"SEDIUL PRIMĂRIEI LEMNIA",LEMNIA,CV,703,2,0,0,2,4,0,0,4,6,0,0,6,8,0,0,8,35,4,0,39,49,7,0,56
64470,157,"ŞCOALA PRIMARĂ NR.2 LEMNIA DE SUS",LEMNIA,CV,856,4,0,0,4,7,0,0,7,11,0,0,11,14,4,0,18,29,4,0,33,37,6,0,43
64531,158,"SEDIUL PRIMĂRIEI",MALNAŞ,CV,418,4,0,0,4,4,0,0,4,4,0,0,4,4,1,0,5,10,2,0,12,15,3,0,18
64540,159,"ŞCOALA PRIMARĂMALNAŞ BĂI",MALNAŞ-BĂI,CV,358,1,1,0,2,8,8,0,16,10,8,0,18,11,8,0,19,13,9,0,22,15,15,0,30
64559,160,"ŞCOALA PRIMARĂVALEA ZĂLANULUI","VALEA ZĂLANULUI",CV,104,1,2,0,3,6,4,0,10,6,5,0,11,6,5,0,11,14,6,0,20,14,9,0,23
64498,161,"CĂMINUL CULTURAL MERENI",MERENI,CV,720,1,2,0,3,8,2,0,10,9,2,0,11,18,2,0,20,39,4,0,43,46,5,0,51
64489,162,"CĂMINUL CULTURAL LUTOASA",LUTOASA,CV,353,1,2,0,3,5,2,0,7,6,3,0,9,8,3,0,11,15,3,0,18,20,3,0,23
64513,163,"CĂMINUL CULTURAL MICFALĂU",MICFALĂU,CV,1484,5,0,0,5,22,1,0,23,25,1,0,26,28,1,0,29,54,2,0,56,59,4,0,63
64577,164,"ŞCOALA GIMNAZIALĂ ""ORBAN BALAZS"" MOACŞA",MOACŞA,CV,561,0,0,0,0,2,1,0,3,3,1,0,4,4,1,0,5,11,12,0,23,13,12,0,25
64577,165,"CLĂDIREA FOSTEI ŞCOLI GENERALE CU CLASELE I-IV ERESTEGHIN",MOACŞA,CV,179,1,1,0,2,3,1,0,4,3,1,0,4,3,1,0,4,3,2,0,5,4,2,0,6
64595,166,"CĂMINUL CULTURAL PĂDURENI",PĂDURENI,CV,261,1,0,0,1,3,4,0,7,5,6,0,11,5,7,0,12,9,10,0,19,10,12,0,22
64611,167,"CĂMINUL CULTURAL ''ZSÖGÖN ZOLTÁN'' OJDULA CLUBUL TINERETULUI",OJDULA,CV,1382,1,0,0,1,4,0,0,4,6,0,0,6,7,3,0,10,29,4,0,33,45,5,0,50
64611,168,"CĂMINUL CULTURAL ''ZSÖGÖN ZOLTÁN'' OJDULA SALA MARE",OJDULA,CV,1333,2,0,0,2,10,1,0,11,15,1,0,16,21,4,0,25,53,5,0,58,85,5,0,90
64620,169,"CĂMINUL CULTURAL HILIB",HILIB,CV,205,2,6,0,8,3,7,0,10,4,7,0,11,7,7,0,14,25,7,0,32,33,7,0,40
64648,170,"CĂMINUL CULTURAL OZUN",OZUN,CV,951,3,1,0,4,6,1,0,7,9,2,0,11,12,2,0,14,30,6,0,36,38,8,0,46
64648,171,"CENTRUL DE INFORMARE ASUPRA UNIUNII EUROPENE OZUN",OZUN,CV,1237,2,1,0,3,7,3,0,10,10,3,0,13,18,3,0,21,37,3,0,40,47,4,0,51
64700,172,"ŞCOALA PRIMARĂ ""BERDE MOZSA"" SÎNTIONLUNCA",SÎNTIONLUNCA,CV,615,0,0,0,0,2,1,0,3,2,4,0,6,3,4,0,7,14,5,0,19,16,12,0,28
64666,173,"CĂMINUL CULTURALLISNĂU",LISNĂU,CV,443,5,1,0,6,7,3,0,10,7,5,0,12,10,6,0,16,24,13,0,37,34,17,0,51
64657,174,"ȘCOALA PRIMARĂBICFALĂU",BICFALĂU,CV,281,0,0,0,0,3,0,0,3,3,1,0,4,3,1,0,4,6,3,0,9,9,3,0,12
64693,175,"CĂMINUL CULTURAL MĂGHERUȘ",MĂGHERUŞ,CV,87,0,0,0,0,1,1,0,2,2,3,0,5,2,3,0,5,4,5,0,9,8,7,0,15
64684,176,"CLĂDIRE ADMINISTRATIVĂ (FOSTUL SEDIU AL ŞCOLII) LUNCA OZUNULUI","LUNCA OZUNULUI",CV,148,1,0,0,1,2,0,0,2,3,1,0,4,6,1,0,7,28,8,0,36,34,9,0,43
64728,177,"PRIMĂRIA COMUNEI POIAN",POIAN,CV,1011,0,0,0,0,8,0,0,8,10,0,0,10,18,0,0,18,63,1,0,64,86,3,0,89
64737,178,"ŞCOALA PRIMARĂ ""TUZSON JÁNOS"" BELANI",BELANI,CV,392,1,3,0,4,4,5,0,9,5,5,0,10,5,5,0,10,39,5,0,44,49,6,0,55
64782,179,"CĂMINUL CULTURAL RECI",RECI,CV,1167,1,0,0,1,3,4,0,7,6,5,0,11,7,5,0,12,11,5,0,16,18,9,0,27
64791,180,"ŞCOALA PRIMARĂ-ANINOASA",ANINOASA,CV,334,0,0,0,0,1,3,0,4,1,3,0,4,1,6,0,7,4,7,0,11,6,7,0,13
64808,181,"ŞCOALA PRIMARĂ BITA",BITA,CV,229,0,3,0,3,0,6,0,6,0,6,0,6,0,6,0,6,2,6,0,8,3,6,0,9
64817,182,"CĂMINUL CULTURAL SACIOVA",SACIOVA,CV,105,105,0,0,105,2,2,0,4,3,2,0,5,4,2,0,6,14,7,0,21,17,9,0,26
63697,183,"PRIMĂRIA SITA BUZĂULUI","SITA BUZĂULUI",CV,1240,13,2,0,15,55,22,0,77,65,25,0,90,97,25,0,122,208,34,0,242,233,46,0,279
63697,184,"ŞCOALA GIMNAZIALĂNR.2 SITA BUZĂULUI","SITA BUZĂULUI",CV,820,3,2,0,5,10,7,0,17,24,9,0,33,33,10,0,43,96,14,0,110,126,14,0,140
63697,185,"ŞCOALA GIMNAZIALĂ NR.3 SITA BUZĂULUI","SITA BUZĂULUI",CV,875,0,0,0,0,11,0,0,11,22,3,0,25,29,3,0,32,108,4,0,112,149,4,0,153
63722,186,"ŞCOALA GIMNAZIALĂ ZĂBRĂTĂU",ZĂBRĂTĂU,CV,445,3,2,0,5,12,3,0,15,14,8,0,22,17,8,0,25,101,10,0,111,116,11,0,127
63704,187,"TABĂRA CRASNA",CRASNA,CV,459,3,2,0,5,11,5,0,16,12,9,0,21,18,9,0,27,71,10,0,81,98,10,0,108
64835,188,"BIROUL IFOTURISM",SÎNZIENI,CV,1221,1,0,0,1,3,4,0,7,8,5,0,13,21,5,0,26,70,5,0,75,89,5,0,94
64835,189,"CLUBUL CĂMINULUICULTURAL SÂNZIENI",SÎNZIENI,CV,989,0,0,0,0,1,3,0,4,3,6,0,9,20,8,0,28,53,8,0,61,68,8,0,76
64844,190,"CĂMINUL CULTURAL CASINU MIC","CAŞINU MIC",CV,225,0,1,0,1,0,1,0,1,1,1,0,2,1,1,0,2,15,1,0,16,24,3,0,27
64853,191,"CĂMINUL CULTURAL PETRICENI",PETRICENI,CV,746,1,4,0,5,2,4,0,6,5,6,0,11,5,6,0,11,12,6,0,18,15,6,0,21
64862,192,"GRĂDINIȚA DE COPII (PARTER)","VALEA SEACĂ",CV,515,1,0,0,1,5,0,0,5,6,1,0,7,6,1,0,7,15,1,0,16,16,3,0,19
64880,193,"CĂMINUL CULTURAL TURIA",TURIA,CV,990,0,0,0,0,1,0,0,1,2,0,0,2,2,0,0,2,15,0,0,15,24,3,0,27
64880,194,"ŞCOALA PRIMARĂ ""JÓKAI MÓR"" TURIA",TURIA,CV,678,3,5,0,8,6,5,0,11,7,5,0,12,7,6,0,13,27,6,0,33,28,6,0,34
64880,195,"ŞCOALA PRIMARĂ NR.3 TURIA",TURIA,CV,1228,1,0,0,1,3,0,0,3,4,0,0,4,4,0,0,4,18,0,0,18,28,8,0,36
64899,196,"ŞCOALA PRIMARĂ ""REMÉNYIK SÁNDOR"" ALUNGENI",ALUNGENI,CV,239,1,0,0,1,6,0,0,6,6,0,0,6,6,0,0,6,25,5,0,30,31,6,0,37
64915,197,"PRIMĂRIA COMUNEI VALEA CRIŞULUI","VALEA CRIŞULUI",CV,1402,0,0,0,0,15,0,0,15,15,0,0,15,16,0,0,16,38,3,0,41,44,3,0,47
64933,198,"ŞCOALA PRIMARĂ ""DR. BEDŐ ALBERT"" CALNIC",CALNIC,CV,430,0,1,0,1,1,1,0,2,1,1,0,2,3,1,0,4,19,2,0,21,22,3,0,25
63679,199,"CLĂDIREA CĂMINULUI CULTURAL VALEA MARE","VALEA MARE",CV,935,1,0,0,1,12,5,0,17,19,5,0,24,23,5,0,28,102,10,0,112,154,15,0,169
64951,200,"SEDIUL PRIMĂRIEI ÎN SATUL ARACI-CORPUL A",ARACI,CV,916,2,0,0,2,13,4,0,17,19,5,0,24,21,5,0,26,37,9,1,47,49,10,1,60
64951,201,"SEDIUL PRIMĂRIEI ÎN SATUL ARACI-CORPUL B",ARACI,CV,580,0,1,0,1,7,1,0,8,10,1,0,11,11,3,0,14,29,4,1,34,52,5,1,58
64960,202,"ŞCOALA PRIMARĂ ARIUŞD",ARIUŞD,CV,360,6,1,0,7,10,4,0,14,10,4,0,14,15,4,0,19,34,7,0,41,42,13,0,55
64979,203,"ŞCOALA PRIMARĂ HETEA",HETEA,CV,241,0,0,0,0,0,0,0,0,5,0,0,5,5,0,0,5,7,0,0,7,41,0,0,41
64988,204,"ŞCOALA GIMNAZIALĂ VÂLCELE",VÎLCELE,CV,1006,8,1,0,9,40,15,0,55,47,15,0,62,53,15,0,68,126,33,0,159,176,43,0,219
65002,205,"CĂMINUL CULTURAL VÎRGHIŞ",VÎRGHIŞ,CV,1500,7,3,0,10,12,3,0,15,19,3,0,22,20,3,0,23,36,3,0,39,49,5,0,54
65020,206,"CĂMINUL CULTURAL NR.1 ZAGON",ZAGON,CV,1647,4,3,0,7,12,5,0,17,18,6,0,24,21,6,0,27,63,12,0,75,81,12,0,93
65020,207,"ŞCOALA PRIMARĂ ""GEORGE COŞBUC"" ZAGON",ZAGON,CV,1549,5,0,0,5,12,3,0,15,16,3,0,19,23,5,0,28,69,10,0,79,98,11,0,109
65039,208,"CĂMINUL CULTURAL PĂPĂUŢI",PĂPĂUŢI,CV,1026,3,3,0,6,9,5,0,14,17,7,0,24,23,7,0,30,46,11,0,57,61,13,0,74
65057,209,"CĂMINUL CULTURAL ZĂBALA",ZĂBALA,CV,1275,0,0,0,0,8,3,0,11,10,3,0,13,13,7,0,20,34,12,0,46,54,13,0,67
65057,210,"CLUBUL NR. 2 ZĂBALA",ZĂBALA,CV,823,6,3,0,9,12,3,0,15,17,3,0,20,22,3,0,25,58,4,0,62,87,6,0,93
65057,211,"CĂMINUL CULTURAL ZĂBALA (PAVA)",ZĂBALA,CV,698,1,0,0,1,2,1,0,3,3,1,0,4,4,3,0,7,9,11,0,20,10,13,0,23
65084,212,"CĂMINUL CULTURAL TAMAŞFALĂU",TAMAŞFALĂU,CV,422,0,0,0,0,0,2,0,2,0,2,0,2,0,2,0,2,9,2,0,11,14,7,0,21
65075,213,"CĂMINUL CULTURAL SURCEA",SURCEA,CV,502,2,0,0,2,4,0,0,4,7,0,0,7,10,0,0,10,14,2,0,16,15,3,0,18
65066,214,"CĂMINUL CULTURAL PETENI",PETENI,CV,121,0,0,0,0,0,0,0,0,0,1,0,1,2,1,0,3,5,3,0,8,12,6,0,18
65351,1,"CASA CORPULUI DIDACTIC",TÎRGOVIŞTE,DB,1469,16,0,0,16,69,13,0,82,97,16,0,113,105,18,0,123,193,19,0,212,244,22,0,266
65351,2,"CASA CORPULUI DIDACTIC",TÎRGOVIŞTE,DB,1593,10,0,0,10,67,0,0,67,98,1,0,99,126,3,0,129,202,4,0,206,257,8,0,265
65351,3,"GRĂDINIȚA NR. 2",TÎRGOVIŞTE,DB,1546,7,0,0,7,51,0,0,51,75,1,1,77,100,2,1,103,202,5,1,208,249,10,1,260
65351,4,"ȘCOALA ”RADU CEL MARE”",TÎRGOVIŞTE,DB,1184,10,0,0,10,50,3,0,53,66,4,0,70,74,7,0,81,136,7,0,143,170,9,0,179
65351,5,"ȘCOALA ”RADU CEL MARE”",TÎRGOVIŞTE,DB,1307,19,2,0,21,61,8,0,69,86,9,0,95,97,9,0,106,169,14,0,183,213,16,0,229
65351,6,"ȘCOALA ”RADU CEL MARE”",TÎRGOVIŞTE,DB,1314,9,0,0,9,52,3,0,55,74,6,0,80,91,7,0,98,163,10,0,173,205,19,0,224
65351,7,"ȘCOALA ”RADU CEL MARE”",TÎRGOVIŞTE,DB,1398,25,1,0,26,94,4,0,98,126,11,0,137,146,11,0,157,231,21,0,252,266,25,0,291
65351,8,"LICEUL TEHNOLOGIC ”SPIRU HARET”",TÎRGOVIŞTE,DB,1170,10,0,0,10,44,2,0,46,58,3,0,61,75,3,0,78,140,8,0,148,177,11,0,188
65351,9,"LICEUL TEHNOLOGIC ”SPIRU HARET”",TÎRGOVIŞTE,DB,987,10,0,0,10,49,1,0,50,66,2,0,68,73,2,0,75,111,5,0,116,140,12,0,152
65351,10,"LICEUL TEHNOLOGIC ”SPIRU HARET”",TÎRGOVIŞTE,DB,1294,16,4,0,20,68,4,0,72,77,5,0,82,92,5,0,97,180,6,0,186,217,12,0,229
65351,11,"LICEUL DE ARTE ”BĂLAȘA DOAMNA”",TÎRGOVIŞTE,DB,1112,12,5,0,17,64,7,0,71,86,10,0,96,97,12,0,109,155,17,0,172,181,17,0,198
65351,12,"LICEUL TEORETIC ”PETRU CERCEL”",TÎRGOVIŞTE,DB,1727,8,0,0,8,55,5,0,60,85,10,0,95,98,10,0,108,211,16,0,227,279,24,0,303
65351,13,"COLEGIUL NAȚIONAL ”CONSTANTIN CARABELLA”",TÎRGOVIŞTE,DB,1157,19,4,0,23,85,8,0,93,123,10,0,133,136,11,0,147,219,21,0,240,260,22,0,282
65351,14,"ȘCOALA ”MATEI BASARAB”",TÎRGOVIŞTE,DB,920,4,0,0,4,31,3,0,34,43,3,0,46,49,10,0,59,88,17,0,105,124,20,0,144
65351,15,"ȘCOALA ”MATEI BASARAB”",TÎRGOVIŞTE,DB,883,4,0,0,4,36,0,0,36,60,0,0,60,75,0,0,75,129,6,0,135,159,10,0,169
65351,16,"ȘCOALA ”MATEI BASARAB”",TÎRGOVIŞTE,DB,1429,10,0,0,10,53,0,0,53,82,5,0,87,96,5,0,101,168,8,0,176,210,9,0,219
65351,17,"ȘCOALA ”TUDOR VLADIMIRESCU”",TÎRGOVIŞTE,DB,1427,9,3,0,12,46,5,0,51,60,5,0,65,79,6,0,85,140,14,0,154,176,18,0,194
65351,18,"ȘCOALA ”TUDOR VLADIMIRESCU”",TÎRGOVIŞTE,DB,1212,15,1,0,16,53,1,0,54,83,2,0,85,98,3,0,101,180,6,0,186,214,7,0,221
65351,19,"LICEUL TEHNOLOGIC ”CONSTANTIN BRÂNCOVEANU”",TÎRGOVIŞTE,DB,824,9,2,0,11,31,3,0,34,41,9,0,50,46,10,0,56,78,11,0,89,102,16,0,118
65351,20,"LICEUL TEHNOLOGIC ”CONSTANTIN BRÂNCOVEANU”",TÎRGOVIŞTE,DB,887,5,0,0,5,28,4,0,32,40,4,0,44,50,4,0,54,87,7,0,94,107,8,0,115
65351,21,"LICEUL TEHNOLOGIC ”CONSTANTIN BRÂNCOVEANU”",TÎRGOVIŞTE,DB,1444,16,1,0,17,60,4,0,64,84,4,0,88,97,6,0,103,178,6,0,184,216,7,0,223
65351,22,"LICEUL TEHNOLOGIC ”CONSTANTIN BRÂNCOVEANU”",TÎRGOVIŞTE,DB,796,5,2,0,7,27,3,0,30,35,4,0,39,40,4,0,44,81,9,0,90,97,9,0,106
65351,23,"LICEUL TEHNOLOGIC ”CONSTANTIN BRÂNCOVEANU”",TÎRGOVIŞTE,DB,748,5,0,0,5,25,3,0,28,32,3,0,35,39,3,0,42,71,3,0,74,83,4,0,87
65351,24,"CANTINA DE AJUTOR SOCIAL",TÎRGOVIŞTE,DB,1030,3,0,0,3,35,0,0,35,54,4,106,164,77,4,106,187,142,12,106,260,173,19,106,298
65351,25,"ȘCOALA ”PAUL BANICĂ”",TÎRGOVIŞTE,DB,1154,8,4,0,12,32,7,0,39,44,9,0,53,54,9,0,63,113,14,0,127,159,16,0,175
65351,26,"ȘCOALA ”PAUL BANICĂ”",TÎRGOVIŞTE,DB,1078,7,0,0,7,36,4,0,40,46,4,0,50,63,4,0,67,99,4,0,103,129,4,0,133
65351,27,"LICEUL TEORETIC ”ION HELIADE RĂDULESCU”",TÎRGOVIŞTE,DB,921,4,1,0,5,42,4,0,46,60,5,0,65,80,5,0,85,141,16,0,157,169,21,0,190
65351,28,"LICEUL TEORETIC ”ION HELIADE RĂDULESCU”",TÎRGOVIŞTE,DB,1149,10,0,0,10,56,3,0,59,91,7,0,98,109,8,0,117,197,11,0,208,233,14,1,248
65351,29,"BIROURI PRIMĂRIE - SERVICIUL TAXE ȘI IMPOZITE, BLOC E4",TÎRGOVIŞTE,DB,855,19,5,0,24,45,6,0,51,62,9,0,71,72,10,0,82,139,17,0,156,172,19,0,191
65351,30,"BIROURI PRIMĂRIE - SERVICIUL TAXE ȘI IMPOZITE (PUNCT TERMIC)",TÎRGOVIŞTE,DB,869,11,2,0,13,53,5,0,58,69,6,0,75,83,8,0,91,137,10,0,147,167,11,0,178
65351,31,"BIROURI PRIMĂRIE - CORP B (SALA CĂSĂTORII)",TÎRGOVIŞTE,DB,1116,13,1,0,14,48,9,0,57,66,16,0,82,78,18,0,96,149,29,0,178,195,39,0,234
65351,32,"COLEGIUL ECONOMIC ”ION GHICA”",TÎRGOVIŞTE,DB,1044,8,2,0,10,53,5,0,58,78,5,0,83,97,7,0,104,183,11,1,195,234,19,1,254
65351,33,"COLEGIUL ECONOMIC ”ION GHICA”",TÎRGOVIŞTE,DB,1202,14,1,0,15,67,9,0,76,91,14,0,105,106,17,0,123,187,26,0,213,215,35,0,250
65351,34,"COLEGIUL NAȚIONAL ”IENĂCHIȚĂ VĂCĂRESCU”",TÎRGOVIŞTE,DB,1564,34,0,0,34,92,2,0,94,106,5,0,111,128,6,0,134,212,14,0,226,268,28,0,296
65351,35,"ȘCOALA ”ION ALEXANDRU BRĂTESCU-VOINEȘTI”",TÎRGOVIŞTE,DB,1110,16,1,0,17,62,7,0,69,83,11,0,94,98,15,0,113,147,22,0,169,173,27,0,200
65351,36,"ȘCOALA ”ION ALEXANDRU BRĂTESCU-VOINEȘTI”",TÎRGOVIŞTE,DB,911,15,1,0,16,50,6,0,56,74,9,0,83,80,9,0,89,161,14,0,175,204,19,0,223
65351,37,"ȘCOALA ”ION ALEXANDRU BRĂTESCU-VOINEȘTI”",TÎRGOVIŞTE,DB,910,5,0,0,5,22,0,0,22,35,0,0,35,40,0,0,40,73,4,0,77,89,6,0,95
65351,38,"LICEUL ”VOIEVOUL MIRCEA”",TÎRGOVIŞTE,DB,1551,14,0,0,14,70,2,32,104,85,2,32,119,101,10,32,143,196,15,32,243,239,17,32,288
65351,39,"ȘCOALA ”CORESI”",TÎRGOVIŞTE,DB,1211,20,2,0,22,83,10,5,98,108,21,5,134,124,21,5,150,213,35,5,253,243,50,5,298
65351,40,"LICEUL TEHNOLOGIC DE TRANSPORTURI AUTO",TÎRGOVIŞTE,DB,1193,8,6,0,14,41,6,0,47,61,6,0,67,71,6,0,77,148,15,0,163,196,18,0,214
65351,41,"LICEUL TEHNOLOGIC DE TRANSPORTURI AUTO",TÎRGOVIŞTE,DB,1756,18,2,0,20,57,4,0,61,95,5,0,100,113,6,0,119,164,13,0,177,203,13,0,216
65351,42,"LICEUL TEHNOLOGIC DE TRANSPORTURI AUTO",TÎRGOVIŞTE,DB,1335,8,1,0,9,40,2,0,42,66,3,0,69,88,4,0,92,184,7,0,191,225,9,0,234
65351,43,"LICEUL TEHNOLOGIC DE TRANSPORTURI AUTO",TÎRGOVIŞTE,DB,1383,6,2,0,8,40,2,0,42,78,2,0,80,87,2,0,89,193,6,0,199,238,6,0,244
65351,44,"LICEUL TEHNOLOGIC DE TRANSPORTURI AUTO",TÎRGOVIŞTE,DB,1335,14,3,0,17,58,3,0,61,74,3,0,77,79,4,0,83,157,11,0,168,189,13,0,202
65351,45,"LICEUL TEHNOLOGIC ”NICOLAE CIORĂNESCU”",TÎRGOVIŞTE,DB,1326,8,0,0,8,47,0,0,47,59,2,0,61,79,2,0,81,128,7,0,135,165,7,0,172
65351,46,"LICEUL TEHNOLOGIC ”NICOLAE CIORĂNESCU”",TÎRGOVIŞTE,DB,1200,32,1,0,33,90,3,0,93,123,4,0,127,147,6,0,153,225,13,0,238,273,15,0,288
65351,47,"LICEUL TEHNOLOGIC ”NICOLAE CIORĂNESCU”",TÎRGOVIŞTE,DB,846,11,3,0,14,50,8,0,58,61,11,0,72,68,11,0,79,120,16,0,136,129,21,0,150
65351,48,"LICEUL TEHNOLOGIC ”NICOLAE CIORĂNESCU”",TÎRGOVIŞTE,DB,820,12,2,0,14,46,4,0,50,64,5,0,69,78,6,0,84,126,9,0,135,149,11,0,160
65351,49,"ȘCOALA ”MIHAI VITEAZUL”",TÎRGOVIŞTE,DB,1198,12,4,0,16,59,6,1,66,83,9,1,93,96,9,1,106,155,19,1,175,192,27,1,220
65351,50,"ȘCOALA ”MIHAI VITEAZUL”",TÎRGOVIŞTE,DB,1188,12,0,0,12,62,1,0,63,83,1,0,84,96,1,0,97,173,3,0,176,228,7,0,235
65351,51,"COLEGIUL NAȚIONAL ”CONSTANTIN CANTACUZINO”",TÎRGOVIŞTE,DB,1336,18,1,0,19,47,6,0,53,67,8,0,75,72,8,0,80,119,9,0,128,151,12,0,163
65351,52,"COLEGIUL NAȚIONAL ”CONSTANTIN CANTACUZINO”",TÎRGOVIŞTE,DB,1472,12,1,0,13,47,1,0,48,74,6,0,80,91,8,0,99,153,14,0,167,195,22,0,217
65351,53,"COLEGIUL NAȚIONAL ”CONSTANTIN CANTACUZINO”",TÎRGOVIŞTE,DB,720,8,0,0,8,31,0,0,31,39,0,0,39,55,0,0,55,97,0,0,97,126,0,0,126
65351,54,"COLEGIUL NAȚIONAL ”CONSTANTIN CANTACUZINO”",TÎRGOVIŞTE,DB,865,9,0,0,9,31,1,0,32,40,3,0,43,45,3,0,48,88,7,0,95,118,11,0,129
65351,55,"ȘCOALA ”GRIGORE ALEXANDRESCU”",TÎRGOVIŞTE,DB,1414,13,5,0,18,58,7,0,65,78,7,0,85,91,7,0,98,145,10,0,155,188,14,0,202
65351,56,"ȘCOALA ”GRIGORE ALEXANDRESCU”",TÎRGOVIŞTE,DB,1315,18,0,0,18,55,0,0,55,72,0,0,72,82,3,0,85,160,5,0,165,205,5,0,210
65351,57,"ȘCOALA ”GRIGORE ALEXANDRESCU”",TÎRGOVIŞTE,DB,805,7,3,0,10,29,5,0,34,42,5,0,47,49,5,0,54,88,7,0,95,109,10,0,119
65351,58,"ȘCOALA ”GRIGORE ALEXANDRESCU”",TÎRGOVIŞTE,DB,784,4,0,0,4,25,2,0,27,41,2,0,43,49,2,0,51,91,4,0,95,125,9,0,134
65351,59,"ȘCOALA ”SMARANDA GHEORGHIU”",TÎRGOVIŞTE,DB,1532,8,3,0,11,49,5,0,54,86,8,0,94,115,8,0,123,218,12,0,230,272,14,0,286
65351,60,"ȘCOALA ”SMARANDA GHEORGHIU”",TÎRGOVIŞTE,DB,1636,18,1,0,19,83,5,0,88,110,7,0,117,128,7,0,135,228,9,0,237,264,17,0,281
65351,61,"ȘCOALA ”SMARANDA GHEORGHIU”",TÎRGOVIŞTE,DB,1375,8,1,0,9,91,5,0,96,97,7,0,104,122,8,0,130,186,14,0,200,244,16,0,260
65351,62,"ȘCOALA ”SMARANDA GHEORGHIU”",TÎRGOVIŞTE,DB,788,7,0,0,7,26,0,0,26,54,0,0,54,61,0,0,61,106,3,0,109,131,3,0,134
65351,63,"ȘCOALA ”SMARANDA GHEORGHIU”",TÎRGOVIŞTE,DB,1141,5,0,0,5,23,0,0,23,39,0,0,39,61,1,0,62,115,8,0,123,131,9,0,140
65351,64,"CĂMINUL CULTURAL ”MATEI VOIEVOD”",TÎRGOVIŞTE,DB,1492,10,0,0,10,42,3,1,46,63,3,1,67,83,3,1,87,185,4,1,190,271,10,1,282
65351,65,"GRĂDINIȚA ”PRISEACA”",TÎRGOVIŞTE,DB,1000,10,2,0,12,39,3,0,42,61,3,0,64,76,3,0,79,133,4,0,137,160,4,0,164
65850,66,ŞCOALAGIMNAZIALĂNR.2,MORENI,DB,1101,2,1,0,3,22,3,0,25,42,5,0,47,56,5,0,61,135,8,0,143,165,10,0,175
65850,67,"CLUB CRISTIAN ( UZINA AUTOMECANICĂ MORENI )",MORENI,DB,717,4,0,0,4,14,0,0,14,33,3,0,36,42,3,0,45,84,6,0,90,101,8,0,109
65850,68,"GRĂDINIŢACU PROGRAM NORMALNR.7ŢUICANI",MORENI,DB,415,4,0,0,4,10,0,0,10,16,3,0,19,18,3,0,21,35,3,0,38,43,3,0,46
65850,69,"GRĂDINIŢA CU PROGRAM NORMAL NR.2",MORENI,DB,753,19,5,0,24,53,5,4,62,68,5,4,77,77,5,4,86,140,10,4,154,159,15,4,178
65850,70,CLUBFLACĂRANR.2,MORENI,DB,813,10,0,0,10,44,2,0,46,56,3,0,59,68,4,0,72,122,7,0,129,142,14,0,156
65850,71,"GRĂDINIŢA CU PROGRAM NORMAL TISA",MORENI,DB,508,9,3,0,12,27,7,0,34,45,8,0,53,54,8,0,62,101,10,0,111,125,15,0,140
65850,72,"ŞCOALAGIMNAZIALĂ NR.3",MORENI,DB,1270,11,0,0,11,58,1,0,59,72,1,0,73,94,1,0,95,189,3,0,192,228,6,0,234
65850,73,"ŞCOALAGIMNAZIALĂ NR.3",MORENI,DB,801,4,5,0,9,28,7,0,35,47,7,0,54,52,8,0,60,90,20,0,110,98,29,0,127
65850,74,"ŞCOALAGIMNAZIALĂ NR.3",MORENI,DB,763,3,0,0,3,35,2,0,37,42,2,0,44,54,2,0,56,110,4,0,114,130,6,0,136
65850,75,"ŞCOALAGIMNAZIALĂ NR.3",MORENI,DB,960,5,0,0,5,37,1,0,38,54,1,0,55,68,1,0,69,148,2,0,150,174,2,0,176
65850,76,"ŞCOALAGIMNAZIALĂ NR.3",MORENI,DB,993,5,3,0,8,27,6,0,33,38,6,0,44,51,7,0,58,92,9,0,101,135,12,0,147
65850,77,"ŞCOALAGIMNAZIALĂ NR.4",MORENI,DB,1013,6,1,0,7,48,2,0,50,71,4,0,75,81,4,0,85,116,6,0,122,144,7,0,151
65850,78,"ŞCOALAGIMNAZIALĂ NR.4",MORENI,DB,685,4,0,0,4,22,0,0,22,29,1,0,30,30,3,0,33,54,3,0,57,72,6,0,78
65850,79,"ŞCOALAGIMNAZIALĂ NR.4",MORENI,DB,898,8,2,0,10,31,2,0,33,40,2,0,42,50,2,0,52,78,7,0,85,87,10,0,97
65850,80,"ŞCOALAGIMNAZIALĂ NR.4",MORENI,DB,938,4,1,0,5,35,1,0,36,53,2,0,55,62,4,0,66,105,8,0,113,142,9,0,151
65850,81,"ŞCOALAGIMNAZIALĂ NR.4",MORENI,DB,845,11,0,0,11,34,1,0,35,45,2,0,47,53,2,0,55,95,11,0,106,116,12,0,128
65850,82,"SALA DE SPORT",MORENI,DB,736,11,0,0,11,38,5,0,43,48,5,0,53,55,5,0,60,88,6,0,94,115,7,0,122
65850,83,SALADESPORT,MORENI,DB,646,10,1,0,11,28,2,0,30,47,6,0,53,50,6,0,56,87,6,0,93,104,7,0,111
65850,84,"LICEULTEORETIC ""ION LUCA CARAGIALE""",MORENI,DB,726,8,0,0,8,22,3,16,41,34,5,16,55,50,11,16,77,80,14,16,110,96,16,16,128
65850,85,LICEULTEHNOLOGICDEPETROL,MORENI,DB,1410,8,0,0,8,52,1,0,53,63,1,0,64,80,2,0,82,168,2,0,170,199,3,0,202
65636,86,"GRĂDINIȚA ""PINOCHIO"" COSTEȘTI",COSTEŞTI,DB,662,7,2,0,9,37,2,0,39,58,5,0,63,84,8,0,92,145,13,1,159,166,16,1,183
65627,87,"GRĂDINIȚA ""PITICII"" BEREVOIEȘTI",BEREVOEŞTI,DB,556,8,0,0,8,31,1,0,32,62,3,0,65,76,3,0,79,130,6,0,136,165,10,0,175
65618,88,"ȘCOALA GENERALĂ ""DIACONU CORESI"" FIENI",FIENI,DB,1581,16,0,0,16,60,4,0,64,102,8,1,111,147,10,1,158,254,19,1,274,293,20,1,314
65618,89,"GRUP ŞCOLAR INDUSTRIAL ""INGINER AUREL RAINU"" FIENI",FIENI,DB,1523,25,1,0,26,82,4,0,86,108,5,0,113,129,5,0,134,201,6,0,207,254,8,4,266
65618,90,"GRUP ȘCOLAR INDUSTRIAL ""INGINER AUREL RAINU"" FIENI",FIENI,DB,1534,23,1,0,24,46,1,0,47,75,1,0,76,100,4,0,104,190,11,0,201,236,16,0,252
65618,91,"GRĂDINIŢA ""DUMBRAVA MINUNATĂ"" FIENI",FIENI,DB,626,5,0,0,5,29,0,0,29,39,0,0,39,49,0,0,49,80,4,0,84,96,4,2,102
65690,92,"ȘCOALA GIMNAZIALĂ NR.1",GĂEŞTI,DB,913,11,0,0,11,41,7,0,48,69,9,0,78,106,11,0,117,162,22,0,184,207,25,0,232
65690,93,"ȘCOALA GIMNAZIALĂ NR.1",GĂEŞTI,DB,875,13,0,0,13,45,6,183,234,68,7,183,258,91,7,183,281,159,14,183,356,200,17,183,400
65690,94,"LICEUL TEHNOLOGIC ,, DOCTOR CONSTANTIN ANGELESCU,,",GĂEŞTI,DB,1250,17,1,0,18,48,1,0,49,91,2,0,93,125,3,0,128,237,11,0,248,292,15,0,307
65690,95,"COLEGIUL NAȚIONAL ,, VLADIMIR STREINU,,",GĂEŞTI,DB,1465,18,4,0,22,52,14,0,66,67,16,0,83,96,16,0,112,206,21,0,227,252,30,0,282
65690,96,"ȘCOALA GIMNAZIALĂ ,,ȘERBAN CIOCULESCU,,",GĂEŞTI,DB,1344,13,2,0,15,61,6,0,67,84,9,0,93,108,11,0,119,191,21,0,212,225,33,0,258
65690,97,"ȘCOALA GIMNAZIALĂ ,,ȘERBAN CIOCULESCU,,",GĂEŞTI,DB,856,7,2,0,9,33,4,0,37,42,4,0,46,46,4,0,50,101,7,0,108,129,11,0,140
65690,98,"ȘCOALA GIMNAZIALĂ ,,ȘERBAN CIOCULESCU,,",GĂEŞTI,DB,1225,18,4,0,22,64,5,0,69,99,5,0,104,116,5,0,121,164,9,0,173,208,11,0,219
65690,99,"ȘCOALA GIMNAZIALĂ ,,ȘERBAN CIOCULESCU,,",GĂEŞTI,DB,1372,10,0,0,10,49,1,0,50,88,2,0,90,98,2,0,100,179,5,0,184,239,10,0,249
65690,100,"ȘCOALA GIMNAZIALĂ ,,RADU CEL MARE,,",GĂEŞTI,DB,729,6,3,0,9,23,8,0,31,37,10,0,47,41,10,0,51,81,19,0,100,113,28,0,141
65690,101,"ȘCOALA GIMNAZIALĂ ,,RADU CEL MARE,,",GĂEŞTI,DB,1132,24,2,0,26,60,4,0,64,85,6,0,91,105,10,0,115,189,15,0,204,232,16,0,248
65690,102,"ȘCOALA GIMNAZIALĂ ,,RADU CEL MARE,,",GĂEŞTI,DB,1574,19,0,0,19,68,7,0,75,85,8,11,104,98,8,11,117,182,8,11,201,241,9,11,261
65930,103,"ȘCOALA GENERALĂ NR.2 PUCIOASA",PUCIOASA,DB,1275,10,0,0,10,39,5,0,44,58,5,0,63,88,6,0,94,170,18,0,188,200,29,0,229
65958,104,"GRĂDINIȚA DIACONEȘTI NR.9",DIACONEŞTI,DB,844,2,0,0,2,13,2,0,15,22,5,0,27,42,6,0,48,115,12,0,127,168,15,0,183
65930,105,"ȘCOALA GIMNAZIALĂ ,,MIHAI VITEAZUL'' PUCIOASA",PUCIOASA,DB,1053,17,12,0,29,67,57,0,124,96,66,0,162,116,77,0,193,172,115,0,287,201,139,0,340
65930,106,"ȘCOALA GIMNAZIALĂ ,,MIHAI VITEAZUL'' PUCIOASA",PUCIOASA,DB,1174,9,3,0,12,45,17,0,62,68,22,0,90,86,24,0,110,166,49,0,215,223,56,0,279
65930,107,"GRĂDINIȚA NR. 1 PUCIOASA",PUCIOASA,DB,882,11,5,0,16,70,20,0,90,89,24,0,113,109,31,0,140,173,47,0,220,196,56,0,252
65930,108,"ȘCOALA GIMNAZIALĂ ,,DONICI ELENA CANTACUZINO'' PUCIOASA",PUCIOASA,DB,1321,11,0,0,11,49,3,0,52,69,8,0,77,83,8,0,91,159,20,0,179,207,24,38,269
65930,109,"COLEGIUL NAȚIONAL ,,NICOLAE TITULESCU'' PUCIOASA",PUCIOASA,DB,1176,10,0,0,10,36,7,0,43,55,9,0,64,77,10,0,87,166,16,0,182,204,17,0,221
65930,110,"GRĂDINIȚA NR.2 PUCIOASA",PUCIOASA,DB,1127,13,1,0,14,48,2,0,50,88,3,0,91,114,4,0,118,208,9,0,217,225,19,11,255
65930,111,"GRĂDINIȚA NR. 3 PUCIOASA",PUCIOASA,DB,1149,11,3,0,14,44,4,0,48,62,7,1,70,80,7,1,88,150,10,1,161,190,13,1,204
65930,112,"ȘCOALA GIMNAZIALĂ NR. 3 PUCIOASA",PUCIOASA,DB,1249,15,0,0,15,51,5,0,56,72,8,0,80,100,11,0,111,175,24,0,199,205,28,0,233
65967,113,"ȘCOALA GIMNAZIALĂ NR. 5 GLODENI",GLODENI,DB,1036,5,0,0,5,15,4,0,19,31,11,0,42,45,12,0,57,140,21,0,161,199,35,0,234
65976,114,"ȘCOALA GIMNAZIALĂ MALURI",MALURILE,DB,105,7,1,0,8,15,2,0,17,16,2,0,18,25,4,0,29,47,7,0,54,48,7,0,55
65994,115,"ȘCOALA GIMNAZIALĂ PUCIOASA-SAT",PUCIOASA-SAT,DB,349,7,1,0,8,17,1,0,18,24,1,0,25,32,1,0,33,68,5,0,73,78,7,0,85
68636,116,"LICEUL TEORETIC ""ION GHICA"" RĂCARI",RĂCARI,DB,868,22,7,0,29,54,14,38,106,96,34,38,168,130,37,38,205,255,51,38,344,330,70,39,439
68636,117,"LICEUL TEORETIC"" ION GHICA"" RACARI",RĂCARI,DB,827,20,0,0,20,60,17,46,123,99,25,46,170,121,32,46,199,238,65,46,349,362,75,48,485
68663,118,"ȘCOALA GENERALĂ GHERGANI",GHERGANI,DB,604,16,4,0,20,39,18,30,87,56,25,30,111,90,27,30,147,145,47,87,279,201,60,87,348
68681,119,"GRĂDINIȚA MAVRODIN",MAVRODIN,DB,807,13,2,0,15,55,19,0,74,112,29,28,169,141,39,28,208,220,70,28,318,300,85,28,413
68672,120,"CĂMINUL CULTURAL GHIMPAȚI",GHIMPAŢI,DB,636,9,2,0,11,52,21,0,73,84,25,0,109,125,31,0,156,205,64,35,304,295,83,35,413
68654,121,"ȘCOALA GENERALĂ COLACU",COLACU,DB,709,17,3,0,20,56,24,0,80,92,45,70,207,113,50,70,233,164,60,70,294,219,69,70,358
68690,122,"GRĂDINIȚA SĂBIEȘTI",SĂBIEŞTI,DB,637,29,17,0,46,144,49,0,193,200,73,41,314,214,79,41,334,276,117,41,434,323,122,44,489
66090,123,"ȘCOALA GIMNAZIALA NR. 2 TITU",TITU,DB,1273,15,4,0,19,62,16,0,78,85,20,0,105,121,23,0,144,256,38,0,294,364,53,0,417
66090,124,"ȘCOALA GIMNAZIALANR. 2 TITU",TITU,DB,1031,22,0,0,22,62,1,0,63,109,6,0,115,136,8,0,144,281,10,0,291,391,17,0,408
66090,125,"ȘCOALA SĂLCUȚA",TITU,DB,1128,18,5,0,23,50,9,0,59,75,13,0,88,106,18,0,124,217,31,0,248,300,41,0,341
66090,126,"ȘCOALA GIMNAZIALA PICTOR NICOLAE GRIGORESCU",TITU,DB,1318,31,4,0,35,63,7,0,70,89,15,0,104,129,15,0,144,211,27,0,238,272,35,0,307
66090,127,"LICEUL TEORETIC IANCU C.VISARION",TITU,DB,1168,12,2,0,14,61,2,0,63,94,2,0,96,114,3,0,117,191,4,0,195,229,9,0,238
66090,128,"LICEUL TEORETIC IANCU .C.VISARION",TITU,DB,1292,23,0,0,23,63,0,0,63,88,0,0,88,104,2,0,106,194,10,0,204,252,12,0,264
66090,129,"LICEUL TEORETIC IANCU .C.VISARION",TITU,DB,1205,9,1,0,10,35,1,0,36,70,4,0,74,92,7,0,99,168,12,0,180,236,17,0,253
65388,130,"ŞCOALA GIMNAZIALĂ ANINOASA",ANINOASA,DB,1040,12,1,0,13,47,6,0,53,70,13,0,83,98,14,0,112,204,26,0,230,262,35,0,297
65388,131,"ŞCOALA GIMNAZIALĂ ANINOASA",ANINOASA,DB,966,7,0,0,7,30,1,0,31,53,3,0,56,66,3,0,69,165,13,0,178,234,18,0,252
65404,132,"ŞCOALA GIMNAZIALĂ ANINOASA",VIFORÎTA,DB,1020,15,2,0,17,76,11,0,87,119,14,18,151,153,16,18,187,264,27,18,309,301,32,18,351
65404,133,"ŞCOALA GIMNAZIALĂANINOASA",VIFORÎTA,DB,977,5,0,0,5,36,10,0,46,80,17,0,97,100,18,0,118,181,34,0,215,223,37,0,260
65397,134,"ŞCOALA GIMNAZIALĂ ANINOASA",SĂTENI,DB,1288,24,4,0,28,60,4,0,64,133,4,0,137,174,8,0,182,272,13,0,285,340,25,0,365
66205,135,"ŞCOALA PROFESIONALĂ BĂLENI",BĂLENI-ROMÂNI,DB,1546,10,0,0,10,41,2,0,43,61,5,0,66,97,8,0,105,282,17,0,299,393,20,0,413
66205,136,"LICEUL TEHNOLOGIC UDREA BĂLEANU",BĂLENI-ROMÂNI,DB,1458,8,1,0,9,34,4,0,38,49,6,0,55,78,9,0,87,226,10,0,236,348,15,0,363
66214,137,"LICEUL TEHNOLOGIC UDREA BĂLEANU",BĂLENI-SÎRBI,DB,919,11,0,0,11,22,0,0,22,37,1,0,38,66,6,0,72,203,13,0,216,308,20,0,328
66214,138,"CĂMINUL CULTURAL BĂLENI SÂRBI",BĂLENI-SÎRBI,DB,1391,22,0,0,22,48,1,0,49,73,5,0,78,113,5,0,118,375,10,0,385,545,17,0,562
66214,139,"FOSTA PRIMĂRIE BĂLENI SÂRBI",BĂLENI-SÎRBI,DB,1374,5,0,0,5,26,4,0,30,43,10,1,54,75,10,1,86,315,16,1,332,597,29,1,627
66232,140,"ŞCOALA GIMNAZIALĂ CU CLASELE I-VIII GURA BĂRBULEȚULUI","GURA BĂRBULEŢULUI",DB,461,11,0,0,11,19,19,0,38,55,21,0,76,57,34,0,91,136,66,0,202,170,88,0,258
66250,141,"ŞCOALA GIMNAZIALĂ CU CLASELE I-VIII BĂRBULEȚU",BĂRBULEŢU,DB,1350,7,4,0,11,20,5,0,25,77,6,0,83,159,11,0,170,345,38,0,383,533,55,0,588
66349,142,"ŞCOALA GIMNAZIALĂ ,,GRIGORE RĂDULESCU"" BEZDEAD",BEZDEAD,DB,1526,7,1,0,8,34,8,0,42,43,8,0,51,55,8,0,63,113,18,0,131,196,30,0,226
66349,143,"ŞCOALA GIMNAZIALĂ ,,VASILE VOICULESCU"" BEZDEAD",BEZDEAD,DB,1400,2,1,0,3,7,2,0,9,16,6,0,22,28,9,0,37,99,14,0,113,150,18,0,168
66376,144,"ŞCOALA MĂGURA",MĂGURA,DB,838,4,0,0,4,48,9,0,57,70,14,0,84,97,21,0,118,153,34,0,187,178,37,0,215
66410,145,"CĂMINUL CULTURAL",BILCIUREŞTI,DB,1480,33,10,0,43,116,34,0,150,162,43,0,205,214,46,0,260,472,88,0,560,583,104,0,687
66161,146,"ŞCOALA ""SPIRU HARET"" BRANIŞTEA, CLASELE I-IV,SALA DE CLASA NR. 1",BRANIŞTEA,DB,1226,13,2,0,15,51,4,0,55,90,8,0,98,108,13,0,121,244,26,0,270,329,37,0,366
66161,147,"ŞCOALA ""SPIRU HARET"" BRANIŞTEA, CLASELE I-IV,SALA DE CLASA NR. 2",BRANIŞTEA,DB,1130,13,1,0,14,43,9,0,52,67,13,0,80,106,14,0,120,236,34,0,270,344,40,0,384
66170,148,"ŞCOALA ""SPIRU HARET"" BRANIŞTEA, CLASELE I-IV, SALA DE CLASA NR. 1",DÎMBOVICIOARA,DB,882,5,0,0,5,21,3,0,24,59,6,0,65,67,6,0,73,142,14,0,156,235,19,0,254
66189,149,"CLĂDIREA ADMINISTRATIVĂ A CONSILIULUI LOCAL BRANIŞTEA",SĂVEŞTI,DB,134,15,5,0,20,16,6,0,22,24,6,0,30,33,6,0,39,56,10,0,66,66,11,0,77
66018,150,"CENTRUL DE CULTURĂ ŞI TRADIŢIE POPULARĂ BRĂNEŞTI",BRĂNEŞTI,DB,1315,23,0,0,23,66,8,0,74,81,12,0,93,148,24,0,172,261,42,0,303,313,49,0,362
66018,151,"ŞCOALA GIMNAZIALĂ BRĂNEŞTI",BRĂNEŞTI,DB,1477,12,0,0,12,66,8,0,74,109,13,0,122,139,14,0,153,280,27,0,307,349,28,0,377
66018,152,"GRĂDINIŢA CU PROGRAM NORMAL PRIBOIU",BRĂNEŞTI,DB,816,8,0,0,8,30,3,0,33,46,8,0,54,62,8,0,70,111,12,0,123,149,19,0,168
101350,153,"ȘCOALA GIMNAZIALĂ BREZOAELE",BREZOAELE,DB,1113,20,1,0,21,88,8,0,96,162,18,0,180,217,23,0,240,426,66,0,492,510,100,0,610
101369,154,"ȘCOALA GIMNAZIALĂ BREZOAIA",BREZOAIA,DB,799,25,2,0,27,66,6,8,80,105,15,8,128,122,19,8,149,232,39,8,279,318,44,8,370
101369,155,"ȘCOALA GIMNAZIALĂ BREZOAIA",BREZOAIA,DB,995,20,6,0,26,61,14,0,75,141,21,0,162,160,25,0,185,312,49,0,361,420,60,0,480
66447,156,"GRĂDINIṬA CU PROGRAM NORMAL",BUCIUMENI,DB,1510,8,1,0,9,27,4,0,31,48,8,0,56,104,9,0,113,207,10,0,217,272,13,0,285
66456,157,"ṢCOALA GENERALĂ","DEALU MARE",DB,1192,18,0,0,18,35,3,0,38,45,6,0,51,95,7,0,102,185,20,0,205,231,24,0,255
66465,158,"ṢCOALA PRIMARĂ ṢI GRĂDINIṬA CU PROGRAM NORMAL","VALEA LEURZII",DB,1052,14,0,0,14,60,3,0,63,77,3,0,80,147,5,0,152,287,15,0,302,376,19,0,395
66483,159,"ȘCOALA GIMNAZIALĂ ”DORA DALLES” BUCȘANI",BUCŞANI,DB,1490,17,0,0,17,43,0,0,43,54,0,0,54,108,0,0,108,239,11,0,250,282,12,0,294
66483,160,"ȘCOALA GIMNAZIALĂ ”DORA DALLES” BUCȘANI",BUCŞANI,DB,1486,11,4,0,15,48,6,0,54,76,7,0,83,119,11,0,130,245,18,0,263,320,23,0,343
66492,161,"ȘCOALA GENERALĂ HĂBENI",HĂBENI,DB,1136,9,0,0,9,28,2,0,30,47,2,0,49,65,7,0,72,198,14,0,212,258,15,0,273
66508,162,"ȘCOALA GENERALĂ RACOVIȚA",RACOVIŢA,DB,1037,7,0,0,7,19,0,0,19,32,0,0,32,53,0,0,53,138,13,0,151,178,19,0,197
66517,163,"ȘCOALA GENERALĂ RĂȚOAIA",RĂŢOAIA,DB,396,6,0,0,6,12,1,0,13,24,3,0,27,47,5,0,52,88,10,0,98,134,11,0,145
101573,164,"ȘCOALA GIMNAZIALĂ BUTIMANU",BUTIMANU,DB,1425,21,7,0,28,82,24,0,106,131,35,0,166,180,42,0,222,343,81,0,424,494,124,0,618
101591,165,"ȘCOALA GIMNAZIALĂ LUCIANCA",LUCIANCA,DB,400,0,0,0,0,17,3,0,20,27,8,0,35,34,11,0,45,75,21,0,96,108,32,0,140
101859,166,"ȘCOALA CU CLASELE I-VIII CIOCĂNEȘTI",CIOCĂNEŞTI,DB,740,3,5,0,8,11,10,0,21,25,10,0,35,35,13,0,48,79,21,0,100,111,26,0,137
101859,167,"ȘCOALA CU CLASELE I - VIII CIOCĂNEȘTI",CIOCĂNEŞTI,DB,914,7,0,0,7,17,3,0,20,27,4,0,31,34,4,0,38,83,7,0,90,137,12,0,149
101877,168,"GRĂDINIȚA DE COPII",DECINDEA,DB,397,0,2,0,2,6,7,0,13,11,9,0,20,24,9,0,33,62,15,0,77,104,19,0,123
101886,169,"ȘCOALA CU CLASELE I-VIII URZICEANCA",URZICEANCA,DB,1172,7,5,0,12,48,22,0,70,63,27,0,90,100,27,0,127,231,55,0,286,383,97,0,480
101895,170,"ȘCOALA CU CLASELE I-VIII VIZUREȘTI",VIZUREŞTI,DB,827,8,1,0,9,83,8,0,91,177,35,0,212,200,36,0,236,309,46,0,355,385,63,0,448
66535,171,"CĂMIN CULTURAL CÎNDEȘTI VALE",CÎNDEŞTI-VALE,DB,999,9,6,0,15,22,12,0,34,25,13,0,38,42,14,0,56,172,35,0,207,305,42,2,349
66562,172,"CĂMINUL CULTURAL DRAGODĂNEȘTI",DRAGODĂNEŞTI,DB,640,9,2,0,11,13,8,0,21,45,10,0,55,70,14,0,84,150,23,0,173,238,31,3,272
66553,173,"CĂMIN CULTURAL CÎNDEȘTI DEAL","CÎNDEŞTI DEAL",DB,170,2,4,0,6,2,4,0,6,2,5,0,7,3,6,0,9,25,12,0,37,51,21,0,72
66571,174,"ȘCOALA CU CLASELE I-IV VALEA MARE","VALEA MARE",DB,108,2,0,0,2,6,0,0,6,7,2,0,9,11,5,0,16,35,12,0,47,55,22,0,77
66562,175,"ȘCOALA CU CLASELE I-IV STURZENI",DRAGODĂNEŞTI,DB,412,4,2,0,6,9,3,0,12,17,6,0,23,23,6,0,29,88,16,0,104,129,29,4,162
66688,176,"ŞCOALA MĂNĂSTIREA",MĂNĂSTIREA,DB,409,6,3,0,9,41,6,0,47,64,6,0,70,79,6,0,85,138,12,0,150,189,14,0,203
66599,177,"ȘCOALA GHERGHIȚEȘTI",GHERGHIŢEŞTI,DB,924,10,0,0,10,52,4,0,56,86,6,0,92,103,11,0,114,249,31,0,280,348,50,0,398
66679,178,"GRĂDINIŢA MISLEA",MISLEA,DB,649,6,2,0,8,38,2,0,40,46,7,0,53,66,10,0,76,135,16,0,151,195,28,0,223
66651,179,"ŞCOALA FRASIN DEAL","FRASIN DEAL",DB,567,17,4,0,21,56,6,0,62,71,9,0,80,95,11,0,106,180,21,0,201,239,27,0,266
66704,180,"ŞCOALA GIMNAZIALĂ COJASCA",COJASCA,DB,920,22,4,0,26,75,17,0,92,123,26,0,149,144,30,0,174,222,54,0,276,280,97,0,377
66704,181,"ŞCOALA GIMNAZIALĂ COJASCA",COJASCA,DB,634,1,2,0,3,42,5,0,47,103,16,0,119,117,19,0,136,194,27,0,221,243,33,0,276
66722,182,"ŞCOALA CU CLASELE I-IV IAZU",IAZU,DB,1345,5,1,0,6,105,3,0,108,149,7,0,156,159,7,0,166,263,10,0,273,393,14,0,407
66722,183,"ŞCOALA CU CLASELE I-IV IAZU",IAZU,DB,730,6,0,0,6,47,0,0,47,164,1,0,165,173,4,0,177,224,5,0,229,323,11,0,334
66713,184,"ŞCOALA GIMNAZIALĂ FÎNTÎNELE",FÎNTÎNELE,DB,982,30,10,0,40,148,24,0,172,283,28,0,311,292,32,0,324,318,45,0,363,359,62,0,421
66713,185,"ŞCOALA GIMNAZIALĂ FÎNTÎNELE",FÎNTÎNELE,DB,886,30,6,0,36,139,15,0,154,264,21,0,285,275,22,0,297,326,31,0,357,364,38,0,402
66759,186,"CAMINUL CULTURAL",LAZURI,DB,1540,28,11,0,39,119,31,0,150,192,38,0,230,228,47,0,275,460,80,0,540,606,94,0,700
66740,187,"GRADINITA COMISANI",COMIŞANI,DB,1360,14,0,0,14,55,9,0,64,78,13,0,91,148,16,0,164,304,27,0,331,431,50,0,481
66740,188,"SCOALA GENERALA I-IV COMISANI(STR.HELESTEULUI NR.2)",COMIŞANI,DB,1440,13,2,0,15,42,10,0,52,84,13,0,97,120,15,0,135,320,30,0,350,468,33,0,501
66777,189,"ŞCOALA CU CLASELE I-IV CONŢEŞTI, LOCALITATEA CONŢEŞTI, STRADA PRIMĂRIEI, NR. 444",CONŢEŞTI,DB,723,47,10,0,57,95,22,0,117,135,36,0,171,174,41,0,215,266,68,1,335,348,84,1,433
66777,190,"SALĂ FESTIVITĂŢI, LOCALITATEA CONŢEŞTI, STRADA GĂRII, NR. 183",CONŢEŞTI,DB,442,4,3,0,7,29,18,0,47,51,21,0,72,60,28,0,88,116,43,0,159,159,62,0,221
66795,191,"ŞCOALA CU CLASELE I-IV BOTENI, LOCALITATEA BOTENI, STRADA AEROPORTULUI, NR. 308G",BOTENI,DB,703,11,5,0,16,52,17,0,69,111,22,3,136,134,30,3,167,205,44,7,256,272,54,7,333
66786,192,"CĂMIN CULTURAL BĂLTENI, LOCALITATEA BĂLTENI, STRADA EROILOR, NR. 66",BĂLTENI,DB,662,1,3,0,4,22,7,0,29,79,9,0,88,87,12,0,99,118,16,0,134,282,18,0,300
66786,193,"GRĂDINIŢA BĂLTENI, LOCALITATEA BĂLTENI, STRADA EROILOR, NR. 235",BĂLTENI,DB,827,20,8,0,28,69,25,0,94,122,28,0,150,140,33,0,173,233,51,0,284,295,61,0,356
66866,194,"ŞCOALA GIMNAZIALĂ CORBII MARI","CORBII MARI",DB,1387,16,4,0,20,78,16,0,94,163,35,0,198,195,39,0,234,355,77,0,432,520,98,0,618
66946,195,"ŞCOALA PRIMARĂ VADU STANCHII","VADU STANCHII",DB,365,0,1,0,1,13,9,0,22,27,11,0,38,36,11,0,47,84,20,0,104,131,28,0,159
66900,196,"ŞCOALA GIMNAZIALĂ PETREŞTI",PETREŞTI,DB,956,8,5,0,13,38,10,0,48,95,22,0,117,126,29,0,155,230,67,0,297,369,78,0,447
66884,197,"ŞCOALA GIMNAZIALĂ GROZĂVEŞTI I",GROZĂVEŞTI,DB,624,14,2,0,16,32,3,0,35,132,14,0,146,142,14,0,156,174,17,0,191,255,26,0,281
66884,198,"GRĂDINIŢA DE COPII GROZĂVEŞTI, NR. 2",GROZĂVEŞTI,DB,989,7,1,0,8,59,18,0,77,147,23,0,170,157,23,0,180,243,43,0,286,425,66,0,491
66937,199,"GRĂDINIŢA CU PROGRAM NORMAL UNGURENI",UNGURENI,DB,863,17,1,0,18,62,9,0,71,133,14,0,147,162,17,0,179,267,25,0,292,340,31,0,371
66937,200,"ŞCOALA GIMNAZIALĂ UNGURENI",UNGURENI,DB,640,9,1,0,10,38,3,0,41,63,11,0,74,79,13,0,92,152,22,0,174,251,39,0,290
66928,201,"ŞCOALA PRIMARĂ SATU NOU","SATU NOU",DB,390,5,0,0,5,42,4,0,46,75,11,0,86,91,11,0,102,142,17,0,159,200,27,0,227
66964,202,"ŞCOALA CU CLASELE I - VIII CORNĂŢELU",CORNĂŢELU,DB,299,22,20,0,42,41,29,0,70,64,35,0,99,77,44,0,121,112,61,2,175,154,76,2,232
66982,203,"ŞCOALA CU CLASELE I - IV BOLOVANI",BOLOVANI,DB,520,21,12,0,33,67,32,0,99,89,44,0,133,115,53,0,168,208,97,0,305,252,114,0,366
66973,204,"ŞCOALA CU CLASELE I - IV ALUNIŞU",ALUNIŞU,DB,260,5,1,0,6,13,4,0,17,24,7,0,31,28,11,0,39,65,18,0,83,94,30,0,124
67032,205,"ŞCOALA PRIMARĂBUJOREANCA",BUJOREANCA,DB,365,6,5,0,11,13,7,0,20,17,7,0,24,21,9,0,30,59,37,0,96,98,51,0,149
67041,206,"ŞCOALAGIMNAZIALĂ CĂTUNU",CĂTUNU,DB,678,14,3,0,17,49,16,0,65,71,20,0,91,90,28,0,118,171,72,0,243,222,86,0,308
67023,207,"ŞCOALA GIMNAZIALĂ CORNEŞTI",CORNEŞTI,DB,1343,19,5,0,24,98,24,0,122,154,39,0,193,198,42,0,240,300,79,0,379,360,90,0,450
67069,208,"ŞCOALA PRIMARĂ CRIVĂŢU",CRIVĂŢU,DB,210,3,0,0,3,7,2,0,9,10,4,0,14,14,7,0,21,31,14,0,45,63,25,0,88
67078,209,"ŞCOALA GIMNAZIALĂ FRASINU",FRASINU,DB,499,3,0,0,3,9,7,0,16,23,11,0,34,28,11,0,39,55,29,0,84,76,32,0,108
67096,210,"ŞCOALA PRIMARĂ IBRIANU",IBRIANU,DB,609,1,0,0,1,17,3,0,20,32,11,0,43,47,13,0,60,121,17,0,138,170,33,0,203
67103,211,"ŞCOALA PRIMARĂ""GRIGORE STĂNESCU "" POSTÎRNACU",POSTÎRNACU,DB,697,4,3,0,7,17,7,0,24,23,10,0,33,34,12,0,46,56,18,0,74,82,21,0,103
67112,212,"ŞCOALA PRIMARĂ UNGURENI",UNGURENI,DB,699,7,0,0,7,26,1,0,27,33,3,0,36,38,4,0,42,75,8,0,83,107,9,0,116
67130,213,"GRĂDINIȚA CU PROGRAM NORMAL NR. 1 COSTEȘTII DIN VALE","COSTEŞTII DIN VALE",DB,423,6,1,0,7,52,8,0,60,85,13,0,98,94,15,0,109,134,21,0,155,176,21,0,197
67130,214,"ȘCOALA GIMNAZIALĂ COSTEȘTII DIN VALE","COSTEŞTII DIN VALE",DB,1266,18,3,0,21,103,5,0,108,220,9,0,229,230,9,0,239,330,15,0,345,412,21,0,433
67158,215,"ȘCOALA GIMNAZIALĂ TOMȘANI",TOMŞANI,DB,1041,11,0,0,11,81,20,0,101,164,36,0,200,191,41,0,232,269,54,0,323,351,62,0,413
102295,216,"ŞCOALA GENERALĂ CREVEDIA",CREVEDIA,DB,1271,6,0,0,6,35,12,0,47,58,20,0,78,77,26,0,103,159,54,0,213,227,62,0,289
102295,217,"CĂMIN CULTURAL",CREVEDIA,DB,647,12,2,0,14,32,8,0,40,48,18,0,66,61,22,0,83,111,51,0,162,159,77,0,236
102311,218,"ŞCOALA GIMNAZIALĂ DÂRZA",DÎRZA,DB,1421,10,7,0,17,43,17,0,60,89,31,0,120,114,35,0,149,191,56,0,247,270,82,0,352
102339,219,"GRĂDINIŢA CU PROGRAM NORMAL",SAMURCAŞI,DB,1209,13,8,0,21,38,27,0,65,61,39,0,100,83,51,0,134,197,98,0,295,323,143,0,466
102302,220,"ŞCOALA CU CLASELE I-IV",COCANI,DB,369,4,3,0,7,15,12,0,27,32,16,0,48,47,18,0,65,83,53,1,137,130,106,1,237
67176,221,"ŞCOALA GENERALĂ BĂDULEŞTI",BĂDULEŞTI,DB,1144,14,1,0,15,101,16,0,117,135,34,0,169,159,36,0,195,302,68,0,370,414,93,0,507
67210,222,"ŞCOALA GIMNAZIALĂ PĂTROAIA VALE","PĂTROAIA VALE",DB,902,26,3,0,29,71,17,0,88,107,22,0,129,119,24,0,143,199,50,0,249,269,68,0,337
67247,223,"ŞCOALA PRIMARĂ VOIA",VOIA,DB,559,4,0,0,4,46,1,0,47,121,9,0,130,126,12,0,138,184,19,0,203,288,33,0,321
67265,224,"ȘCOALA DĂRMĂNEȘTI",DĂRMĂNEŞTI,DB,1374,12,3,0,15,49,6,0,55,67,7,0,74,111,12,0,123,232,25,0,257,313,32,0,345
67265,225,"CĂMIN CULTURAL",DĂRMĂNEŞTI,DB,1627,21,1,0,22,68,2,0,70,91,5,0,96,151,8,0,159,296,22,0,318,377,35,0,412
67274,226,"ȘCOALA MĂRGINENII DE SUS","MĂRGINENII DE SUS",DB,887,15,1,0,16,45,5,0,50,55,6,0,61,82,8,0,90,196,20,0,216,265,29,0,294
67309,227,"ȘCOALA PREOT PANAIT GEORGESCU",DOBRA,DB,1460,19,1,0,20,124,9,0,133,241,13,0,254,335,19,0,354,555,45,0,600,727,66,6,799
67318,228,"ȘCOALA ÎNVĂȚĂTOR IULIAN RUSU",MĂRCEŞTI,DB,1544,14,6,0,20,54,10,0,64,135,13,0,148,210,20,0,230,418,35,0,453,524,41,12,577
65422,229,"ȘCOALA GIMNAZIALĂ NR.3 DOICEȘTI",DOICEŞTI,DB,1547,17,0,0,17,48,0,0,48,67,0,0,67,93,0,0,93,218,5,0,223,271,12,0,283
65422,230,"ȘCOALA GIMNAZIALĂ NR.1 DOICEȘTI",DOICEŞTI,DB,1522,35,0,0,35,83,0,0,83,92,3,0,95,122,4,0,126,204,11,0,215,280,17,0,297
65422,231,"GRĂDINIȚA CU PROGRAM NORMAL NR. 3 DOICEȘTI",DOICEŞTI,DB,858,7,4,0,11,23,4,0,27,46,9,1,56,64,9,1,74,119,15,1,135,161,17,1,179
67336,232,"ȘCOALA DRAGODANA",DRAGODANA,DB,1327,10,4,0,14,39,11,5,55,83,22,5,110,121,24,5,150,197,32,5,234,276,36,7,319
67354,233,"ȘCOALA BURDUCA",BURDUCA,DB,1026,25,5,0,30,109,19,0,128,173,23,0,196,201,24,0,225,305,29,14,348,375,37,14,426
67381,234,CĂMINCULTURALPICIORDEMUNTE,"PICIOR DE MUNTE",DB,1396,9,2,0,11,65,2,2,69,81,4,2,87,113,5,2,120,238,8,3,249,316,12,3,331
67381,235,"ȘCOALA NR.2 PICIOR DE MUNTE - BOBOCI","PICIOR DE MUNTE",DB,1080,14,0,0,14,53,2,0,55,74,2,11,87,104,2,11,117,257,11,11,279,325,16,11,352
67381,236,"ȘCOALA NR.2 PICIOR DE MUNTE - BOBOCI","PICIOR DE MUNTE",DB,713,11,0,0,11,29,3,0,32,45,10,8,63,62,12,8,82,103,19,8,130,153,34,8,195
67416,237,"ŞCOALA GIMNAZIALĂ DRAGOMIREŞTI",DRAGOMIREŞTI,DB,1752,8,2,0,10,65,5,0,70,100,8,0,108,177,8,0,185,417,15,0,432,547,21,0,568
67425,238,"ŞCOALAGIMNAZIALĂ DECINDENI –DRAGOMIREŞTI",DECINDENI,DB,1036,11,0,0,11,35,0,0,35,57,1,0,58,100,2,0,102,282,11,0,293,408,18,0,426
67425,239,"ŞCOALA GIMNAZIALĂ DECINDENI-DRAGOMIREŞTI",DECINDENI,DB,993,6,0,0,6,27,0,0,27,45,0,0,45,83,0,0,83,267,0,0,267,369,0,0,369
67452,240,"ŞCOALA GIMNAZIALĂ RȊNCĂCIOV-DRAGOMIREŞTI",RÎNCĂCIOV,DB,846,2,0,0,2,17,0,0,17,32,1,0,33,64,1,0,65,162,6,0,168,228,9,0,237
67452,241,"ŞCOALA GIMNAZIALĂ RȊNCĂCIOV-DRAGOMIREŞTI",RÎNCĂCIOV,DB,771,6,3,0,9,22,6,0,28,31,7,0,38,54,7,0,61,155,11,0,166,212,11,0,223
67461,242,"ŞCOALA GIMNAZIALĂ UNGURENI-DRAGOMIREŞTI",UNGURENI,DB,1073,3,3,0,6,19,3,0,22,61,4,0,65,89,4,0,93,180,7,0,187,231,11,0,242
67443,243,"CĂMINUL CULTURAL MOGOŞEŞTI",MOGOŞEŞTI,DB,482,7,1,0,8,33,3,0,36,84,12,0,96,106,13,0,119,166,21,0,187,203,23,0,226
67434,244,"GRĂDINIŢA GEANGOEŞTI-DRAGOMIREŞTI",GEANGOEŞTI,DB,274,8,3,0,11,19,3,0,22,29,3,0,32,43,5,0,48,63,9,0,72,74,10,0,84
67489,245,"ŞCOALA GENERALĂFINTA","FINTA MARE",DB,1042,0,3,0,3,19,4,0,23,25,6,0,31,43,7,0,50,105,12,0,117,135,14,0,149
67498,246,ŞCOALABECHINEŞTI,BECHINEŞTI,DB,622,6,0,0,6,48,3,0,51,54,7,0,61,58,10,0,68,91,15,0,106,114,18,0,132
67513,247,"CĂMIN CULTURAL GHEBOAIA",GHEBOAIA,DB,930,13,2,0,15,44,4,0,48,88,5,0,93,112,6,0,118,222,13,0,235,296,15,0,311
67513,248,"CĂMIN CULTURAL GHEBOAIA",GHEBOAIA,DB,798,7,2,0,9,35,4,0,39,62,7,0,69,77,9,0,86,134,17,0,151,175,27,0,202
67531,249,"ȘCOALA ""BUICĂ IONESCU""",GLODENI,DB,1666,17,0,0,17,50,4,0,54,98,9,1,108,143,9,1,153,279,11,1,291,342,14,1,357
67531,250,"ȘCOALA ""BUICĂ IONESCU""",GLODENI,DB,1151,9,0,0,9,17,1,0,18,40,1,0,41,69,1,0,70,150,2,0,152,192,5,0,197
67559,251,"GRĂDINȚA LĂCULEȚE",LĂCULEŢE,DB,702,8,0,0,8,25,3,0,28,35,3,0,38,55,5,0,60,89,12,0,101,110,16,0,126
65716,252,"ŞCOALA GIMNAZIALĂ GURA FOII","GURA FOII",DB,1238,28,7,0,35,89,16,0,105,154,29,0,183,197,34,0,231,405,73,0,478,578,97,0,675
65716,253,"GRĂDINIŢA BUMBUIA","GURA FOII",DB,364,4,0,0,4,22,10,0,32,54,13,0,67,70,19,0,89,146,27,0,173,203,33,0,236
65716,254,"SALA DE FESTIVITĂŢI FĂGETU","GURA FOII",DB,301,14,2,0,16,40,14,0,54,72,21,1,94,83,23,1,107,134,38,1,173,168,46,1,215
67602,255,"ȘCOALACU CLASELE. I-VIII GURA OCNIȚEI","GURA OCNIŢEI",DB,1393,12,0,0,12,30,9,0,39,48,9,0,57,64,9,0,73,138,19,0,157,228,22,0,250
67602,256,"ȘCOALA CU CLASELE. I-VIII GURA OCNIȚEI","GURA OCNIŢEI",DB,1523,23,2,0,25,66,13,0,79,98,15,1,114,109,17,1,127,224,25,1,250,296,27,1,324
67611,257,"ȘCOALA CUCLASELE. I-VIII ADÂNCA",ADÎNCA,DB,1548,9,1,0,10,41,3,0,44,82,7,0,89,136,13,0,149,281,29,0,310,348,38,0,386
67639,258,"ȘCOALACU CLASELE. I-VIII SĂCUENI",SĂCUENI,DB,1524,20,2,0,22,76,5,0,81,122,6,0,128,146,9,0,155,311,27,0,338,465,36,0,501
67657,259,"ȘCOALA GIMNAZIALӐ GURA ȘUȚII","GURA ŞUŢII",DB,894,18,2,0,20,59,7,0,66,108,17,23,148,149,20,23,192,283,34,23,340,361,42,23,426
67657,260,"ȘCOALA GIMNAZIALӐ GURA ȘUȚII","GURA ŞUŢII",DB,889,14,0,0,14,68,4,0,72,119,5,21,145,156,16,21,193,251,29,21,301,312,41,21,374
67657,261,"GRӐDINIȚA CU PROGRAM NORMAL GURA ȘUȚII,CORPUL B","GURA ŞUŢII",DB,1004,17,1,0,18,61,3,25,89,169,8,25,202,224,9,25,258,352,14,25,391,456,20,25,501
67666,262,"ȘCOALA GIMNAZIALӐ SPERIEȚENI",SPERIEŢENI,DB,1487,42,2,0,44,114,13,0,127,199,19,0,218,255,19,0,274,418,33,20,471,518,42,20,580
67684,263,"GRĂDINIŢA CU PROGRAM NORMAL HULUBEŞTI",HULUBEŞTI,DB,690,3,1,0,4,20,3,0,23,28,11,0,39,72,18,0,90,144,28,0,172,185,36,0,221
67719,264,"GRĂDINIŢA CU PROGRAM NORMAL MĂGURA",MĂGURA,DB,544,4,4,0,8,27,9,0,36,52,13,0,65,76,19,0,95,151,31,0,182,220,35,0,255
67693,265,"ŞCOALA GIMNAZIALĂ BUTOIU DE JOS","BUTOIU DE JOS",DB,782,6,0,0,6,28,4,0,32,62,7,0,69,87,8,0,95,185,15,0,200,283,19,0,302
67700,266,"GRĂDINIŢA CU PROGRAM NORMAL BUTOIU DE SUS","BUTOIU DE SUS",DB,643,17,1,0,18,45,9,0,54,67,10,0,77,95,11,0,106,218,22,0,240,295,32,0,327
67746,267,"ȘCOALA GIMNAZIALĂ NR. 1 GHIRDOVENI",GHIRDOVENI,DB,1513,14,2,0,16,62,8,0,70,102,12,0,114,144,16,0,160,253,22,0,275,307,22,0,329
67746,268,"ȘCOALAGIMNAZIALĂ NR. 2 GHIRDOVENI",GHIRDOVENI,DB,1224,15,0,0,15,43,4,0,47,52,4,0,56,91,9,0,100,192,18,0,210,269,25,0,294
67755,269,"CLUB PENITENCIAR I.L.CARAGIALE","I. L. CARAGIALE",DB,669,11,0,0,11,22,3,196,221,38,6,196,240,64,8,196,268,127,17,196,340,144,19,196,359
67755,270,"CĂMINUL CULTURAL I.L.CARAGIALE","I. L. CARAGIALE",DB,1444,12,3,0,15,22,4,41,67,48,4,190,242,55,6,190,251,107,12,190,309,267,17,190,474
67764,271,"ȘCOALA PRIMARĂ MIJA",MIJA,DB,646,11,0,0,11,28,2,0,30,34,3,0,37,40,3,0,43,65,6,0,71,85,8,0,93
65878,272,"ȘCOALA GIMNAZIALĂ IEDERA DE JOS","IEDERA DE JOS",DB,1202,11,2,0,13,32,9,0,41,47,10,0,57,67,10,0,77,121,31,0,152,160,24,0,184
65887,273,"GRĂDINIȚA CU PROGRAM NORMAL COLIBAȘI",COLIBAŞI,DB,440,4,5,0,9,26,10,0,36,29,10,0,39,32,11,0,43,59,16,0,75,81,19,0,100
65896,274,"GRĂDINIȚA CU PROGRAM NORMAL CRICOVU DULCE","CRICOVU DULCE",DB,331,9,4,0,13,15,4,0,19,20,4,0,24,33,5,0,38,43,11,0,54,48,14,0,62
65903,275,"ȘCOALA CU CLASELE I-IV IEDERA DE SUS","IEDERA DE SUS",DB,1158,8,0,0,8,31,3,0,34,49,3,0,52,67,4,0,71,174,11,0,185,238,13,0,251
67782,276,"ŞCOALA LUCIENI",LUCIENI,DB,978,6,2,0,8,23,3,0,26,42,7,0,49,57,9,0,66,169,29,0,198,236,33,0,269
67782,277,"ŞCOALA LUCIENI",LUCIENI,DB,1077,7,0,0,7,29,0,0,29,65,0,0,65,87,0,0,87,186,0,0,186,274,0,0,274
67791,278,"ŞCOALA OLTENI",OLTENI,DB,459,16,2,0,18,50,9,0,59,69,12,0,81,91,21,0,112,129,29,0,158,162,43,0,205
67899,279,"ȘCOALA GIMNAZIALĂ TELEȘTI",TELEŞTI,DB,1391,7,0,0,7,20,2,0,22,30,5,0,35,55,5,0,60,170,18,0,188,374,28,0,402
67862,280,"ȘCOALA PRIMARĂ POTOCELU",POTOCELU,DB,941,6,0,0,6,27,0,0,27,47,0,0,47,58,0,0,58,230,0,0,230,312,4,0,316
67871,281,"ȘCOALA GIMNAZIALA SCHEIU DE JOS","SCHEIU DE JOS",DB,856,1,0,0,1,9,0,0,9,14,0,0,14,33,0,0,33,108,12,0,120,174,14,0,188
67880,282,"ȘCOALA PRIMARĂ SCHEIU DE SUS","SCHEIU DE SUS",DB,795,2,1,0,3,12,3,0,15,16,4,0,20,23,4,0,27,100,10,0,110,130,12,0,142
67915,283,"ŞCOALA GIMNAZIALĂ NR. 2 LUNGULEŢU",LUNGULEŢU,DB,872,7,1,0,8,36,2,0,38,58,3,0,61,109,5,0,114,220,13,0,233,332,26,0,358
67915,284,"ŞCOALA GIMNAZIALĂ NR. 2 LUNGULEŢU",LUNGULEŢU,DB,1024,4,3,0,7,35,5,0,40,63,6,0,69,113,8,0,121,278,21,0,299,367,25,0,392
67915,285,"ŞCOALA GIMNAZIALĂ NR. 1 LUNGULEŢU",LUNGULEŢU,DB,1421,7,0,0,7,68,4,0,72,129,10,0,139,167,11,0,178,383,18,0,401,613,32,0,645
67933,286,"ŞCOALA GIMNAZIALĂ SERDANU",SERDANU,DB,1034,8,6,0,14,40,16,0,56,70,17,0,87,89,21,0,110,163,30,0,193,272,40,0,312
67951,287,"ȘCOALA GIMNAZIALĂ MALU CU FLORI, NR. 139BIS","MALU CU FLORI",DB,1173,5,1,0,6,15,3,0,18,40,6,10,56,55,13,10,78,141,38,11,190,283,56,11,350
67951,288,"ȘCOALA GENERALĂ CU CLASELE I-IV MICLOȘANII MICI","MALU CU FLORI",DB,743,4,2,0,6,12,7,7,26,40,17,7,64,63,22,7,92,152,43,7,202,239,58,7,304
68011,289,"ȘCOALA GIMNAZIALĂ MĂNEȘTI",MĂNEŞTI,DB,1097,11,4,0,15,35,12,0,47,55,16,0,71,134,18,0,152,276,29,0,305,381,33,0,414
68039,290,"ŞCOALA GIMNAZIALĂ DRĂGĂEŞTI-UNGURENI","DRĂGĂEŞTI UNGURENI",DB,1080,6,3,0,9,20,7,0,27,41,11,0,52,79,15,0,94,205,21,0,226,299,34,0,333
68020,291,"ŞCOALA GIMNAZIALĂ DRĂGĂEŞTI-PĂMÂNTENI","DRĂGĂEŞTI PĂMÎNTENI",DB,1793,8,2,0,10,45,7,0,52,188,12,0,200,237,13,0,250,470,37,0,507,610,50,0,660
68075,292,"ŞCOALA GENERALĂ MĂTĂSARU",MĂTĂSARU,DB,858,14,0,0,14,30,1,0,31,65,7,0,72,92,8,0,100,174,15,0,189,240,24,0,264
68084,293,"ŞCOALA PRIMARĂ ODAIA TURCULUI","ODAIA TURCULUI",DB,896,8,0,0,8,22,0,0,22,46,1,0,47,58,1,0,59,106,7,0,113,178,12,0,190
68057,294,"GRĂDINIŢA TEŢCOIU",TEŢCOIU,DB,1102,10,3,0,13,34,4,0,38,62,6,0,68,75,9,0,84,146,17,0,163,219,26,0,245
68093,295,"ŞCOALA GENERALĂ POROINICA",POROINICA,DB,639,4,1,0,5,41,7,0,48,57,8,0,65,72,13,0,85,125,24,0,149,185,26,0,211
68100,296,"ŞCOALA PRIMARĂ PUŢU CU SALCIE","PUŢU CU SALCIE",DB,777,2,1,0,3,22,1,0,23,51,1,0,52,56,1,0,57,103,6,0,109,158,14,0,172
68137,297,ȘCOALAGENERALĂMOGOȘANI,MOGOŞANI,DB,1381,7,5,0,12,33,5,0,38,56,8,0,64,83,10,0,93,209,21,0,230,279,27,0,306
68155,298,ȘCOALACOJOCARU,COJOCARU,DB,654,14,2,0,16,40,9,0,49,73,14,0,87,83,18,0,101,145,30,0,175,239,31,0,270
68164,299,ȘCOALAMERII,MERII,DB,788,11,1,0,12,40,5,0,45,64,7,0,71,83,10,0,93,167,17,0,184,226,19,0,245
68173,300,ȘCOALAZĂVOIU,ZĂVOIU,DB,741,3,3,0,6,12,4,0,16,25,5,0,30,33,5,0,38,88,12,0,100,138,18,0,156
68226,301,"SCOALA VECHE-GRADINITA",LUNCA,DB,1001,12,4,0,16,20,4,0,24,32,6,0,38,69,9,0,78,150,11,0,161,193,16,0,209
68191,302,"SCOALA ""ION CIORANESCU""",MOROENI,DB,1229,11,0,0,11,43,14,0,57,63,15,0,78,107,21,0,128,233,32,0,265,271,34,0,305
68244,303,"PANAIT PETRE",PUCHENI,DB,484,10,4,0,14,38,10,0,48,42,16,0,58,52,18,0,70,103,32,0,135,136,38,0,174
68217,304,"SCOALA GLOD",GLOD,DB,1351,8,2,0,10,62,11,30,103,106,11,30,147,157,11,30,198,468,12,30,510,668,19,30,717
68235,305,"SCOALA MUSCEL",MUŞCEL,DB,62,0,0,0,0,2,5,0,7,2,5,0,7,4,5,0,9,6,5,0,11,14,5,0,19
68262,306,"GRĂDINIȚA MORTENI CENTRU",MORTENI,DB,1180,23,2,0,25,63,10,0,73,130,11,0,141,167,13,0,180,389,20,0,409,676,30,0,706
68271,307,"GRĂDINIȚA MORTENI CENTRU",NEAJLOVU,DB,1131,15,6,0,21,54,9,0,63,103,10,0,113,133,13,0,146,326,24,0,350,572,38,0,610
65654,308,"CĂMIN CULTURAL MOŢĂIENI",MOŢĂIENI,DB,1394,9,0,0,9,43,6,0,49,61,7,2,70,101,9,2,112,202,26,2,230,255,36,2,293
65663,309,"ŞCOALA CUCUTENI",CUCUTENI,DB,375,7,3,0,10,18,6,0,24,20,7,0,27,31,11,0,42,65,15,0,80,83,17,0,100
104396,310,"ȘCOALA CU CLASELE I - VIII NICULEȘTI",NICULEŞTI,DB,1018,20,7,0,27,61,11,0,72,122,20,0,142,145,23,0,168,283,42,0,325,455,53,0,508
104396,311,"ȘCOALA CU CLASELE I - VIII NICULEȘTI",NICULEŞTI,DB,832,7,0,0,7,44,5,0,49,123,14,0,137,145,14,0,159,263,22,0,285,357,39,0,396
104412,312,"ȘCOALA CU CLASELE I-IV MOVILA",MOVILA,DB,485,8,3,0,11,27,19,0,46,55,27,0,82,68,30,0,98,116,50,0,166,135,66,0,201
104403,313,"ȘCOALA CU CLASELE I-VIII CIOCĂNARI",CIOCĂNARI,DB,987,3,2,0,5,20,10,0,30,63,15,0,78,73,16,0,89,152,34,0,186,249,51,0,300
68299,314,"ȘCOALA GIMNAZIALĂ "" NUCET """,NUCET,DB,959,58,4,0,62,127,18,0,145,173,22,0,195,215,25,0,240,339,37,0,376,391,50,0,441
68299,315,"ȘCOALA GIMNAZIALĂ""NUCET""",NUCET,DB,888,35,1,0,36,107,5,0,112,168,11,0,179,187,13,0,200,323,27,0,350,389,31,0,420
68306,316,"ȘCOALA GIMNAZIALĂ "" CAZACI """,CAZACI,DB,1192,26,5,0,31,93,17,0,110,146,24,0,170,174,30,0,204,310,44,0,354,427,65,0,492
68315,317,"ȘCOALA PRIMARĂ "" ILFOVENI """,ILFOVENI,DB,452,9,2,0,11,48,4,0,52,80,8,0,88,98,10,0,108,182,27,0,209,191,29,0,220
68333,318,"GRĂDINIȚA CU PROGRAM NORMAL NR 1 OCNIȚA",OCNIŢA,DB,1215,13,4,0,17,46,6,0,52,56,6,0,62,72,6,0,78,174,18,0,192,227,28,0,255
68333,319,"ȘCOALAGIMNAZIALĂ OCNIȚA",OCNIŢA,DB,1375,17,1,0,18,37,1,0,38,47,3,0,50,66,6,0,72,184,15,2,201,242,15,2,259
68333,320,"GRADINIȚA CU PROGRAM NORMAL NR 2FUNDU OCNEI",OCNIŢA,DB,993,6,3,0,9,32,5,0,37,52,5,0,57,99,9,0,108,176,11,0,187,207,12,0,219
68351,321,"ȘCOALA GIMNAZIALĂ ODOBEȘTI",ODOBEŞTI,DB,1269,19,4,0,23,67,29,0,96,95,41,0,136,138,52,0,190,308,69,0,377,514,91,0,605
68360,322,"GRĂDINIȚA BRÂNCOVEANU",BRÎNCOVEANU,DB,535,14,2,0,16,90,12,0,102,118,15,0,133,140,17,0,157,217,25,0,242,267,28,0,295
68388,323,"ȘCOALA PRIMARĂMIULEȘTI",MIULEŞTI,DB,423,2,3,0,5,36,9,0,45,62,10,0,72,67,10,0,77,124,13,0,137,148,14,0,162
68379,324,"GRĂDINIȚA CU PROGRAM NORMAL CROVU",CROVU,DB,1082,9,1,0,10,78,8,0,86,121,15,0,136,168,22,0,190,384,38,0,422,541,51,0,592
68397,325,"ȘCOALA PRIMARĂZIDURILE",ZIDURILE,DB,661,10,2,0,12,56,9,0,65,69,10,0,79,86,12,0,98,179,24,0,203,262,33,0,295
69296,326,"GRĂDINIȚA PERȘINARI",PERŞINARI,DB,1147,13,5,0,18,32,6,0,38,51,13,12,76,95,14,12,121,187,26,20,233,302,29,20,351
69296,327,"GRĂDINIȚA PERȘINARI",PERŞINARI,DB,1175,18,1,0,19,45,2,0,47,102,8,22,132,191,10,22,223,281,13,22,316,405,19,26,450
65823,328,"CĂMIN CULTURAL","PUNTEA DE GRECI",DB,591,5,1,0,6,36,14,0,50,40,16,0,56,47,23,0,70,132,34,0,166,198,54,0,252
65761,329,"ȘCOALA GIMNAZIALĂ PETREŞTI",PETREŞTI,DB,1162,5,5,0,10,28,11,0,39,36,15,0,51,71,18,0,89,176,26,0,202,276,37,0,313
65798,330,"ȘCOALA GIMNAZIALĂ GRECI",GRECI,DB,1271,25,2,0,27,65,8,0,73,96,9,0,105,133,17,0,150,274,39,0,313,395,47,0,442
65805,331,"GRADINITA IONESTI",IONEŞTI,DB,1515,11,2,0,13,77,9,0,86,104,9,0,113,141,12,0,153,257,62,0,319,395,69,0,464
65814,332,"GRADINITA POTLOGENI DEAL",POTLOGENI-DEAL,DB,145,4,0,0,4,9,6,0,15,12,7,0,19,19,7,0,26,61,18,0,79,78,21,0,99
66287,333,"CAMINUL CULTURAL PIETRARI",PIETRARI,DB,1450,11,4,0,15,64,18,0,82,118,19,0,137,191,23,0,214,432,46,0,478,544,64,6,614
66321,334,"SCOALA VALEA DC138",VALEA,DB,534,6,2,0,8,16,7,0,23,36,12,0,48,63,20,0,83,151,29,0,180,227,35,2,264
68413,335,"GRĂDINIŢA PIETROŞIŢA,NR.327 B",PIETROŞIŢA,DB,913,12,2,0,14,49,2,0,51,83,5,0,88,104,5,0,109,196,15,0,211,239,17,0,256
68413,336,"GRĂDINIŢA PIETROŞIŢA,NR 327 B",PIETROŞIŢA,DB,926,5,0,0,5,26,3,0,29,32,18,0,50,58,21,0,79,141,51,0,192,209,52,0,261
68422,337,"CAMINUL CULTURAL DEALU FRUMOS ,NR.309","DEALU FRUMOS",DB,856,11,2,0,13,19,6,0,25,37,7,0,44,65,9,0,74,124,23,0,147,156,26,0,182
68440,338,"ȘCOALA NR.1 POIANA, SAT POIANA",POIANA,DB,1271,11,0,0,11,56,2,0,58,96,7,0,103,167,10,0,177,388,22,0,410,501,29,0,530
68440,339,"ȘCOALANR.1 POIANA",POIANA,DB,678,11,2,0,13,27,3,0,30,49,5,0,54,80,6,0,86,178,13,0,191,246,26,0,272
68440,340,"ȘCOALA NR.2 POIANA",POIANA,DB,903,8,2,0,10,27,5,0,32,58,13,0,71,84,15,0,99,177,21,0,198,300,33,0,333
68477,341,"ŞCOALA POTLOGI",POTLOGI,DB,1293,29,3,0,32,80,14,0,94,115,17,0,132,171,27,0,198,280,48,0,328,366,57,0,423
68477,342,"ŞCOALA POTLOGI",POTLOGI,DB,1169,25,7,0,32,72,12,0,84,105,17,0,122,161,27,0,188,261,38,0,299,370,45,0,415
68486,343,"ŞCOALA PITARU",PITARU,DB,694,12,2,0,14,36,14,0,50,58,19,0,77,70,32,0,102,144,46,0,190,223,50,0,273
68510,344,"ŞCOALA VLĂSCENI",VLĂSCENI,DB,573,15,5,0,20,34,17,0,51,65,28,0,93,78,40,0,118,116,65,0,181,189,72,0,261
68501,345,"ŞCOALA ROMÂNEŞTI",ROMÂNEŞTI,DB,1336,14,5,0,19,83,14,0,97,137,16,0,153,154,16,0,170,294,26,0,320,417,42,0,459
68501,346,"ŞCOALA ROMÂNEŞTI",ROMÂNEŞTI,DB,1611,11,0,0,11,52,1,0,53,115,4,0,119,135,5,0,140,260,12,0,272,434,14,0,448
68538,347,"CĂMIN CULTURAL",PRODULEŞTI,DB,1502,19,4,0,23,50,8,0,58,121,19,0,140,147,25,0,172,226,37,0,263,297,49,0,346
68547,348,"ȘCOALA PRIMARĂBROȘTENI",BROŞTENI,DB,532,3,2,0,5,21,5,0,26,27,5,0,32,38,5,0,43,74,6,0,80,115,17,0,132
68556,349,"ȘCOALA PRIMARĂCOSTEȘTII DIN DEAL","COSTEŞTII DIN DEAL",DB,759,21,1,0,22,78,12,0,90,124,22,0,146,148,26,0,174,226,42,0,268,324,59,0,383
68574,350,"CĂMIN CULTURAL",PUCHENI,DB,1307,4,1,0,5,27,1,0,28,34,1,0,35,107,7,0,114,235,24,0,259,325,36,0,361
68609,351,"SCOALA VALEA LARGA","VALEA LARGĂ",DB,218,1,1,0,2,3,3,0,6,3,4,0,7,4,5,0,9,21,6,0,27,39,11,0,50
67808,352,"ȘCOALA GIMNAZIALĂ RACIU",RACIU,DB,1241,7,1,0,8,32,5,0,37,84,9,0,93,113,10,0,123,251,21,0,272,363,27,0,390
67826,353,"ȘCOALA GIMNAZIALĂ ȘUȚA SEACĂ - RACIU","ŞUŢA SEACĂ",DB,722,15,1,0,16,37,3,0,40,55,6,0,61,70,6,0,76,167,8,0,175,259,11,0,270
67817,354,"ȘCOALA PRIMARĂ SILIȘTEA - RACIU",SILIŞTEA,DB,752,20,2,0,22,52,4,0,56,81,4,0,85,105,7,0,112,242,9,0,251,313,17,0,330
69376,355,"ŞCOALA PRIMARĂDRĂGHINEASCA",RĂSCĂEŢI,DB,812,7,0,0,7,26,0,0,26,51,4,12,67,69,10,12,91,171,17,12,200,343,34,12,389
69376,356,"ŞCOALA GIMNAZIALĂ RĂSCĂEŢI",RĂSCĂEŢI,DB,1008,12,4,0,16,41,6,0,47,63,10,16,89,100,11,16,127,234,22,16,272,378,33,16,427
65440,357,"BIBLIOTECA COMUNALĂ",RĂZVAD,DB,1451,17,1,0,18,68,3,0,71,103,4,0,107,166,9,0,175,322,29,0,351,399,40,0,439
65440,358,"ȘCOALA GIMNAZIALĂ RĂZVAD",RĂZVAD,DB,1081,22,5,0,27,67,13,0,80,92,18,0,110,135,24,0,159,236,44,0,280,297,58,0,355
65440,359,"CENTRUL EDUCATIV PENTRU COPII SĂRACI RĂZVAD",RĂZVAD,DB,1129,23,2,0,25,57,10,0,67,88,14,0,102,136,16,0,152,224,24,0,248,306,32,0,338
65468,360,"ȘCOALA GIMNAZIALĂ VALEA VOIEVOZILOR","VALEA VOIEVOZILOR",DB,1439,17,1,0,18,50,4,0,54,70,6,0,76,110,11,0,121,200,30,0,230,272,39,0,311
65468,361,"ȘCOALA GIMNAZIALĂ VALEA VOIEVOZILOR","VALEA VOIEVOZILOR",DB,1213,11,1,0,12,39,10,0,49,76,11,0,87,103,15,0,118,219,32,0,251,275,39,0,314
65459,362,"ȘCOALA GIMNAZIALĂ GORGOTA",GORGOTA,DB,1081,11,0,0,11,23,2,0,25,51,6,0,57,65,9,0,74,118,18,0,136,206,23,0,229
66296,363,"CĂMINUL CULTURAL RÂU ALB","RÂU ALB DE JOS",DB,1205,10,1,0,11,41,15,0,56,107,32,0,139,191,46,0,237,448,80,0,528,669,104,0,773
68725,364,"GRÃDINIŢA CU PROGRAM NORMAL RUNCU",RUNCU,DB,1179,7,4,0,11,33,8,0,41,45,8,27,80,95,12,27,134,197,24,28,249,283,27,28,338
68725,365,"ŞCOALA GIMNAZIALÃ “CONSTANTIN SECÃREANU” RUNCU",RUNCU,DB,1066,3,0,0,3,15,4,0,19,18,8,26,52,75,10,26,111,142,17,26,185,178,23,26,227
68734,366,"GRÃDINIŢA CU PROGRAM NORMAL BÃDENI",BĂDENI,DB,823,10,1,0,11,58,8,0,66,58,11,0,69,80,11,3,94,144,19,3,166,221,27,3,251
68743,367,"GRÃDINIŢA CU PROGRAM NORMAL BREBU",BREBU,DB,540,2,0,0,2,11,8,8,27,15,9,8,32,48,10,8,66,95,19,8,122,125,23,8,156
68798,368,"ȘCOALA GENERALĂ BĂNEȘTI",BĂNEŞTI,DB,348,7,2,0,9,23,10,0,33,41,15,0,56,51,23,0,74,105,28,0,133,134,40,0,174
68869,369,"ȘCOALA GENERALĂ PODU-RIZII","PODU RIZII",DB,587,19,6,0,25,71,17,0,88,127,24,1,152,152,24,1,177,247,42,1,290,307,45,1,353
68832,370,"ȘCOALA GENERALĂ MIRCEA-VODĂSALA 1","MIRCEA VODĂ",DB,925,19,0,0,19,48,13,0,61,76,14,0,90,101,21,0,122,158,25,0,183,228,29,0,257
68823,371,"ȘCOALA GENERALĂ GHINEȘTISALA1",GHINEŞTI,DB,1004,8,0,0,8,64,8,0,72,143,20,0,163,163,22,0,185,250,33,0,283,363,44,0,407
68814,372,"ȘCOALA GENERALĂ CUZA-VODĂ","CUZA VODĂ",DB,310,8,3,0,11,29,6,0,35,37,11,0,48,63,14,0,77,65,24,0,89,84,25,0,109
105151,373,"ȘCOALA GIMNAZIALĂ SLOBOZIA MOARĂ","SLOBOZIA MOARĂ",DB,855,22,1,0,23,52,12,10,74,96,16,10,122,151,19,10,180,282,38,10,330,390,48,21,459
105151,374,"ȘCOALA GIMNAZIALĂ SLOBOZIA MOARĂ","SLOBOZIA MOARĂ",DB,834,11,2,0,13,48,17,13,78,103,18,14,135,162,26,14,202,280,51,14,345,342,61,17,420
68896,375,"ȘCOALA GIMNAZIALĂ ȘELARU",ŞELARU,DB,722,2,4,0,6,44,22,0,66,63,30,0,93,84,36,0,120,143,60,0,203,196,76,0,272
68903,376,"GRĂDINIȚA CU PROGRAM NORMAL FIERBINȚI",FIERBINŢI,DB,1235,4,0,0,4,19,1,0,20,47,3,0,50,59,5,0,64,116,20,0,136,203,35,0,238
68912,377,"GRĂDINIȚA CU PROGRAM NORMAL",GLOGOVEANU,DB,593,5,2,0,7,62,20,0,82,77,24,0,101,89,31,0,120,176,62,0,238,212,75,0,287
65495,378,"ȘCOALA GIMNAZIALĂ ”TEIUL DOAMNEI” - CORP B",TEIŞ,DB,865,4,0,0,4,55,3,0,58,89,3,0,92,115,3,0,118,182,7,0,189,224,10,0,234
65495,379,"CĂMIN CULTURAL TEIŞ",TEIŞ,DB,1266,34,1,0,35,125,3,0,128,161,6,0,167,201,6,0,207,296,14,0,310,383,19,0,402
65486,380,"ȘCOALA GIMNAZIALĂ ”PROFESOR ILIE POPESCU”",ŞOTÎNGA,DB,1527,37,2,0,39,96,4,0,100,123,5,0,128,161,11,0,172,320,20,0,340,418,29,0,447
65486,381,"CĂMIN CULTURAL ŞOTÂNGA",ŞOTÎNGA,DB,1165,30,4,0,34,100,8,0,108,163,11,0,174,214,13,0,227,322,16,0,338,368,21,0,389
65486,382,"ȘCOALA GIMNAZIALĂ NR. 2",ŞOTÎNGA,DB,1108,25,0,0,25,104,3,0,107,159,6,0,165,207,7,0,214,310,14,0,324,368,16,0,384
105543,383,"ŞCOALA GIMNAZIALĂ TĂRTĂŞEŞTI",TĂRTĂŞEŞTI,DB,862,10,4,0,14,59,39,0,98,83,44,0,127,109,50,0,159,184,74,0,258,260,95,0,355
105552,384,"ŞCOALA GIMNAZIALĂ BÂLDANA - TĂRTĂŞEŞTI,",BÎLDANA,DB,1451,15,2,0,17,40,16,0,56,81,23,0,104,103,26,0,129,233,62,0,295,340,78,0,418
105561,385,"SCOALA GIMNAZIALĂ GULIA- TĂRTĂŞEŞTI,",GULIA,DB,948,14,4,0,18,45,17,0,62,88,24,0,112,113,29,0,142,233,72,0,305,376,110,0,486
105543,386,"LICEUL TEHNOLOGIC TĂRTĂŞEŞTI,",TĂRTĂŞEŞTI,DB,942,15,5,0,20,34,11,0,45,68,21,0,89,78,30,0,108,161,63,0,224,283,96,0,379
68930,387,"SALA DE FESTIVITĂŢI A PRIMĂRIEI TĂTĂRANI",TĂTĂRANI,DB,886,15,4,0,19,30,7,0,37,55,9,0,64,91,10,0,101,250,24,0,274,359,32,0,391
68958,388,"GRĂDINIŢA DE COPII GHEBOIENI",GHEBOIENI,DB,1274,7,0,0,7,35,5,0,40,66,8,0,74,137,17,0,154,317,35,0,352,444,50,0,494
68949,389,"CĂMIN CULTURAL SAT CĂPRIORU",CĂPRIORU,DB,1376,17,2,0,19,72,8,0,80,119,16,0,135,202,18,0,220,452,24,0,476,595,27,0,622
68967,390,"CĂMIN CULTURAL",PRIBOIU,DB,756,2,1,0,3,25,4,0,29,35,7,0,42,74,8,0,82,176,27,0,203,331,50,0,381
68985,391,"ŞCOALA GIMNAZIALĂ ULIEŞTI",ULIEŞTI,DB,1066,6,0,0,6,36,6,0,42,48,8,0,56,58,13,0,71,127,24,0,151,164,32,0,196
68994,392,"ŞCOALA CROITORI",CROITORI,DB,695,3,0,0,3,17,2,0,19,26,5,0,31,30,7,0,37,64,17,0,81,89,22,0,111
69018,393,"ŞCOALA GIMNAZIALĂ JUGURENI",JUGURENI,DB,1263,8,0,0,8,41,10,0,51,72,14,0,86,89,17,0,106,179,27,0,206,261,38,0,299
69009,394,"ŞCOALA PRIMARĂ HANU LUI PALĂ","HANU LUI PALĂ",DB,263,0,0,0,0,3,4,0,7,9,6,0,15,11,6,0,17,23,9,0,32,31,12,0,43
65510,395,"SCOALA GIMNAZIALA ULMI",ULMI,DB,1098,11,5,0,16,45,11,0,56,77,20,0,97,100,25,0,125,257,56,0,313,342,75,0,417
65547,396,"GRADINITA DUMBRAVA",DUMBRAVA,DB,942,7,0,0,7,40,9,0,49,61,13,1,75,92,17,1,110,210,38,1,249,254,42,1,297
65583,397,"SCOALA GIMNAZIALA ION CONSTANTINESCUVIISOARA",VIIŞOARA,DB,1133,16,1,0,17,72,10,0,82,118,11,0,129,157,13,0,170,279,29,0,308,336,30,0,366
65556,398,"GRADINITA MATRACA",MATRACA,DB,589,3,0,0,3,41,5,0,46,60,7,0,67,82,7,0,89,170,13,0,183,217,21,0,238
69072,399,"ŞCOALA GIMNAZIALĂ VALEA LUNGĂ CRICOV","VALEA LUNGĂ-CRICOV",DB,1032,15,1,0,16,44,7,0,51,56,10,0,66,72,11,0,83,140,25,0,165,184,31,0,215
69161,400,"ŞCOALA PRIMARĂ VALEA MARE","VALEA MARE",DB,442,6,0,0,6,14,0,0,14,25,2,0,27,27,2,0,29,52,9,0,61,77,11,0,88
69152,401,"ŞCOALA PRIMARĂ VALEA LUNGĂ OGREA","VALEA LUNGĂ OGREA",DB,1105,12,1,0,13,35,8,0,43,50,9,0,59,76,10,0,86,133,14,0,147,169,16,0,185
69143,402,"ŞCOALA GIMNAZIALĂ ION HARALMBIE VALEA LUNGĂ GORGOTA","VALEA LUNGĂ GORGOTA",DB,1052,2,3,0,5,17,6,0,23,34,9,0,43,55,12,0,67,122,20,0,142,159,26,0,185
69125,403,"GRADINIŢA CU PROGRAM NORMAL ŞTUBEIE TISA","ŞTUBEIE TISA",DB,352,1,0,0,1,6,1,0,7,9,3,0,12,15,3,0,18,36,3,0,39,69,6,0,75
69189,404,"ŞCOALA GIMNAZIALĂ VALEA MARE","VALEA MARE",DB,1225,16,6,0,22,50,15,0,65,74,20,0,94,100,25,0,125,281,54,0,335,386,72,0,458
69241,405,"GRĂDINIŢA CU PROGRAM NORMAL VALEA CASELOR","VALEA CASELOR",DB,605,6,0,0,6,31,1,0,32,45,2,0,47,64,6,0,70,144,19,0,163,225,25,0,250
69269,406,"ȘCOALA GIMNAZIALĂ ""IANCU VĂCĂRESCU"" - VĂCĂREȘTI",VĂCĂREŞTI,DB,1457,12,2,0,14,42,4,0,46,59,6,0,65,91,9,0,100,268,15,0,283,366,21,0,387
69269,407,"ȘCOALA GIMNAZIALĂ ""IANCU VĂCĂRESCU"" - VĂCĂREȘTI",VĂCĂREŞTI,DB,1122,7,3,0,10,23,6,0,29,44,6,0,50,79,10,0,89,178,24,0,202,255,28,0,283
69287,408,"ȘCOALA GIMNAZIALĂ BUNGETU",BUNGETU,DB,1132,9,0,0,9,60,5,0,65,84,6,0,90,100,6,0,106,220,25,1,246,288,34,1,323
69278,409,"GRĂDINIȚA CU PROGRAM NORMAL BRĂTEȘTII DE JOS","BRĂTEŞTII DE JOS",DB,561,11,0,0,11,50,2,0,52,89,4,0,93,105,5,0,110,129,7,0,136,166,7,0,173
69312,410,"SCOALA GENERALA VALENI DIMBOVITA, PARTER SALA A DOUA",VĂLENI-DÎMBOVIŢA,DB,945,4,0,0,4,8,0,0,8,16,4,0,20,32,9,0,41,145,21,0,166,237,27,0,264
69312,411,"SCOALA GENERALA VALENI DIMBOVITA, PARTER SALA PATRU",VĂLENI-DÎMBOVIŢA,DB,979,4,0,0,4,16,5,0,21,24,8,0,32,56,11,0,67,195,19,0,214,270,30,0,300
69321,412,"SCOALA NOUA GENERALA MESTEACAN",MESTEACĂN,DB,233,2,1,0,3,4,1,0,5,5,1,0,6,14,1,0,15,57,11,0,68,92,14,0,106
69349,413,"CĂMIN CULTURAL",VIŞINA,DB,1365,20,3,0,23,74,9,0,83,137,12,0,149,193,19,0,212,373,40,0,413,481,53,0,534
69349,414,"GRĂDINIŢA NR. 1 VISINA",VIŞINA,DB,956,8,4,0,12,31,9,0,40,70,14,0,84,107,15,0,122,196,24,0,220,254,30,0,284
69358,415,"GRĂDINIŢA BROŞTENI",BROŞTENI,DB,929,12,7,0,19,32,11,0,43,76,15,0,91,113,19,0,132,207,25,0,232,305,35,0,340
69401,416,"ȘCOALA GIMNAZIALĂ VIȘINEȘTI",VIŞINEŞTI,DB,790,8,1,0,9,49,7,0,56,79,16,0,95,98,19,0,117,176,38,0,214,212,45,0,257
69438,417,"ȘCOALA URSEIU",URSEIU,DB,548,11,1,0,12,24,5,0,29,33,5,0,38,40,6,0,46,88,14,0,102,119,19,0,138
69429,418,"CĂMIN CULTURAL SULTANU",SULTANU,DB,252,6,0,0,6,12,0,0,12,22,2,0,24,29,2,0,31,65,12,0,77,99,19,0,118
69508,419,CĂMINULCULTURAL,ŞUVIŢA,DB,1522,14,4,0,18,35,15,0,50,41,15,0,56,66,16,0,82,166,38,0,204,259,55,0,314
67283,420,"ȘCOALA GIMNAZIALĂ ""STAN ȘTEFAN""",VLĂDENI,DB,1302,13,1,0,14,36,6,0,42,47,7,0,54,66,8,0,74,106,20,0,126,159,27,0,186
67283,421,"CĂMIN CULTURAL",VLĂDENI,DB,1003,11,1,0,12,29,1,0,30,33,1,0,34,38,3,0,41,96,5,0,101,141,8,0,149
69544,422,"CĂMINUL CULTURAL","GEMENEA BRĂTULEŞTI",DB,978,6,5,0,11,8,5,0,13,15,5,0,20,28,5,0,33,109,14,0,123,185,22,0,207
69599,423,"GRĂDINIŢA DE COPII",ONCEŞTI,DB,728,4,0,0,4,19,6,0,25,31,12,0,43,51,13,0,64,132,26,0,158,237,35,0,272
69535,424,"ŞCOALA CU CLASELE I-VIII",VOINEŞTI,DB,1343,23,4,0,27,46,8,0,54,64,15,0,79,110,15,0,125,276,35,0,311,468,55,0,523
69606,425,"ŞCOALA CU CLASELE I-VIII",SUDULENI,DB,1317,6,0,0,6,20,7,0,27,20,9,0,29,51,13,0,64,163,42,0,205,270,51,0,321
69571,426,"GRĂDINIŢA MANGA",MANGA,DB,666,3,0,0,3,12,9,0,21,26,11,0,37,40,14,0,54,134,39,0,173,192,46,0,238
69624,427,"GRĂDINIŢA DE COPII „ALBĂ CA ZĂPADA”",VULCANA-BĂI,DB,1298,9,1,0,10,63,11,0,74,82,19,0,101,139,20,0,159,245,35,0,280,331,43,22,396
69642,428,"GRĂDINIŢA DE COPII „PARADISUL COPIILOR”","VULCANA DE SUS",DB,1193,6,0,0,6,32,5,0,37,44,5,0,49,82,14,0,96,185,20,8,213,255,29,10,294
66063,429,"CĂMINUL CULTURAL ""IZVOR DE APĂ VIE""",VULCANA-PANDELE,DB,1287,12,0,0,12,41,0,0,41,63,2,0,65,102,3,0,105,225,12,0,237,298,16,0,314
66063,430,"ȘCOALA GIMNAZIALĂ VULCANA-PANDELE",VULCANA-PANDELE,DB,1233,7,2,0,9,29,6,0,35,39,8,0,47,58,10,0,68,131,13,0,144,190,20,0,210
66027,431,"ȘCOALA GIMNAZIALĂ GURA VULCANEI","GURA VULCANEI",DB,906,9,7,0,16,20,7,0,27,26,8,0,34,44,10,0,54,119,12,0,131,167,14,0,181
66027,432,"ȘCOALA GIMNAZIALĂ GURA VULCANEI","GURA VULCANEI",DB,807,6,1,0,7,19,1,0,20,22,1,0,23,34,1,0,35,66,2,0,68,88,3,0,91
69919,1,"COLEGIUL NAŢIONAL “ELENA CUZA”",CRAIOVA,DJ,1245,13,2,0,15,85,7,0,92,110,8,0,118,121,9,0,130,198,18,0,216,242,27,0,269
69919,2,"CASA DE CULTURA A STUDENŢILOR",CRAIOVA,DJ,1540,13,1,0,14,75,5,0,80,98,6,0,104,107,6,0,113,188,9,0,197,228,9,0,237
69919,3,"PRIMARIA CRAIOVA- DIRECŢIA DE ASISTENŢĂ ŞI PROTECŢIE SOCIALĂ",CRAIOVA,DJ,1346,14,0,0,14,48,3,0,51,95,7,0,102,107,8,0,115,173,24,1,198,217,36,1,254
69919,4,"LICEUL CU PROGRAM SPORTIV ""PETRACHE TRIŞCU""",CRAIOVA,DJ,1731,12,3,0,15,63,4,0,67,100,4,0,104,120,4,0,124,206,6,0,212,300,8,0,308
69919,5,"LICEUL TEORETIC ""TRAIAN VUIA""",CRAIOVA,DJ,1216,11,3,0,14,45,5,0,50,61,6,0,67,81,7,0,88,155,8,0,163,189,10,0,199
69919,6,"LICEUL TEORETIC ""TRAIAN VUIA""",CRAIOVA,DJ,1051,4,3,0,7,43,5,0,48,59,8,0,67,68,10,0,78,138,12,0,150,175,12,0,187
69919,7,"LICEUL CU PROGRAM SPORTIV ”PETRACHE TRIȘCU”",CRAIOVA,DJ,1747,12,0,0,12,85,7,0,92,111,7,0,118,131,7,0,138,214,8,0,222,272,10,0,282
69919,8,"UNIVERSITATEA DIN CRAIOVA",CRAIOVA,DJ,1750,5,5,0,10,60,17,0,77,94,21,0,115,102,30,0,132,191,91,0,282,243,107,0,350
69919,9,"UNIVERSITATEA DIN CRAIOVA",CRAIOVA,DJ,988,7,3,0,10,54,10,0,64,84,11,0,95,92,11,0,103,163,16,0,179,199,23,0,222
69919,10,"UNIVERSITATEA DIN CRAIOVA",CRAIOVA,DJ,1026,9,0,0,9,69,4,0,73,95,8,0,103,103,8,0,111,168,15,0,183,194,22,0,216
69919,11,"ŞCOALA GIMNAZIALĂ NR.22 ""MIRCEA ELIADE""",CRAIOVA,DJ,1220,10,0,0,10,59,0,0,59,93,8,0,101,108,10,0,118,168,12,0,180,207,17,0,224
69919,12,"ŞCOALA GIMNAZIALĂ ""MIRCEA ELIADE""",CRAIOVA,DJ,1525,19,0,0,19,86,4,0,90,113,4,0,117,130,5,0,135,206,9,1,216,260,18,1,279
69919,13,"GRADINIŢA CU PROGRAM PRELUNGIT ""DUMBRAVA MINUNATA"" ( FOSTĂ NR.37)",CRAIOVA,DJ,1841,17,1,0,18,82,8,0,90,125,12,0,137,138,12,0,150,247,15,21,283,294,31,21,346
69919,14,"GRADINIŢA CU PROGRAM PRELUNGIT""DUMBRAVA MINUNATA""(FOSTĂ NR.37)",CRAIOVA,DJ,1764,19,4,0,23,47,5,31,83,61,7,31,99,74,9,31,114,118,14,31,163,181,14,31,226
69919,15,"ŞCOALA GIMNAZIALĂ ""MIHAI EMINESCU""(FOSTA NR.37",CRAIOVA,DJ,1256,7,4,0,11,30,7,0,37,48,8,0,56,62,11,0,73,106,19,0,125,137,28,0,165
69919,16,"ŞCOALA GIMNAZIALĂ ""MIHAI EMINESCU""(FOSTA NR.37)",CRAIOVA,DJ,1402,3,0,0,3,38,1,0,39,53,4,0,57,60,4,0,64,103,5,0,108,155,25,0,180
69919,17,"ŞCOALA GIMNAZIALĂ ""MIHAI EMINESCU""(FOSTA NR. 37)",CRAIOVA,DJ,1267,4,1,0,5,21,1,0,22,33,1,0,34,39,4,0,43,70,8,0,78,94,19,0,113
69919,18,"GRADINIŢA CU PROGRAM NORMAL ”PRICHINDEL”(FOSTA NR. 55) – STRUCTURĂ A ŞCOLII GIMNAZIALE ""MIHAI EMINESCU"" (FOSTA NR.37))",CRAIOVA,DJ,1010,10,0,0,10,44,4,0,48,65,8,0,73,70,9,0,79,115,11,0,126,153,28,0,181
69919,19,"GRADINIŢA CU PROGRAM NORMAL ”PRICHINDEL”(FOSTA NR. 55) – STRUCTURĂ A ŞCOLII GIMNAZIALE ""MIHAI EMINESCU"" (FOSTA NR.37)",CRAIOVA,DJ,1333,7,0,0,7,27,3,0,30,49,4,0,53,58,4,0,62,99,6,0,105,131,12,0,143
69919,20,"LICEUL TEORETIC ""HENRI COANDĂ”",CRAIOVA,DJ,1633,12,4,0,16,34,4,0,38,55,6,0,61,60,6,0,66,106,8,0,114,138,9,0,147
69919,21,"LICEUL TEORETIC ""HENRI COANDĂ”",CRAIOVA,DJ,1437,20,1,0,21,63,1,0,64,93,4,0,97,108,5,0,113,154,7,0,161,198,17,0,215
69919,22,"LICEUL TEORETIC ""HENRI COANDĂ”",CRAIOVA,DJ,1513,10,0,0,10,44,5,0,49,70,6,0,76,83,8,0,91,156,19,0,175,201,29,0,230
69919,23,"LICEUL TEHNOLOGIC UCECOM „SPIRU HARET”",CRAIOVA,DJ,1746,15,0,0,15,73,3,0,76,87,6,0,93,97,6,0,103,158,10,0,168,210,11,0,221
69919,24,"COLEGIUL „ŞTEFAN ODOBLEJA”",CRAIOVA,DJ,1836,9,4,0,13,61,7,1,69,86,8,1,95,96,8,1,105,167,11,1,179,205,15,1,221
69919,25,"COLEGIUL „ŞTEFAN ODOBLEJA”",CRAIOVA,DJ,1786,10,0,0,10,34,0,0,34,55,0,0,55,59,0,0,59,109,0,0,109,134,1,0,135
69919,26,"GRADINIŢA DE COPII CU PROGRAM PRELUNGIT""ELENA FARAGO""(FOSTA NR.41)",CRAIOVA,DJ,934,7,0,0,7,30,0,0,30,39,0,0,39,50,4,0,54,85,4,0,89,105,4,0,109
69919,27,"GRADINIŢA DE COPII CU PROGRAM PRELUNGIT""ELENA FARAGO""(FOSTA NR. 41)",CRAIOVA,DJ,1336,12,3,0,15,46,4,0,50,72,7,0,79,78,8,0,86,123,12,0,135,156,15,0,171
69919,28,"ŞCOALA GIMNAZIALĂ „NICOLAE ROMANESCU”",CRAIOVA,DJ,1556,12,0,0,12,58,4,1,63,98,8,1,107,117,9,1,127,204,10,1,215,251,14,1,266
69919,29,"GRADINIŢA CU PROGRAM PRELUNGIT""ION CREANGA"" (FOSTA NR. 42)",CRAIOVA,DJ,1340,10,4,0,14,59,4,0,63,83,6,0,89,94,6,0,100,161,9,0,170,209,12,0,221
69919,30,"ŞCOALA GIMNAZIALĂ ""NICOLAEROMANESCU"" (FOSTA NR. 29)",CRAIOVA,DJ,1515,11,2,0,13,59,6,0,65,78,7,0,85,85,10,0,95,147,20,0,167,177,24,0,201
69919,31,"ŞCOALA GIMNAZIALĂ ""NICOLAEROMANESCU"" (FOSTA NR. 29)",CRAIOVA,DJ,1306,13,3,0,16,58,5,0,63,81,5,0,86,93,5,0,98,162,6,1,169,210,7,1,218
69919,32,"ŞCOALA GIMNAZIALĂ ""NICOLAEROMANESCU"" (FOSTA NR. 29)",CRAIOVA,DJ,1271,7,0,0,7,26,0,0,26,48,0,0,48,50,0,0,50,96,1,0,97,140,11,0,151
69919,33,"UNIVERSITATEA DE MEDICINĂ ŞI FARMACIE, (SEDIUL VECHI)",CRAIOVA,DJ,1050,8,2,0,10,19,6,0,25,39,8,0,47,48,10,0,58,87,11,0,98,113,13,0,126
69919,34,"UNIVERSITATEA DE MEDICINĂ ŞI FARMACIE, (SEDIUL VECHI)",CRAIOVA,DJ,1169,10,0,0,10,39,0,0,39,60,1,0,61,67,2,0,69,121,5,0,126,162,6,0,168
69919,35,"LICEUL TEHNOLOGIC DE TRANSPORTURI AUTO",CRAIOVA,DJ,1830,6,1,0,7,51,3,0,54,72,4,0,76,86,4,0,90,164,6,0,170,220,15,0,235
69919,36,"LICEUL TEHNOLOGIC DE TRANSPORTURI AUTO",CRAIOVA,DJ,1772,2,0,0,2,27,2,0,29,39,2,0,41,52,2,0,54,102,2,0,104,127,7,0,134
69919,37,"LICEUL TEHNOLOGIC DE TRANSPORTURI AUTO",CRAIOVA,DJ,1601,12,0,0,12,49,3,0,52,63,3,0,66,80,3,0,83,140,10,0,150,169,14,0,183
69919,38,"LICEUL TEHNOLOGIC DE TRANSPORTURI AUTO",CRAIOVA,DJ,1726,10,0,0,10,31,2,0,33,44,3,0,47,62,3,0,65,131,6,0,137,178,7,0,185
69919,39,"LICEUL TEHNOLOGIC DE TRANSPORTURI AUTO, (FOSTA ȘCOALĂ CU CLASELE I-VIII NR.25 FĂCĂI)",CRAIOVA,DJ,1179,8,0,0,8,19,1,0,20,30,4,366,400,39,4,366,409,71,5,366,442,99,10,366,475
69919,40,"ŞCOALA PRIMARĂ NR.27 POPOVENI – STRUCTURĂ A SCOLII GIMNAZIALE ”GHEORGHE BIBESCU”, (FOSTA NR. 36)",CRAIOVA,DJ,881,3,0,0,3,18,2,0,20,26,3,0,29,44,4,0,48,77,4,0,81,87,8,0,95
69919,41,"ȘCOALA GIMNAZIALA ”GHEORGHE BIBESCU” (FOSTA NR. 36)",CRAIOVA,DJ,1380,14,2,0,16,72,4,0,76,84,5,0,89,98,5,0,103,164,7,0,171,216,7,0,223
69919,42,"ȘCOALA GIMNAZIALA ”GHEORGHE BIBESCU” (FOSTA NR. 36)",CRAIOVA,DJ,1670,10,3,0,13,52,7,0,59,64,12,0,76,72,12,0,84,137,20,0,157,192,30,0,222
69919,43,"ȘCOALA GIMNAZIALA ”GHEORGHE BIBESCU” (FOSTA NR. 36)",CRAIOVA,DJ,1722,10,1,0,11,66,4,0,70,85,6,0,91,108,7,0,115,188,7,0,195,227,7,0,234
69919,44,"ȘCOALA GIMNAZIALA ”GHEORGHE BIBESCU” (FOSTA NR. 36)",CRAIOVA,DJ,1553,4,0,0,4,31,0,0,31,51,0,0,51,69,0,0,69,130,0,0,130,177,3,0,180
69919,45,"COLEGIUL NAȚIONAL ECONOMIC ”GHEORGHE CHIȚU”",CRAIOVA,DJ,1468,13,0,0,13,44,0,0,44,62,6,0,68,73,6,0,79,126,15,0,141,163,18,0,181
69919,46,"COLEGIUL NAȚIONAL ECONOMIC ”GHEORGHE CHIȚU”",CRAIOVA,DJ,1401,3,0,0,3,39,1,0,40,50,1,0,51,60,1,0,61,113,2,0,115,148,4,0,152
69919,47,"COLEGIUL NAŢIONAL ECONOMIC ""GHEORGHE CHIŢU""",CRAIOVA,DJ,1648,18,2,0,20,57,3,0,60,83,3,0,86,96,3,0,99,155,4,0,159,204,6,0,210
69919,48,"UNIVERSITATEA DE MEDICINA SI FARMACIE, (SEDIUL NOU)",CRAIOVA,DJ,1573,12,0,0,12,61,11,52,124,86,13,63,162,95,15,63,173,164,29,63,256,218,36,63,317
69919,49,"ŞCOALA GIMNAZIALĂ ""SFÂNTUL DUMITRU"" (FOSTA NR. 18)",CRAIOVA,DJ,1158,14,1,0,15,60,2,0,62,99,4,0,103,113,5,0,118,186,10,0,196,222,20,0,242
69919,50,"LICEUL DE ARTE ”MARIN SORESCU”",CRAIOVA,DJ,1469,17,1,0,18,80,2,0,82,109,2,104,215,118,5,104,227,208,11,104,323,259,16,104,379
69919,51,"LICEUL DE ARTE ""MARIN SORESCU""",CRAIOVA,DJ,1382,9,1,0,10,55,7,0,62,86,12,0,98,99,14,0,113,169,17,0,186,211,25,0,236
69919,52,"COLEGIUL NATIONAL ""FRAŢII BUZEŞTI""",CRAIOVA,DJ,1944,14,3,0,17,81,9,0,90,116,10,15,141,130,10,15,155,226,15,15,256,286,20,15,321
69919,53,"COLEGIUL NATIONAL ""FRAŢII BUZEŞTI""",CRAIOVA,DJ,1854,9,3,0,12,75,5,0,80,107,8,0,115,118,9,0,127,223,20,0,243,283,23,0,306
69919,54,"ŞCOALA GIMNAZIALĂ”LASCĂR CATARGIU” (FOSTA NR. 19)",CRAIOVA,DJ,1973,6,0,0,6,29,6,0,35,79,9,0,88,95,10,0,105,186,17,0,203,236,24,0,260
69919,55,"ŞCOALA GIMNAZIALĂ”LASCĂR CATARGIU” (FOSTA NR. 19)",CRAIOVA,DJ,1765,7,2,0,9,37,6,0,43,69,8,0,77,89,9,0,98,173,13,0,186,207,15,0,222
69919,56,"ŞCOALA GIMNAZIALĂ”LASCĂR CATARGIU” (FOSTA NR. 19)",CRAIOVA,DJ,1793,15,0,0,15,57,1,0,58,82,2,0,84,116,4,0,120,164,4,0,168,197,6,0,203
69919,57,"ŞCOALA GIMNAZIALĂ”LASCĂR CATARGIU” (FOSTA NR. 19)",CRAIOVA,DJ,1749,18,1,0,19,57,1,0,58,89,1,0,90,108,1,0,109,186,10,1,197,233,11,1,245
69919,58,"ŞCOALA GIMNAZIALA NR. 26 MOFLENI – STRUCTURĂ A ŞCOLII GIMNAZIALE ”ANTON PAN” (FOSTA NR.13 BUCOVĂŢ)",CRAIOVA,DJ,1319,3,0,0,3,11,0,0,11,25,1,1,27,37,4,1,42,71,5,1,77,103,9,1,113
69919,59,"S.C. PENTRU LUCRARI DE DRUMURI ŞI PODURI DOLJ S.A",CRAIOVA,DJ,1877,4,19,0,23,39,68,0,107,82,87,0,169,91,95,0,186,155,156,0,311,184,191,0,375
69919,60,"ŞCOALA GIMNAZIALĂ ”ANTON PAN” (FOSTA NR.13 BUCOVĂŢ)",CRAIOVA,DJ,1976,10,1,0,11,35,1,0,36,62,3,0,65,75,6,0,81,129,12,0,141,159,13,0,172
69919,61,"COLEGIUL NAŢIONAL ""CAROL I""",CRAIOVA,DJ,957,6,3,0,9,42,11,0,53,67,12,0,79,87,13,0,100,144,21,0,165,173,25,0,198
69919,62,"COLEGIUL NAȚIONAL ”CAROL I”",CRAIOVA,DJ,1303,2,0,0,2,28,0,1,29,44,0,1,45,50,0,1,51,115,0,1,116,148,0,1,149
69919,63,"FACULTATEA DE AGRONOMIE",CRAIOVA,DJ,1931,18,2,0,20,58,3,0,61,74,9,0,83,90,10,0,100,199,14,0,213,252,28,0,280
69919,64,"FACULTATEA DE AGRONOMIE",CRAIOVA,DJ,1821,13,0,0,13,92,5,0,97,128,9,0,137,142,9,0,151,251,18,0,269,320,22,0,342
69919,65,"GRADINIŢA CU PROGRAM PRELUNGIT”PARADISUL COPIILOR” (FOSTA NR. 24)",CRAIOVA,DJ,1178,17,2,0,19,40,4,0,44,53,4,0,57,58,4,0,62,95,5,0,100,121,8,0,129
69919,66,"GRADINIŢA CU PROGRAM PRELUNGIT”PARADISUL COPIILOR”, (FOSTA NR. 24)",CRAIOVA,DJ,998,8,1,0,9,43,2,0,45,68,8,0,76,73,8,0,81,122,10,0,132,149,12,0,161
69919,67,"COLEGIUL TEHNIC DE INDUSTRIE ALIMENTARĂ",CRAIOVA,DJ,1890,4,1,0,5,41,17,0,58,67,27,0,94,75,27,0,102,171,44,0,215,235,59,0,294
69919,68,"COLEGIUL TEHNIC DE INDUSTRIE ALIMENTARĂ",CRAIOVA,DJ,1770,17,1,0,18,40,2,0,42,62,3,0,65,67,4,0,71,139,6,0,145,162,11,0,173
69919,69,"COLEGIUL TEHNIC DE INDUSTRIE ALIMENTARĂ",CRAIOVA,DJ,1986,8,1,0,9,53,2,0,55,72,4,0,76,81,5,0,86,159,12,0,171,228,15,0,243
69919,70,"ŞCOALA GIMNAZIALĂ”ION CREANGĂ” (FOSTA NR.16)",CRAIOVA,DJ,1687,8,1,0,9,33,1,0,34,44,1,0,45,57,1,0,58,108,1,0,109,147,1,0,148
69919,71,"ŞCOALA GIMNAZIALĂ”ION CREANGĂ” (FOSTA NR.16)",CRAIOVA,DJ,1570,9,3,0,12,21,3,0,24,33,10,0,43,47,11,0,58,102,14,0,116,127,22,0,149
69919,72,"ŞCOALA GIMNAZIALĂ”ION CREANGĂ” (FOSTA NR.16)",CRAIOVA,DJ,1796,5,0,0,5,24,0,0,24,40,0,0,40,53,0,0,53,109,1,0,110,151,1,0,152
69919,73,"GRĂDINITA CU PROGRAM NORMAL ”CASA CU PITICI” (FOSTA NR. 15) – STRUCTURĂ A ŞCOLII GIMNAZIALE “ION CREANGA” (FOSTĂ NR.16)",CRAIOVA,DJ,1718,7,4,0,11,34,5,0,39,56,5,0,61,68,6,0,74,116,7,0,123,148,13,0,161
69919,74,"RAT S.R.L.",CRAIOVA,DJ,1630,6,4,0,10,38,5,0,43,57,6,0,63,71,7,0,78,123,7,0,130,171,7,0,178
69919,75,"ȘCOALA GIMNAZIALĂ ”ELENA FARAGO” (FOSTA SCOALA GIMNAZIALA NR.34)",CRAIOVA,DJ,1504,4,4,0,8,37,5,0,42,59,5,0,64,69,5,0,74,132,12,0,144,187,14,0,201
69919,76,"ȘCOALA GIMNAZIALĂ ”ELENA FARAGO” (FOSTA SCOALA GIMNAZIALA NR.34)",CRAIOVA,DJ,1554,6,2,0,8,35,6,0,41,51,6,0,57,63,10,0,73,95,12,0,107,129,13,0,142
69919,77,"ȘCOALA GIMNAZIALĂ ”ELENA FARAGO” (FOSTA SCOALA GIMNAZIALA NR.34)",CRAIOVA,DJ,1549,6,0,0,6,37,1,0,38,58,3,0,61,68,3,0,71,114,5,0,119,152,9,0,161
69919,78,"ȘCOALA GIMNAZIALĂ ”ELENA FARAGO” (FOSTA SCOALA GIMNAZIALA NR.34)",CRAIOVA,DJ,1783,5,2,0,7,46,3,0,49,74,8,0,82,88,8,0,96,153,12,0,165,192,14,0,206
69919,79,"ȘCOALA GIMNAZIALĂ ”ELENA FARAGO” (FOSTA SCOALA GIMNAZIALA NR.33)",CRAIOVA,DJ,1783,4,5,0,9,37,5,0,42,68,7,0,75,87,8,0,95,132,13,0,145,173,17,0,190
69919,80,"ȘCOALA GIMNAZIALĂ ”ELENA FARAGO” (FOSTA SCOALA GIMNAZIALA NR.33)",CRAIOVA,DJ,1756,14,0,0,14,69,6,0,75,98,6,0,104,111,7,0,118,164,10,0,174,209,13,0,222
69919,81,"ȘCOALA GIMNAZIALĂ ”ELENA FARAGO” (FOSTA SCOALA GIMNAZIALA NR.33)",CRAIOVA,DJ,1675,10,1,0,11,40,1,0,41,54,3,0,57,68,3,0,71,129,4,0,133,178,5,0,183
69919,82,"GRADINIŢA CU PROGRAM PRELUNGIT ”PITICOT” (FOSTA NR.45)",CRAIOVA,DJ,1670,12,3,0,15,61,7,0,68,90,8,0,98,105,8,0,113,162,8,0,170,200,8,0,208
69919,83,"GRADINIŢA CU PROGRAM PRELUNGIT ”PITICOT” (FOSTA NR.45)",CRAIOVA,DJ,1203,8,2,0,10,36,2,0,38,47,3,0,50,57,3,0,60,109,4,0,113,137,6,0,143
69919,84,"GRADINIŢA CU PROGRAM PRELUNGIT ”PITICOT” (FOSTA NR.45)",CRAIOVA,DJ,1088,10,0,0,10,39,0,0,39,48,0,0,48,60,0,0,60,104,4,0,108,138,4,0,142
69919,85,"GRADINIŢA CU PROGRAM PRELUNGIT ”FLOAREA SOARELUI” (FOSTA NR.51)",CRAIOVA,DJ,1267,16,6,0,22,60,6,0,66,84,6,0,90,96,6,0,102,160,13,0,173,201,25,0,226
69919,86,"GRADINIŢA CU PROGRAM PRELUNGIT ”FLOAREA SOARELUI” (FOSTA NR.51)",CRAIOVA,DJ,1358,6,5,0,11,23,12,0,35,43,18,0,61,55,19,0,74,106,23,0,129,135,23,0,158
69919,87,"GRADINIŢA CU PROGRAM PRELUNGIT ”FLOAREA SOARELUI” (FOSTA NR.51)",CRAIOVA,DJ,1324,7,5,0,12,36,7,0,43,54,7,0,61,65,7,0,72,135,19,1,155,174,29,2,205
69919,88,"ŞCOALA GIMNAZIALĂ""ALEXANDRU MACEDONSKI"" (FOSTA NR.32)",CRAIOVA,DJ,1656,12,2,0,14,42,5,0,47,69,6,0,75,81,6,0,87,149,32,1,182,199,45,1,245
69919,89,"ŞCOALA GIMNAZIALĂ""ALEXANDRU MACEDONSKI"" (FOSTA NR.32)",CRAIOVA,DJ,1699,8,3,0,11,48,3,0,51,81,3,0,84,96,3,0,99,149,3,0,152,185,4,0,189
69919,90,"ŞCOALA GIMNAZIALĂ""ALEXANDRU MACEDONSKI"" (FOSTA NR.32)",CRAIOVA,DJ,1859,14,11,0,25,44,17,0,61,62,20,0,82,69,28,0,97,132,31,0,163,183,32,0,215
69919,91,"ŞCOALA GIMNAZIALĂ""ALEXANDRU MACEDONSKI"" (FOSTA NR.32)",CRAIOVA,DJ,1723,13,9,0,22,72,14,0,86,88,15,0,103,97,20,0,117,191,25,0,216,231,26,0,257
69919,92,"GRĂDINIŢA CU PROGRAM PRELUNGIT ”FLOARE ALBASTRA” (FOSTA NR.40)",CRAIOVA,DJ,1326,10,4,0,14,36,5,0,41,56,5,0,61,57,5,0,62,98,13,0,111,136,15,0,151
69919,93,"GRĂDINIŢA CU PROGRAM PRELUNGIT ”FLOARE ALBASTRA” (FOSTA NR.40)",CRAIOVA,DJ,1567,22,0,0,22,75,1,0,76,93,1,0,94,100,3,0,103,132,3,0,135,194,11,0,205
69919,94,"ŞCOALA GIMNAZIALĂ""MIHAI VITEAZU"" (FOSTA NR.30)",CRAIOVA,DJ,1401,6,2,0,8,44,3,0,47,69,5,0,74,77,5,0,82,127,9,0,136,173,11,0,184
69919,95,"ŞCOALA GIMNAZIALĂ""MIHAI VITEAZU"" (FOSTA NR.30)",CRAIOVA,DJ,1595,8,2,0,10,43,4,1,48,53,4,1,58,69,4,1,74,126,4,1,131,172,6,1,179
69919,96,"ŞCOALA GIMNAZIALĂ""MIHAI VITEAZU"" (FOSTA NR.30)",CRAIOVA,DJ,1526,13,1,0,14,50,1,0,51,74,2,0,76,80,3,0,83,140,5,0,145,183,10,0,193
69919,97,"ŞCOALA GIMNAZIALĂ""MIHAI VITEAZU"" (FOSTA NR.30)",CRAIOVA,DJ,1386,8,0,0,8,41,0,0,41,51,1,0,52,62,1,0,63,106,5,0,111,143,6,0,149
69919,98,"ŞCOALA GIMNAZIALĂ""MIHAI VITEAZU"" (FOSTA NR.30)",CRAIOVA,DJ,1436,6,2,0,8,27,2,0,29,46,2,0,48,57,2,0,59,109,2,0,111,161,2,0,163
69919,99,"LICEUL TEHNOLOGIC""GEORGE BIBESCU""",CRAIOVA,DJ,1288,11,2,0,13,39,9,0,48,48,12,0,60,59,18,0,77,113,20,0,133,142,24,0,166
69919,100,"LICEUL TEHNOLOGIC""GEORGE BIBESCU""",CRAIOVA,DJ,1178,1,4,0,5,23,15,0,38,38,52,0,90,44,52,0,96,96,76,0,172,117,104,0,221
69919,101,"GRADINIŢA CU PROGRAM PRELUNGIT ”PHOENIX” (FOSTA NR.52)",CRAIOVA,DJ,1225,4,4,0,8,36,6,0,42,53,7,0,60,64,8,0,72,105,10,0,115,135,13,0,148
69919,102,"GRADINITA CU PROGRAM PRELUNGIT ”PHOENIX” (FOSTA NR. 52)",CRAIOVA,DJ,1183,7,2,1,10,33,6,1,40,49,10,1,60,59,13,1,73,91,18,1,110,137,19,1,157
69919,103,"COLEGIUL TEHNIC “COSTIN D. NENITESCU”",CRAIOVA,DJ,1818,7,0,0,7,57,4,0,61,80,4,0,84,88,4,0,92,154,15,0,169,210,28,0,238
69919,104,"COLEGIUL TEHNIC “COSTIN D. NENIŢESCU”",CRAIOVA,DJ,1808,6,5,0,11,25,9,0,34,50,11,0,61,58,12,0,70,153,17,0,170,197,22,0,219
69919,105,"COLEGIUL TEHNIC “COSTIN D. NENIŢESCU”",CRAIOVA,DJ,1528,9,3,0,12,57,4,0,61,86,4,0,90,93,4,0,97,154,12,0,166,183,20,0,203
69919,106,"COLEGIUL TEHNIC “COSTIN D. NENIŢESCU”",CRAIOVA,DJ,1575,3,1,0,4,48,6,0,54,66,8,0,74,76,10,0,86,138,12,0,150,183,13,0,196
69919,107,"COLEGIUL TEHNIC “COSTIN D. NENIŢESCU”",CRAIOVA,DJ,1698,13,0,0,13,53,2,0,55,65,3,0,68,79,8,0,87,142,18,0,160,190,22,0,212
69919,108,"ŞCOALA GIMNAZIALĂ""DECEBAL"" (FOSTA NR. 12)",CRAIOVA,DJ,1479,15,1,0,16,57,3,0,60,68,5,0,73,80,5,0,85,130,12,0,142,177,19,0,196
69919,109,"ŞCOALA GIMNAZIALĂ""DECEBAL"" (FOSTA NR. 12)",CRAIOVA,DJ,1415,9,1,0,10,55,2,0,57,69,3,0,72,87,3,0,90,157,13,0,170,204,14,0,218
69919,110,"ŞCOALA GIMNAZIALĂ""DECEBAL"" (FOSTA NR. 12)",CRAIOVA,DJ,1496,15,5,0,20,55,7,0,62,79,12,0,91,99,14,0,113,148,23,0,171,197,34,0,231
69919,111,"COLEGIUL TEHNIC ENERGETIC",CRAIOVA,DJ,1566,8,0,0,8,52,1,0,53,84,1,0,85,93,1,0,94,139,7,0,146,179,9,0,188
69919,112,"COLEGIUL TEHNIC ENERGETIC",CRAIOVA,DJ,1471,6,0,0,6,27,10,28,65,47,15,28,90,57,19,28,104,104,27,28,159,140,36,28,204
69919,113,"COLEGIUL TEHNIC ENERGETIC",CRAIOVA,DJ,1328,7,0,0,7,35,5,0,40,52,5,0,57,64,6,0,70,133,9,0,142,173,10,0,183
69919,114,"COLEGIUL NAŢIONAL PEDAGOGIC ""ŞTEFAN VELOVAN""",CRAIOVA,DJ,1876,5,0,0,5,44,4,0,48,67,4,0,71,75,4,0,79,153,18,0,171,191,29,0,220
69919,115,"COLEGIUL NAŢIONAL PEDAGOGIC ""ŞTEFAN VELOVAN""",CRAIOVA,DJ,1738,8,0,0,8,67,4,0,71,90,4,0,94,98,4,0,102,168,9,0,177,221,14,0,235
69919,116,"GRĂDINIŢA CU PROGRAM PRELUNGIT ”CASUTA CU POVESTI” (FOSTA NR.43)",CRAIOVA,DJ,1652,10,2,0,12,56,5,0,61,72,6,0,78,79,6,0,85,128,7,0,135,186,8,0,194
69919,117,"GRADINITA CU PROGRAM PRELUNGIT ”CASUTA CU POVESTI” (FOSTA NR. 43)",CRAIOVA,DJ,1529,16,0,0,16,77,5,0,82,109,23,0,132,122,24,0,146,192,29,0,221,241,33,0,274
69919,118,"GRĂDINIŢA CU PROGRAM PRELUNGIT ”VOINICEII” (FOSTA NR.32)",CRAIOVA,DJ,1502,8,0,0,8,61,5,0,66,80,6,0,86,95,6,0,101,159,9,0,168,211,11,0,222
69919,119,"GRĂDINIŢA CU PROGRAM PRELUNGIT ”VOINICEII” (FOSTA NR.32)",CRAIOVA,DJ,1317,12,0,0,12,50,0,0,50,75,3,0,78,84,7,0,91,131,9,0,140,177,12,0,189
69919,120,"ŞCOALA GIMNAZIALĂ""SFÂNTU GHEORGHE"" (FOSTA NR.24)",CRAIOVA,DJ,1752,15,2,0,17,75,4,0,79,110,7,0,117,119,13,0,132,212,15,0,227,244,18,0,262
69919,121,"ŞCOALA GIMNAZIALĂ""SFÂNTU GHEORGHE"" (FOSTA NR.24)",CRAIOVA,DJ,1646,16,1,0,17,53,3,0,56,84,8,0,92,95,13,0,108,192,26,1,219,241,30,1,272
69919,122,"ŞCOALA GIMNAZIALĂ""SFÂNTU GHEORGHE"" (FOSTA NR.24)",CRAIOVA,DJ,1603,10,0,0,10,46,0,0,46,70,0,0,70,79,0,0,79,144,0,0,144,206,0,0,206
69919,123,"LICEUL TEHNOLOGIC TRANSPORTURI CĂI FERATE",CRAIOVA,DJ,928,7,1,0,8,43,4,0,47,64,5,0,69,68,5,0,73,110,11,0,121,142,13,0,155
69919,124,"LICEUL TEHNOLOGIC TRANSPORTURI CĂI FERATE",CRAIOVA,DJ,1022,6,5,0,11,37,5,29,71,44,7,29,80,54,8,29,91,108,8,29,145,148,10,29,187
69919,125,"COLEGIUL NAȚIONAL ”NICOLAE TITULESCU”",CRAIOVA,DJ,1703,15,0,0,15,68,3,0,71,100,4,0,104,127,4,0,131,251,10,0,261,288,15,0,303
69919,126,"ŞCOALA GIMNAZIALĂ""TRAIAN"" (FOSTA NR. 2)",CRAIOVA,DJ,969,15,1,0,16,68,1,0,69,99,1,0,100,103,1,0,104,153,3,0,156,181,3,0,184
69919,127,"ŞCOALA GIMNAZIALĂ""TRAIAN"" (FOSTA NR.2)",CRAIOVA,DJ,1222,7,3,0,10,48,7,0,55,74,9,0,83,85,12,0,97,142,17,0,159,177,18,0,195
69919,128,"GRĂDINIŢA CU PROGRAM PRELUNGIT ”TUDOR VLADIMIRESCU” (FOSTA NR.21)",CRAIOVA,DJ,1736,23,3,0,26,93,9,0,102,123,10,0,133,138,12,0,150,250,15,0,265,316,17,0,333
69919,129,"ŞCOALA GIMNAZIALĂ„SF. GHEORGHE” (FOSTA SCOALA CU CLASELE I - VIII NR.23)",CRAIOVA,DJ,1758,13,5,0,18,78,14,0,92,106,14,0,120,118,17,0,135,205,21,0,226,252,24,0,276
69919,130,"ŞCOALA GIMNAZIALĂ„SF. GHEORGHE” (FOSTA SCOALA CU CLASELE I - VIII NR.23)",CRAIOVA,DJ,1737,11,0,0,11,62,0,0,62,93,0,0,93,109,0,0,109,219,2,0,221,279,6,0,285
69919,131,"ŞCOALA GIMNAZIALĂ„SF. GHEORGHE” (FOSTA SCOALA CU CLASELE I - VIII NR.23)",CRAIOVA,DJ,1678,10,5,0,15,70,6,0,76,78,9,0,87,94,9,0,103,167,21,0,188,227,25,0,252
69919,132,"DIRECȚIADE SĂNĂTATE PUBLICĂ DOLJ",CRAIOVA,DJ,1250,16,0,0,16,56,0,0,56,75,0,0,75,89,0,0,89,163,9,0,172,206,12,0,218
69919,133,"DIRECȚIADE SĂNĂTATE PUBLICĂ DOLJ",CRAIOVA,DJ,1725,17,0,0,17,75,2,0,77,99,2,0,101,116,3,0,119,194,11,0,205,256,19,0,275
69919,134,"ŞCOALA GIMNAZIALĂ""ION ŢUCULESCU"" (FOSTA NR. 14)",CRAIOVA,DJ,1900,11,2,0,13,44,4,117,165,52,9,117,178,76,10,117,203,157,14,117,288,205,17,117,339
69919,135,"ŞCOALA GIMNAZIALĂ""ION ŢUCULESCU"" (FOSTA NR. 14)",CRAIOVA,DJ,1939,15,2,0,17,49,3,0,52,60,3,0,63,87,3,0,90,168,7,0,175,218,28,0,246
69919,136,"GRĂDINIȚA CU PROGRAM NORMAL” ÎNGERAȘII” (FOSTĂ NR.5)",CRAIOVA,DJ,1668,6,0,0,6,24,0,0,24,38,0,0,38,54,6,0,60,127,10,0,137,171,13,0,184
69919,137,"GRADINITA CU PROGRAM NORMAL NR.35 – STRUCTURĂ A SCOLII GIMNAZIALE ”ION ŢUCULESCU” (FOSTĂ NR.14)",CRAIOVA,DJ,1009,4,2,0,6,22,8,1,31,31,8,1,40,46,8,1,55,101,14,1,116,136,16,1,153
69919,138,"GRĂDINIŢA CU PROGRAM NORMAL NR.16-STRUCTURĂ A ŞCOLII GIMNAZIALE ”ION ŢUCULESCU” (FOSTA NR.14)",CRAIOVA,DJ,1466,9,1,0,10,49,1,0,50,62,1,0,63,82,1,0,83,166,2,0,168,206,3,0,209
69919,139,"GRĂDINIȚA CU PROGRAM NORMAL”ÎNGERAȘII” ( FOSTA NR. 5)",CRAIOVA,DJ,1711,6,0,0,6,32,0,0,32,52,0,0,52,59,2,0,61,125,7,0,132,182,10,0,192
69919,140,"SUCURSALA REGIONALĂ CF CRAIOVA",CRAIOVA,DJ,1269,11,4,0,15,63,4,0,67,85,14,0,99,103,20,0,123,180,26,0,206,221,37,0,258
69919,141,"SUCURSALA REGIONALĂ CF CRAIOVA",CRAIOVA,DJ,1580,10,0,0,10,71,12,0,83,103,18,0,121,120,44,0,164,210,138,0,348,253,156,0,409
69919,142,"GRĂDINIŢA CU PROGRAM PRELUNGIT""SF. LUCIA"" (FOSTA NR.50)",CRAIOVA,DJ,975,4,0,0,4,22,2,0,24,34,4,0,38,46,4,0,50,88,6,0,94,120,9,0,129
69919,143,"GRĂDINIŢA CU PROGRAM PRELUNGIT""SF. LUCIA"" (FOSTA NR.50)",CRAIOVA,DJ,954,10,3,0,13,24,3,0,27,41,4,0,45,51,4,0,55,97,4,0,101,134,6,0,140
69919,144,"GRĂDINIŢA CU PROGRAM PRELUNGIT ”PETRACHE POENARU” (FOSTA SCOALA CU CLASELE IVIII NR.9 PETRACHE POENARU)",CRAIOVA,DJ,1636,16,0,0,16,65,1,310,376,104,1,310,415,115,1,310,426,230,7,310,547,282,9,310,601
69919,145,"GRĂDINIŢA CU PROGRAM PRELUNGIT ”PETRACHE POENARU” (FOSTA SCOALA CU CLASELE IVIII NR.9 PETRACHE POENARU)",CRAIOVA,DJ,1194,14,0,0,14,62,4,284,350,81,6,284,371,98,9,284,391,172,13,284,469,214,15,284,513
69919,146,"ŞCOALA GIMNAZIALĂ""GHEORGHE ŢIŢEICA"" (FOSTA NR. 21)",CRAIOVA,DJ,1504,9,0,0,9,73,3,0,76,109,3,0,112,121,3,0,124,205,7,0,212,260,8,0,268
69919,147,"ŞCOALA GIMNAZIALĂ""GHEORGHE ŢIŢEICA"" (FOSTA NR. 21)",CRAIOVA,DJ,1473,22,3,0,25,87,4,0,91,117,8,0,125,137,8,0,145,208,23,0,231,258,31,0,289
69919,148,"GRĂDINIŢA CU PROGRAM PRELUNGIT ""PINOCHIO""",CRAIOVA,DJ,1151,10,0,0,10,56,3,0,59,75,3,0,78,87,3,0,90,146,6,0,152,173,8,0,181
69919,149,"PRIMĂRIA MUNICIPIULUI CRAIOVA, (FOSTA ŞCOALA CU CLASELE I-VIIINR.35„I.D. SÎRBU”)”",CRAIOVA,DJ,1122,11,4,0,15,50,10,0,60,69,10,0,79,83,10,0,93,139,13,0,152,166,18,0,184
69919,150,"PRIMĂRIA MUNICIPIULUI CRAIOVA, (FOSTA ŞCOALA CU CLASELE I-VIIINR.35„I.D. SÎRBU”)",CRAIOVA,DJ,1064,4,1,0,5,28,3,0,31,43,5,0,48,58,6,0,64,131,11,0,142,133,15,0,148
69919,151,"PRIMĂRIA MUNICIPIULUI CRAIOVA, (FOSTA ŞCOALA CU CLASELE I-VIIINR.35„I.D. SÎRBU”)",CRAIOVA,DJ,1255,19,4,0,23,55,5,0,60,88,5,0,93,95,5,0,100,138,6,0,144,177,10,0,187
69919,152,"LICEUL""MATEI BASARAB""",CRAIOVA,DJ,986,8,2,0,10,35,4,0,39,58,7,0,65,68,7,0,75,125,9,0,134,163,11,0,174
69919,153,"LICEUL""MATEI BASARAB""",CRAIOVA,DJ,917,12,5,0,17,32,5,0,37,49,5,0,54,58,5,0,63,100,5,0,105,117,6,0,123
69919,154,"LICEUL TEORETIC ""TUDOR ARGHEZI""",CRAIOVA,DJ,1310,10,4,0,14,60,21,0,81,83,23,0,106,95,33,0,128,157,66,0,223,197,83,0,280
69919,155,"LICEUL TEORETIC ""TUDOR ARGHEZI""",CRAIOVA,DJ,1375,10,0,0,10,51,8,0,59,78,8,0,86,93,9,0,102,168,10,0,178,203,12,0,215
69919,156,"LICEUL TEORETIC ""TUDOR ARGHEZI""",CRAIOVA,DJ,1409,12,2,0,14,46,5,0,51,65,7,0,72,80,7,0,87,142,9,0,151,182,9,0,191
69919,157,"ŞCOALA GIMNAZIALĂ""NICOLAE BĂLCESCU"" (FOSTA NR.39)",CRAIOVA,DJ,1460,9,1,0,10,67,1,0,68,88,3,0,91,98,3,0,101,174,3,0,177,217,4,0,221
69919,158,"ŞCOALA GIMNAZIALĂ""NICOLAE BĂLCESCU"" (FOSTA NR.39)",CRAIOVA,DJ,1317,13,4,0,17,42,18,0,60,69,39,0,108,78,39,0,117,149,54,0,203,194,66,0,260
69919,159,"ŞCOALA GIMNAZIALĂ""NICOLAE BĂLCESCU"" (FOSTA NR.39)",CRAIOVA,DJ,1499,11,1,0,12,51,5,0,56,75,6,0,81,83,6,0,89,138,9,0,147,191,9,0,200
69919,160,"ŞCOALA GIMNAZIALĂ""NICOLAE BĂLCESCU"" (FOSTA NR.39)",CRAIOVA,DJ,1498,11,3,0,14,46,12,0,58,67,14,0,81,82,14,0,96,146,28,0,174,196,32,0,228
69919,161,"GRĂDINIŢA CU PROGRAM NORMAL NR.14 ”LUCEAFĂRUL” – STRUCTURĂ A ŞCOLII GIMNAZIALE ""NICOLAE BĂLCESCU"" (FOSTA NR.39)",CRAIOVA,DJ,1507,18,0,0,18,78,7,0,85,107,9,0,116,119,9,0,128,188,11,0,199,231,14,0,245
69919,162,"FACULTATEA DE MECANICĂ",CRAIOVA,DJ,1093,15,12,0,27,68,22,0,90,88,24,0,112,92,25,0,117,138,29,55,222,175,42,55,272
69919,163,"LICEUL TEHNOLOGIC AUTO",CRAIOVA,DJ,1689,6,1,0,7,39,2,0,41,57,9,0,66,65,17,0,82,138,23,1,162,184,26,1,211
69919,164,"LICEUL TEHNOLOGIC AUTO",CRAIOVA,DJ,1395,3,2,0,5,24,6,0,30,44,6,0,50,52,6,0,58,95,8,0,103,120,10,0,130
69919,165,"PUNCTUL TERMIC NR.1 LĂPUȘ (LÂNGĂ BL.23 - BLD. DECEBAL NR.66B)",CRAIOVA,DJ,1225,7,0,0,7,31,5,0,36,43,6,0,49,50,6,0,56,111,6,0,117,143,8,0,151
69919,166,"PUNCTUL TERMIC NR.2 LĂPUȘ (LÂNGĂ BL. 59 - BLD. DECEBAL NR.55B)",CRAIOVA,DJ,1447,8,0,0,8,32,1,0,33,47,1,0,48,59,3,0,62,125,4,0,129,166,5,0,171
69919,167,"PRIMĂRIA MUNICIPIULUI CRAIOVA DIRECŢIA DE ASISTENŢĂ ŞI PROTECŢIE SOCIALĂ",CRAIOVA,DJ,1485,14,0,0,14,55,8,0,63,72,8,0,80,90,12,0,102,154,21,0,175,205,27,0,232
69919,168,"PRIMĂRIA MUNICIPIULUI CRAIOVA-DIRECŢIA DE ASISTENŢĂ ŞI PROTECŢIE SOCIALĂ",CRAIOVA,DJ,1371,21,1,0,22,47,13,0,60,73,19,0,92,86,19,0,105,151,35,0,186,207,53,0,260
69919,169,"ŞCOALA GIMNAZIALĂ NR.38- STRUCTURĂ A ŞCOLII GIMNAZIALE “ION CREANGA” (FOSTĂ NR.16)",CRAIOVA,DJ,1537,6,0,0,6,34,0,0,34,53,3,0,56,60,6,0,66,105,7,0,112,146,14,0,160
69919,170,"ŞCOALA GIMNAZIALĂ NR.38- STRUCTURĂ A ŞCOLII GIMNAZIALE “ION CREANGA” (FOSTĂ NR.16)",CRAIOVA,DJ,1633,3,0,0,3,18,2,0,20,37,2,0,39,44,2,0,46,80,7,0,87,114,11,0,125
69919,171,"ŞCOALA GIMNAZIALĂ NR.38- STRUCTURĂ A ŞCOLII GIMNAZIALE “ION CREANGA” (FOSTĂ NR.16)",CRAIOVA,DJ,1507,3,2,0,5,31,2,0,33,43,6,0,49,54,7,0,61,103,13,0,116,151,20,0,171
69919,172,"GRĂDINIŢA CU PROGRAM NORMAL ROVINE 2 – STRUCTURĂ A ŞCOLII GIMNAZIALE “ION CREANGA” (FOSTĂ NR.16)",CRAIOVA,DJ,573,3,0,0,3,14,1,0,15,14,1,0,15,21,1,0,22,50,1,0,51,61,2,0,63
69919,173,"ŞCOALA PRIMARĂ IZVORUL RECE – STRUCTURĂ A ŞCOLII GIMNAZIALE “DECEBAL” (FOSTĂ NR.12)",CRAIOVA,DJ,642,3,0,0,3,9,1,0,10,15,3,0,18,18,5,0,23,33,10,0,43,45,14,0,59
70325,174,"ŞCOALA GIMNAZIALĂ NR. 1",BĂILEŞTI,DJ,1420,4,5,0,9,18,6,0,24,34,7,0,41,58,7,0,65,122,12,0,134,167,16,0,183
70325,175,"GRĂDINIŢA DE COPII NR. 3",BĂILEŞTI,DJ,1119,2,0,0,2,20,1,0,21,23,1,0,24,35,1,0,36,72,2,0,74,110,3,0,113
70325,176,"ŞCOALA GIMNAZIALĂ NR. 3",BĂILEŞTI,DJ,543,6,0,0,6,14,5,0,19,18,5,0,23,23,6,0,29,31,7,0,38,41,8,0,49
70325,177,"ŞCOALA GIMNAZIALĂ NR. 3",BĂILEŞTI,DJ,902,1,2,0,3,5,4,0,9,16,5,0,21,29,5,0,34,72,9,0,81,90,20,0,110
70325,178,"ŞCOALA GIMNAZIALĂ NR. 5",BĂILEŞTI,DJ,1007,10,0,0,10,23,0,0,23,30,6,0,36,63,6,0,69,92,9,0,101,124,19,0,143
70325,179,"GRĂDINIŢA DE COPII NR. 7",BĂILEŞTI,DJ,742,2,0,0,2,10,0,0,10,22,0,0,22,36,0,0,36,63,0,0,63,95,0,0,95
70325,180,"LICEUL MIHAI VITEAZUL",BĂILEŞTI,DJ,1026,1,1,0,2,13,2,0,15,26,3,0,29,50,4,0,54,74,5,0,79,111,12,0,123
70325,181,"GRĂDINIŢA DE COPII NR. 5",BĂILEŞTI,DJ,663,5,6,0,11,18,10,0,28,26,10,0,36,32,10,0,42,61,11,0,72,85,11,0,96
70325,182,"ŞCOALA GIMNAZIALĂ NR. 4",BĂILEŞTI,DJ,1478,11,1,0,12,23,5,0,28,34,5,0,39,65,6,0,71,113,7,0,120,170,10,0,180
70325,183,"ŞCOALA GIMNAZIALĂ NR. 4",BĂILEŞTI,DJ,1009,4,0,0,4,14,0,0,14,20,1,0,21,49,3,0,52,83,7,0,90,124,12,0,136
70325,184,"GRĂDINIŢA DE COPII NR. 8",BĂILEŞTI,DJ,1366,4,0,0,4,22,2,0,24,33,2,0,35,70,3,0,73,123,9,0,132,162,9,0,171
70325,185,"LICEUL TEHNOLOGIC ŞTEFAN ANGHEL",BĂILEŞTI,DJ,634,2,2,0,4,6,5,0,11,18,5,0,23,31,5,0,36,48,6,0,54,62,7,0,69
70325,186,"GRĂDINIŢA DE COPII NR. 2",BĂILEŞTI,DJ,1017,8,2,0,10,21,5,0,26,33,5,0,38,48,5,0,53,90,7,0,97,109,7,0,116
70325,187,"AGROZIND S.A.",BĂILEŞTI,DJ,811,2,0,0,2,21,4,0,25,47,7,0,54,61,11,0,72,93,12,0,105,119,17,0,136
70325,188,"ŞCOALA GIMNAZIALĂ NR. 6",BĂILEŞTI,DJ,1360,9,0,0,9,28,2,0,30,48,3,0,51,75,5,0,80,112,14,0,126,157,14,0,171
70334,189,"ŞCOALA GIMNAZIALĂ BALASAN",BALASAN,DJ,490,2,0,0,2,2,0,0,2,4,0,0,4,12,0,0,12,21,1,0,22,31,1,0,32
70398,190,"CAMINUL CULTURAL GOLENTI(DIN CADRUL CASEI DE CULTURA CALAFAT )",GOLENŢI,DJ,416,5,1,0,6,50,4,0,54,76,8,0,84,91,8,0,99,151,13,0,164,188,21,0,209
70370,191,"CAMINUL CULTURAL BASARABI (DIN CADRUL CASEI DE CULTURA CALAFAT )",BASARABI,DJ,883,12,4,0,16,39,6,0,45,79,10,0,89,103,11,0,114,155,14,0,169,226,18,0,244
70389,192,"CAMINUL CULTURAL CIUPERCENII VECHII ( DIN CADRUL CASEI DE CULTURA CALAFAT )","CIUPERCENII VECHI",DJ,1824,9,3,0,12,39,3,0,42,63,3,0,66,99,6,0,105,228,11,0,239,374,20,0,394
70361,193,"SC. GENERALA NR. 1 CALAFAT",CALAFAT,DJ,1576,30,3,0,33,67,11,45,123,101,14,45,160,128,16,45,189,235,31,45,311,312,41,45,398
70361,194,"LICEUL TEORETIC INDEPENDENTA",CALAFAT,DJ,1807,18,8,0,26,55,15,0,70,102,18,0,120,156,19,0,175,259,29,0,288,367,33,0,400
70361,195,"CLUBUL COPIILOR",CALAFAT,DJ,1465,13,0,0,13,38,7,0,45,67,9,0,76,89,9,0,98,203,11,0,214,254,26,21,301
70361,196,"SC. GENERALA NR. 2 CALAFAT",CALAFAT,DJ,1819,22,1,0,23,74,6,0,80,101,7,0,108,136,14,0,150,240,55,0,295,311,62,0,373
70361,197,"SC.GENERALA NR. 2 CALAFAT",CALAFAT,DJ,1693,13,0,5,18,45,7,0,52,65,9,0,74,93,11,0,104,174,17,0,191,242,21,0,263
70361,198,"GRADINITA NR. 4 ( DIN CADRUL SC.GENERALE NR.1 CALAFAT )",CALAFAT,DJ,1751,13,4,0,17,51,8,0,59,71,15,0,86,80,15,0,95,158,20,0,178,213,27,0,240
70361,199,"CLUBUL PENSIONARILOR",CALAFAT,DJ,1797,13,4,0,17,45,9,0,54,66,9,0,75,81,9,0,90,138,10,0,148,221,11,0,232
70888,200,"LICEUL TEORETIC BECHET",BECHET,DJ,1353,25,3,0,28,82,10,0,92,113,10,0,123,145,16,0,161,253,31,0,284,343,49,0,392
70888,201,"SCOALA PRIMARA BECHET VALE",BECHET,DJ,659,12,0,0,12,45,2,0,47,61,3,0,64,73,4,0,77,140,9,12,161,211,15,12,238
70888,202,"BIBLIOTECA ORASENEASCA BECHET",BECHET,DJ,1257,19,5,0,24,47,9,20,76,74,12,20,106,105,12,20,137,186,17,49,252,253,28,49,330
72016,203,"STRUCTURA SCOLII GIMNAZIALE NR. 1 DABULENI",DĂBULENI,DJ,1692,3,0,0,3,10,4,0,14,42,5,0,47,65,7,0,72,196,14,0,210,340,22,0,362
72016,204,"CLUBUL COPIILOR DABULENI",DĂBULENI,DJ,1544,8,0,0,8,29,1,0,30,43,1,0,44,87,2,0,89,197,13,43,253,316,21,43,380
72016,205,"SCOALA GIMNAZIALA CU CLASELE I-VIII NR.1 DABULENI, NORD",DĂBULENI,DJ,1549,4,1,0,5,12,3,0,15,32,10,0,42,63,12,0,75,201,22,0,223,342,32,0,374
72016,206,"SCOALA GIMNAZIALA CU CLASELE I-VIII NR.1 DABULENI, SUD",DĂBULENI,DJ,1710,5,0,0,5,28,0,0,28,50,0,0,50,81,5,0,86,210,14,0,224,311,23,0,334
72016,207,"LICEUL TEORETIC CONSTANTIN BRANCOVEANU",DĂBULENI,DJ,1169,5,2,0,7,14,4,0,18,32,5,0,37,48,7,0,55,149,11,0,160,274,19,0,293
72016,208,"LICEUL TEORETIC CONSTANTIN BRANCOVEANU (FOSTA SCOALA NR. 3, INTRARE ELEVI)",DĂBULENI,DJ,1316,8,2,0,10,23,2,0,25,62,2,0,64,96,2,0,98,207,10,0,217,287,18,0,305
72016,209,"LICEUL TEORETIC CONSTANTIN BRANCOVEANU (FOSTA SCOALA NR. 3, INTRARE PROFESORI)",DĂBULENI,DJ,1270,8,0,0,8,24,1,0,25,34,1,0,35,70,2,0,72,155,8,0,163,246,11,0,257
70423,210,"CASA DE CULTURĂ",FILIAŞI,DJ,1500,10,3,0,13,79,10,0,89,103,14,0,117,117,14,0,131,233,27,0,260,307,35,0,342
70423,211,"GRĂDINIŢA NR. 1 FILIAŞI",FILIAŞI,DJ,1825,15,0,0,15,63,0,0,63,93,5,0,98,151,6,0,157,307,21,0,328,443,35,0,478
70423,212,"GRĂDINIŢA NR. 2 FILIAŞI",FILIAŞI,DJ,1742,14,7,0,21,68,11,0,79,109,12,0,121,166,13,0,179,326,23,35,384,409,27,35,471
70423,213,"GRĂDINIŢA NR. 3 FILIAŞI",FILIAŞI,DJ,1325,10,4,0,14,45,25,0,70,74,31,0,105,112,33,0,145,211,48,0,259,270,61,0,331
70423,214,"LICEUL TEHNOLOGIC DIMITRIE FILIŞANU",FILIAŞI,DJ,1540,25,4,0,29,67,7,0,74,138,14,0,152,169,16,0,185,272,31,0,303,345,53,0,398
70423,215,"PRIMĂRIA ORAŞULUI FILIAŞI",FILIAŞI,DJ,1748,19,0,0,19,91,3,0,94,124,16,0,140,178,18,0,196,311,27,0,338,386,34,0,420
70423,216,"ŞCOALA GIMNAZIALĂ FILIAŞI",FILIAŞI,DJ,1330,13,4,0,17,56,6,0,62,70,7,0,77,137,10,0,147,280,44,0,324,341,58,0,399
70441,217,"ŞCOALA BÎLTA",BÎLTA,DJ,917,8,5,0,13,77,14,0,91,154,21,0,175,180,25,0,205,326,36,0,362,406,49,0,455
70469,218,"SCOALA GIMNAZIALĂ FRATOŞTIŢA - CORP 1",FRATOŞTIŢA,DJ,1318,12,1,0,13,72,3,0,75,118,3,0,121,153,5,0,158,300,14,0,314,402,20,0,422
70469,219,"ŞCOALA GIMNAZIALĂ FRATOŞTITA - CORP 2",FRATOŞTIŢA,DJ,794,3,6,0,9,33,6,0,39,53,7,0,60,59,8,0,67,118,11,0,129,145,16,0,161
70478,220,"ŞCOALA RĂCARII DE SUS","RĂCARII DE SUS",DJ,963,4,2,0,6,47,3,0,50,72,3,0,75,106,5,0,111,219,10,0,229,316,14,2,332
70511,221,"LICEUL TEHNOLOGIC HORIA VINTILĂ",SEGARCEA,DJ,1654,18,8,0,26,31,13,0,44,49,17,0,66,113,19,0,132,233,30,12,275,338,37,12,387
70511,222,"SCOALA CU CLASELE I-VIII",SEGARCEA,DJ,1485,5,5,0,10,33,7,0,40,46,10,0,56,59,15,0,74,159,17,0,176,210,20,0,230
70511,223,"BIBLIOTECA ORĂŞENEASCĂ MIRCEA RĂDINA",SEGARCEA,DJ,1576,14,3,0,17,45,5,0,50,65,7,0,72,157,16,0,173,308,26,0,334,418,33,0,451
70511,224,"CLUBUL COPIILOR",SEGARCEA,DJ,1672,16,6,0,22,57,8,0,65,83,10,0,93,171,15,0,186,313,17,0,330,424,25,0,449
70539,225,"CONSILIUL LOCAL AFUMATI",AFUMAŢI,DJ,918,6,2,0,8,18,3,0,21,20,4,0,24,27,4,0,31,64,16,0,80,136,23,0,159
70548,226,"CAMINUL CULTURAL BOURENI",BOURENI,DJ,856,4,0,0,4,21,3,0,24,44,6,0,50,57,12,0,69,107,29,0,136,134,34,0,168
70557,227,"CAMINUL CULTURAL COVEI",COVEI,DJ,403,4,2,0,6,13,3,0,16,18,3,0,21,19,4,0,23,34,11,0,45,47,14,0,61
70575,228,"ŞCOALA GIMNAZIALĂ ""ION GHE. PLEŞA""",ALMĂJ,DJ,1099,4,0,0,4,49,9,0,58,80,24,0,104,94,32,0,126,158,52,0,210,241,74,0,315
70628,229,"ŞCOALA PRIMARĂ ŞITOAIA",ŞITOAIA,DJ,509,10,3,0,13,19,7,0,26,52,10,0,62,55,16,0,71,73,24,0,97,136,28,0,164
70646,230,"GRĂDINIȚA CU PROGRAM NORMAL AMĂRĂȘTII DE JOS","AMĂRĂŞTII DE JOS",DJ,1173,3,0,0,3,13,8,0,21,39,12,0,51,73,13,0,86,165,37,0,202,266,60,14,340
70646,231,"GRADINITA TOSCA","AMĂRĂŞTII DE JOS",DJ,1034,7,2,0,9,26,3,0,29,61,9,0,70,74,9,0,83,146,16,0,162,270,19,0,289
70664,232,"GRĂDINIŢA PRAPOR",PRAPOR,DJ,1117,9,2,0,11,32,3,0,35,75,12,0,87,101,13,0,114,202,28,0,230,343,43,0,386
70655,233,GRADINITAOCOLNA,OCOLNA,DJ,948,1,0,0,1,46,6,0,52,125,6,0,131,130,6,0,136,226,9,0,235,314,11,0,325
70682,234,"CĂMINUL CULTURAL","AMĂRĂŞTII DE SUS",DJ,1327,40,5,0,45,109,13,0,122,202,25,0,227,250,50,0,300,428,90,0,518,661,139,65,865
70735,235,"CĂMINUL CULTURAL","APELE VII",DJ,1710,14,1,0,15,35,11,0,46,89,30,0,119,106,31,0,137,223,55,0,278,367,81,0,448
70753,236,"ȘCOALA PROFESIONALĂ C-TIN ARGETOAIANU",ARGETOAIA,DJ,1087,3,1,0,4,33,2,0,35,55,2,0,57,114,11,0,125,227,20,0,247,313,25,0,338
70753,237,"ȘCOALA PROFESIONALĂ C-TIN ARGETOAIANU",ARGETOAIA,DJ,679,3,0,0,3,7,3,0,10,13,7,0,20,50,10,0,60,101,21,0,122,127,24,0,151
70842,238,"ȘCOALA. GIMNAZIALĂ SALCIA",SALCIA,DJ,960,4,0,0,4,22,3,0,25,31,4,0,35,57,8,0,65,150,23,0,173,227,29,0,256
70824,239,"ȘCOALA. PRIMARĂ PIRIA",PIRIA,DJ,295,2,0,0,2,6,0,0,6,13,0,0,13,22,0,0,22,58,15,0,73,110,19,0,129
70799,240,"ȘCOALA. PRIMARĂ LEORDOASA",LEORDOASA,DJ,385,2,6,0,8,3,6,0,9,7,6,0,13,19,6,0,25,58,8,0,66,80,9,0,89
70815,241,"GRĂDINIȚA CU PROGRAM NORMAL NOVACU",NOVAC,DJ,217,0,3,0,3,7,5,0,12,10,7,0,17,25,11,0,36,50,13,0,63,83,17,0,100
70904,242,"ȘCOALA GIMNAZIALĂ BISTREȚ",BISTREŢ,DJ,1039,49,1,0,50,178,18,0,196,214,23,0,237,244,29,0,273,293,41,0,334,347,44,0,391
70904,243,"ȘCOALA GIMNAZIALĂ BISTREȚ",BISTREŢ,DJ,802,14,1,0,15,234,27,0,261,267,27,0,294,282,28,0,310,320,38,0,358,352,42,0,394
70913,244,"ȘCOALA PRIMARĂ BISTRETU NOU","BISTREŢU NOU",DJ,631,9,6,0,15,61,13,0,74,124,24,0,148,138,25,0,163,159,30,0,189,173,32,0,205
70931,245,"ȘCOALA PRIMARĂ PLOSCA",PLOSCA,DJ,737,23,3,0,26,169,22,0,191,241,32,0,273,286,35,0,321,311,53,0,364,346,56,0,402
70959,246,"CAMINUL CULTURAL",BÎRCA,DJ,1656,11,5,0,16,43,17,0,60,60,20,0,80,90,30,0,120,169,50,0,219,248,62,0,310
70959,247,"GRADINITA DE COPII",BÎRCA,DJ,1478,5,0,0,5,28,3,0,31,60,3,0,63,98,8,0,106,200,28,0,228,292,33,1,326
70977,248,"CĂMINUL CULTURAL",BOTOŞEŞTI-PAIA,DJ,578,174,9,0,183,313,60,0,373,415,69,0,484,415,69,0,484,416,91,16,523,445,97,16,558
70995,249,"CĂMINUL CULTURAL BRABOVA",BRABOVA,DJ,450,21,8,0,29,80,60,0,140,112,81,0,193,133,86,8,227,182,116,8,306,196,145,8,349
71037,250,"CĂMINUL CULTURAL URDINIȚA",URDINIŢA,DJ,236,7,3,0,10,43,14,0,57,71,22,0,93,82,24,0,106,102,35,0,137,119,42,0,161
71028,251,"CĂMINUL CULTURAL RĂCHITA DE JOS","RĂCHITA DE JOS",DJ,229,10,2,0,12,50,13,0,63,104,23,0,127,109,25,0,134,122,36,0,158,137,45,0,182
71019,252,"ȘCOALA CU CLASELE I-IV MOSNA",MOSNA,DJ,132,4,0,0,4,19,0,0,19,45,5,0,50,47,7,0,54,77,14,0,91,97,20,0,117
71135,253,"SALA DE SEDINȚE A CONSILIULUI LOCAL BRALOȘTIȚA",BRALOŞTIŢA,DJ,621,10,2,0,12,35,5,0,40,59,11,0,70,77,15,0,92,152,26,0,178,210,29,0,239
71171,254,"SCOALA DIN SATUL SFIRCEA",SFÎRCEA,DJ,815,7,0,0,7,20,5,0,25,32,6,0,38,43,7,0,50,117,10,0,127,198,15,0,213
71180,255,"ŞCOALA DIN SATUL VALEA FÎNTÎNILOR","VALEA FÎNTÎNILOR",DJ,522,4,0,0,4,17,0,0,17,32,1,0,33,41,4,0,45,84,5,0,89,159,5,0,164
71144,256,"ŞCOALA DIN SATUL CIOCANE",CIOCANELE,DJ,630,4,1,0,5,40,15,0,55,54,19,0,73,56,19,0,75,150,21,0,171,210,31,0,241
71162,257,"ŞCOALA DIN SATUL SCHITU",SCHITU,DJ,391,0,0,0,0,10,0,0,10,23,1,0,24,28,1,0,29,75,2,0,77,107,2,0,109
71215,258,"ȘCOALA PRIMARĂ BĂDOȘI",BĂDOŞI,DJ,729,4,2,0,6,11,3,0,14,18,3,0,21,23,4,0,27,53,8,0,61,122,24,0,146
71233,259,"ȘCOALA PRIMARĂ PRUNET",PRUNET,DJ,471,5,0,0,5,9,0,0,9,14,3,0,17,22,3,0,25,56,7,0,63,121,15,0,136
71206,260,"ȘCOALA GIMNAZIALĂ BRATOVOEȘTI",BRATOVOEŞTI,DJ,1116,4,2,0,6,13,2,0,15,44,2,0,46,50,2,0,52,171,15,0,186,272,22,0,294
71224,261,"ȘCOALA PRIMARĂ GEOROCU MARE","GEOROCU MARE",DJ,397,2,0,0,2,9,1,0,10,20,3,0,23,32,4,0,36,59,10,0,69,92,11,0,103
71064,262,"GRĂDINIȚA ,,PROF. GHEORGHE LUȚĂ” BRĂDEȘTI",BRĂDEŞTI,DJ,1573,4,3,0,7,61,21,0,82,83,25,0,108,114,28,0,142,230,74,0,304,346,115,0,461
71073,263,"SCOALAGENERALABRADESTI BATRINI","BRĂDEŞTII BĂTRÎNI",DJ,327,0,4,0,4,8,6,0,14,16,8,0,24,23,8,0,31,80,26,0,106,128,30,0,158
71117,264,"SCOALAGENERALA TATOMIRESTI",TATOMIREŞTI,DJ,824,7,2,0,9,18,4,0,22,37,5,0,42,50,6,0,56,170,8,0,178,274,12,0,286
71118,265,"SCOALAGENERALA RACARII DEJOS",RĂCARI,DJ,964,6,0,0,6,41,3,0,44,67,5,0,72,91,6,0,97,220,28,0,248,350,52,0,402
71091,266,"SCOALA GENERALAPISCANI",PISCANI,DJ,80,1,4,0,5,2,4,0,6,5,4,0,9,5,4,0,9,14,6,0,20,22,8,0,30
71279,267,"ŞCOALA BREASTA",BREASTA,DJ,1183,6,0,0,6,37,5,0,42,56,6,0,62,72,7,0,79,165,25,0,190,243,43,0,286
71279,268,"ŞCOALA BREASTA",BREASTA,DJ,927,7,0,0,7,22,4,0,26,35,6,0,41,53,8,0,61,135,20,0,155,193,38,0,231
71331,269,"ŞCOALA VALEA LUNGULUI","VALEA LUNGULUI",DJ,541,4,3,0,7,31,6,0,37,61,35,0,96,61,35,0,96,92,36,0,128,238,46,0,284
71313,270,"ŞCOALA OBEDIN",OBEDIN,DJ,597,10,0,0,10,41,1,0,42,49,4,0,53,60,7,0,67,133,22,0,155,174,25,0,199
69973,271,"SCOALA GENERALA CU CLASELE L-VLLL BUCOVAT",BUCOVĂŢ,DJ,1634,24,8,0,32,100,30,0,130,157,73,0,230,202,78,0,280,357,143,0,500,461,196,0,657
70003,272,"SCOALA GENERALA CU CLASELE L-LV LEAMNA DE JOS","LEAMNA DE JOS",DJ,282,6,1,0,7,21,5,0,26,34,13,0,47,36,14,0,50,60,24,0,84,77,34,0,111
70012,273,"SCOALA GENERALA CU CLASELE L-LV LEAMNA DE SUS","LEAMNA DE SUS",DJ,321,6,11,0,17,30,19,0,49,59,26,0,85,67,28,0,95,104,44,0,148,127,50,0,177
70030,274,"SCOALA GENERALA CU CLASELE L-VLLL SARBATOAREA",SĂRBĂTOAREA,DJ,612,2,3,0,5,37,15,0,52,71,29,0,100,86,33,0,119,150,53,0,203,205,71,0,276
70021,275,"SCOALA GENERALA CU CLASELE L-VLLL PALILULA",PALILULA,DJ,635,9,2,0,11,40,19,0,59,62,23,0,85,83,28,0,111,139,46,0,185,204,62,0,266
71368,276,"CĂMINUL CULTURAL",BULZEŞTI,DJ,646,3,3,0,6,17,16,0,33,33,22,0,55,43,23,0,66,127,60,1,188,162,72,1,235
71420,277,"PUNCT INFORMARE, PRIMĂRIA BULZEŞTI",SĂLIŞTE,DJ,525,4,8,0,12,51,25,0,76,71,35,0,106,91,40,0,131,172,73,5,250,217,82,5,304
71466,278,"ȘCOALA CU CLS.I-VIII CALOPĂR",CALOPĂR,DJ,1083,5,1,0,6,39,3,0,42,67,13,0,80,83,18,0,101,179,34,0,213,239,46,0,285
71475,279,"ȘCOALA CU CLS I-VIII BELCINU",BELCINU,DJ,425,7,4,0,11,35,15,0,50,51,21,0,72,69,23,0,92,169,44,0,213,220,60,0,280
71493,280,"ȘCOALA CU CLS I-IV PANAGHIA",PANAGHIA,DJ,571,1,2,0,3,19,8,0,27,37,9,0,46,45,9,0,54,97,15,0,112,153,21,0,174
71509,281,"CĂMIN CULTURAL SĂLCUȚA",SĂLCUŢA,DJ,878,10,3,0,13,48,14,0,62,86,20,0,106,94,21,0,115,149,27,0,176,218,32,0,250
71527,282,"CĂMINUL CULTURAL",CARAULA,DJ,960,75,13,0,88,185,29,0,214,319,57,27,403,359,80,27,466,499,104,27,630,531,113,67,711
71527,283,"CENTRUL SOCIAL CARAULA",CARAULA,DJ,977,18,8,0,26,131,15,0,146,182,18,0,200,236,19,0,255,310,23,13,346,354,32,18,404
71545,284,"CĂMINUL CULTURAL CARPEN",CARPEN,DJ,772,7,3,0,10,35,7,0,42,74,18,0,92,110,21,0,131,299,34,0,333,422,50,0,472
71554,285,"CĂMINUL CULTURAL CLEANOV",CLEANOV,DJ,1089,21,6,0,27,111,18,0,129,191,18,0,209,240,22,0,262,476,38,0,514,605,55,0,660
71581,286,"CAMINUL CULTURAL",CASTRANOVA,DJ,1486,8,2,0,10,28,5,0,33,84,12,0,96,126,15,0,141,282,33,0,315,567,48,0,615
71590,287,"ŞCOALA PUŢURI",PUŢURI,DJ,1083,9,1,0,10,31,4,0,35,46,7,0,53,71,10,0,81,167,20,0,187,292,34,0,326
73488,288,"SCOALA GIMNAZIALA CATANE",CATANE,DJ,1403,8,2,0,10,72,7,0,79,110,9,0,119,150,18,0,168,285,31,0,316,395,41,21,457
71616,289,"CĂMINUL CULTURAL",CĂLĂRAŞI,DJ,1493,8,8,0,16,45,17,0,62,69,17,0,86,95,21,0,116,203,44,0,247,331,48,0,379
71616,290,"ŞCOALAGIMNAZIALĂNR. 1 CĂLĂRAŞI",CĂLĂRAŞI,DJ,1782,15,1,0,16,69,8,0,77,95,15,0,110,144,16,0,160,376,29,8,413,465,37,8,510
71625,291,"ŞCOALA GIMNAZIALĂ SĂRATA",SĂRATA,DJ,1674,15,1,0,16,70,4,0,74,87,6,0,93,126,8,0,134,488,24,23,535,665,35,23,723
71901,292,"CENTRUL CULTURAL",CÂRCEA,DJ,1492,18,3,0,21,121,27,40,188,191,43,40,274,227,51,40,318,447,133,40,620,596,165,40,801
71901,293,"LICEUL TEHNOLOGIC ""CONSTANTIN IANCULESCU""",CÂRCEA,DJ,725,5,6,0,11,23,12,5,40,29,14,5,48,34,17,5,56,100,21,5,126,184,41,5,230
72668,294,"SCOALA CU CLS. I-VIII CÂRNA",CÂRNA,DJ,1104,23,6,0,29,106,16,0,122,201,22,0,223,230,27,0,257,331,43,0,374,408,46,0,454
71643,295,"SCOALA NOUA CELARU",CELARU,DJ,1469,6,4,0,10,19,8,0,27,38,8,0,46,63,10,0,73,137,28,0,165,206,44,0,250
71661,296,"CAMIN CULTURAL MAROTINU DE JOS","MAROTINU DE JOS",DJ,455,3,1,0,4,17,8,0,25,24,8,0,32,26,11,0,37,49,18,0,67,66,24,0,90
71652,297,"CAMIN CULTURAL GHIZDAVESTI",GHIZDĂVEŞTI,DJ,1215,5,3,0,8,57,9,0,66,80,13,0,93,115,17,0,132,215,36,0,251,288,46,0,334
71670,298,"CAMIN CULTURAL MAROTINU DE SUS","MAROTINU DE SUS",DJ,452,2,0,0,2,7,0,0,7,9,1,0,10,13,5,0,18,35,12,0,47,47,17,0,64
71705,299,"CAMINUL CULTURAL CERAT",CERĂT,DJ,1951,19,4,0,23,193,17,0,210,301,20,0,321,344,22,0,366,600,35,0,635,755,42,0,797
71705,300,"SCOALA GIMNAZIALA CERĂT - LOCALUL NR. 3",CERĂT,DJ,1192,6,3,0,9,42,4,0,46,70,6,0,76,77,7,0,84,145,10,0,155,206,16,0,222
71732,301,"CĂMINUL CULTURAL",CERNĂTEŞTI,DJ,387,4,2,0,6,15,7,0,22,32,12,7,51,37,12,7,56,65,13,7,85,131,26,7,164
71778,302,GRĂDINIŢĂ,ŢIU,DJ,381,3,0,0,3,21,5,0,26,28,6,3,37,37,6,3,46,74,15,3,92,138,19,3,160
71741,303,"ŞCOALA GENERALĂ",CORNIŢA,DJ,243,4,2,0,6,14,4,0,18,23,9,0,32,26,9,0,35,44,12,0,56,104,21,0,125
71769,304,"ŞCOALA GENERALĂ","RASNICU OGHIAN",DJ,424,10,1,0,11,34,3,0,37,39,3,0,42,42,5,0,47,66,11,0,77,93,13,0,106
71796,305,"SCOALA CU CLS. I-IV CETATE",CETATE,DJ,1645,39,1,0,40,298,9,32,339,487,16,32,535,706,22,32,760,1054,31,32,1117,1527,41,32,1600
71796,306,"CĂMINUL CULTURAL CETATE",CETATE,DJ,1457,30,0,0,30,111,9,0,120,179,13,87,279,259,20,87,366,549,30,87,666,1244,39,87,1370
71796,307,"SCOALA CU CLS. I-VIII F-B",CETATE,DJ,758,24,1,0,25,102,1,0,103,124,2,0,126,158,6,0,164,286,21,14,321,521,26,14,561
71803,308,"SCOALA CU CLS. I-IV MORENI",MORENI,DJ,436,6,2,0,8,23,7,0,30,66,9,0,75,87,9,0,96,251,14,21,286,373,17,21,411
71821,309,"ȘCOALA CU CLASELE I-VIII CIOROIAȘI",CIOROIAŞI,DJ,841,1,0,0,1,11,4,0,15,18,7,0,25,34,12,0,46,104,35,0,139,144,47,0,191
71849,310,"ȘCOALA CU CLASELE I-IV CIOROIU NOU","CIOROIU NOU",DJ,408,5,0,0,5,6,3,0,9,18,6,0,24,33,8,0,41,74,14,0,88,127,29,0,156
71867,311,"ȘCOALA GIMNAZIALĂ ,,NICOLAE CARAȘ ”","CIUPERCENII NOI",DJ,1530,11,8,0,19,48,8,0,56,187,16,0,203,249,17,0,266,518,37,0,555,753,46,5,804
71867,312,"SCOALA GENERALA CIUPERCENII NOI","CIUPERCENII NOI",DJ,1852,17,1,0,18,52,3,0,55,276,15,0,291,476,22,0,498,767,35,0,802,1113,48,5,1166
71876,313,"SCOALA GENERALA SMÎRDAN",SMÎRDAN,DJ,1036,4,2,0,6,37,2,0,39,83,6,0,89,97,8,0,105,252,18,0,270,374,26,0,400
71894,314,"CAMIN CULTURAL",COŞOVENI,DJ,880,3,0,0,3,22,11,0,33,26,15,0,41,39,20,0,59,76,44,0,120,150,72,0,222
71894,315,"GRADINITA NR. 1",COŞOVENI,DJ,1067,4,0,0,4,22,2,0,24,26,6,0,32,48,10,0,58,96,15,0,111,156,26,0,182
71894,316,"GRADINITA NR. 2",COŞOVENI,DJ,683,3,1,0,4,11,3,0,14,24,5,0,29,35,16,0,51,69,29,0,98,101,37,0,138
71929,317,"SCOALA GIMNAZIALA COTOFENII DIN DOS","COŢOFENII DIN DOS",DJ,846,6,4,0,10,36,10,0,46,52,12,0,64,64,12,0,76,137,26,0,163,218,37,0,255
71947,318,"GRADINITA CU POGRAM NORMAL POTMELTU",POTMELŢU,DJ,423,3,1,0,4,7,6,0,13,17,7,0,24,21,8,0,29,60,13,0,73,79,23,0,102
71938,319,"SCOALA GIMNAZIALA MIHAITA",MIHĂIŢA,DJ,631,14,6,0,20,39,16,0,55,67,22,0,89,76,26,0,102,126,32,0,158,179,44,0,223
70600,320,"ŞCOALA CU CLASELE I-VIII COȚOFENII DIN FAŢĂ","COŢOFENII DIN FAŢĂ",DJ,1313,14,1,0,15,92,1,0,93,135,11,0,146,184,15,0,199,336,34,0,370,427,59,0,486
70584,321,"ȘCOALA CU CLASELE I-IV",BEHARCA,DJ,254,2,0,0,2,11,3,0,14,41,5,0,46,53,8,0,61,102,11,0,113,122,21,0,143
71965,322,"ȘCOALA PROFESIONALĂ DANEŢI",DANEŢI,DJ,1668,7,3,0,10,64,11,0,75,138,26,0,164,156,33,0,189,338,67,0,405,517,103,0,620
71965,323,"ŞCOALA PROFESIONALĂ DANEŢI",DANEŢI,DJ,1405,4,0,0,4,43,4,0,47,94,9,0,103,118,9,0,127,301,16,0,317,454,31,0,485
71983,324,"ŞCOALA GENERALĂ CU CLASELE I-VIII BRANIŞTE",BRANIŞTE,DJ,510,1,0,0,1,19,2,0,21,50,8,0,58,55,8,0,63,81,12,0,93,142,26,0,168
71992,325,"ŞCOALA GENERALĂ CU CLASELE I-IV LOCUSTENI",LOCUSTENI,DJ,475,2,3,0,5,15,6,0,21,30,11,0,41,34,11,0,45,70,19,0,89,122,32,0,154
71974,326,"ŞCOALA GENERALĂ CU CLASELE I-VIII BRABEŢI",BRABEŢI,DJ,848,1,0,0,1,29,18,0,47,94,33,0,127,114,40,0,154,230,80,0,310,335,92,0,427
72043,327,"ŞCOALA GIMNAZIALĂ DESA",DESA,DJ,1193,2,0,0,2,21,0,0,21,45,0,0,45,52,0,0,52,123,2,0,125,226,12,0,238
72043,328,"ŞCOALA GIMNAZIALĂ DESA",DESA,DJ,1367,5,0,0,5,19,1,0,20,50,3,0,53,53,3,0,56,118,4,0,122,299,10,0,309
72043,329,"ŞCOALA GIMNAZIALĂ DESA",DESA,DJ,1347,8,0,0,8,25,0,0,25,48,0,0,48,54,2,0,56,120,4,0,124,243,7,0,250
72061,330,"CLUB CAMIN CULTURAL DIOSTI",DIOŞTI,DJ,993,13,1,0,14,60,11,0,71,92,14,0,106,107,21,0,128,199,34,0,233,244,48,0,292
72089,331,"SCOALA GENERALA CU CLASELE I-IV RADOMIR",RADOMIR,DJ,893,3,3,0,6,19,4,0,23,33,6,0,39,51,7,0,58,93,10,0,103,134,21,0,155
72070,332,"SCOALA GENERALA CU CLASELE I-VIII CIOCANESTI",CIOCĂNEŞTI,DJ,594,4,2,0,6,10,3,0,13,12,4,0,16,18,7,0,25,56,12,0,68,80,13,0,93
72105,333,"ȘCOALA DOBREȘTI",DOBREŞTI,DJ,332,4,1,0,5,10,1,0,11,18,5,0,23,32,5,0,37,61,8,0,69,98,10,0,108
72132,334,"ȘCOALA MURTA",MURTA,DJ,694,6,1,0,7,32,2,0,34,58,2,0,60,70,3,0,73,144,14,0,158,263,21,0,284
72141,335,"ȘCOALA TOCENI",TOCENI,DJ,521,13,2,0,15,20,2,0,22,26,5,0,31,36,7,0,43,96,16,0,112,128,18,0,146
72114,336,"ȘCOALA CĂCIULĂTEȘTI",CĂCIULĂTEŞTI,DJ,412,3,2,0,5,7,4,0,11,7,4,0,11,18,5,0,23,45,13,0,58,64,16,0,80
70691,337,"CĂMINUL CULTURAL",DOBROTEŞTI,DJ,1377,13,2,0,15,46,13,0,59,78,26,0,104,90,29,0,119,232,51,0,283,371,70,0,441
72212,338,"SCOALA CU CLS. I - IV VIIŞOARA",VIIŞOARA,DJ,430,4,0,0,4,24,3,0,27,61,13,0,74,75,15,0,90,127,22,7,156,174,30,7,211
72169,339,"SCOALA VECHE DRĂGOTEŞTI",DRĂGOTEŞTI,DJ,369,15,0,0,15,60,7,0,67,91,12,0,103,94,14,0,108,134,27,7,168,157,32,7,196
72178,340,"SCOALA CU CLS. I - IV BENEŞTI",BENEŞTI,DJ,349,6,0,0,6,40,4,0,44,82,7,5,94,84,12,5,101,99,18,5,122,119,24,5,148
72203,341,"TARG SAPTAMANAL-CLADIREA PRODUSE LACTATE",POPÎNZĂLEŞTI,DJ,488,2,4,0,6,35,10,19,64,52,13,19,84,67,17,19,103,122,26,19,167,143,35,19,197
72196,342,"SCOALA CU CLS. I - IV BUZDUC",BUZDUC,DJ,123,1,1,0,2,13,5,0,18,34,12,9,55,39,12,9,60,55,18,9,82,60,22,9,91
72230,343,"CAMINUL CULTURAL DRANIC",DRĂNIC,DJ,818,3,0,0,3,10,1,0,11,13,1,0,14,30,4,0,34,57,11,0,68,73,15,0,88
72267,344,"SCOALA PRIMARA PADEA",PADEA,DJ,615,4,1,0,5,14,3,0,17,20,4,0,24,34,6,0,40,62,11,0,73,82,20,0,102
72249,345,"SCOALA CU CLASELE I-IV BOOVENI",BOOVENI,DJ,284,1,0,0,1,5,0,0,5,8,0,0,8,11,0,0,11,22,4,0,26,28,5,0,33
72258,346,"SCOALA CU CLASELE I-IV FOISOR",FOIŞOR,DJ,218,3,2,0,5,6,3,0,9,12,4,0,16,20,10,0,30,38,19,0,57,45,22,0,67
72285,347,"CAMINUL CULTURAL FARCAS",FĂRCAŞ,DJ,1011,1,0,0,1,13,9,0,22,65,16,0,81,68,18,0,86,147,31,0,178,237,44,0,281
72310,348,"SCOALA GENERALA GOLUMBU",GOLUMBU,DJ,664,4,3,0,7,16,5,0,21,44,9,0,53,52,11,0,63,138,27,0,165,232,32,0,264
72392,349,"ȘCOALA GIMNAZIALĂ CORP 3","GALICEA MARE",DJ,1203,1,3,0,4,5,4,0,9,20,7,0,27,41,10,0,51,217,23,4,244,426,28,4,458
72392,350,"ȘCOALA GIMNAZIALĂ -CORP 4","GALICEA MARE",DJ,914,2,0,0,2,12,0,0,12,21,2,0,23,42,5,0,47,125,10,0,135,226,26,0,252
72392,351,"ȘCOALA GIMNAZIALĂ - CORP 4","GALICEA MARE",DJ,1226,1,0,0,1,11,0,0,11,18,4,0,22,37,5,0,42,168,13,0,181,295,22,0,317
72524,352,"CAMINUL CULTURAL",GALICIUICA,DJ,1161,20,8,0,28,60,14,0,74,121,21,0,142,162,24,0,186,343,40,0,383,484,53,0,537
72418,353,"ŞCOALA GIMNAZIALĂ GHERCEŞTI",GHERCEŞTI,DJ,845,3,4,0,7,34,9,0,43,54,19,0,73,71,25,0,96,216,65,5,286,284,88,5,377
72427,354,"ŞCOALA GENERALĂ GÂRLEŞTI",GÎRLEŞTI,DJ,378,3,0,0,3,14,5,0,19,50,8,0,58,57,11,0,68,107,23,0,130,155,36,5,196
72445,355,"CLĂDIREA CONSILIULUI LOCAL UNGURENI",UNGURENI,DJ,254,4,1,0,5,24,22,0,46,43,25,0,68,50,26,0,76,91,44,0,135,117,63,3,183
73683,356,"CĂMINUL CULTURAL",GHIDICI,DJ,1850,84,12,0,96,269,35,78,382,453,78,78,609,517,93,78,688,794,146,78,1018,930,161,78,1169
73086,357,"CAMIN CULTURAL",GHINDENI,DJ,1544,19,4,0,23,50,10,0,60,107,23,0,130,127,24,0,151,242,45,0,287,397,92,0,489
72472,358,"CĂMINUL CULTURAL GIGHERA",GIGHERA,DJ,967,15,0,0,15,43,7,0,50,58,9,0,67,78,10,0,88,260,51,0,311,375,65,23,463
72481,359,"CĂMINUL CULTURAL NEDEIA",NEDEIA,DJ,696,5,1,0,6,23,10,0,33,38,14,0,52,55,19,0,74,116,27,0,143,162,37,21,220
72490,360,"CĂMINUL CULTURAL ZĂVAL",ZĂVAL,DJ,621,8,1,0,9,43,6,0,49,89,14,0,103,118,23,0,141,206,39,0,245,313,46,0,359
72515,361,"CAMIN CULTURAL",GIUBEGA,DJ,903,1,2,0,3,29,8,0,37,52,9,0,61,70,14,0,84,128,28,0,156,188,38,0,226
72515,362,"PRIMARIA VECHE",GIUBEGA,DJ,850,2,5,0,7,19,12,0,31,42,17,0,59,57,21,0,78,120,31,0,151,186,54,0,240
72542,363,"SCOALA GIMNAZIALA GIURGITA",GIURGIŢA,DJ,978,7,6,0,13,26,8,0,34,54,19,0,73,66,26,0,92,142,58,0,200,242,72,0,314
72542,364,"GRADINITA PORTARESTI",GIURGIŢA,DJ,958,4,6,0,10,20,15,0,35,49,17,0,66,67,18,0,85,166,32,0,198,275,44,0,319
72551,365,"GRADINITA CURMATURA",CURMĂTURA,DJ,421,3,3,0,6,6,4,0,10,9,6,0,15,11,7,0,18,33,18,0,51,94,28,0,122
72588,366,"CĂMINUL CULTURAL GÎNGIOVA",GÎNGIOVA,DJ,1159,3,3,0,6,11,5,0,16,28,5,0,33,39,9,0,48,101,18,0,119,146,22,0,168
72597,367,"CĂMINUL CULTURAL COMOŞTENI",COMOŞTENI,DJ,845,3,2,0,5,18,4,0,22,27,5,0,32,35,5,0,40,91,17,0,108,152,23,0,175
72613,368,"CĂMINUL CULTURAL GOGOŞU",GOGOŞU,DJ,184,2,0,0,2,11,3,0,14,22,20,0,42,28,23,0,51,50,30,0,80,68,33,0,101
72622,369,"ŞCOALA CU CLASELE I-IV",GOGOŞIŢA,DJ,154,0,0,0,0,6,3,0,9,11,3,0,14,13,7,0,20,52,18,0,70,76,26,0,102
72631,370,"ŞCOALA CU CLASELE I-IV",ŞTEFĂNEL,DJ,152,3,0,0,3,8,5,0,13,11,5,0,16,13,6,0,19,68,29,0,97,84,40,0,124
72659,371,"GRĂDINIȚA NR.1",GOICEA,DJ,1202,105,26,0,131,222,69,0,291,278,77,40,395,316,88,40,444,445,122,40,607,520,148,42,710
72659,372,"GRĂDINIȚA NR.2",GOICEA,DJ,900,12,1,0,13,70,11,0,81,112,11,19,142,154,18,19,191,210,40,19,269,247,43,19,309
72686,373,"CAMIN CULTURAL GOIESTI SALA",GOIEŞTI,DJ,1150,4,2,0,6,30,8,0,38,48,14,0,62,67,23,0,90,161,49,0,210,276,69,0,345
72739,374,"SCOALA CLS I-IV MOGOSESTI SALA",MOGOŞEŞTI,DJ,483,3,3,0,6,10,7,0,17,18,10,0,28,25,11,0,36,53,15,0,68,96,19,0,115
72720,375,"SCOALA CU CLS I-IV MALAESTI SALA",MĂLĂEŞTI,DJ,480,6,4,0,10,14,6,0,20,28,9,0,37,38,9,0,47,102,23,0,125,159,34,0,193
72784,376,"SCOALA CU CLS I-VIII TANDARA SALA",ŢANDĂRA,DJ,432,0,1,0,1,14,2,0,16,37,12,0,49,44,16,0,60,86,19,0,105,144,28,0,172
72837,377,"ȘCOALA BĂRBOI",BĂRBOI,DJ,309,10,0,0,10,37,10,10,57,57,14,10,81,66,17,10,93,90,26,10,126,113,34,10,157
72828,378,"ȘCOALA GRECEȘTI",GRECEŞTI,DJ,232,6,5,0,11,22,9,5,36,42,17,5,64,45,21,5,71,100,41,5,146,128,53,5,186
72846,379,"ȘCOALA BUSU",BUSU,DJ,541,9,1,0,10,47,10,11,68,73,13,11,97,120,26,11,157,173,26,11,210,240,39,11,290
72873,380,"ȘCOALA GROPANELE",GROPANELE,DJ,240,4,2,0,6,9,2,0,11,18,5,0,23,23,5,0,28,61,14,0,75,80,20,0,100
70101,381,"ŞCOALA GIMNAZIALĂ ELIZA OPRAN",IŞALNIŢA,DJ,1675,8,4,0,12,58,18,48,124,121,21,48,190,136,25,48,209,356,58,52,466,662,96,52,810
70101,382,"ŞCOALA GIMNAZIALĂ ELIZA OPRAN",IŞALNIŢA,DJ,1759,8,9,0,17,57,31,0,88,117,53,11,181,210,56,11,277,543,97,28,668,926,134,28,1088
72891,383,"GRADINITA IZVOARE",IZVOARE,DJ,967,11,5,0,16,41,18,0,59,95,35,0,130,125,42,0,167,186,90,28,304,245,105,28,378
72908,384,"SCOALA CLASELE I-IV",CORLATE,DJ,269,10,6,0,16,60,16,14,90,116,35,14,165,122,37,14,173,162,54,21,237,212,61,21,294
73889,385,"SCOALA GIMNAZIALA N. GH. POPESCU",ÎNTORSURA,DJ,1220,18,4,0,22,65,22,0,87,94,26,0,120,132,35,0,167,229,69,0,298,282,85,0,367
72935,386,"GRADINA DE VARA LEU",LEU,DJ,1436,11,2,0,13,34,7,0,41,68,14,0,82,132,18,0,150,275,42,0,317,359,58,0,417
72935,387,"GRADINA DE VARA LEU",LEU,DJ,1543,15,1,0,16,46,19,0,65,74,28,0,102,131,37,0,168,314,80,0,394,500,106,0,606
72944,388,GRADINITAZĂNOAGA,ZĂNOAGA,DJ,954,5,2,0,7,15,7,0,22,25,11,0,36,40,21,0,61,135,43,0,178,203,59,0,262
72962,389,"SCOALA GIMNAZIALA CLASELE I-VIIIPETRE MANARCESCU",LIPOVU,DJ,1298,5,4,0,9,9,4,0,13,9,5,0,14,11,5,0,16,26,8,0,34,53,13,0,66
72962,390,"LOCAL PRIMĂRIE",LIPOVU,DJ,876,1,1,0,2,11,2,0,13,14,3,0,17,14,4,0,18,35,5,0,40,39,8,0,47
72971,391,"SCOALA PRIMARA CLSELE I-VIII","LIPOVU DE SUS",DJ,164,0,3,0,3,2,5,0,7,4,6,0,10,4,7,0,11,4,8,0,12,9,12,0,21
73040,392,"SCOALA CU CLASELE I-VIII MAGLAVIT",MAGLAVIT,DJ,1821,11,0,0,11,38,6,0,44,57,7,0,64,130,24,0,154,216,44,1,261,350,49,1,400
73040,393,"SCOALA CLASELE I-IV MAGLAVIT",MAGLAVIT,DJ,1040,5,1,0,6,22,12,0,34,38,15,0,53,66,21,0,87,156,46,0,202,195,52,0,247
73041,394,"ȘCOALA GENERALĂ HUNIA",HUNIA,DJ,1086,5,1,0,6,11,5,0,16,20,12,0,32,55,17,0,72,113,34,0,147,173,38,0,211
73077,395,"LICEUL TEHNOLOGIC ""ING. IONETE AURELIAN""","MALU MARE",DJ,949,5,5,0,10,14,12,0,26,36,13,0,49,40,14,0,54,88,40,7,135,142,46,7,195
73095,396,"ŞCOALA PRIMARĂ PREAJBA",PREAJBA,DJ,2020,6,0,0,6,23,5,0,28,33,9,0,42,46,17,0,63,121,37,0,158,208,65,0,273
73077,397,"ȘCOALA GIMNAZIALĂ MALU MARE","MALU MARE",DJ,1224,5,3,0,8,24,6,0,30,36,11,0,47,56,12,0,68,104,17,0,121,141,20,0,161
72999,398,"PRIMĂRIA MĂCEŞU DE JOS","MĂCEŞU DE JOS",DJ,805,22,2,0,24,57,20,0,77,74,36,0,110,104,45,0,149,273,90,11,374,407,116,11,534
73004,399,"ŞCOALA SĂPATA",SĂPATA,DJ,266,4,0,0,4,14,17,0,31,22,31,0,53,29,31,0,60,57,46,0,103,86,55,0,141
73022,400,CAMINULCULTURAL,"MĂCEŞU DE SUS",DJ,1037,21,8,0,29,75,16,0,91,97,21,0,118,121,25,0,146,180,32,0,212,228,38,0,266
73111,401,"CĂMINUL CULTURAL MELINEŞTI",MELINEŞTI,DJ,945,3,1,0,4,40,7,20,67,52,12,20,84,87,24,20,131,164,37,20,221,233,47,20,300
73166,402,"ŞCOALAGENERALĂ NEGOIEŞTI",NEGOIEŞTI,DJ,1172,8,0,0,8,45,7,0,52,59,14,0,73,86,17,0,103,166,37,0,203,256,50,0,306
73120,403,"SEDIUL FOSTEI ŞCOLI GENERALE BODAIESTI",BODĂIEŞTI,DJ,606,8,1,0,9,18,1,0,19,24,5,0,29,36,6,0,42,70,14,0,84,99,17,0,116
73139,404,"ŞCOALA GENERALĂ BODĂIEŞTII DE SUS","BODĂIEŞTII DE SUS",DJ,243,2,3,0,5,3,4,0,7,5,5,0,10,7,6,0,13,27,7,0,34,56,11,0,67
73219,405,"ŞCOALA GENERALĂ SPINENI",SPINENI,DJ,257,1,1,0,2,17,8,0,25,54,14,0,68,58,15,0,73,83,20,1,104,112,26,1,139
73255,406,"ŞCOALA GENERALĂ MISCHII",MISCHII,DJ,500,6,4,0,10,32,28,0,60,68,56,0,124,76,60,0,136,133,96,0,229,175,111,0,286
73282,407,"ŞCOALA GENERALĂ MLECĂNEŞTI",MLECĂNEŞTI,DJ,442,4,4,0,8,26,12,0,38,55,22,0,77,71,23,0,94,125,54,0,179,182,63,0,245
73308,408,"ŞCOALA GENERALĂ URECHEŞTI",URECHEŞTI,DJ,404,0,3,0,3,20,9,0,29,36,17,0,53,47,25,0,72,118,62,0,180,149,79,0,228
73264,409,"ŞCOALA GENERALĂ CĂLINEŞTI",CĂLINEŞTI,DJ,108,2,4,0,6,12,16,0,28,17,17,0,34,20,18,0,38,42,28,0,70,49,29,0,78
73326,410,"ȘCOALA GENERALĂ NR. 2 MÎRȘANI",MÎRŞANI,DJ,1462,8,1,0,9,54,4,0,58,97,7,0,104,127,10,0,137,296,26,38,360,421,46,38,505
73326,411,"ȘCOALA GENERALĂ NR. 1 MÎRȘANI",MÎRŞANI,DJ,1107,0,2,0,2,56,8,0,64,89,9,0,98,122,14,0,136,239,31,10,280,325,41,10,376
73326,412,"ȘCOALA GENERALĂ NR. 3 MÎRȘANI",MÎRŞANI,DJ,1220,17,1,0,18,45,3,0,48,93,6,0,99,127,6,0,133,264,16,10,290,424,34,11,469
73362,413,"ŞCOALA MOŢĂŢEI GARĂ","MOŢĂŢEI GARĂ",DJ,693,3,0,0,3,11,0,0,11,37,3,0,40,45,3,0,48,94,6,0,100,134,12,0,146
73344,414,"GRĂDINIŢA NR. 2 MOŢĂŢEI",MOŢĂŢEI,DJ,1774,14,0,0,14,34,1,0,35,68,1,0,69,107,4,0,111,194,15,0,209,337,16,0,353
73344,415,"ŞCOALA NR. 1 MOŢĂŢEI",MOŢĂŢEI,DJ,1136,5,2,0,7,25,2,0,27,42,7,0,49,73,13,0,86,127,24,0,151,226,27,0,253
73344,416,"GRĂDINIŢA NR. 3 MOŢĂŢEI",MOŢĂŢEI,DJ,1600,7,1,0,8,35,4,0,39,84,6,0,90,115,10,0,125,208,22,0,230,382,27,0,409
73353,417,"GRĂDINIŢA NR. 2 DOBRIDOR",DOBRIDOR,DJ,642,8,3,0,11,16,6,0,22,25,8,0,33,32,13,0,45,69,19,0,88,145,29,0,174
73424,418,"ŞCOALA CU CLASELE I-VIII MURGAŞI",MURGAŞI,DJ,863,27,15,0,42,71,28,0,99,133,44,0,177,158,51,0,209,257,78,0,335,385,103,12,500
73380,419,"GRĂDINIŢA BALOTA DE JOS","BALOTA DE JOS",DJ,716,27,1,0,28,150,18,0,168,237,35,0,272,257,37,0,294,350,48,0,398,440,63,0,503
73451,420,"ŞCOALA CU CLASELE I-IV VELEŞTI",VELESTI,DJ,379,5,4,0,9,53,23,0,76,67,26,0,93,92,34,0,126,170,50,0,220,349,55,0,404
73479,421,"SCOALA GIMNAZIALA NEGOI",NEGOI,DJ,931,22,2,0,24,60,3,0,63,87,9,20,116,100,12,20,132,174,19,21,214,270,26,21,317
73479,422,"SCOALA GIMNAZIALA NEGOI",NEGOI,DJ,794,0,2,0,2,17,4,0,21,42,10,0,52,52,13,0,65,109,16,16,141,207,23,16,246
73512,423,"ŞCOALA GENERALĂ ORODEL",ORODEL,DJ,944,22,7,0,29,65,12,0,77,98,13,0,111,157,16,0,173,292,32,0,324,377,40,0,417
73549,424,"ŞCOALA GENERALĂCORNU",CORNU,DJ,431,8,5,0,13,29,12,0,41,35,14,0,49,49,16,0,65,99,35,0,134,144,41,0,185
73558,425,"ŞCOALA GENERALĂTEIU",TEIU,DJ,184,3,2,0,5,7,3,0,10,39,5,0,44,49,5,0,54,62,8,0,70,75,9,0,84
73530,426,"ŞCOALA GENERALĂ CĂLUGĂREI",CĂLUGĂREI,DJ,517,6,4,0,10,41,6,0,47,84,11,0,95,111,18,0,129,207,36,0,243,274,47,0,321
73576,427,"CĂMINUL CULTURAL OSTROVENI",OSTROVENI,DJ,1106,12,1,0,13,34,7,0,41,86,10,0,96,102,14,0,116,270,30,0,300,461,37,0,498
73576,428,"GRĂDINIŢA DE COPII ORĂŞANI",OSTROVENI,DJ,1128,11,2,0,13,55,8,0,63,96,15,0,111,121,20,0,141,276,43,0,319,485,48,0,533
73576,429,"GRĂDINIŢA DE COPII GRINDENI",OSTROVENI,DJ,564,4,2,0,6,23,9,0,32,59,22,0,81,68,22,0,90,125,26,0,151,177,34,0,211
73585,430,"ŞCOALA GIMNAZIALĂ LIŞTEAVA",LIŞTEAVA,DJ,1228,12,0,0,12,67,12,0,79,87,13,0,100,100,14,0,114,261,29,0,290,439,33,0,472
73601,431,"ŞCOALA PRIMARĂ(LOCAL VECHI)",PERIŞOR,DJ,1156,3,0,0,3,20,9,0,29,27,12,0,39,57,35,0,92,238,75,0,313,223,98,0,321
73610,432,"ŞCOALA PRIMARĂ CL. I-IV",MĂRĂCINELE,DJ,217,1,0,0,1,3,1,0,4,5,5,0,10,9,9,0,18,30,17,0,47,51,28,0,79
73638,433,"ŞCOALA GIMNAZIALĂPIELEŞTI",PIELEŞTI,DJ,1250,5,2,0,7,18,50,0,68,30,114,0,144,40,120,0,160,82,159,0,241,115,173,0,288
73638,434,"SEDIUL FOSTEI ŞCOLI GENERALE NR 2 PIELEŞTI",PIELEŞTI,DJ,1326,3,0,0,3,19,2,0,21,20,5,0,25,31,7,0,38,74,15,0,89,91,18,0,109
73647,435,"ŞCOALA GIMNAZIALĂ PIELEŞTI",CÎMPENI,DJ,626,5,3,0,8,16,4,0,20,21,4,0,25,23,4,0,27,57,12,0,69,89,15,0,104
73674,436,"CAMINUL CULTURAL PISCU VECHI","PISCU VECHI",DJ,952,25,7,0,32,151,11,0,162,275,17,0,292,286,18,0,304,464,32,0,496,553,48,0,601
73692,437,"SCOALA PISCULET",PISCULEŢ,DJ,246,6,3,0,9,61,5,0,66,87,6,0,93,90,6,0,96,113,13,0,126,122,15,0,137
73674,438,"SCOALA GIMNAZIALA PISCU VECHI","PISCU VECHI",DJ,980,60,0,0,60,161,9,0,170,289,15,0,304,315,20,0,335,390,27,0,417,492,33,0,525
73718,439,"LICEUL TEHNOLOGIC C.N. PLOPSOR",PLENIŢA,DJ,1042,13,2,0,15,45,7,8,60,65,8,8,81,90,13,8,111,212,25,10,247,306,40,10,356
73718,440,"SCOALA CU CALSELE I-VIII LOCAL B POIANA",PLENIŢA,DJ,955,11,0,0,11,62,1,0,63,88,2,0,90,133,2,0,135,231,5,8,244,284,9,8,301
73718,441,"GRADINITA ""ALBA CA ZAPADA""",PLENIŢA,DJ,1069,11,1,0,12,40,4,0,44,82,8,40,130,106,11,40,157,223,23,40,286,312,29,40,381
73727,442,"SCOALA CU CLASELEI-IV DIN SATUL CASTRELE TRAIANE","CASTRELE TRAIANE",DJ,654,8,0,0,8,24,0,0,24,43,4,0,47,65,7,0,72,122,11,10,143,161,13,10,184
73834,443,"SCOALA GIMNAZIALA PLEŞOI",PLEŞOI,DJ,1027,18,2,0,20,54,14,0,68,150,32,0,182,192,36,0,228,439,61,0,500,633,82,0,715
70147,444,"ŞCOALA GENERALĂ BRANIŞTE",BRANIŞTE,DJ,678,4,2,0,6,42,10,0,52,74,17,0,91,78,18,0,96,128,29,0,157,167,37,0,204
70138,445,"ŞCOALA GENERALĂ BALTA VERDE","BALTA VERDE",DJ,425,1,0,0,1,17,7,0,24,33,10,0,43,38,13,0,51,68,16,0,84,90,20,0,110
70129,446,"PRIMĂRIA PODARI",PODARI,DJ,1390,17,2,0,19,40,5,0,45,58,8,4,70,88,13,4,105,182,27,4,213,250,41,5,296
70129,447,"ŞCOALA GENERALĂ PODARI",PODARI,DJ,1942,5,0,0,5,24,0,0,24,37,0,0,37,52,3,0,55,135,19,0,154,205,32,0,237
70165,448,"ŞCOALA GENERALĂ LIVEZI",LIVEZI,DJ,753,6,2,0,8,15,4,0,19,26,8,0,34,42,8,0,50,81,17,0,98,103,22,0,125
70156,449,"ŞCOALA GENERALĂ GURA VĂII","GURA VĂII",DJ,372,9,4,0,13,18,10,0,28,28,13,0,41,30,15,0,45,64,22,0,86,94,28,0,122
73745,450,"ŞCOALA PRIMARĂ I-IV SÎRBI","POIANA MARE",DJ,1494,10,0,0,10,47,7,0,54,86,7,0,93,109,8,0,117,213,17,0,230,343,26,0,369
73745,451,"ŞCOALA GENERALĂ DRAGU","POIANA MARE",DJ,1583,14,4,0,18,57,5,0,62,83,7,0,90,98,7,0,105,178,17,0,195,282,22,0,304
73745,452,"ŞCOALA GENERALĂ 3 CENTRU","POIANA MARE",DJ,1389,10,3,0,13,21,8,0,29,63,10,138,211,80,14,138,232,120,25,138,283,197,29,138,364
73745,453,"LICEUL GEORGEST. MARINCU","POIANA MARE",DJ,1267,3,0,0,3,27,2,0,29,70,4,0,74,82,4,0,86,162,9,0,171,240,13,0,253
73745,454,"ŞCOALA GENERALĂ TRAISTARU","POIANA MARE",DJ,1673,7,0,0,7,43,8,0,51,74,10,1,85,101,11,1,113,183,16,1,200,293,25,2,320
73763,455,"ŞCOALA GENERALĂ TUNARII VECHI","TUNARII VECHI",DJ,1084,1,0,0,1,18,1,0,19,37,5,0,42,41,5,0,46,107,13,0,120,189,17,0,206
73754,456,"ŞCOALA GENERALĂ TUNARII NOI","TUNARII NOI",DJ,415,1,2,0,3,6,5,0,11,17,10,0,27,25,12,0,37,74,13,0,87,126,17,0,143
73781,457,"ŞC.GIMNAZIALĂ PREDEŞTI",PREDEŞTI,DJ,1669,8,18,0,26,62,37,0,99,111,52,0,163,135,78,0,213,274,169,0,443,438,201,0,639
73861,458,"ŞCOALA GIMNAZIALA RADOVAN",RADOVAN,DJ,814,3,2,0,5,19,4,0,23,63,9,0,72,109,17,0,126,229,48,0,277,267,68,0,335
73870,459,"CAMIN CULTURAL FÂNTÂNELE",FÎNTÎNELE,DJ,77,0,1,0,1,2,5,0,7,3,6,0,9,6,6,0,12,14,10,0,24,22,19,0,41
73898,460,"CAMIN CULTURAL TÂRNAVA",TÎRNAVA,DJ,149,1,2,0,3,9,6,0,15,18,8,0,26,18,16,0,34,32,30,0,62,44,32,0,76
73914,461,"CAMINUL CULTURAL",RAST,DJ,1678,8,2,0,10,67,13,0,80,122,22,0,144,139,25,0,164,250,33,0,283,361,47,0,408
73914,462,"SEDIUL NOU PRIMARIE",RAST,DJ,1186,7,0,0,7,40,3,0,43,66,6,0,72,77,7,0,84,166,16,0,182,270,23,0,293
73932,463,"CĂMIN CULTURAL","ROBĂNEŞTII DE JOS",DJ,505,2,3,0,5,22,9,0,31,37,14,0,51,56,18,0,74,118,34,0,152,176,46,3,225
73950,464,"ŞCOALA GOLFIN",GOLFIN,DJ,503,3,0,0,3,21,2,0,23,34,12,0,46,40,12,0,52,112,39,0,151,154,50,0,204
73969,465,"ŞCOALA LĂCRIŢA MARE","LĂCRIŢA MARE",DJ,476,6,1,0,7,20,5,0,25,40,8,0,48,56,10,0,66,116,29,0,145,173,55,0,228
73987,466,"ŞCOALA ROBĂNEŞTII DE SUS","ROBĂNEŞTII DE SUS",DJ,509,5,0,0,5,25,3,0,28,48,8,0,56,58,10,0,68,101,18,0,119,190,32,1,223
71242,467,"SCOALA GIMNAZIALA ROJISTE",ROJIŞTE,DJ,1456,18,1,0,19,175,45,0,220,353,74,0,427,380,75,0,455,483,87,0,570,529,98,0,627
71251,468,"ŞCOALA CUCLS.I-IV",TÂMBUREŞTI,DJ,525,12,2,0,14,57,4,0,61,99,12,0,111,120,15,0,135,187,24,0,211,212,34,0,246
74000,469,"SCOALA GIMNAZIALA STRUCTURA RAIETI",SADOVA,DJ,533,3,6,0,9,23,9,0,32,39,11,0,50,39,14,0,53,95,25,0,120,154,28,0,182
74000,470,"SCOALA GIMNAZIALA STRUCTURA RAIETI",SADOVA,DJ,1336,2,3,0,5,59,5,0,64,140,6,0,146,195,6,0,201,452,8,0,460,560,11,0,571
74000,471,"SCOALA GIMNAZIALA SADOVA LOCAL VALE",SADOVA,DJ,1214,7,2,0,9,16,2,0,18,29,3,0,32,59,3,0,62,128,8,0,136,241,10,0,251
74000,472,"SCOALA GIMNAZIALA SADOVA, LOCAL DEAL",SADOVA,DJ,1234,3,2,0,5,55,9,29,93,111,10,29,150,133,18,29,180,343,28,29,400,514,61,29,604
74000,473,"ŞCOALA GIMNAZIALĂ STRUCTURA DAMIAN",SADOVA,DJ,1374,5,2,0,7,18,4,0,22,73,6,0,79,150,10,0,160,524,20,0,544,689,24,0,713
74019,474,"ŞCOALA GIMNAZIALĂ SADOVA, STRUCTURA PISCU – SADOVEI LOCAL VECHI","PISCU SADOVEI",DJ,958,13,3,0,16,30,3,0,33,95,3,0,98,95,5,0,100,150,8,0,158,282,16,0,298
74037,475,"ŞCOALA VECHE SĂLCUŢA",SĂLCUŢA,DJ,877,2,1,0,3,7,3,0,10,57,5,0,62,67,11,0,78,93,17,0,110,113,20,0,133
74064,476,"ŞCOALA VECHE TENCĂNĂU",TENCĂNĂU,DJ,674,4,0,0,4,16,0,0,16,19,0,0,19,36,0,0,36,76,0,0,76,115,0,0,115
74082,477,"ŞCOALA GENERALĂ SCAEŞTI",SCĂEŞTI,DJ,894,13,1,0,14,52,12,0,64,86,21,0,107,105,23,0,128,248,57,12,317,351,84,12,447
74091,478,"ŞCOALA GENERALĂ VALEA LUI PĂTRU","VALEA LUI PĂTRU",DJ,758,5,1,0,6,30,7,0,37,50,12,0,62,64,14,0,78,173,31,2,206,234,36,2,272
74117,479,"ŞCOALA GIMNAZIALĂ CU CLASELE I-VIII DIN SEACA DE CÎMP","SEACA DE CÎMP",DJ,780,16,2,0,18,41,3,0,44,65,5,0,70,81,8,0,89,161,21,0,182,245,38,37,320
74126,480,"GRĂDINIȚA SEACA DE CÎMP, SATPISCU NOU","PISCU NOU",DJ,742,19,4,0,23,49,9,0,58,85,16,0,101,93,16,0,109,170,46,12,228,279,56,12,347
74144,481,"ŞCOALA SEACA DE PĂDURE","SEACA DE PĂDURE",DJ,322,18,8,0,26,65,25,0,90,103,32,0,135,131,42,0,173,170,61,7,238,197,76,7,280
74162,482,"ŞCOALA VELENI",VELENI,DJ,315,2,3,0,5,28,4,0,32,50,7,0,57,54,9,0,63,109,26,0,135,149,38,0,187
74153,483,"ŞCOALA RĂCHITA DE SUS","RĂCHITA DE SUS",DJ,141,1,4,0,5,15,5,0,20,27,7,0,34,30,9,0,39,50,22,0,72,68,26,6,100
74180,484,"ȘCOALA GEN.CLASELE I-IV SECU",SECU,DJ,648,2,3,0,5,21,7,0,28,46,16,0,62,57,20,0,77,227,55,0,282,307,58,0,365
74206,485,"ŞCOALA GENERALĂ CU CLS. I-IV SMADOVICIOARA","SMADOVICIOARA DE SECU",DJ,167,3,0,0,3,11,2,0,13,18,2,0,20,21,2,0,23,62,5,0,67,110,7,0,117
74233,486,"CĂMINUL CULTURAL","SILIŞTEA CRUCII",DJ,1241,9,1,0,10,22,4,0,26,37,4,0,41,46,12,0,58,89,24,0,113,122,36,0,158
74251,487,"SCOALA CU CLASELE I-IV SOPOT",SOPOT,DJ,393,7,9,0,16,32,28,0,60,68,37,0,105,81,38,0,119,161,73,0,234,192,88,0,280
74279,488,"SCOALA CU CLASELE I-VIII BELOŢ",BELOŢ,DJ,255,5,12,0,17,32,32,0,64,40,36,0,76,50,40,0,90,93,58,0,151,118,68,0,186
74313,489,"SCOALA SÎRSCA",SÎRSCA,DJ,141,3,4,0,7,9,11,0,20,12,13,0,25,19,16,0,35,29,35,0,64,43,43,0,86
74260,490,"SCOALA CU CLASELE I-IV BAŞCOV",BAŞCOV,DJ,293,2,4,0,6,10,7,0,17,29,13,0,42,47,17,0,64,103,21,0,124,168,24,0,192
74304,491,"SCOALA CU CLASELE I-IV PIETROAIA",PIETROAIA,DJ,344,0,0,0,0,9,1,0,10,12,2,0,14,17,2,0,19,57,13,0,70,79,22,0,101
70192,492,"GRADINITA ALBESTI",ALBEŞTI,DJ,843,7,1,0,8,27,7,0,34,43,9,0,52,53,12,0,65,83,19,0,102,123,39,0,162
70227,493,"SCOALA DUDOVICESTI",DUDOVICEŞTI,DJ,741,3,0,0,3,10,3,0,13,19,8,0,27,21,9,0,30,70,22,0,92,91,40,0,131
70245,494,"CAMIN CULTURAL FLORESTI",FLOREŞTI,DJ,594,0,2,0,2,8,5,0,13,18,8,0,26,34,13,0,47,52,25,0,77,70,32,0,102
70254,495,"SCOALA IZVOR",IZVOR,DJ,564,2,0,0,2,9,3,0,12,12,5,0,17,16,8,0,24,48,20,0,68,110,22,0,132
70272,496,"GRADINITA LESILE",LEŞILE,DJ,751,2,0,0,2,21,6,0,27,24,8,0,32,34,12,0,46,85,25,0,110,140,35,0,175
70281,497,"SCOALA MILESTI",MILEŞTI,DJ,684,0,2,0,2,11,5,0,16,21,9,0,30,27,10,0,37,45,15,0,60,79,28,0,107
72374,498,"SCOALA GIMNAZIALA TĂLPAȘ",TĂLPAŞ,DJ,1001,7,0,0,7,34,11,0,45,63,16,0,79,75,18,0,93,232,42,0,274,364,69,0,433
74331,499,"ŞCOALA GIMNAZIALĂ TEASC",TEASC,DJ,1358,1,0,0,1,9,2,0,11,26,4,0,30,35,5,0,40,134,21,0,155,246,39,0,285
74340,500,"ŞCOALA GIMNAZIALĂ SECUI",SECUI,DJ,1187,5,2,0,7,24,6,0,30,46,14,0,60,62,15,0,77,136,24,0,160,230,43,0,273
74368,501,"ŞCOALA GENERALĂ TERPEZIŢA",TERPEZIŢA,DJ,710,20,10,0,30,51,19,0,70,83,30,0,113,162,40,0,202,289,70,0,359,367,105,21,493
74386,502,"ŞCOALA CU CLASELE I-IV CĂCIULATU",CĂCIULATU,DJ,279,13,2,0,15,35,14,0,49,60,21,0,81,77,26,0,103,119,32,0,151,144,33,9,186
74402,503,"ŞCOALA CU CLASELE I-IV LAZU",LAZU,DJ,272,272,1,0,273,28,9,0,37,44,18,0,62,52,22,0,74,117,36,0,153,132,41,13,186
74420,504,"SCOALA GIMNAZIALA TESLUI",TESLUI,DJ,471,5,1,0,6,59,13,0,72,78,20,0,98,102,20,0,122,183,37,0,220,169,46,0,215
74466,505,"ȘCOALA GENERALĂ CLASELE V-VIII PREAJBA DE PĂDURE","PREAJBA DE PĂDURE",DJ,662,19,3,0,22,115,23,0,138,159,29,0,188,177,33,0,210,282,50,0,332,328,57,0,385
74475,506,"ȘCOALA CLASELE I-IV ȚĂRȚĂL",ŢĂRŢĂL,DJ,274,4,0,0,4,41,10,0,51,63,12,0,75,70,17,0,87,91,25,0,116,130,31,0,161
74484,507,"SCOALA VIISOARA MOSNENI",URIENI,DJ,430,7,2,0,9,34,9,0,43,81,10,0,91,96,13,0,109,130,18,0,148,166,27,0,193
74518,508,"ȘCOALA GIMNAZIALĂ ȚUGLUI",ŢUGLUI,DJ,1317,16,0,0,16,68,1,0,69,101,4,0,105,126,6,0,132,213,27,0,240,298,34,0,332
74518,509,"GRĂDINIȚA NR 2 ȚUGLUI",ŢUGLUI,DJ,883,12,1,0,13,60,5,0,65,71,6,0,77,84,8,0,92,162,18,0,180,236,19,0,255
74527,510,"DISPENSAR UMAN",JIUL,DJ,217,4,5,0,9,13,9,0,22,24,13,0,37,38,18,0,56,69,21,0,90,80,25,0,105
74545,511,"SCOALA DIN VALE NR.1",UNIREA,DJ,1652,8,18,0,26,28,40,0,68,82,62,0,144,133,70,0,203,276,124,0,400,445,164,0,609
74545,512,"SCOALA NR.2",UNIREA,DJ,1419,12,4,0,16,40,20,0,60,70,22,0,92,101,24,0,125,251,54,42,347,378,68,42,488
74563,513,"SCOALA CU CLS. I-VIII BARBU IONESCU URZICUTA",URZICUŢA,DJ,1870,7,4,0,11,39,14,0,53,70,15,0,85,103,18,0,121,197,38,5,240,361,51,5,417
74572,514,"CORP ADMINISTRATIV - PRIMARIE","URZICA MARE",DJ,391,4,2,0,6,8,8,0,16,19,13,0,32,27,13,0,40,56,18,0,74,84,24,0,108
74590,515,"SCOALA CU CLASELE I-VIII","VALEA STANCIULUI",DJ,1184,10,0,0,10,41,9,0,50,51,17,0,68,102,32,0,134,273,59,0,332,347,66,0,413
74607,516,"SCOALA CU CLASELE I-VIII","HOREZU POENARI",DJ,1351,1,0,0,1,27,2,0,29,72,4,0,76,107,10,0,117,258,16,0,274,316,23,0,339
74590,517,"GRADINITA TUGURESTI","VALEA STANCIULUI",DJ,536,7,2,0,9,34,9,0,43,43,10,0,53,58,14,0,72,103,27,0,130,131,31,0,162
74590,518,"CAMINUL CULTURAL BIRZA","VALEA STANCIULUI",DJ,679,10,1,0,11,41,6,0,47,54,11,0,65,81,24,0,105,156,36,0,192,175,39,0,214
74607,519,"SCOALA CU CLASELE I-IV","HOREZU POENARI",DJ,580,2,0,0,2,52,8,0,60,68,11,0,79,85,17,0,102,150,30,0,180,200,35,0,235
74625,520,"ŞCOALA CU CLASELE I-VIII VELA",VELA,DJ,346,4,0,0,4,22,10,0,32,76,29,0,105,82,32,0,114,124,42,0,166,148,49,7,204
74634,521,"ŞCOALA CU CLASELE I-IV BUCOVICIOR",BUCOVICIOR,DJ,323,1,0,0,1,9,1,0,10,19,2,0,21,27,4,0,31,77,12,0,89,104,20,0,124
74698,522,"ŞCOALA CU CLASELE I-IV STIUBEI",ŞTIUBEI,DJ,82,1,2,0,3,7,2,0,9,22,9,0,31,22,10,0,32,28,17,0,45,37,17,7,61
74661,523,"ŞCOALA CU CLASELE I-VIII GUBAUCEA",GUBAUCEA,DJ,502,6,2,0,8,20,4,0,24,44,7,10,61,58,7,10,75,143,15,10,168,231,21,10,262
74689,524,"ŞCOALA CU CLASELE I-IV SUHARU",SUHARU,DJ,218,3,2,0,5,16,6,0,22,41,12,6,59,50,14,6,70,72,24,6,102,93,25,6,124
74714,525,"ŞCOALA GIMNAZIALĂ",VERBIŢA,DJ,654,7,1,0,8,15,1,0,16,37,8,0,45,50,11,0,61,126,18,0,144,205,23,0,228
74723,526,"GRĂDINIŢA CU PROGRAM NORMAL",VERBICIOARA,DJ,387,8,3,0,11,24,7,0,31,56,9,0,65,68,10,0,78,92,21,0,113,120,24,0,144
74741,527,"ŞCOALA GIMNAZIALĂ VÎRTOP",VÎRTOP,DJ,1339,72,4,0,76,148,16,0,164,205,20,0,225,239,21,0,260,382,52,0,434,904,88,0,992
74830,528,"ŞCOALA CU CLASELE I-IV VÎRVOR",VÎRVOR,DJ,524,5,0,0,5,17,5,0,22,38,13,0,51,64,18,0,82,130,35,3,168,172,48,3,223
74769,529,"ŞCOALA CU CLASELE I-VIII VÎRVORU DE JOS","VÎRVORU DE JOS",DJ,967,14,36,0,50,32,43,0,75,46,45,0,91,73,56,0,129,188,89,26,303,268,113,26,407
74787,530,"SCOALA CU CLASELE I-IV CIUTURA",CIUTURA,DJ,594,9,1,0,10,31,13,0,44,37,22,0,59,54,30,0,84,180,70,22,272,227,85,22,334
77821,1,"UNIVERSITATEA „CONSTANTIN BRÂNCUȘI”","TÎRGU JIU",GJ,1398,19,0,0,19,51,7,0,58,72,9,0,81,98,10,0,108,191,25,71,287,260,33,71,364
77821,2,"COLEGIUL NAȚIONAL TUDOR VLADIMIRESCU","TÎRGU JIU",GJ,1144,19,3,0,22,60,6,0,66,75,6,0,81,86,6,0,92,169,12,0,181,235,17,0,252
77821,3,"COLEGIUL NAȚIONAL TUDOR VLADIMIRESCU","TÎRGU JIU",GJ,1154,3,2,0,5,38,2,0,40,58,6,0,64,70,6,0,76,141,15,0,156,166,20,0,186
77821,4,"ŞCOALA GIMNAZIALĂ CONSTANTIN SĂVOIU","TÎRGU JIU",GJ,1443,9,2,0,11,43,2,0,45,54,2,0,56,70,2,0,72,121,9,0,130,179,20,0,199
77821,5,"ŞCOALA GIMNAZIALĂ CONSTANTIN SĂVOIU","TÎRGU JIU",GJ,1197,8,3,0,11,35,3,0,38,49,3,0,52,54,3,0,57,112,8,0,120,155,12,0,167
77821,6,"COLEGIUL TEHNIC NR.2","TÎRGU JIU",GJ,1674,8,2,0,10,52,4,0,56,62,6,0,68,68,8,0,76,142,15,0,157,199,18,0,217
77885,7,"ȘCOALA PRIMARĂ DIN LOCALITATEA COMPONENTĂ ROMANEȘTI",ROMANEŞTI,GJ,736,4,3,0,7,10,3,0,13,19,3,0,22,33,3,0,36,87,10,0,97,150,13,0,163
77821,8,"ŞCOALA GIMNAZIALĂ ALEXANDRU ŞTEFULESCU","TÎRGU JIU",GJ,1215,9,1,0,10,69,3,0,72,97,12,0,109,112,12,0,124,191,16,0,207,237,19,0,256
77821,9,"UNIVERSITATEA CONSTANTIN BRÂNCUŞI","TÎRGU JIU",GJ,1759,6,0,0,6,40,0,0,40,64,2,0,66,78,4,0,82,170,9,0,179,233,11,0,244
77849,10,"ŞCOALA PRIMARĂ DIN LOCALITATEA COMPONENTĂ DRĂGOENI",DRĂGOENI,GJ,1482,12,2,0,14,40,4,0,44,46,5,0,51,85,7,0,92,164,9,0,173,204,11,0,215
77821,11,"COLEGIUL NAȚIONAL SPIRU HARET","TÎRGU JIU",GJ,1145,7,1,0,8,37,4,0,41,52,5,0,57,60,5,0,65,131,10,0,141,185,18,0,203
77821,12,"COLEGIUL NAŢIONAL SPIRU HARET","TÎRGU JIU",GJ,1082,10,1,0,11,27,5,0,32,43,7,0,50,48,7,0,55,117,14,0,131,150,16,0,166
77821,13,"COLEGIUL NAŢIONAL SPIRU HARET","TÎRGU JIU",GJ,1621,12,0,0,12,62,1,0,63,86,1,0,87,89,1,0,90,163,7,0,170,198,8,0,206
77821,14,"COLEGIUL NAŢIONAL SPIRU HARET","TÎRGU JIU",GJ,1504,7,1,0,8,27,1,0,28,37,1,0,38,47,6,0,53,110,13,0,123,168,15,0,183
77821,15,"COLEGIUL NAŢIONAL SPIRU HARET","TÎRGU JIU",GJ,1198,9,0,0,9,34,0,0,34,46,0,0,46,52,0,0,52,101,0,0,101,151,0,0,151
77821,16,"PALATUL COPIILOR","TÎRGU JIU",GJ,1101,11,4,0,15,53,4,0,57,71,7,0,78,83,9,0,92,150,11,0,161,186,15,0,201
77821,17,"LICEUL TEOLOGIC","TÎRGU JIU",GJ,1594,8,3,0,11,53,7,0,60,72,8,8,88,85,8,8,101,163,29,8,200,222,38,8,268
77821,18,"LICEUL TEOLOGIC","TÎRGU JIU",GJ,1498,11,1,0,12,44,1,0,45,63,1,0,64,80,2,0,82,126,2,0,128,152,5,0,157
77821,19,"LICEUL TEOLOGIC","TÎRGU JIU",GJ,1488,13,3,0,16,44,3,0,47,60,4,0,64,77,5,0,82,161,9,44,214,201,13,44,258
77821,20,"ŞCOALA GIMNAZIALĂ GHEORGHE TĂTĂRĂSCU","TÎRGU JIU",GJ,1610,8,0,0,8,44,0,0,44,55,1,0,56,70,3,0,73,156,5,0,161,204,10,0,214
77821,21,"ŞCOALA GIMNAZIALĂ GHEORGHE TĂTĂRĂSCU","TÎRGU JIU",GJ,1660,9,2,0,11,67,3,0,70,86,4,0,90,97,4,0,101,187,6,0,193,257,7,0,264
77821,22,"ŞCOALA GIMNAZIALĂ POMPILIU MARCEA","TÎRGU JIU",GJ,1722,10,1,0,11,46,7,0,53,65,7,0,72,69,10,0,79,115,17,0,132,152,19,0,171
77821,23,"ŞCOALA GIMNAZIALĂ POMPILIU MARCEA","TÎRGU JIU",GJ,1759,15,1,0,16,60,2,0,62,89,5,0,94,116,6,0,122,200,9,0,209,252,15,0,267
77821,24,"ŞCOALA GIMNAZIALĂ CONSTANTIN BRÂNCUŞI","TÎRGU JIU",GJ,1658,9,0,0,9,49,0,0,49,70,0,0,70,83,2,0,85,186,9,0,195,250,16,0,266
77821,25,"ŞCOALA GIMNAZIALĂ CONSTANTIN BRÂNCUŞI","TÎRGU JIU",GJ,1658,12,3,0,15,45,3,0,48,64,7,0,71,78,8,0,86,169,9,0,178,221,10,0,231
77821,26,"ŞCOALA GIMNAZIALĂ CONSTANTIN BRÂNCUŞI","TÎRGU JIU",GJ,1610,8,2,0,10,41,2,0,43,59,2,0,61,68,2,0,70,133,3,0,136,190,5,0,195
77821,27,"ŞCOALA GIMNAZIALĂ CONSTANTIN BRÂNCUŞI","TÎRGU JIU",GJ,1515,4,0,0,4,35,1,0,36,46,4,0,50,55,5,0,60,113,6,0,119,156,9,0,165
77821,28,"COLEGIUL NAȚIONAL ECATERINA TEODOROIU","TÎRGU JIU",GJ,1441,10,1,0,11,59,3,0,62,77,4,0,81,91,5,0,96,145,9,0,154,190,16,0,206
77821,29,"COLEGIUL NAŢIONAL ECATERINA TEODOROIU","TÎRGU JIU",GJ,1569,11,0,0,11,43,0,0,43,62,1,0,63,69,4,0,73,135,8,0,143,181,11,0,192
77821,30,"COLEGIUL NAŢIONAL ECATERINA TEODOROIU","TÎRGU JIU",GJ,1555,7,2,0,9,49,3,0,52,63,7,0,70,74,8,0,82,143,10,0,153,191,11,0,202
77821,31,"LICEUL CU PROGRAM SPORTIV","TÎRGU JIU",GJ,1163,15,3,0,18,40,3,0,43,58,6,0,64,70,7,0,77,143,9,0,152,184,13,0,197
77821,32,"LICEUL CU PROGRAM SPORTIV","TÎRGU JIU",GJ,978,15,1,0,16,26,3,0,29,42,4,0,46,47,4,0,51,86,15,0,101,132,20,0,152
77821,33,"COLEGIUL ECONOMIC VIRGIL MADGEARU","TÎRGU JIU",GJ,1975,17,0,0,17,67,0,0,67,96,0,0,96,120,0,0,120,228,8,0,236,302,12,0,314
77821,34,"COLEGIUL ECONOMIC VIRGIL MADGEARU","TÎRGU JIU",GJ,1769,15,0,0,15,61,8,0,69,84,11,0,95,97,11,0,108,207,18,0,225,293,23,0,316
77821,35,"LICEULDE ARTE CONSTANTIN BRĂILOIU","TÎRGU JIU",GJ,1178,11,4,0,15,57,10,0,67,81,11,0,92,92,11,0,103,162,18,0,180,219,23,0,242
77821,36,"LICEUL DE ARTECONSTANTIN BRĂILOIU","TÎRGU JIU",GJ,1716,20,1,0,21,57,2,0,59,88,2,0,90,107,2,0,109,197,9,0,206,221,12,0,233
77821,37,"LICEUL DE ARTE CONSTANTIN BRĂILOIU","TÎRGU JIU",GJ,1393,5,0,0,5,21,1,0,22,31,1,0,32,40,1,0,41,128,3,0,131,274,7,0,281
77821,38,"LICEUL DE ARTE CONSTANTIN BRĂILOIU","TÎRGU JIU",GJ,982,2,4,0,6,34,4,0,38,51,4,0,55,62,4,0,66,111,6,0,117,157,9,0,166
77821,39,"CASA DE CULTURĂ A SINDICATELOR","TÎRGU JIU",GJ,1169,8,2,0,10,15,5,3,23,52,5,3,60,66,5,3,74,135,16,3,154,179,23,3,205
77821,40,"ŞCOALA GIMNAZIALĂ SFÂNTU NICOLAE","TÎRGU JIU",GJ,1759,27,3,0,30,80,7,241,328,119,7,241,367,139,7,241,387,250,12,241,503,328,14,241,583
77821,41,"ŞCOALA GIMNAZIALĂ SFÂNTU NICOLAE","TÎRGU JIU",GJ,775,7,0,0,7,35,1,0,36,46,1,0,47,49,3,0,52,106,5,0,111,132,9,0,141
77821,42,"ŞCOALA GIMNAZIALĂ SFÂNTU NICOLAE","TÎRGU JIU",GJ,1300,9,1,0,10,49,3,0,52,66,3,0,69,88,5,0,93,175,10,0,185,221,12,0,233
77821,43,"ŞCOALA GENERALĂ ECATERINA TEODOROIU","TÎRGU JIU",GJ,1535,15,1,0,16,53,6,0,59,69,8,0,77,80,14,0,94,160,18,0,178,205,21,0,226
77821,44,"COLEGIUL TEHNIC ION MINCU","TÎRGU JIU",GJ,1769,11,2,0,13,52,3,0,55,69,3,0,72,82,5,0,87,161,5,0,166,210,15,0,225
77821,45,"COLEGIUL TEHNIC ION MINCU","TÎRGU JIU",GJ,847,3,0,0,3,17,5,0,22,22,5,0,27,26,5,0,31,59,5,0,64,83,6,0,89
77821,46,"COLEGIUL TEHNIC GENERAL GHEORGHE MAGHERU","TÎRGU JIU",GJ,1714,12,5,0,17,36,8,0,44,45,8,0,53,52,8,0,60,92,9,0,101,133,11,0,144
77821,47,"COLEGIUL TEHNIC GENERAL GHEORGHE MAGHERU","TÎRGU JIU",GJ,1842,2,3,0,5,17,3,0,20,30,3,0,33,39,6,0,45,88,10,0,98,131,11,0,142
77821,48,"ŞCOALA GIMNAZIALĂ NR.7","TÎRGU JIU",GJ,1724,14,12,0,26,46,22,0,68,58,22,0,80,83,27,0,110,158,44,0,202,225,50,0,275
77821,49,"ŞCOALA GIMNAZIALĂ NR.7","TÎRGU JIU",GJ,1639,6,0,0,6,26,1,0,27,46,7,0,53,54,8,0,62,158,12,0,170,201,13,0,214
77821,50,"ŞCOALA GIMNAZIALĂ VOIEVOD LITOVOI","TÎRGU JIU",GJ,1944,12,3,0,15,54,4,0,58,78,5,0,83,103,6,0,109,251,15,0,266,321,22,0,343
77821,51,"ŞCOALA GIMNAZIALĂ VOIEVOD LITOVOI","TÎRGU JIU",GJ,1880,9,0,0,9,35,2,0,37,89,8,0,97,99,9,0,108,230,13,0,243,364,14,0,378
77821,52,"ŞCOALA GIMNAZIALĂ VOIEVOD LITOVOI","TÎRGU JIU",GJ,1839,3,0,0,3,16,3,0,19,44,4,0,48,73,4,0,77,176,8,0,184,260,13,0,273
77830,53,"ŞCOALA GIMNAZIALĂ NR.9",BÎRSEŞTI,GJ,1512,6,0,0,6,33,0,0,33,61,1,0,62,81,2,0,83,197,10,0,207,256,14,0,270
77858,54,"IMOBIL NR.42",IEZURENI,GJ,745,10,1,0,11,20,1,0,21,28,2,0,30,43,2,0,45,91,12,0,103,117,15,0,132
77901,55,"ŞCOALA PRIMARĂ ŞI GRĂDINIŢA DE COPII URSAŢI",URSAŢI,GJ,596,0,2,0,2,7,4,0,11,11,4,0,15,16,4,0,20,62,4,0,66,124,6,0,130
77821,56,"COLEGIUL TEHNIC HENRI COANDĂ","TÎRGU JIU",GJ,827,5,0,0,5,26,0,0,26,33,0,0,33,42,1,0,43,75,8,0,83,108,12,0,120
78150,57,"ŞCOALA GIMNAZIALĂ NR.2 MOTRU",MOTRU,GJ,1494,25,0,0,25,76,4,0,80,107,4,0,111,126,5,0,131,190,5,0,195,226,8,0,234
78150,58,"COLEGIUL TEHNIC MOTRU",MOTRU,GJ,1039,6,1,0,7,32,2,0,34,47,2,0,49,56,2,0,58,116,2,0,118,144,2,0,146
78150,59,"CASA DE CULTURĂMOTRU",MOTRU,GJ,1766,12,1,0,13,41,4,0,45,57,6,0,63,70,9,0,79,155,17,0,172,199,21,0,220
78150,60,"COLEGIUL NAŢIONAL GEORGE COŞBUC MOTRU",MOTRU,GJ,1526,11,0,0,11,53,2,0,55,68,5,0,73,73,5,0,78,128,6,0,134,169,11,0,180
78150,61,"ŞCOALA GIMNAZIALĂ NR.1 MOTRU",MOTRU,GJ,1637,9,0,0,9,51,5,0,56,60,10,0,70,72,10,0,82,163,17,0,180,202,19,0,221
78150,62,"GRĂDINIŢA ""VILE"" MOTRU",MOTRU,GJ,1171,7,1,0,8,28,4,1,33,47,9,1,57,56,9,1,66,110,12,1,123,134,15,1,150
78150,63,"GRĂDINIŢA CATOLICĂ MOTRU",MOTRU,GJ,1748,11,0,0,11,53,0,0,53,75,9,0,84,93,9,0,102,151,10,0,161,189,15,0,204
78150,64,"GRĂDINIŢA CREŞĂ NR.1 MOTRU",MOTRU,GJ,1824,19,2,0,21,86,2,0,88,104,2,0,106,118,2,0,120,184,6,0,190,232,8,0,240
78150,65,"SEDIULIMPOZITE ŞI TAXE LOCALEMOTRU",MOTRU,GJ,1745,10,4,0,14,47,12,0,59,70,21,0,91,78,23,0,101,158,52,0,210,207,54,0,261
78150,66,"CASA MULTICULTURALĂ MOTRU",MOTRU,GJ,1701,9,0,0,9,49,1,0,50,67,1,0,68,85,1,0,86,168,3,0,171,200,4,0,204
78196,67,"ŞCOALA LEURDA",LEURDA,GJ,665,4,3,0,7,15,4,0,19,20,4,0,24,27,4,0,31,64,7,0,71,76,7,0,83
78178,68,"ŞCOALA HORĂŞTI",HORĂŞTI,GJ,419,4,2,0,6,10,2,0,12,11,2,0,13,13,2,0,15,47,9,0,56,63,11,0,74
78203,69,"ŞCOALA PRIMARĂ PLOŞTINA",PLOŞTINA,GJ,1086,6,0,0,6,20,0,0,20,38,5,0,43,50,6,0,56,193,7,0,200,291,9,0,300
78221,70,"ŞCOALA PRIMARĂ ROŞIUŢA",ROŞIUŢA,GJ,495,8,2,0,10,14,2,0,16,23,2,0,25,40,2,0,42,114,6,0,120,165,13,0,178
78230,71,"ŞCOALA RÂPA",RÎPA,GJ,284,3,0,0,3,4,2,0,6,13,3,0,16,21,3,0,24,44,3,0,47,53,5,0,58
79317,72,"SALA DE SPORT A ORAȘULUI",BUMBEŞTI-JIU,GJ,1090,7,4,0,11,21,4,0,25,29,11,0,40,40,11,0,51,90,18,20,128,119,20,20,159
79317,73,"GRĂDINIȚA BUMBEȘTI-JIU",BUMBEŞTI-JIU,GJ,1143,15,5,0,20,47,12,0,59,63,16,0,79,77,16,0,93,139,25,0,164,169,35,0,204
79317,74,"ȘCOALA GIMNAZIALĂ NR.1 BUMBEȘTI-JIU",BUMBEŞTI-JIU,GJ,1561,15,0,0,15,41,3,0,44,68,6,0,74,87,8,0,95,179,8,0,187,227,11,0,238
79317,75,"ȘCOALA GIMNAZIALĂ NR.1 BUMBEȘTI-JIU",BUMBEŞTI-JIU,GJ,973,11,4,0,15,38,4,0,42,55,7,0,62,75,10,0,85,118,15,0,133,145,18,0,163
79317,76,"COLEGIUL MIHAI VITEAZUL BUMBEȘTI-JIU",BUMBEŞTI-JIU,GJ,985,3,0,0,3,5,0,0,5,18,0,0,18,23,6,0,29,75,7,0,82,98,10,0,108
79317,77,"ȘCOALA PRIMARĂ BUMBEȘTI-JIU",BUMBEŞTI-JIU,GJ,911,1,0,0,1,15,3,0,18,20,6,0,26,32,6,0,38,92,10,0,102,112,12,0,124
79353,78,"ȘCOALA PRIMARĂ TETILA",TETILA,GJ,1112,3,1,0,4,9,2,0,11,21,4,0,25,37,6,0,43,91,7,0,98,132,8,0,140
79326,79,"ȘCOALA GIMNAZIALĂ CURTIȘOARA",CURTIŞOARA,GJ,595,0,0,0,0,6,0,0,6,13,0,0,13,15,0,0,15,69,16,0,85,97,22,0,119
78267,80,"ŞCOALA GIMNAZIALĂNOVACI",NOVACI,GJ,1670,2,3,0,5,16,9,0,25,39,13,0,52,56,19,0,75,212,37,0,249,273,51,18,342
78267,81,"CLUBUL ELEVILOR",NOVACI,GJ,1121,3,0,0,3,13,0,0,13,18,0,0,18,44,5,0,49,104,12,0,116,157,15,0,172
78294,82,"ŞCOALA GIMNAZIALĂ POCIOVALIŞTEA",POCIOVALIŞTEA,GJ,1459,4,0,0,4,17,5,0,22,26,10,0,36,50,16,0,66,119,33,0,152,173,41,0,214
78276,83,"GRĂDINIŢA BERCEŞTI",BERCEŞTI,GJ,554,3,0,0,3,15,4,0,19,23,4,0,27,34,5,0,39,100,9,0,109,134,10,0,144
79059,84,"ŞCOALA GIMNAZIALĂ NR. 1 ROVINARI",ROVINARI,GJ,1407,5,0,0,5,28,2,0,30,36,2,0,38,43,5,0,48,72,8,0,80,109,9,0,118
79059,85,"ŞCOALA GIMNAZIALĂ NR. 1 ROVINARI",ROVINARI,GJ,1361,4,5,0,9,22,10,0,32,29,10,0,39,37,10,0,47,89,15,0,104,106,15,0,121
79059,86,"ŞCOALA GIMNAZIALĂ NR. 3 ROVINARI",ROVINARI,GJ,1257,3,2,0,5,26,2,0,28,33,5,0,38,43,5,0,48,87,5,0,92,96,6,0,102
79059,87,"ŞCOALA GIMNAZIALĂ NR. 3 ROVINARI",ROVINARI,GJ,1246,5,0,0,5,27,0,0,27,33,0,0,33,41,2,0,43,92,9,0,101,125,13,0,138
79059,88,"COLEGIUL ""GHEORGHE TĂTĂRESCU"" ROVINARI",ROVINARI,GJ,1262,4,2,0,6,26,2,0,28,38,3,0,41,38,3,0,41,67,5,4,76,109,9,4,122
79059,89,"COLEGIUL ""GHEORGHE TĂTĂRESCU"" ROVINARI",ROVINARI,GJ,1156,9,2,0,11,27,4,0,31,35,7,0,42,39,7,0,46,95,12,0,107,113,14,0,127
79059,90,"GRĂDINIŢA NR. 3 ROVINARI",ROVINARI,GJ,1302,4,0,0,4,34,0,0,34,50,0,0,50,59,0,0,59,108,0,0,108,139,0,0,139
79059,91,"GRĂDINIȚA NR. 3 ROVINARI",ROVINARI,GJ,1304,2,0,0,2,28,1,0,29,42,2,0,44,46,2,0,48,88,2,0,90,107,2,0,109
82902,92,"GRĂDINIȚA CARTIER VÎRȚ",VÎRT,GJ,564,3,4,0,7,11,8,0,19,12,8,0,20,21,9,0,30,44,12,0,56,62,13,0,75
82449,93,"GRADINITA CU PROGRAM NORMAL TISMANA",TISMANA,GJ,903,1,0,0,1,18,4,0,22,29,10,0,39,46,12,0,58,125,28,0,153,165,33,0,198
82449,94,"GRADINITA CU PROGRAM NORMAL TISMANA",TISMANA,GJ,895,2,2,0,4,39,13,0,52,44,17,0,61,55,18,0,73,107,28,0,135,161,41,0,202
82458,95,"SCOALA GENERALA CELEI",CELEI,GJ,757,8,1,0,9,10,2,0,12,13,4,0,17,17,4,0,21,45,15,0,60,59,21,0,80
82528,96,"SCOALA GENERALA TOPESTI",TOPEŞTI,GJ,862,4,2,0,6,13,3,0,16,20,3,0,23,32,3,0,35,79,11,0,90,107,17,0,124
82494,97,"SCOALA GENERALA POCRUIA",POCRUIA,GJ,877,8,0,0,8,20,3,0,23,28,3,0,31,37,6,0,43,89,21,0,110,129,28,0,157
82519,98,"SCOALA GENERALA SOHODOL",SOHODOL,GJ,752,3,2,0,5,7,2,0,9,10,3,0,13,18,3,0,21,80,5,0,85,96,6,0,102
82467,99,"SCOALA GENERALA COSTENI",COSTENI,GJ,907,3,1,0,4,18,4,0,22,32,6,0,38,45,7,0,52,58,13,0,71,94,19,0,113
78338,100,"ŞCOALA GIMNAZIALĂ GEORGE USCĂTESCU","TÎRGU CĂRBUNEŞTI",GJ,1364,5,2,0,7,26,12,0,38,46,14,0,60,70,17,0,87,144,35,0,179,177,48,0,225
78338,101,"ȘCOALA GIMNAZIALĂGEORGE USCĂTESCU","TÎRGU CĂRBUNEŞTI",GJ,1365,9,2,0,11,28,3,0,31,45,4,0,49,65,5,0,70,130,8,0,138,175,11,0,186
78338,102,"COLEGIU NAŢIONAL TUDOR ARGHEZI","TÎRGU CĂRBUNEŞTI",GJ,1452,9,1,0,10,45,6,0,51,70,9,45,124,99,10,45,154,174,13,51,238,234,16,51,301
78374,103,"ŞCOALA GIMNAZIALĂ CREŢEŞTI",CREŢEŞTI,GJ,744,5,2,0,7,12,2,0,14,16,3,0,19,25,5,0,30,50,10,0,60,84,11,0,95
78418,104,"ŞCOALA GIMNAZIALĂ POJOGENI",POJOGENI,GJ,593,3,0,0,3,5,0,0,5,13,0,0,13,16,4,0,20,52,14,0,66,73,15,0,88
78436,105,"ŞCOALA PRIMARĂ ŞTEFĂNEŞTI",ŞTEFĂNEŞTI,GJ,438,1,0,0,1,12,4,0,16,21,5,0,26,22,8,0,30,59,9,0,68,130,25,0,155
78356,106,"CĂMIN CULTURAL",CĂRBUNEŞTI-SAT,GJ,558,5,2,0,7,15,2,0,17,26,5,0,31,39,5,0,44,91,14,0,105,144,20,0,164
78418,107,"ŞCOALA PRIMARĂ POJOGENI CERĂT",POJOGENI,GJ,257,1,0,0,1,9,7,0,16,24,8,0,32,38,12,0,50,73,19,0,92,91,25,0,116
78365,108,"ŞCOALA PRIMARĂ COJANI",COJANI,GJ,327,0,0,0,0,7,0,0,7,8,1,0,9,19,5,0,24,51,15,0,66,74,21,0,95
82626,109,"CASA DE CULTURĂ TURCENI",TURCENI,GJ,926,8,0,0,8,27,0,0,27,31,3,0,34,53,5,0,58,139,11,0,150,167,14,0,181
82626,110,"CASA DE CULTURĂ TURCENI",TURCENI,GJ,1949,10,3,0,13,43,6,19,68,63,6,19,88,77,7,19,103,161,11,19,191,198,17,19,234
82626,111,"POLIȚIA LOCALĂ TURCENI",TURCENI,GJ,614,3,0,0,3,9,0,0,9,13,0,0,13,21,3,0,24,56,10,0,66,84,15,0,99
82626,112,"ȘCOALA GENERALĂ STOLOJANI",TURCENI,GJ,571,0,0,0,0,11,1,0,12,16,1,0,17,29,2,0,31,52,7,0,59,71,11,0,82
82653,113,"ȘCOALA GENERALĂ MURGEȘTI",MURGEŞTI,GJ,629,7,0,0,7,11,1,0,12,19,1,0,20,36,4,0,40,79,5,0,84,128,7,0,135
82635,114,"ȘCOALA GENERALĂ GÂRBOVU",GÂRBOVU,GJ,747,3,2,0,5,7,2,0,9,17,3,0,20,29,7,0,36,82,9,0,91,163,12,0,175
82662,115,"ȘCOALA GENERALĂ STRÂMBA JIU","STRÂMBA JIU",GJ,1262,4,1,0,5,39,2,0,41,59,7,1,67,84,9,1,94,194,37,1,232,322,49,1,372
78463,116,"GRĂDINIȚA NR. 2 TUNȘI",ŢICLENI,GJ,820,11,0,0,11,15,0,0,15,33,0,0,33,58,1,0,59,123,4,0,127,152,5,0,157
78463,117,"ȘCOALA GIMNAZIALĂ NR. 1 ȚICLENI",ŢICLENI,GJ,1066,4,1,0,5,26,4,0,30,62,4,0,66,74,5,0,79,146,13,0,159,176,15,0,191
78463,118,"ȘCOALA GIMNAZIALĂ NR. 1 ȚICLENI",ŢICLENI,GJ,924,6,0,0,6,21,0,0,21,30,0,0,30,42,4,0,46,95,7,0,102,116,10,0,126
78463,119,"GRĂDINIȚA NR. 3 RĂȘINA",ŢICLENI,GJ,1152,9,0,0,9,17,1,0,18,21,5,0,26,37,6,0,43,95,11,0,106,148,12,0,160
78481,120,"ȘCOALA GIMNAZIALĂ ALBENI",ALBENI,GJ,1066,4,1,0,5,28,2,0,30,47,2,0,49,62,7,0,69,156,28,0,184,252,41,0,293
78481,121,"ȘCOALA PRIMARÂ ALBENI",ALBENI,GJ,717,6,4,0,10,22,4,0,26,46,4,0,50,48,5,0,53,102,6,0,108,138,9,0,147
78506,122,"ȘCOALA PRIMARÂ BOLBOCEȘTI",BOLBOCEŞTI,GJ,436,4,1,0,5,14,1,0,15,16,1,0,17,23,2,0,25,55,4,0,59,104,8,0,112
78533,123,"ȘCOALA PRIMARÂ PRUNEȘTI",PRUNEŞTI,GJ,120,0,0,0,0,1,0,0,1,4,0,0,4,4,0,0,4,18,3,0,21,21,3,0,24
78551,124,"ŞCOALAGENERALĂ ""ION LOTREANU "" ALIMPEŞTI, SAT. ALIMPEŞTI,",ALIMPEŞTI,GJ,845,5,1,0,6,14,2,0,16,20,2,0,22,41,2,0,43,135,14,3,152,209,29,3,241
78551,125,"ŞCOALAGENERALĂSÎRBEŞTI , SAT.SÎRBEŞTI",ALIMPEŞTI,GJ,652,5,2,0,7,11,8,0,19,15,12,0,27,20,12,0,32,81,18,0,99,145,22,0,167
78613,126,"ŞCOALA GIMNAZIALĂ ANINOASA",ANINOASA,GJ,1115,0,1,0,1,19,3,0,22,22,3,0,25,31,6,0,37,86,11,0,97,102,14,0,116
78640,127,"ŞCOALA GIMNAZIALĂ GROȘEREA",GROŞEREA,GJ,467,1,2,0,3,9,4,0,13,13,5,0,18,21,8,0,29,40,17,0,57,52,21,0,73
78631,128,"ŞCOALA PRIMARĂ COSTEȘTI",COSTEŞTI,GJ,808,0,0,0,0,10,6,0,16,11,7,0,18,17,8,0,25,40,9,0,49,64,13,0,77
78659,129,"ŞCOALA PRIMARĂ NR.2 STERPOAIA",STERPOAIA,GJ,701,4,1,0,5,8,4,0,12,9,5,0,14,21,6,0,27,90,12,0,102,130,16,0,146
78677,130,"ŞCOALA GIMNAZIALĂ ARCANI",ARCANI,GJ,1120,7,4,0,11,36,16,0,52,47,20,0,67,66,22,0,88,221,82,6,309,314,127,6,447
78720,131,"ŞCOALA GENERALĂ BAIA DE FIER","BAIA DE FIER",GJ,1387,1,0,0,1,21,2,0,23,29,3,0,32,43,3,0,46,152,11,0,163,229,15,0,244
78720,132,"ŞCOALA GENERALĂBAIA DE FIER","BAIA DE FIER",GJ,1457,10,1,0,11,23,4,0,27,42,6,0,48,63,7,0,70,160,18,0,178,269,25,0,294
78739,133,"ŞCOALA GENERALĂ CERNĂDIA",CERNĂDIA,GJ,679,9,1,0,10,39,6,0,45,44,7,0,51,60,7,0,67,137,15,0,152,182,19,0,201
78766,134,"ȘCOALA PRIMARĂ BĂLANEȘTI",BĂLĂNEŞTI,GJ,655,7,0,0,7,16,13,0,29,22,20,0,42,38,24,0,62,138,66,0,204,215,80,0,295
78757,135,PRIMĂRIE,"VOITEŞTII DE VALE",GJ,522,3,2,0,5,8,11,0,19,22,19,0,41,43,24,0,67,179,70,0,249,277,97,0,374
78793,136,"ȘCOALA PRIMARĂ GLODENI",GLODENI,GJ,654,5,0,0,5,29,4,0,33,51,12,0,63,73,14,0,87,218,50,0,268,369,81,0,450
77947,137,"ŞCOALA PRIMARĂ CORNEŞTI",CORNEŞTI,GJ,692,4,0,0,4,15,0,0,15,18,5,0,23,26,8,0,34,68,13,0,81,125,24,0,149
77965,138,"ŞCOALA PRIMARĂ RASOVA",RASOVA,GJ,417,7,0,0,7,16,5,0,21,19,5,0,24,24,8,0,32,51,18,0,69,97,23,0,120
77974,139,"ŞCOALA PRIMARĂ STOLOJANI",STOLOJANI,GJ,568,6,3,0,9,17,3,0,20,24,8,0,32,32,9,0,41,83,24,9,116,105,30,9,144
77983,140,"ŞCOALA PRIMARĂ TĂLPĂŞEŞTI",TĂLPĂŞEŞTI,GJ,474,2,0,0,2,6,4,0,10,12,6,0,18,16,9,0,25,57,18,0,75,99,24,0,123
77992,141,"ŞCOALA PRIMARĂ TĂMĂŞEŞTI",TĂMĂŞEŞTI,GJ,546,4,3,0,7,10,4,0,14,19,5,0,24,26,5,0,31,55,8,0,63,100,18,0,118
77929,142,"CĂMIN CULTURAL BĂLEŞTI",BĂLEŞTI,GJ,1724,13,1,0,14,37,5,0,42,47,6,0,53,72,8,0,80,186,17,0,203,310,35,0,345
77938,143,"ŞCOALA GIMNAZIALĂ ""ANTONIE MOGOŞ""",CEAURU,GJ,1953,6,2,0,8,45,6,0,51,54,6,0,60,68,6,0,74,179,14,0,193,264,24,0,288
78837,144,"ŞCOALA GIMNAZIALĂ BĂRBĂTEŞTI",BĂRBĂTEŞTI,GJ,723,6,2,0,8,24,3,0,27,39,3,0,42,51,4,0,55,138,20,0,158,182,29,0,211
78855,145,"ŞCOALA PRIMARĂ PETREŞTI",PETREŞTI,GJ,665,1,0,0,1,15,4,0,19,28,9,0,37,32,11,0,43,80,24,0,104,103,33,0,136
78882,146,"CĂMIN CULTURAL BENGEŞTI",BENGEŞTI,GJ,961,3,0,0,3,12,1,0,13,14,1,0,15,25,5,0,30,65,19,0,84,102,23,0,125
78882,147,"CĂMIN CULTURAL BENGEŞTI",BENGEŞTI,GJ,285,0,0,0,0,3,0,0,3,6,0,0,6,10,1,0,11,40,6,0,46,62,20,0,82
78891,148,"CĂMIN CULTURAL BĂLCEŞTI",BĂLCEŞTI,GJ,615,4,2,0,6,14,8,0,22,24,13,0,37,36,17,0,53,133,55,0,188,202,65,0,267
78917,149,"CĂMIN CULTURAL CIOCADIA",CIOCADIA,GJ,795,5,7,0,12,16,7,0,23,24,7,0,31,28,8,0,36,74,19,0,93,134,27,0,161
78935,150,"ŞCOALA PRIMARĂBERLEŞTI",BERLEŞTI,GJ,699,2,0,0,2,12,3,0,15,14,6,0,20,19,7,0,26,59,15,0,74,82,15,0,97
78971,151,"CĂMINUL CULTURAL PÎRÎU VIU","PÎRÎU VIU",GJ,996,1,0,0,1,6,1,0,7,11,3,0,14,20,4,0,24,42,12,0,54,93,21,0,114
79013,152,"ȘCOALA PRIMARĂ DINKĂ SKELERU",BÎLTENI,GJ,1668,16,1,0,17,60,5,0,65,74,6,0,80,95,9,0,104,186,14,0,200,261,19,0,280
79040,153,"ŞCOALA PRIMARĂ NR.2 PEŞTEANA-JIU","PEŞTEANA JIU",GJ,1765,32,1,0,33,85,4,0,89,106,6,0,112,142,6,0,148,255,15,0,270,309,19,0,328
79031,154,"ŞCOALA GENERALĂ MOI",MOI,GJ,843,8,1,0,9,23,6,0,29,42,8,0,50,50,8,0,58,122,16,0,138,190,19,0,209
79022,155,"ŞCOALA PRIMARĂ COCORENI",COCORENI,GJ,1081,1,0,0,1,13,2,0,15,21,3,0,24,29,6,0,35,91,12,0,103,143,16,0,159
79068,156,"ȘCOALA PRIMARĂ VLĂDULENI",VLĂDULENI,GJ,878,5,4,0,9,43,7,0,50,58,9,0,67,64,9,0,73,112,13,0,125,147,15,0,162
79086,157,"ŞCOALA PRIMARĂ BOLBOŞI",BOLBOŞI,GJ,912,11,0,0,11,24,1,0,25,36,1,0,37,62,1,0,63,114,7,0,121,154,11,0,165
79095,158,"ŞCOALA PRIMARĂ BĂLĂCEŞTI",BĂLĂCEŞTI,GJ,541,2,0,0,2,11,1,0,12,17,2,0,19,27,2,0,29,57,4,0,61,83,5,0,88
79148,159,"ŞCOALA GENERALĂ VALEA",VALEA,GJ,1130,1,0,0,1,9,3,0,12,12,3,0,15,16,4,0,20,97,12,0,109,115,15,0,130
79166,160,"ŞCOALA GENERALĂ CU CLASELE I-IV BORĂSCU",BORĂSCU,GJ,942,12,2,0,14,14,2,0,16,32,2,0,34,66,2,0,68,138,14,0,152,213,22,0,235
79200,161,"ŞCOALA GENERALĂ CU CLASELE I-IV MENŢII DIN DOS","MENŢII DIN DOS",GJ,585,2,1,0,3,5,2,0,7,12,4,0,16,16,5,0,21,61,8,0,69,138,13,0,151
79219,162,"ŞCOALA GIMNAZIALÂ MILUTA",MILUTA,GJ,508,2,5,0,7,6,6,0,12,18,6,0,24,27,6,0,33,49,8,0,57,73,9,0,82
79184,163,"ŞCOALA GENERALĂ CALAPĂRU",CALAPĂRU,GJ,655,19,0,0,19,48,1,0,49,77,4,0,81,94,4,0,98,157,17,0,174,214,24,0,238
79273,164,"ȘCOALA GIMNAZIALĂ CAPU-DEALULUI","CAPU DEALULUI",GJ,660,4,4,0,8,40,10,0,50,41,11,0,52,54,15,0,69,108,18,0,126,144,30,0,174
79246,165,"ȘCOALA PRIMARĂ BRĂNEȘTI",BRĂNEŞTI,GJ,573,5,0,0,5,8,1,0,9,10,2,0,12,13,4,0,17,42,13,0,55,58,19,0,77
79291,166,"ȘCOALAPRIMARĂ GILORTU",PÎRÎU,GJ,485,1,0,0,1,3,1,0,4,5,1,0,6,9,1,0,10,40,7,0,47,51,10,0,61
79255,167,"ȘCOALAPRIMARĂ BĂDEȘTI",BĂDEŞTI,GJ,175,2,0,0,2,5,0,0,5,5,0,0,5,7,0,0,7,11,5,0,16,15,5,0,20
79371,168,"CĂMINUL CULTURAL BUMBEŞTI-PIŢIC",BUMBEŞTI-PIŢIC,GJ,1041,5,0,0,5,10,1,0,11,15,6,0,21,30,11,0,41,60,20,0,80,123,35,0,158
79380,169,"GRĂDINIŢA CÂRLIGEI",CÎRLIGEI,GJ,177,0,0,0,0,1,0,0,1,2,0,0,2,4,0,0,4,12,8,0,20,23,14,0,37
79399,170,"ŞCOALA GENERALĂ POIENARI",POIENARI,GJ,585,1,0,0,1,10,3,0,13,12,3,0,15,19,4,0,23,49,12,0,61,73,15,0,88
79415,171,"LICEUL TEHNOLOGIC BUSTUCHIN",BUSTUCHIN,GJ,915,4,4,0,8,16,4,0,20,24,6,0,30,32,8,0,40,106,20,0,126,170,21,0,191
79460,172,"ŞCOALA GENERALĂ POIANA-SECIURI","POIANA SECIURI",GJ,735,0,0,0,0,5,0,0,5,20,2,0,22,27,4,0,31,78,13,0,91,143,16,0,159
79488,173,"ŞCOALA PRIMARĂ VALEA POJARULUI","VALEA POJARULUI",GJ,336,4,1,0,5,7,1,0,8,11,1,0,12,11,1,0,12,36,2,0,38,68,5,0,73
79451,174,"ŞCOALA PRIMARĂ POIENIŢA",POIENIŢA,GJ,308,4,4,0,8,17,5,0,22,24,6,0,30,27,6,0,33,68,12,0,80,86,16,0,102
79479,175,"ŞCOALA PRIMARĂ POJARU",POJARU,GJ,402,3,6,0,9,6,7,0,13,13,10,0,23,22,12,0,34,40,15,0,55,52,16,0,68
79503,176,"ŞCOALA GENERALĂ CĂPRENI",CĂPRENI,GJ,803,7,2,0,9,11,2,0,13,18,2,0,20,20,4,0,24,103,23,4,130,137,32,4,173
79576,177,"ŞCOALA PRIMARĂ CĂPRENI DE SUS","SATU NOU",GJ,538,2,3,0,5,10,4,0,14,10,4,0,14,20,5,0,25,92,14,0,106,149,29,5,183
79530,178,"ŞCOALA PRIMARĂ BULBUCENI",BULBUCENI,GJ,375,1,0,0,1,17,6,0,23,22,6,0,28,32,6,0,38,57,12,0,69,116,19,0,135
79647,179,"GRĂDINIȚA VALEA PERILOR","VALEA PERILOR",GJ,580,5,2,0,7,16,2,0,18,29,9,0,38,39,10,0,49,130,18,0,148,170,23,0,193
79638,180,"ȘCOALA GIMNAZIALA""MAZILU VIPIE GHEORGHE""","VALEA MÎNĂSTIRII",GJ,364,0,0,0,0,8,0,0,8,11,0,0,11,22,0,0,22,54,9,0,63,90,11,0,101
79610,181,"CĂMINUL CULTURAL LUPOAIA",LUPOAIA,GJ,770,4,0,0,4,15,6,0,21,17,7,0,24,29,7,0,36,110,13,0,123,156,19,0,175
79601,182,"ȘCOALA PRIMARĂ DEALU VIILOR","DEALU VIILOR",GJ,494,1,0,0,1,7,2,0,9,9,2,0,11,11,2,0,13,115,12,0,127,157,19,0,176
79665,183,"ŞCOALA GENERALĂ CIUPERCENI",CIUPERCENI,GJ,420,4,3,0,7,12,5,0,17,15,7,0,22,24,9,0,33,64,29,0,93,90,37,0,127
79709,184,"ŞCOALA PRIMARĂ STRÎMBA VULCAN","STRÎMBA VULCAN",GJ,291,2,3,0,5,8,3,0,11,8,3,0,11,12,3,0,15,33,13,0,46,50,30,0,80
79718,185,"ŞCOALA PRIMARĂ VÎRTOPU",VÎRTOPU,GJ,321,5,0,0,5,7,2,0,9,8,4,0,12,10,4,0,14,23,10,0,33,33,11,0,44
79683,186,"ŞCOALA PRIMARĂ PEŞTEANA VULCAN","PEŞTEANA VULCAN",GJ,257,3,0,0,3,5,1,0,6,14,9,0,23,20,13,0,33,38,26,0,64,53,33,0,86
79745,187,"CĂMINUL CULTURAL CÎLNIC",CÎLNIC,GJ,659,4,2,0,6,14,6,0,20,22,9,0,31,25,15,0,40,73,24,0,97,104,38,0,142
79754,188,"ŞCOALA PRIMARĂ CÎLNICU DE SUS","CÎLNICU DE SUS",GJ,652,3,1,0,4,21,4,0,25,27,4,0,31,35,6,0,41,79,21,0,100,106,28,0,134
79781,189,"ŞCOALA PRIMARĂ HODOREASCA",HODOREASCA,GJ,330,2,0,0,2,13,3,0,16,22,5,0,27,27,8,0,35,43,13,0,56,49,13,0,62
79807,190,"ŞCOALA PRIMARĂ PINOASA",PINOASA,GJ,196,1,0,0,1,19,3,0,22,20,5,0,25,23,6,0,29,42,10,0,52,48,16,0,64
79889,191,"CĂMINUL CULTURAL CĂRPINIŞ",CĂRPINIŞ,GJ,1594,9,2,0,11,40,8,0,48,77,10,0,87,100,15,0,115,203,28,0,231,341,40,0,381
79905,192,"ŞCOALA PRIMARĂ DRĂGOIEŞTI",DRĂGOIEŞTI,GJ,1040,8,2,0,10,23,14,0,37,28,29,0,57,40,29,0,69,129,50,0,179,183,67,0,250
79914,193,"CĂMINUL CULTURAL DUMBRĂVENI",DUMBRĂVENI,GJ,733,8,1,0,9,21,3,0,24,34,5,0,39,45,6,0,51,146,17,0,163,206,26,0,232
79861,194,"CĂMINUL CULTURAL ANINIŞ","ANINIŞU DIN VALE",GJ,777,3,0,0,3,11,2,0,13,24,4,0,28,43,6,0,49,124,13,0,137,176,17,0,193
79941,195,"ȘCOALA PRIMARĂ CRUȘEȚ",CRUŞET,GJ,1345,3,1,0,4,10,5,0,15,19,6,0,25,35,11,0,46,124,36,0,160,190,55,0,245
79978,196,"CĂMINUL CULTURAL MĂIAG",MĂIAG,GJ,626,7,2,0,9,10,7,0,17,11,8,0,19,18,11,0,29,51,17,0,68,98,24,0,122
80016,197,"CĂMINUL CULTURAL SLĂVUȚA",SLĂVUŢA,GJ,507,0,0,0,0,7,6,0,13,13,6,0,19,14,7,0,21,54,20,0,74,83,30,0,113
80052,198,"ŞCOALA GIMNAZIALĂ DĂNCIULEŞTI",DĂNCIULEŞTI,GJ,655,5,1,0,6,8,3,0,11,20,6,0,26,32,8,0,40,69,36,0,105,90,40,0,130
80105,199,"ŞCOALA GIMNAZIALĂ ,,CORNELIUS RADU"" RĂDINEŞTI",RĂDINEŞTI,GJ,503,0,0,0,0,7,0,0,7,8,2,0,10,12,2,0,14,47,14,0,61,66,20,0,86
80089,200,"ȘCOALA GIMNAZIALĂ OBÂRȘIA",OBÎRŞIA,GJ,469,2,1,0,3,7,1,0,8,11,5,0,16,18,8,0,26,63,11,0,74,84,21,0,105
80169,201,"ŞCOALA PRIMARĂ BRĂTUIA",BRĂTUIA,GJ,751,9,4,0,13,17,8,0,25,26,8,0,34,52,14,0,66,146,33,0,179,182,45,0,227
80132,202,"ŞCOALA PRIMARĂ DĂNEȘTI",DĂNEŞTI,GJ,1137,1,0,0,1,12,0,0,12,24,1,0,25,30,4,0,34,143,25,0,168,265,50,0,315
80230,203,"ŞCOALAPRIMARĂ VĂCAREA",VĂCAREA,GJ,718,7,3,0,10,17,5,0,22,28,9,0,37,39,14,0,53,132,28,0,160,215,39,0,254
80196,204,"ŞCOALA PRIMARĂ ȘASA",ŞASA,GJ,576,3,4,0,7,8,12,0,20,16,13,0,29,24,16,0,40,98,38,0,136,137,60,0,197
80258,205,"CĂMINUL CULTURAL DRĂGOTEȘTI",DRĂGOTEŞTI,GJ,990,6,2,0,8,8,2,0,10,15,2,0,17,26,2,0,28,84,8,0,92,128,17,0,145
80267,206,"ȘCOALA GENERALĂ COROBĂI",COROBĂI,GJ,1124,2,2,0,4,15,5,0,20,26,6,0,32,41,8,0,49,91,11,0,102,141,13,0,154
78025,207,"ȘCOALA GENERALĂ DRĂGUȚEȘTI",DRĂGUŢEŞTI,GJ,894,2,4,0,6,22,9,0,31,28,9,0,37,38,9,0,47,113,13,0,126,165,21,0,186
78052,208,"CĂMIN CULTURAL",IAŞI-GORJ,GJ,835,4,1,0,5,12,1,0,13,19,1,0,20,31,1,0,32,93,2,0,95,130,14,0,144
78070,209,"ȘCOALA GENERALĂ URECHEȘTI",URECHEŞTI,GJ,747,3,2,0,5,25,3,0,28,34,3,0,37,52,4,0,56,114,17,0,131,176,31,0,207
78061,210,"ȘCOALA PRIMARĂ TÎLVEȘTI",TÎLVEŞTI,GJ,534,8,0,0,8,25,1,0,26,38,3,0,41,62,10,0,72,158,21,7,186,223,28,7,258
78034,211,"ȘCOALA GENERALĂ CÎRBEȘTI",CÎRBEŞTI,GJ,1233,4,0,0,4,23,0,0,23,32,0,0,32,56,1,0,57,160,6,0,166,195,11,0,206
80294,212,"ŞCOALA PRIMARĂ FĂRCĂŞEŞTI",FĂRCĂŞEŞTI,GJ,583,2,1,0,3,3,2,0,5,18,7,0,25,22,7,0,29,81,18,0,99,128,23,0,151
80338,213,"LICEU ROŞIA JIU","ROŞIA JIU",GJ,656,8,2,0,10,16,2,0,18,17,2,0,19,23,3,0,26,68,9,0,77,103,14,0,117
80310,214,"GRĂDINIȚA PEȘTEANA DE JOS","PEŞTEANA DE JOS",GJ,679,2,0,0,2,12,3,0,15,27,5,0,32,42,5,0,47,127,13,0,140,165,21,0,186
80347,215,"ŞCOALA PRIMARĂ TIMIŞENI",TIMIŞENI,GJ,115,1,0,0,1,2,5,0,7,3,5,0,8,5,10,0,15,14,14,0,28,18,17,0,35
80356,216,"ȘCOALA GENERALĂ VICTOR POPESCU","VALEA CU APĂ",GJ,650,5,0,0,5,11,1,0,12,17,2,0,19,19,2,0,21,70,3,0,73,122,10,0,132
80374,217,"PRIMARIA GLOGOVA",IORMĂNEŞTI,GJ,518,6,1,0,7,18,2,0,20,33,11,0,44,52,12,0,64,127,27,0,154,170,32,0,202
80409,218,"ŞCOALA PRIMARĂ ÎNVĂŢĂTOR NICOLAE CARANDA",GLOGOVA,GJ,598,14,2,0,16,24,3,0,27,33,4,0,37,52,10,0,62,115,34,0,149,161,45,0,206
80418,219,"ŞCOALA PRIMARĂ OLTEANU",OLTEANU,GJ,450,2,4,0,6,6,4,0,10,18,8,0,26,23,12,0,35,75,23,0,98,127,26,0,153
80436,220,"PRIMĂRIA GODINEŞTI",GODINEŞTI,GJ,861,4,2,0,6,22,6,0,28,40,13,0,53,50,22,0,72,99,45,0,144,139,55,0,194
80463,221,"ŞCOALA CÎLCEŞTI",CÎLCEŞTI,GJ,260,3,3,0,6,8,7,0,15,15,10,0,25,19,12,0,31,39,28,0,67,51,36,0,87
80472,222,"ŞCOALA PRIMARĂ PÎRÎU DE PRIPOR","PÎRÎU DE PRIPOR",GJ,327,1,4,0,5,14,4,0,18,23,4,0,27,24,4,0,28,42,6,0,48,83,10,0,93
80481,223,"ȘCOALA PÎRÎU DE VALE","PÎRÎU DE VALE",GJ,167,3,3,0,6,14,3,0,17,24,8,0,32,27,11,0,38,42,21,0,63,51,33,0,84
80515,224,"ŞCOALA GENERALĂHUREZANI",HUREZANI,GJ,1148,5,1,0,6,15,9,0,24,24,13,0,37,36,19,0,55,202,77,0,279,305,93,0,398
80542,225,"ŞCOALA PRIMARĂ PLOPU",PLOPU,GJ,146,0,2,0,2,4,2,0,6,10,4,0,14,15,8,0,23,30,17,0,47,64,36,0,100
80579,226,"ȘCOALA GIMNAZIALĂIONEȘTI",IONEŞTI,GJ,966,5,1,0,6,13,3,0,16,22,4,0,26,43,6,0,49,119,15,0,134,221,19,0,240
80597,227,"ȘCOALA PRIMARĂ ILIEȘTI",ILIEŞTI,GJ,438,8,4,0,12,15,5,0,20,26,5,0,31,31,6,0,37,56,9,0,65,99,12,0,111
80604,228,"ȘCOALA PRIMARĂ PICU",PICU,GJ,530,10,1,0,11,20,4,0,24,27,5,0,32,38,7,0,45,98,8,0,106,147,13,0,160
80659,229,"ŞCOALA PRIMARĂ VIDIN",VIDIN,GJ,227,0,0,0,0,4,0,0,4,10,0,0,10,11,0,0,11,27,3,0,30,38,5,0,43
80640,230,"ŞCOALA PRIMARĂ PÎRÎU-BOIA","PÎRÎU BOIA",GJ,286,3,0,0,3,8,0,0,8,21,4,0,25,26,4,0,30,55,11,0,66,78,12,0,90
80622,231,"CĂMIN CULTURAL JUPÎNEŞTI",JUPÎNEŞTI,GJ,559,3,2,0,5,6,2,0,8,14,2,0,16,26,4,0,30,45,8,0,53,90,16,0,106
80668,232,"SCOALA PRIMARĂ VIERŞANI",VIERŞANI,GJ,663,1,0,0,1,11,2,0,13,15,2,0,17,26,9,0,35,53,23,0,76,70,33,0,103
80686,233,"ȘCOALA GENERALA ,,ION GRIGOROIU,, LELEȘTI",LELEŞTI,GJ,1031,13,5,0,18,29,13,0,42,46,15,0,61,66,20,0,86,203,42,0,245,283,71,0,354
80695,234,"ȘCOALA PRIMARĂ FRĂTEȘTI",FRĂTEŞTI,GJ,271,3,1,0,4,11,5,0,16,16,7,0,23,20,14,0,34,58,32,0,90,96,46,0,142
80702,235,"ȘCOALA PRIMARĂ RASOVIȚA",RASOVIŢA,GJ,183,2,5,0,7,4,6,0,10,8,7,0,15,11,9,0,20,38,11,0,49,52,19,0,71
80720,236,"ŞCOALA PRIMARĂLICURICI",LICURICI,GJ,624,3,1,0,4,17,6,0,23,26,10,0,36,31,10,0,41,79,24,0,103,128,34,0,162
80748,237,"ŞCOALA GIMNAZIALĂ NEGRENI",NEGRENI,GJ,566,6,5,0,11,10,8,0,18,15,10,0,25,22,11,0,33,41,13,0,54,65,14,0,79
80757,238,"ŞCOALA GIMNAZIALĂNR. 1 TOTEA",TOTEA,GJ,619,0,0,0,0,0,0,0,0,12,4,0,16,26,6,0,32,49,12,0,61,107,17,0,124
80793,239,"CĂMIN CULTURAL FRUNZA",FRUNZA,GJ,590,1,0,0,1,5,4,0,9,14,4,0,18,19,5,0,24,65,16,0,81,111,26,0,137
80775,240,"CĂMIN CULTURAL TÎRGU LOGREȘTI","TÎRGU LOGREŞTI",GJ,570,2,1,0,3,15,4,0,19,22,6,0,28,30,12,0,42,118,27,0,145,161,35,0,196
80800,241,"ȘCOALA PRIMARĂ MOȘTENI","LOGREŞTI MOŞTENI",GJ,464,1,0,0,1,6,0,0,6,9,1,0,10,11,1,0,12,52,9,0,61,99,15,0,114
80819,242,"ȘCOALA PRIMARĂ MĂRU",MĂRU,GJ,291,1,3,0,4,3,3,0,6,11,5,0,16,14,5,0,19,39,9,0,48,70,18,0,88
80837,243,"ȘCOALA PRIMARĂ SEACA",SEACA,GJ,247,4,3,0,7,5,4,0,9,6,4,0,10,7,6,0,13,19,6,0,25,55,12,0,67
80855,244,"GRĂDINIŢA MĂTĂSARI",MĂTĂSARI,GJ,977,4,0,0,4,16,0,0,16,32,0,0,32,37,3,0,40,75,6,0,81,109,6,1,116
80855,245,"GRĂDINIŢA MĂTĂSARI",MĂTĂSARI,GJ,1508,6,0,0,6,32,0,0,32,43,2,0,45,52,5,0,57,97,7,0,104,121,10,0,131
80855,246,"ŞCOALA NR.2 MĂTĂSARI",MĂTĂSARI,GJ,571,2,0,0,2,7,4,0,11,13,6,0,19,23,6,0,29,61,14,0,75,70,15,0,85
80864,247,"ŞCOALA PRIMARĂ BRĂDET",BRĂDET,GJ,539,3,2,0,5,4,2,0,6,6,3,0,9,8,3,0,11,36,4,0,40,53,5,0,58
80891,248,"ŞCOALA PRIMARĂ RUNCUREL",RUNCUREL,GJ,237,5,1,0,6,10,1,0,11,13,1,0,14,15,2,0,17,33,2,0,35,41,2,0,43
80882,249,"ŞCOALA PRIMARĂ CROICI",CROICI,GJ,292,6,1,0,7,8,4,0,12,15,4,0,19,22,4,0,26,34,6,0,40,39,6,0,45
80917,250,"CĂMINUL CULTURAL",MUŞETEŞTI,GJ,743,7,1,0,8,13,5,0,18,14,5,0,19,20,8,0,28,94,16,0,110,147,30,0,177
80962,251,"ŞCOLA PRIMARĂ STĂNCEŞTI",STĂNCEŞTI,GJ,465,0,0,0,0,7,3,0,10,13,4,0,17,15,4,0,19,47,11,0,58,96,16,0,112
80953,252,"ŞCOLA PRIMARĂ GRUI",GRUI,GJ,453,11,2,0,13,15,3,0,18,15,4,0,19,21,5,0,26,34,9,0,43,71,14,0,85
80999,253,"ȘCOALA GIMNAZIALĂNR.1 NEGOMIR",NEGOMIR,GJ,1107,4,0,0,4,22,3,0,25,34,3,0,37,48,3,0,51,148,8,0,156,296,18,0,314
81004,254,"ȘCOALA PRIMARĂARTANU",ARTANU,GJ,951,4,0,0,4,21,3,0,24,37,6,0,43,62,8,0,70,163,17,0,180,270,22,0,292
81022,255,"ȘCOALA GIMNAZIALĂ RACI",CONDEIEŞTI,GJ,813,7,0,0,7,22,2,0,24,36,11,0,47,50,11,0,61,135,23,0,158,243,30,0,273
81102,256,"CĂMIN CULTURAL CĂLUGĂRENI",CĂLUGĂRENI,GJ,915,4,3,0,7,16,3,0,19,28,6,0,34,60,7,0,67,136,12,0,148,187,21,0,208
81166,257,"ȘCOALA GIMNAZIALĂ PADEȘ",PADEŞ,GJ,1302,1,0,0,1,3,1,0,4,28,11,0,39,38,13,0,51,162,25,0,187,253,42,0,295
81148,258,"ȘCOALA GIMNAZIALĂ MOTRU-SEC","MOTRU SEC",GJ,1715,2,4,0,6,20,9,0,29,44,11,0,55,58,13,0,71,289,28,0,317,421,41,0,462
81120,259,"ȘCOALA GENERALĂ CERNA SAT",CERNA-SAT,GJ,51,0,0,0,0,2,0,0,2,4,0,0,4,4,0,0,4,20,16,0,36,21,17,0,38
81193,260,"GRUP ȘCOLAR INDUSTRIAL MINIER CONSTANTIN BRÂNCUȘI",PEŞTIŞANI,GJ,1354,3,1,0,4,15,7,0,22,23,11,0,34,31,15,0,46,89,36,0,125,134,41,0,175
81193,261,"ȘCOALA GIMNAZIALĂ PEȘTIȘANI",PEŞTIŞANI,GJ,1295,3,4,0,7,22,14,0,36,35,18,0,53,58,27,0,85,195,66,0,261,289,78,0,367
81219,262,"ȘCOALA PRIMARĂ BRĂDICENI",BRĂDICENI,GJ,523,10,2,0,12,11,7,0,18,19,11,0,30,25,15,0,40,78,35,0,113,120,54,0,174
81273,263,"ȘCOALA GIMNAZIALĂ'' NICOLAE TOMOVICI PLOPȘOR'' PLOPȘORU",PLOPŞORU,GJ,1928,13,0,0,13,35,0,0,35,41,3,12,56,72,3,12,87,230,14,12,256,300,24,11,335
81353,264,"ȘCOALAGIMNAZIALĂ PISCURI",PISCURI,GJ,1018,7,1,0,8,27,1,0,28,38,3,0,41,46,7,0,53,183,23,5,211,290,33,5,328
81371,265,"ȘCOALA PRIMARĂVĂLENI",VĂLENI,GJ,1493,12,3,0,15,47,3,0,50,76,4,0,80,109,4,0,113,252,9,0,261,324,15,0,339
81372,266,ȘCOALAGENERALĂCEPLEA,IZVOARELE,GJ,841,4,3,0,7,14,3,14,31,22,3,14,39,40,5,14,59,106,10,14,130,154,15,14,183
81399,267,"ŞCOALA GIMNAZIALĂ NR.1 POLOVRAGI",POLOVRAGI,GJ,979,7,0,0,7,32,0,0,32,40,0,0,40,52,0,0,52,201,0,0,201,285,0,0,285
81399,268,"ȘCOALA GIMNAZIALĂ NR.1 POLOVRAGI",POLOVRAGI,GJ,891,6,1,0,7,24,14,0,38,32,19,0,51,55,29,0,84,139,64,0,203,236,77,1,314
81406,269,"ŞCOALA PRIMARĂ RACOVIȚA",RACOVIŢA,GJ,375,2,1,0,3,16,8,0,24,22,14,0,36,38,15,0,53,80,30,0,110,123,39,0,162
81424,270,"ŞCOALAGIMNAZIALĂ PRIGORIA",PRIGORIA,GJ,357,1,3,0,4,5,9,0,14,7,10,0,17,15,12,0,27,38,24,0,62,47,24,0,71
81451,271,"ȘCOALA CU CLASELE I-IV CĂLUGAREASA",CĂLUGĂREASA,GJ,484,5,1,0,6,9,2,0,11,13,4,0,17,15,4,0,19,62,11,0,73,88,19,0,107
81479,272,"ȘCOALA CU CLASELE I-IVNEGOEȘTI",NEGOIEŞTI,GJ,252,3,0,0,3,4,0,0,4,4,0,0,4,7,1,0,8,19,2,0,21,29,6,0,35
81460,273,"ȘCOALA CU CLASELE I-IVDOBRANA",DOBRANA,GJ,323,3,1,0,4,6,2,0,8,8,2,0,10,13,2,0,15,31,6,0,37,36,8,0,44
81433,274,"ȘCOALA CU CLASELE I-IV BUCȘANA",BUCŞANA,GJ,661,1,0,0,1,7,0,0,7,8,0,0,8,16,0,0,16,31,2,0,33,54,5,0,59
81488,275,"ȘCOALA CU CLASELE I-IVZORLEȘTI",ZORLEŞTI,GJ,353,3,0,0,3,6,0,0,6,8,1,0,9,14,3,0,17,37,8,0,45,49,14,0,63
81503,276,"CĂMINUL CULTURAL „IZVORUL”","ROŞIA DE AMARADIA",GJ,1129,1,0,0,1,7,2,0,9,12,2,0,14,37,2,0,39,130,8,0,138,153,15,0,168
81549,277,"ŞCOALA PRIMARĂ SECIURILE",SECIURILE,GJ,587,2,0,0,2,3,0,0,3,5,0,0,5,9,2,0,11,38,7,0,45,72,11,0,83
81530,278,"ŞCOALA PRIMARĂ RUGET",RUGET,GJ,488,0,0,0,0,6,1,0,7,10,1,0,11,12,3,0,15,43,6,0,49,85,8,0,93
81567,279,"GRĂDINIȚA ȘITOAIA",ŞITOAIA,GJ,268,0,0,0,0,1,2,0,3,1,3,0,4,4,3,0,7,15,4,0,19,30,6,0,36
81647,280,"ŞCOALA PRIMARĂ VALEA-MARE","VALEA MARE",GJ,674,6,1,0,7,10,3,0,13,32,6,0,38,51,7,0,58,149,25,0,174,246,32,0,278
81594,281,"CĂMINUL CULTURAL BÎLTA",BÎLTA,GJ,1398,10,3,0,13,20,5,0,25,57,9,0,66,120,20,0,140,410,60,0,470,693,97,0,790
81585,282,"ŞCOALA GENERALĂ RUNCU",RUNCU,GJ,1171,9,1,0,10,27,6,0,33,33,8,0,41,65,15,0,80,143,43,0,186,287,73,0,360
81610,283,"CĂMINUL CULTURAL DOBRIŢA",DOBRIŢA,GJ,794,9,0,0,9,44,13,10,67,51,16,10,77,82,25,10,117,260,65,10,335,299,84,10,393
81638,284,"CENTRUL DE ÎNGRIJIRE ŞI ASISTENŢĂ SUSENI",SUSENI,GJ,241,0,0,0,0,7,17,9,33,18,20,9,47,21,25,9,55,61,40,50,151,97,49,50,196
81665,285,"ŞCOALA GENERALĂ CU CLASELE V-VIII SAMARINEŞTI",SAMARINEŞTI,GJ,1123,12,3,0,15,37,10,0,47,66,19,0,85,94,26,0,120,252,48,0,300,388,76,3,467
81709,286,"ŞCOALA PRIMARĂ LARGA",LARGA,GJ,346,1,2,0,3,7,5,0,12,22,9,0,31,26,10,0,36,87,23,0,110,111,33,0,144
81763,287,"ȘCOALA GENERALĂ SĂCELU",SĂCELU,GJ,778,4,0,0,4,19,1,0,20,23,7,0,30,42,11,0,53,107,26,0,133,142,42,0,184
81763,288,"ȘCOALA GENERALĂ SĂCELU",SĂCELU,GJ,469,4,2,0,6,4,4,0,8,6,6,0,12,7,6,0,13,40,23,0,63,58,28,0,86
81825,289,"ȘCOALA GIMNAZIALĂ SĂULEȘTI",SĂULEŞTI,GJ,1231,12,0,0,12,28,4,0,32,49,12,0,61,74,16,0,90,175,51,0,226,243,59,0,302
81834,290,"ȘCOALA PRIMARĂ BIBEȘTI",BIBEŞTI,GJ,622,7,3,0,10,17,5,0,22,32,6,0,38,43,7,0,50,100,25,0,125,141,40,0,181
81996,291,"FOSTA ŞCOALA PRIMARĂ SÎMBOTIN",SÎMBOTIN,GJ,472,5,0,0,5,16,0,0,16,22,0,0,22,34,1,0,35,98,9,0,107,120,15,0,135
82010,292,"ȘCOALA PRIMARĂCU CLASELE I - IV GORNĂCEL",GORNĂCEL,GJ,483,2,0,0,2,3,0,0,3,6,5,0,11,10,5,0,15,48,5,0,53,75,8,0,83
82038,293,"FOSTA ŞCOALĂ GENERALĂ CU CLASELE I - VIII SCHELA",SCHELA,GJ,513,3,0,0,3,9,3,0,12,28,7,0,35,31,10,0,41,76,16,0,92,101,24,0,125
81898,294,"ŞCOALA GENERALĂ BUDIENI",BUDIENI,GJ,602,4,0,0,4,16,5,0,21,38,6,0,44,44,6,0,50,124,32,2,158,199,60,2,261
81978,295,"ŞCOALA PRIMARĂ PIŞTEŞTII DIN DEAL","PIŞTEŞTII DIN DEAL",GJ,874,3,4,0,7,20,5,0,25,63,7,0,70,67,7,0,74,84,11,0,95,144,25,0,169
81932,296,"ŞCOALA PRIMARĂCOPĂCIOASA",COPĂCIOASA,GJ,702,14,3,0,17,20,7,2,29,32,8,2,42,42,9,2,53,78,21,2,101,122,27,2,151
81870,297,"CĂMINUL CULTURAL SCOARŢA",SCOARŢA,GJ,727,6,2,0,8,20,12,0,32,23,13,0,36,33,16,0,49,91,42,0,133,124,64,0,188
81889,298,"LOCALUL FOSTEI PRIMĂRII BOBU",BOBU,GJ,969,3,4,0,7,18,10,0,28,23,15,0,38,32,21,0,53,102,46,0,148,131,59,0,190
82056,299,"ȘCOALA PRIMARĂ SLIVILEȘTICU CLASELE I-IV",SLIVILEŞTI,GJ,859,7,2,0,9,20,4,0,24,36,6,0,42,41,6,0,47,86,18,0,104,120,23,0,143
82092,300,"ȘCOALA PRIMARĂ STRÎMTUCU CLASELE I-IV",STRÎMTU,GJ,417,0,1,0,1,13,4,0,17,28,9,0,37,40,15,0,55,95,22,0,117,137,28,0,165
82074,301,"SALA DE SPORT",MICULEŞTI,GJ,776,0,0,0,0,2,0,0,2,6,0,0,6,12,2,0,14,44,11,0,55,69,11,0,80
82109,302,"ȘCOALA PRIMARĂ SURACU CLASELE I-IV",SURA,GJ,603,6,2,0,8,9,2,0,11,19,3,0,22,19,3,0,22,34,9,0,43,50,11,0,61
82145,303,"PRIMĂRIA STĂNEŞTI",STĂNEŞTI,GJ,1134,5,2,0,7,13,3,0,16,19,3,0,22,45,5,0,50,116,22,0,138,175,42,0,217
82181,304,"ŞCOALA GENERALĂ CURPEN",CURPEN,GJ,755,1,0,0,1,2,1,0,3,7,7,0,14,10,8,0,18,47,12,0,59,66,16,0,82
82252,305,"CENTRUL CULTURAL ""GH.ZAMFIR""",STEJARI,GJ,840,1,0,0,1,11,0,0,11,17,6,0,23,20,7,0,27,56,20,0,76,72,25,0,97
82298,306,"CĂMINUL CULTURAL PISCOIU",PISCOIU,GJ,702,4,2,0,6,5,3,0,8,12,3,0,15,16,5,0,21,32,8,0,40,45,10,0,55
82261,307,"ŞCOALA PRIMARĂ BALOŞANI",BALOŞANI,GJ,419,2,1,0,3,7,2,0,9,10,2,0,12,12,8,0,20,27,17,0,44,42,22,0,64
82323,308,"CĂMINUL CULTURAL STOINA",STOINA,GJ,1218,8,2,0,10,30,22,0,52,46,26,0,72,81,34,0,115,178,69,0,247,236,82,0,318
82350,309,"ŞCOALA CU CLASELE I-IV PĂIŞANI",PĂIŞANI,GJ,666,5,0,0,5,12,1,0,13,17,1,0,18,22,1,0,23,84,15,0,99,131,25,0,156
82403,310,"CLĂDIREA DE LÂNGĂ SEDIUL PRIMĂRIEI COMUNEI TELEŞTI - SALA DE ŞEDINŢE A CONSILIULUI LOCAL TELEŞTI",TELEŞTI,GJ,494,3,1,0,4,14,7,0,21,18,7,0,25,25,8,0,33,56,22,0,78,115,29,0,144
82403,311,"ŞCOALA PRIMARĂ TELEŞTI",TELEŞTI,GJ,553,2,0,0,2,9,2,0,11,25,9,0,34,30,10,0,40,89,26,0,115,160,45,0,205
82412,312,"ŞCOALA PRIMARĂNR.1 BUDUHALA",BUDUHALA,GJ,672,2,2,0,4,11,4,0,15,18,4,0,22,30,5,0,35,94,15,0,109,164,33,0,197
82421,313,"ŞCOALA PRIMARĂ ŞOMĂNEŞTI",ŞOMĂNEŞTI,GJ,571,4,0,0,4,16,2,0,18,27,3,0,30,42,5,0,47,150,17,0,167,180,26,0,206
82564,314,"ŞCOALA PRIMARĂ TURBUREA",TURBUREA,GJ,440,5,4,0,9,20,8,9,37,37,10,9,56,47,11,9,67,105,26,9,140,144,34,9,187
82564,315,"ŞCOALA GENERALĂ TURBUREA",TURBUREA,GJ,731,7,1,0,8,15,3,0,18,30,6,0,36,59,6,0,65,155,24,0,179,230,34,0,264
82608,316,"SPAȚIUL PUBLICȘIPOTU",ŞIPOTU,GJ,726,0,0,0,0,15,3,22,40,56,8,22,86,73,10,22,105,140,30,23,193,226,43,23,292
82582,317,"ŞCOALA GENERALĂPOIANA",POIANA,GJ,1193,9,1,0,10,29,2,0,31,56,10,18,84,74,11,18,103,191,29,18,238,366,42,18,426
82573,318,"ŞCOALAPRIMARĂ COCOROVA",COCOROVA,GJ,407,3,0,0,3,9,1,0,10,22,3,4,29,27,5,4,36,54,8,4,66,89,9,4,102
78098,319,"ȘCOALA GIMNAZIALĂ GRIGORE GEAMĂNU",TURCINEŞTI,GJ,1337,7,1,0,8,16,1,0,17,30,3,0,33,71,5,0,76,184,17,0,201,299,34,0,333
78123,320,"ȘCOALA PRIMARĂ RUGI",RUGI,GJ,497,3,2,0,5,4,2,0,6,8,3,0,11,13,5,0,18,26,11,0,37,46,19,0,65
82699,321,"ŞCOALA COORDONATOARE ŢÎNŢĂRENI",ŢÎNŢĂRENI,GJ,1871,12,0,0,12,53,0,0,53,84,0,0,84,109,0,0,109,223,1,0,224,330,8,0,338
82724,322,"ȘCOALA PRIMARĂ FLOREȘTI NR. 2",FLOREŞTI,GJ,998,9,2,0,11,41,9,0,50,89,11,0,100,101,11,0,112,207,25,0,232,268,31,0,299
82724,323,"ȘCOALA GENERALĂ FLOREȘTI NR. 1",FLOREŞTI,GJ,1328,14,0,0,14,44,0,0,44,69,3,0,72,86,4,0,90,195,8,0,203,292,11,0,303
82715,324,"ŞCOALA PRIMARĂ CHICIORA",CHICIORA,GJ,249,1,5,0,6,5,5,0,10,10,6,0,16,14,6,0,20,48,16,0,64,74,21,0,95
82751,325,"ŞCOALA GIMNAZIALĂ FÎNTÎNELE",FÎNTÎNELE,GJ,788,1,0,0,1,11,0,0,11,24,0,0,24,32,0,0,32,114,8,0,122,184,12,0,196
82742,326,"ŞCOALA GIMNAZIALĂ NR. 1 URDARI",URDARI,GJ,1345,9,4,0,13,24,4,0,28,28,5,0,33,38,5,0,43,175,12,0,187,267,14,0,281
82760,327,"GRĂDINIŢA HOTĂROASA",HOTĂROASA,GJ,459,1,0,0,1,4,0,0,4,5,0,0,5,8,0,0,8,34,2,0,36,53,8,0,61
82788,328,"ŞCOALA GENERALĂ NR.1 VÂGIULEŞTI",VĂGIULEŞTI,GJ,1097,6,0,0,6,10,5,0,15,17,7,0,24,22,9,0,31,96,24,0,120,144,36,0,180
82804,329,"CĂMINUL CULTURAL COVRIGI",COVRIGI,GJ,1006,5,0,0,5,15,2,0,17,27,2,0,29,32,2,0,34,91,13,0,104,143,26,0,169
82840,330,"ȘCOALA GIMNAZIALĂ NR 1 CORP B",ANDREEŞTI,GJ,870,6,2,0,8,10,5,0,15,14,6,0,20,38,13,0,51,75,40,0,115,119,44,0,163
82877,331,"ŞCOALA PRIMARĂNR 1VLADIMIR",VLADIMIR,GJ,901,0,0,0,0,5,3,0,8,6,6,0,12,10,7,0,17,43,20,0,63,66,27,0,93
82859,332,"ŞCOALA PRIMARĂNR. 2 FRASIN",FRASIN,GJ,561,2,3,0,5,5,5,0,10,8,7,0,15,13,11,0,24,56,25,0,81,78,26,0,104
75105,1,"ȘCOALA GIMNAZIALĂ NR. 26 (ŞCOALA GENERALĂ ”ION CREANGĂ"" - ȘCOALA GENERALĂ NR. 26)",GALAŢI,GL,1265,12,0,0,12,65,3,0,68,105,4,0,109,125,4,0,129,214,7,0,221,247,8,0,255
75105,2,"ȘCOALA GIMNAZIALĂ NR. 26 (ŞCOALA GENERALĂ ”ION CREANGĂ"" - ȘCOALA GENERALĂ NR. 26)",GALAŢI,GL,1173,14,1,0,15,85,6,0,91,113,6,0,119,122,6,0,128,190,9,0,199,217,9,0,226
75105,3,"ȘCOALA GIMNAZIALĂ NR. 28 (ŞCOALA GENERALĂ ”MIHAI EMINESCU” - ȘCOALA GENERALĂ NR. 28)",GALAŢI,GL,1235,15,3,0,18,68,9,0,77,83,11,0,94,98,12,0,110,176,15,0,191,217,16,0,233
75105,4,"ȘCOALA GIMNAZIALĂ NR. 28 (ŞCOALA GENERALĂ ”MIHAI EMINESCU” - ȘCOALA GENERALĂ NR. 28)",GALAŢI,GL,1098,11,4,0,15,58,6,0,64,87,10,0,97,104,10,0,114,183,11,1,195,216,20,1,237
75105,5,"ȘCOALA GIMNAZIALĂ NR. 28 (ŞCOALA GENERALĂ ”MIHAI EMINESCU” - ȘCOALA GENERALĂ NR. 28)",GALAŢI,GL,1314,20,0,0,20,97,0,0,97,126,1,0,127,147,1,0,148,250,4,0,254,286,8,0,294
75105,6,"ȘCOALA GIMNAZIALĂ NR. 28 (ŞCOALA GENERALĂ ”MIHAI EMINESCU” - ȘCOALA GENERALĂ NR. 28)",GALAŢI,GL,1336,19,0,0,19,91,0,0,91,138,0,0,138,166,3,0,169,261,9,0,270,292,14,0,306
75105,7,"ȘCOALA GIMNAZIALĂ NR. 28 (ŞCOALA GENERALĂ ”MIHAI EMINESCU” - ȘCOALA GENERALĂ NR. 28)",GALAŢI,GL,948,10,3,0,13,46,5,0,51,60,5,0,65,62,6,0,68,108,9,0,117,151,12,0,163
75105,8,"S.C. “APA-CANAL” S.A.",GALAŢI,GL,1707,31,0,0,31,106,2,0,108,157,2,0,159,201,2,0,203,311,8,0,319,361,9,0,370
75105,9,"S.C. “APA-CANAL” S.A.",GALAŢI,GL,1608,28,0,0,28,90,0,0,90,136,1,0,137,159,1,0,160,270,9,0,279,312,10,0,322
75105,10,"S.C. “APA-CANAL” S.A.",GALAŢI,GL,1364,14,0,0,14,71,0,0,71,94,1,0,95,120,2,0,122,205,6,0,211,258,11,0,269
75105,11,"ȘCOALA GIMNAZIALĂ ”CONSTANTIN GHEORGHE MARINESCU” (SCOALA GENERALĂ NR.2)",GALAŢI,GL,1495,10,0,0,10,49,1,0,50,73,2,0,75,96,2,0,98,168,2,0,170,208,3,0,211
75105,12,"ȘCOALA GIMNAZIALĂ ”CONSTANTIN GHEORGHE MARINESCU” (SCOALA GENERALĂ NR.2)",GALAŢI,GL,1635,28,1,0,29,91,9,0,100,127,11,0,138,148,12,0,160,236,12,0,248,280,17,1,298
75105,13,"LICEUL TEORETIC ”EMIL RACOVIȚĂ” (LICEUL ”EMIL RACOVIŢĂ” - ȘCOALA GENERALĂ NR. 6)",GALAŢI,GL,1697,15,1,0,16,64,3,0,67,86,6,0,92,114,6,0,120,212,9,0,221,260,10,0,270
75105,14,"LICEUL TEORETIC ”EMIL RACOVIȚĂ” (LICEUL ”EMIL RACOVIŢĂ” - ȘCOALA GENERALĂ NR. 6)",GALAŢI,GL,1334,15,0,0,15,58,0,0,58,84,1,0,85,106,3,0,109,181,4,0,185,211,6,0,217
75105,15,"LICEUL TEORETIC ”EMIL RACOVIȚĂ” (LICEUL ”EMIL RACOVIŢĂ” - ȘCOALA GENERALĂ NR. 6)",GALAŢI,GL,1155,10,0,0,10,52,0,0,52,70,0,0,70,78,0,0,78,133,0,0,133,167,0,0,167
75105,16,"COLEGIUL NATIONAL “MIHAIL KOGĂLNICEANU”",GALAŢI,GL,1138,5,6,0,11,41,7,0,48,62,7,0,69,71,7,0,78,121,9,0,130,152,9,0,161
75105,17,"COLEGIUL NATIONAL “MIHAIL KOGĂLNICEANU”",GALAŢI,GL,1205,17,4,0,21,52,4,0,56,72,4,0,76,84,5,0,89,151,7,1,159,171,10,1,182
75105,18,"CASA DE CULTURA A SINDICATELOR",GALAŢI,GL,1118,19,3,0,22,63,8,0,71,89,9,0,98,105,9,0,114,190,13,0,203,231,14,0,245
75105,19,"CASA DE CULTURA A SINDICATELOR",GALAŢI,GL,1557,8,0,0,8,56,0,0,56,78,0,0,78,104,1,0,105,207,6,0,213,244,7,0,251
75105,20,"ȘCOALA GIMNAZIALĂ ”ELENA CUZA” (ȘCOALA NR.15)",GALAŢI,GL,1351,9,0,0,9,28,0,0,28,55,0,0,55,73,0,0,73,145,5,0,150,185,5,0,190
75105,21,"ȘCOALA GIMNAZIALĂ ”ELENA CUZA” (ȘCOALA NR.15)",GALAŢI,GL,1675,9,1,0,10,51,1,0,52,79,1,0,80,98,2,0,100,204,3,0,207,251,5,0,256
75105,22,"GRĂDINIȚA CU PROGRAM NORMAL ”IOAN NENIȚESCU” (GRĂDINIȚA NR. 15)",GALAŢI,GL,1439,20,3,0,23,64,4,0,68,88,4,0,92,97,7,0,104,188,13,0,201,218,13,0,231
75105,23,"GRĂDINIȚA CU PROGRAM NORMAL ”IOAN NENIȚESCU” (GRĂDINIȚA NR. 15)",GALAŢI,GL,1390,21,0,0,21,62,1,0,63,88,4,0,92,114,5,0,119,189,10,0,199,223,15,0,238
75105,24,"COLEGIUL NAȚIONAL ""VASILE ALECSANDRI""",GALAŢI,GL,993,12,0,0,12,40,6,0,46,73,8,0,81,81,9,0,90,143,17,0,160,164,22,0,186
75105,25,"COLEGIUL NAȚIONAL ""VASILE ALECSANDRI""",GALAŢI,GL,1405,14,4,0,18,63,4,0,67,84,5,0,89,105,6,0,111,171,7,0,178,203,10,0,213
75105,26,"COLEGIUL NAȚIONAL ""VASILE ALECSANDRI""",GALAŢI,GL,1333,9,0,0,9,34,0,0,34,59,3,0,62,74,3,0,77,134,6,0,140,162,6,0,168
75105,27,"ȘCOALA GIMNAZIALĂ NR. 16 (ȘCOALA GENERALĂ ”NICOLAE BĂLCESCU” - ȘCOALA GENERALĂ NR. 16)",GALAŢI,GL,1426,20,0,0,20,64,1,0,65,91,3,0,94,108,3,0,111,202,3,0,205,245,9,0,254
75105,28,"ȘCOALA GIMNAZIALĂ NR. 16 (ȘCOALA GENERALĂ ”NICOLAE BĂLCESCU” - ȘCOALA GENERALĂ NR. 16)",GALAŢI,GL,1201,16,0,0,16,44,0,0,44,57,6,0,63,70,6,0,76,140,6,0,146,166,7,0,173
75105,29,"ȘCOALA GIMNAZIALĂ NR. 16 (ȘCOALA GENERALĂ ”NICOLAE BĂLCESCU” - ȘCOALA GENERALĂ NR. 16)",GALAŢI,GL,1309,9,2,0,11,48,4,0,52,72,4,0,76,87,5,0,92,164,13,0,177,197,14,0,211
75105,30,"ȘCOALA GIMNAZIALĂ NR. 16 (ȘCOALA GENERALĂ ”NICOLAE BĂLCESCU” - ȘCOALA GENERALĂ NR. 16)",GALAŢI,GL,1320,18,0,0,18,56,0,0,56,72,0,0,72,88,0,0,88,185,5,0,190,235,5,0,240
75105,31,"ȘCOALA GIMNAZIALĂ NR. 25 (ȘCOALA GENERALĂ ”PETRU RAREȘ” - ȘCOALA GENERALĂ NR. 25)",GALAŢI,GL,1528,16,2,0,18,46,8,0,54,64,10,1,75,82,11,1,94,166,19,1,186,208,25,1,234
75105,32,"ȘCOALA GIMNAZIALĂ NR. 25 (ȘCOALA GENERALĂ ”PETRU RAREȘ” - ȘCOALA GENERALĂ NR. 25)",GALAŢI,GL,1529,9,0,0,9,59,8,0,67,79,12,0,91,93,12,0,105,180,12,0,192,229,16,0,245
75105,33,"ȘCOALA GIMNAZIALĂ NR. 25 (ȘCOALA GENERALĂ ”PETRU RAREȘ” - ȘCOALA GENERALĂ NR. 25)",GALAŢI,GL,1341,12,0,0,12,59,8,0,67,83,9,0,92,96,9,0,105,187,9,1,197,212,11,1,224
75105,34,"UNIVERSITATEA ”DUNĂREA DE JOS” GALAȚI (UNIVERSITATEA GALAŢI)",GALAŢI,GL,1564,17,0,0,17,66,9,19,94,82,12,19,113,90,15,19,124,161,18,19,198,203,28,19,250
75105,35,"ȘCOALA GIMNAZIALĂ ”LUDOVIC COSMA” (ȘCOALA GENERALĂ NR. 19)",GALAŢI,GL,1346,8,1,0,9,35,1,2,38,49,1,2,52,66,2,2,70,123,5,2,130,173,12,2,187
75105,36,"ȘCOALA GIMNAZIALĂ ”LUDOVIC COSMA” (ȘCOALA GENERALĂ NR. 19)",GALAŢI,GL,1552,5,0,0,5,44,1,0,45,65,1,0,66,90,1,0,91,169,3,0,172,222,6,0,228
75105,37,"COLEGIUL TEHNIC ""RADU NEGRU""",GALAŢI,GL,1684,3,0,0,3,26,1,198,225,45,1,198,244,52,1,198,251,144,4,198,346,199,5,198,402
75105,38,"COLEGIUL DE INDUSTRIE ALIMENTARĂ ”ELENA DOAMNA” (GRUP ȘCOLAR ”ELENA DOAMNA”)",GALAŢI,GL,1957,11,1,0,12,52,17,0,69,71,20,0,91,92,20,0,112,182,29,0,211,216,36,0,252
75105,39,"COLEGIUL DE INDUSTRIE ALIMENTARĂ ”ELENA DOAMNA” (GRUP ȘCOLAR ”ELENA DOAMNA”)",GALAŢI,GL,1687,16,5,0,21,56,5,0,61,76,5,45,126,83,5,45,133,169,11,45,225,215,12,45,272
75105,40,"COLEGIUL TEHNIC ”RADU NEGRU” (GRUP ȘCOLAR ”RADU NEGRU”)",GALAŢI,GL,1922,14,3,0,17,38,7,199,244,65,8,199,272,79,10,199,288,166,16,199,381,227,18,199,444
75105,41,"ȘCOALA GIMNAZIALĂ NR. 20 (ȘCOALA GENERALĂ NR. 20 ”TRAIAN”)",GALAŢI,GL,1988,12,0,0,12,56,0,0,56,76,0,0,76,99,3,0,102,192,4,1,197,233,5,1,239
75105,42,"ȘCOALA GIMNAZIALĂ NR. 20 (ȘCOALA GENERALĂ NR. 20 ”TRAIAN”)",GALAŢI,GL,1953,0,2,0,2,0,6,0,6,0,6,0,6,0,6,0,6,0,7,24,31,0,9,24,33
75105,43,"ȘCOALA GIMNAZIALĂ NR. 20 (ȘCOALA GENERALĂ NR. 20 ”TRAIAN”)",GALAŢI,GL,1851,7,0,0,7,45,0,17,62,65,0,17,82,84,0,17,101,163,1,17,181,189,1,17,207
75105,44,"ȘCOALA GIMNAZIALĂ NR. 24 (ȘCOALA GENERALĂ NR. 24)",GALAŢI,GL,1599,25,1,0,26,98,5,0,103,128,7,0,135,150,8,0,158,266,14,0,280,310,14,0,324
75105,45,"LICEUL TEHNOLOGIC DE MARINĂ (GRUP ȘCOLAR INDUSTRIAL DE MARINĂ - LICEUL DE MARINĂ)",GALAŢI,GL,1427,6,1,0,7,25,4,0,29,36,4,0,40,43,4,0,47,94,6,0,100,124,11,0,135
75105,46,"LICEUL TEHNOLOGIC DE MARINĂ (GRUP ȘCOLAR INDUSTRIAL DE MARINĂ - LICEUL DE MARINĂ)",GALAŢI,GL,1468,10,5,0,15,43,9,0,52,59,9,0,68,84,9,0,93,137,9,0,146,173,16,0,189
75105,47,"LICEUL TEHNOLOGIC DE MARINĂ (GRUP ȘCOLAR INDUSTRIAL DE MARINĂ - LICEUL DE MARINĂ)",GALAŢI,GL,1344,15,0,0,15,63,2,0,65,86,4,0,90,111,4,0,115,194,9,0,203,228,11,0,239
75105,48,"COLEGIUL NAȚIONAL ”ALEXANDRU IOAN CUZA” (GRĂDINIȚA NR. 59 - FOSTA ȘCOALĂGENERALĂNR. 8)",GALAŢI,GL,1325,15,0,0,15,56,1,0,57,80,1,0,81,93,1,0,94,178,3,0,181,227,8,0,235
75105,49,"COLEGIUL NAȚIONAL ”ALEXANDRU IOAN CUZA” (GRĂDINIȚA NR. 59 - FOSTA ȘCOALĂGENERALĂNR. 8)",GALAŢI,GL,1469,11,2,0,13,59,2,0,61,99,2,0,101,122,2,0,124,198,4,0,202,243,7,0,250
75105,50,"COLEGIUL NAȚIONAL ”ALEXANDRU IOAN CUZA” (GRĂDINIȚA NR. 59 - FOSTA ȘCOALĂGENERALĂNR. 8)",GALAŢI,GL,1442,12,0,0,12,52,0,0,52,76,0,0,76,91,0,0,91,169,3,0,172,204,5,0,209
75105,51,"COLEGIUL NAȚIONAL ”ALEXANDRU IOAN CUZA” (GRĂDINIȚA NR. 59 - FOSTA ȘCOALĂGENERALĂNR. 8)",GALAŢI,GL,1731,12,0,0,12,50,0,0,50,66,4,0,70,80,5,0,85,147,7,0,154,179,10,0,189
75105,52,"LICEUL CU PROGRAM SPORTIV (LICEUL CU PROGRAM DE EDUCAȚIE FIZICĂ - LICEUL INDUSTRIAL NR.12)",GALAŢI,GL,1738,11,0,0,11,53,2,0,55,73,3,0,76,98,8,0,106,185,12,0,197,221,17,0,238
75105,53,"LICEUL CU PROGRAM SPORTIV (LICEUL CU PROGRAM DE EDUCAȚIE FIZICĂ - LICEUL INDUSTRIAL NR.12)",GALAŢI,GL,2188,11,0,0,11,43,0,0,43,65,0,0,65,82,0,0,82,151,2,0,153,190,3,0,193
75105,54,"LICEUL CU PROGRAM SPORTIV (LICEUL CU PROGRAM DE EDUCAȚIE FIZICĂ - LICEUL INDUSTRIAL NR.12)",GALAŢI,GL,1594,8,3,0,11,63,3,0,66,83,4,0,87,103,5,0,108,173,7,0,180,199,7,0,206
75105,55,"LICEUL CU PROGRAM SPORTIV (LICEUL CU PROGRAM DE EDUCAȚIE FIZICĂ - LICEUL INDUSTRIAL NR.12)",GALAŢI,GL,1561,15,0,0,15,63,0,0,63,94,0,0,94,114,0,0,114,191,2,0,193,260,3,0,263
75105,56,"ȘCOALA GIMNAZIALĂ NR. 17 (ȘCOALA GENERALĂ ”NICHITA STĂNESCU” - ȘCOALA GENERALĂ NR. 17)",GALAŢI,GL,1354,19,0,0,19,58,5,0,63,74,6,0,80,89,6,0,95,155,8,0,163,187,8,0,195
75105,57,"ȘCOALA GIMNAZIALĂ NR. 17 (ȘCOALA GENERALĂ ”NICHITA STĂNESCU” - ȘCOALA GENERALĂ NR. 17)",GALAŢI,GL,1472,11,5,0,16,70,6,0,76,96,7,0,103,103,7,0,110,177,7,0,184,237,9,0,246
75105,58,"ȘCOALA GIMNAZIALĂ NR. 17 (ȘCOALA GENERALĂ ”NICHITA STĂNESCU” - ȘCOALA GENERALĂ NR. 17)",GALAŢI,GL,1279,9,2,0,11,54,5,0,59,74,5,0,79,103,7,0,110,159,12,0,171,180,15,0,195
75105,59,"COLEGIUL ECONOMIC ”VIRGIL MADGEARU” (GRUP ȘCOLAR ECONOMIC ADMINISTRATIV ”VIRGIL MADGEARU”)",GALAŢI,GL,1318,28,7,0,35,79,13,0,92,101,14,0,115,127,14,0,141,215,20,0,235,260,21,0,281
75105,60,"ȘCOALA GIMNAZIALĂ NR. 29 (ȘCOALA GENERALĂ ”SFÂNTA ANA” - ȘCOALA GENERALĂ NR. 29)",GALAŢI,GL,1340,6,0,0,6,72,0,1,73,90,7,1,98,101,7,1,109,181,8,1,190,215,9,1,225
75105,61,"ȘCOALA GIMNAZIALĂ NR. 29 (ȘCOALA GENERALĂ ”SFÂNTA ANA” - ȘCOALA GENERALĂ NR. 29)",GALAŢI,GL,1310,17,0,0,17,54,8,0,62,86,8,0,94,101,8,0,109,162,9,0,171,220,9,0,229
75105,62,"ȘCOALA GIMNAZIALĂ NR. 29 (ȘCOALA GENERALĂ ”SFÂNTA ANA” - ȘCOALA GENERALĂ NR. 29)",GALAŢI,GL,1390,16,8,0,24,52,8,0,60,84,8,0,92,99,8,0,107,174,8,0,182,221,8,0,229
75105,63,"ȘCOALA GIMNAZIALĂ NR. 29 (ȘCOALA GENERALĂ ”SFÂNTA ANA” - ȘCOALA GENERALĂ NR. 29)",GALAŢI,GL,1489,21,0,0,21,63,7,0,70,89,7,0,96,119,7,0,126,218,11,0,229,257,11,0,268
75105,64,"ȘCOALA GIMNAZIALĂ NR. 22 (ȘCOALA GENERALĂ ”DIMITRIE CANTEMIR” - ȘCOALA GENERALĂ NR. 22)",GALAŢI,GL,1512,9,0,0,9,50,1,0,51,69,3,0,72,90,4,0,94,175,10,0,185,225,12,0,237
75105,65,"ȘCOALA GIMNAZIALĂ NR. 22 (ȘCOALA GENERALĂ ”DIMITRIE CANTEMIR” - ȘCOALA GENERALĂ NR. 22)",GALAŢI,GL,1518,29,2,0,31,87,3,0,90,120,3,0,123,145,3,0,148,214,5,1,220,263,6,1,270
75105,66,"ȘCOALA GIMNAZIALĂ NR. 22 (ȘCOALA GENERALĂ ”DIMITRIE CANTEMIR” - ȘCOALA GENERALĂ NR. 22)",GALAŢI,GL,1572,17,3,0,20,87,3,0,90,110,6,0,116,129,6,0,135,218,7,0,225,262,10,0,272
75105,67,"GRĂDINIȚA CU PROGRAM PRELUNGIT ”PRICHINDEL” (GRĂDINIȚA ”PRICHINDEL” - GRĂDINIȚA NR. 62)",GALAŢI,GL,1542,20,2,0,22,79,8,0,87,100,9,0,109,127,9,0,136,235,11,0,246,290,11,0,301
75105,68,"GRĂDINIȚA CU PROGRAM PRELUNGIT ”PRICHINDEL” (GRĂDINIȚA ”PRICHINDEL” - GRĂDINIȚA NR. 62)",GALAŢI,GL,1520,20,1,0,21,65,6,0,71,87,8,0,95,112,11,0,123,183,15,0,198,226,19,0,245
75105,69,"GRĂDINIȚA CU PROGRAM PRELUNGIT ”PRICHINDEL” (GRĂDINIȚA ”PRICHINDEL” - GRĂDINIȚA NR. 62)",GALAŢI,GL,1439,18,0,0,18,68,0,0,68,89,0,0,89,118,0,0,118,191,0,0,191,237,5,0,242
75105,70,"GARA CFR BARBOȘI",GALAŢI,GL,486,11,6,0,17,26,6,0,32,38,7,0,45,50,8,0,58,78,11,0,89,101,15,0,116
75105,71,"ȘCOALA GIMNAZIALĂ ”DAN BARBILIAN” (ȘCOALA GENERALĂ ”DAN BARBILIAN”- ȘCOALA GENERALĂ NR. 43)",GALAŢI,GL,1658,22,1,0,23,61,5,0,66,102,15,0,117,139,15,0,154,224,21,0,245,266,25,0,291
75105,72,"ȘCOALA GIMNAZIALĂ ”DAN BARBILIAN” (ȘCOALA GENERALĂ ”DAN BARBILIAN”- ȘCOALA GENERALĂ NR. 43)",GALAŢI,GL,1506,17,5,0,22,78,6,0,84,99,7,0,106,128,7,0,135,197,10,0,207,248,10,0,258
75105,73,"ȘCOALA GIMNAZIALĂ ”DAN BARBILIAN” (ȘCOALA GENERALĂ ”DAN BARBILIAN”- ȘCOALA GENERALĂ NR. 43)",GALAŢI,GL,1462,12,0,0,12,50,1,0,51,81,1,0,82,103,1,0,104,172,4,0,176,210,4,0,214
75105,74,"ȘCOALA GIMNAZIALĂ ”DAN BARBILIAN” (ȘCOALA GENERALĂ ”DAN BARBILIAN”- ȘCOALA GENERALĂ NR. 43)",GALAŢI,GL,1540,11,3,0,14,47,4,0,51,69,5,0,74,83,5,0,88,171,10,0,181,207,10,0,217
75105,75,"ȘCOALA GIMNAZIALĂ ”DAN BARBILIAN” (ȘCOALA GENERALĂ ”DAN BARBILIAN”- ȘCOALA GENERALĂ NR. 43)",GALAŢI,GL,1563,24,7,0,31,62,7,0,69,82,7,0,89,105,7,0,112,184,8,0,192,242,9,0,251
75105,76,"ȘCOALA GIMNAZIALĂ ”DAN BARBILIAN” (ȘCOALA GENERALĂ ”DAN BARBILIAN”- ȘCOALA GENERALĂ NR. 43)",GALAŢI,GL,1508,13,0,0,13,54,1,0,55,76,1,0,77,98,1,0,99,182,2,0,184,226,7,0,233
75105,77,"ȘCOALA GIMNAZIALĂ ”DAN BARBILIAN” (ȘCOALA GENERALĂ ”DAN BARBILIAN”- ȘCOALA GENERALĂ NR. 43)",GALAŢI,GL,1581,10,0,0,10,41,0,0,41,58,0,0,58,69,3,0,72,148,4,0,152,191,4,0,195
75105,78,"ȘCOALA GIMNAZIALĂ NR. 3 (ȘCOALA GENERALĂ NR. 3)",GALAŢI,GL,1566,12,0,0,12,66,4,0,70,87,4,0,91,97,5,0,102,186,7,0,193,232,9,0,241
75105,79,"ȘCOALA GIMNAZIALĂ NR. 3 (ȘCOALA GENERALĂ NR. 3)",GALAŢI,GL,1601,4,4,0,8,40,6,0,46,80,7,0,87,99,7,0,106,155,9,0,164,210,11,0,221
75105,80,"ȘCOALA GIMNAZIALĂ NR. 3 (ȘCOALA GENERALĂ NR. 3)",GALAŢI,GL,1551,11,1,0,12,50,1,0,51,72,2,1,75,87,2,1,90,151,11,1,163,196,11,1,208
75105,81,"ȘCOALA GIMNAZIALĂ NR. 3 (ȘCOALA GENERALĂ NR. 3)",GALAŢI,GL,1707,14,0,0,14,71,4,0,75,114,5,0,119,136,5,0,141,205,7,0,212,265,8,0,273
75105,82,"ȘCOALA GIMNAZIALĂ NR. 3 (ȘCOALA GENERALĂ NR. 3)",GALAŢI,GL,1423,11,3,0,14,48,9,0,57,71,10,0,81,97,10,0,107,167,13,1,181,218,14,1,233
75105,83,"ȘCOALA GIMNAZIALĂ ”IULIA HAȘDEU” (ȘCOALA GENERALĂ ”IULIA HAȘDEU” - ȘCOALA GENERALĂ NR. 40)",GALAŢI,GL,1478,10,4,0,14,69,4,0,73,96,4,0,100,115,4,0,119,184,5,0,189,225,6,0,231
75105,84,"ȘCOALA GIMNAZIALĂ ”IULIA HAȘDEU” (ȘCOALA GENERALĂ ”IULIA HAȘDEU” - ȘCOALA GENERALĂ NR. 40)",GALAŢI,GL,1379,14,0,0,14,44,1,0,45,65,1,0,66,87,4,0,91,172,4,0,176,211,6,0,217
75105,85,"ȘCOALA GIMNAZIALĂ ”IULIA HAȘDEU” (ȘCOALA GENERALĂ ”IULIA HAȘDEU” - ȘCOALA GENERALĂ NR. 40)",GALAŢI,GL,1436,16,2,0,18,65,2,0,67,99,3,0,102,115,3,0,118,191,7,0,198,230,15,0,245
75105,86,"ȘCOALA GIMNAZIALĂ ”IULIA HAȘDEU” (ȘCOALA GENERALĂ ”IULIA HAȘDEU” - ȘCOALA GENERALĂ NR. 40)",GALAŢI,GL,1428,19,0,0,19,56,3,0,59,86,8,0,94,96,9,0,105,191,9,0,200,234,10,0,244
75105,87,"ȘCOALA GIMNAZIALĂ ”IULIA HAȘDEU” (ȘCOALA GENERALĂ ”IULIA HAȘDEU” - ȘCOALA GENERALĂ NR. 40)",GALAŢI,GL,1585,9,6,0,15,55,6,0,61,93,7,0,100,108,7,0,115,171,8,0,179,212,8,0,220
75105,88,"ȘCOALA GIMNAZIALĂ ”IULIA HAȘDEU” (ȘCOALA GENERALĂ ”IULIA HAȘDEU” - ȘCOALA GENERALĂ NR. 40)",GALAŢI,GL,1293,12,6,0,18,44,7,0,51,70,7,0,77,86,8,0,94,149,10,0,159,180,11,0,191
75105,89,"ȘCOALA GIMNAZIALĂ NR. 9 (ȘCOALA GIMNAZIALĂ NR. 9 ""CALISTRAT HOGAȘ"")",GALAŢI,GL,1484,14,0,0,14,55,7,0,62,92,8,0,100,121,10,0,131,210,14,0,224,244,15,0,259
75105,90,"ȘCOALA GIMNAZIALĂ NR. 9 (ȘCOALA GIMNAZIALĂ NR. 9 ""CALISTRAT HOGAȘ"")",GALAŢI,GL,1295,16,0,0,16,65,1,0,66,90,2,0,92,102,6,0,108,169,9,0,178,202,11,0,213
75105,91,"ȘCOALA GIMNAZIALĂ NR. 9 (ȘCOALA GIMNAZIALĂ NR. 9 ""CALISTRAT HOGAȘ"")",GALAŢI,GL,1376,16,0,0,16,55,0,0,55,75,0,0,75,97,1,0,98,167,1,0,168,191,3,0,194
75105,92,"GRĂDINIȚA CU PROGRAM NORMAL NR. 59 (FOSTA ȘCOALĂ GIMNAZIALĂ ”NICOLAE MANTU”)",GALAŢI,GL,1617,8,0,0,8,47,5,0,52,85,5,0,90,105,5,0,110,186,12,0,198,233,14,3,250
75105,93,"GRĂDINIȚA CU PROGRAM NORMAL NR. 59 (FOSTA ȘCOALĂ GIMNAZIALĂ ”NICOLAE MANTU”)",GALAŢI,GL,1471,6,0,0,6,38,11,0,49,77,11,0,88,96,11,0,107,168,11,0,179,213,12,4,229
75105,94,"ȘCOALA GIMNAZIALĂ NR. 5 (ȘCOALA GENERALĂ ”CUZA VODĂ” - ȘCOALA GENERALĂ NR. 5)",GALAŢI,GL,1563,12,3,0,15,48,9,0,57,67,12,0,79,79,14,0,93,168,20,0,188,205,22,0,227
75105,95,"ȘCOALA GIMNAZIALĂ NR. 5 (ȘCOALA GENERALĂ ”CUZA VODĂ” - ȘCOALA GENERALĂ NR. 5)",GALAŢI,GL,1322,11,0,0,11,44,5,0,49,59,6,1,66,72,11,1,84,148,13,1,162,185,17,1,203
75105,96,"ȘCOALA GIMNAZIALĂ NR. 5 (ȘCOALA GENERALĂ ”CUZA VODĂ” - ȘCOALA GENERALĂ NR. 5)",GALAŢI,GL,1600,9,0,0,9,41,2,0,43,62,3,1,66,79,6,1,86,154,6,1,161,188,8,1,197
75105,97,"ȘCOALA GIMNAZIALĂ NR. 5 (ȘCOALA GENERALĂ ”CUZA VODĂ” - ȘCOALA GENERALĂ NR. 5)",GALAŢI,GL,1410,12,0,0,12,77,2,0,79,98,2,0,100,118,2,0,120,204,2,0,206,241,2,0,243
75105,98,"LICEUL TEORETIC ""DUNAREA""",GALAŢI,GL,1333,16,2,0,18,49,3,0,52,75,4,0,79,101,4,0,105,157,6,0,163,189,13,15,217
75105,99,"LICEUL TEORETIC ""DUNAREA""",GALAŢI,GL,1289,9,0,0,9,45,1,0,46,66,4,0,70,81,4,0,85,152,9,0,161,187,10,8,205
75105,100,"LICEUL TEORETIC ""DUNAREA""",GALAŢI,GL,1415,11,5,0,16,35,5,0,40,67,8,0,75,85,8,0,93,149,10,0,159,189,11,0,200
75105,101,"ȘCOALA GIMNAZIALĂ ”MIHAIL SADOVEANU” (ȘCOALA GENERALĂ ”MIHAIL SADOVEANU” - ȘCOALA GENERALĂ NR. 11)",GALAŢI,GL,1534,11,1,0,12,62,2,0,64,82,4,0,86,109,4,0,113,212,11,0,223,246,12,0,258
75105,102,"ȘCOALA GIMNAZIALĂ ”MIHAIL SADOVEANU” (ȘCOALA GENERALĂ ”MIHAIL SADOVEANU” - ȘCOALA GENERALĂ NR. 11)",GALAŢI,GL,1522,18,0,0,18,75,3,0,78,92,4,0,96,112,7,0,119,210,9,0,219,260,11,0,271
75105,103,"ȘCOALA GIMNAZIALĂ ”MIHAIL SADOVEANU” (ȘCOALA GENERALĂ ”MIHAIL SADOVEANU” - ȘCOALA GENERALĂ NR. 11)",GALAŢI,GL,1176,8,3,0,11,51,6,0,57,67,6,0,73,84,9,0,93,171,11,1,183,194,11,1,206
75105,104,"ȘCOALA GIMNAZIALĂ ”MIHAIL SADOVEANU” (ȘCOALA GENERALĂ ”MIHAIL SADOVEANU” - ȘCOALA GENERALĂ NR. 11)",GALAŢI,GL,1442,12,0,0,12,59,2,0,61,82,3,0,85,98,3,0,101,176,3,0,179,212,10,0,222
75105,105,"ȘCOALA GIMNAZIALĂ ”MIHAIL SADOVEANU” (ȘCOALA GENERALĂ ”MIHAIL SADOVEANU” - ȘCOALA GENERALĂ NR. 11)",GALAŢI,GL,1420,13,2,0,15,56,2,0,58,87,2,0,89,98,2,0,100,184,8,0,192,217,8,0,225
75105,106,"ȘCOALA GIMNAZIALĂ ”MIHAIL SADOVEANU” (ȘCOALA GENERALĂ ”MIHAIL SADOVEANU” - ȘCOALA GENERALĂ NR. 11)",GALAŢI,GL,1394,18,5,0,23,77,5,0,82,100,8,0,108,118,8,0,126,203,9,0,212,240,9,0,249
75105,107,"ȘCOALA GIMNAZIALĂ NR. 10 (ȘCOALA GENERALĂ ”PETRE ȚUȚEA” - ȘCOALA GENERALĂ NR. 10)",GALAŢI,GL,1415,22,0,0,22,56,1,0,57,77,2,0,79,100,2,0,102,189,3,0,192,231,6,0,237
75105,108,"ȘCOALA GIMNAZIALĂ NR. 10 (ȘCOALA GENERALĂ ”PETRE ȚUȚEA” - ȘCOALA GENERALĂ NR. 10)",GALAŢI,GL,1451,7,0,0,7,44,1,0,45,76,5,0,81,98,5,0,103,181,10,0,191,216,13,0,229
75105,109,"ȘCOALA GIMNAZIALĂ NR. 10 (ȘCOALA GENERALĂ ”PETRE ȚUȚEA” - ȘCOALA GENERALĂ NR. 10)",GALAŢI,GL,1375,15,1,0,16,55,2,0,57,69,4,0,73,81,5,0,86,175,6,0,181,222,8,0,230
75105,110,"ȘCOALA GIMNAZIALĂ NR. 10 (ȘCOALA GENERALĂ ”PETRE ȚUȚEA” - ȘCOALA GENERALĂ NR. 10)",GALAŢI,GL,1468,9,0,0,9,52,0,0,52,82,0,0,82,93,0,0,93,160,3,0,163,213,4,0,217
75105,111,"ȘCOALA GIMNAZIALĂ NR. 10 (ȘCOALA GENERALĂ ”PETRE ȚUȚEA” - ȘCOALA GENERALĂ NR. 10)",GALAŢI,GL,1512,21,3,0,24,64,4,0,68,99,4,1,104,118,4,1,123,190,8,1,199,228,11,1,240
75105,112,"COLEGIUL TEHNIC ”TRAIAN VUIA” (GRUP ŞCOLAR TRANSPORTURI AUTO)",GALAŢI,GL,1324,7,0,0,7,42,0,0,42,72,0,0,72,84,0,0,84,157,2,0,159,202,11,0,213
75105,113,"COLEGIUL TEHNIC ”TRAIAN VUIA” (GRUP ŞCOLAR TRANSPORTURI AUTO)",GALAŢI,GL,1406,8,1,0,9,43,1,0,44,67,6,0,73,83,7,0,90,161,12,0,173,208,17,0,225
75105,114,"COLEGIUL TEHNIC ”TRAIAN VUIA” (GRUP ŞCOLAR TRANSPORTURI AUTO)",GALAŢI,GL,1338,9,0,0,9,52,0,0,52,79,0,0,79,96,0,0,96,146,1,0,147,192,5,0,197
75105,115,"ȘCOALA GIMNAZIALĂ ”SFINȚII ÎMPĂRAȚI” (ȘCOALA GENERALĂ ”SFINȚII ÎMPĂRAȚI”- ȘCOALA GENERALĂ NR. 42)",GALAŢI,GL,1383,14,0,0,14,63,4,0,67,96,4,0,100,113,5,0,118,192,6,0,198,241,8,0,249
75105,116,"ȘCOALA GIMNAZIALĂ ”SFINȚII ÎMPĂRAȚI” (ȘCOALA GENERALĂ ”SFINȚII ÎMPĂRAȚI”- ȘCOALA GENERALĂ NR. 42)",GALAŢI,GL,1623,7,5,0,12,72,7,0,79,93,7,0,100,109,9,0,118,201,9,0,210,266,11,0,277
75105,117,"ȘCOALA GIMNAZIALĂ ”SFINȚII ÎMPĂRAȚI” (ȘCOALA GENERALĂ ”SFINȚII ÎMPĂRAȚI”- ȘCOALA GENERALĂ NR. 42)",GALAŢI,GL,1406,18,0,0,18,62,1,0,63,102,1,0,103,120,1,0,121,185,5,0,190,226,7,0,233
75105,118,"ȘCOALA GIMNAZIALĂ ”SFÂNTUL GRIGORE TEOLOGUL” (ȘCOALA GENERALĂ ”SFÂNTUL GRIGORE TEOLOGUL” - ȘCOALA GENERALĂ NR. 41)",GALAŢI,GL,1564,17,0,0,17,71,6,0,77,105,6,0,111,127,6,0,133,203,7,0,210,243,7,0,250
75105,119,"ȘCOALA GIMNAZIALĂ ”SFÂNTUL GRIGORE TEOLOGUL” (ȘCOALA GENERALĂ ”SFÂNTUL GRIGORE TEOLOGUL” - ȘCOALA GENERALĂ NR. 41)",GALAŢI,GL,1508,13,0,0,13,67,3,0,70,101,3,0,104,113,9,0,122,197,10,0,207,234,11,0,245
75105,120,"ȘCOALA GIMNAZIALĂ ”SFÂNTUL GRIGORE TEOLOGUL” (ȘCOALA GENERALĂ ”SFÂNTUL GRIGORE TEOLOGUL” - ȘCOALA GENERALĂ NR. 41)",GALAŢI,GL,1531,9,5,0,14,61,5,0,66,85,5,0,90,100,6,0,106,188,7,0,195,249,8,0,257
75105,121,"ȘCOALA GIMNAZIALĂ ”SFÂNTUL GRIGORE TEOLOGUL” (ȘCOALA GENERALĂ ”SFÂNTUL GRIGORE TEOLOGUL” - ȘCOALA GENERALĂ NR. 41)",GALAŢI,GL,1553,16,4,0,20,60,4,0,64,91,4,0,95,112,4,0,116,201,4,0,205,255,5,0,260
75105,122,"LICEUL TEHNOLOGIC ”ANGHEL SALIGNY” (GRUP ȘCOLAR INDUSTRIAL ”ANGHEL SALIGNY” - LICEUL INDUSTRIAL NR.9)",GALAŢI,GL,1872,11,1,0,12,68,3,0,71,109,4,0,113,126,4,0,130,250,8,0,258,304,9,0,313
75105,123,"LICEUL TEHNOLOGIC ”ANGHEL SALIGNY” (GRUP ȘCOLAR INDUSTRIAL ”ANGHEL SALIGNY” - LICEUL INDUSTRIAL NR.9)",GALAŢI,GL,2389,6,1,0,7,23,8,0,31,36,9,0,45,49,10,0,59,69,11,0,80,99,13,0,112
75105,124,"LICEUL TEHNOLOGIC ”ANGHEL SALIGNY” (GRUP ȘCOLAR INDUSTRIAL ”ANGHEL SALIGNY” - LICEUL INDUSTRIAL NR.9)",GALAŢI,GL,1773,10,4,0,14,39,4,0,43,87,4,0,91,97,4,0,101,174,4,0,178,227,4,0,231
75105,125,"LICEUL TEHNOLOGIC ”ANGHEL SALIGNY” (GRUP ȘCOLAR INDUSTRIAL ”ANGHEL SALIGNY” - LICEUL INDUSTRIAL NR.9)",GALAŢI,GL,1845,6,2,0,8,29,2,0,31,50,2,0,52,60,2,0,62,109,2,0,111,161,3,0,164
75105,126,"LICEUL TEORETIC ”SFÂNTA MARIA” (GRUP ȘCOLAR INDUSTRIAL ”SFÂNTA MARIA” - LICEUL INDUSTRIAL NR.10)",GALAŢI,GL,1240,12,2,0,14,61,5,0,66,81,6,0,87,93,7,0,100,171,14,0,185,210,15,0,225
75105,127,"LICEUL TEORETIC ”SFÂNTA MARIA” (GRUP ȘCOLAR INDUSTRIAL ”SFÂNTA MARIA” - LICEUL INDUSTRIAL NR.10)",GALAŢI,GL,1529,19,4,0,23,68,5,0,73,97,5,0,102,109,5,0,114,210,8,0,218,258,12,0,270
75105,128,"ȘCOALA GIMNAZIALĂ ”ȘTEFAN CEL MARE” (ȘCOALA GENERALĂ ”ȘTEFAN CEL MARE” - ȘCOALA GENERALĂ NR. 13)",GALAŢI,GL,1464,15,5,0,20,63,5,0,68,90,5,0,95,111,5,0,116,202,7,0,209,231,9,0,240
75105,129,"ȘCOALA GIMNAZIALĂ ”ȘTEFAN CEL MARE” (ȘCOALA GENERALĂ ”ȘTEFAN CEL MARE” - ȘCOALA GENERALĂ NR. 13)",GALAŢI,GL,1593,18,4,0,22,83,6,0,89,112,9,0,121,133,9,0,142,234,10,0,244,286,12,0,298
75105,130,"COLEGIUL NAȚIONAL ”COSTACHE NEGRI” (LICEUL PEDAGOGIC “COSTACHE NEGRI”)",GALAŢI,GL,1575,17,1,0,18,70,8,19,97,89,9,19,117,120,9,19,148,217,16,19,252,263,23,19,305
75105,131,"COLEGIUL NAȚIONAL ”COSTACHE NEGRI” (LICEUL PEDAGOGIC “COSTACHE NEGRI”)",GALAŢI,GL,1509,22,0,0,22,93,3,0,96,118,6,0,124,130,6,0,136,234,7,0,241,268,8,0,276
75105,132,"COLEGIUL NAȚIONAL ”COSTACHE NEGRI” (LICEUL PEDAGOGIC “COSTACHE NEGRI”)",GALAŢI,GL,1489,8,0,0,8,68,6,0,74,94,8,0,102,105,8,0,113,210,9,0,219,256,13,0,269
75105,133,"ȘCOALA GIMNAZIALĂ ”GRIGORE MOISIL” (ȘCOALA GENERALĂ ”GRIGORE MOISIL” - ȘCOALA GENERALĂ NR. 38)",GALAŢI,GL,1716,9,2,0,11,51,4,0,55,85,5,0,90,110,5,0,115,212,7,0,219,272,9,0,281
75105,134,"ȘCOALA GIMNAZIALĂ ”GRIGORE MOISIL” (ȘCOALA GENERALĂ ”GRIGORE MOISIL” - ȘCOALA GENERALĂ NR. 38)",GALAŢI,GL,1402,15,5,0,20,64,5,0,69,95,5,0,100,106,5,0,111,178,8,0,186,230,10,0,240
75105,135,"ȘCOALA GIMNAZIALĂ ”GRIGORE MOISIL” (ȘCOALA GENERALĂ ”GRIGORE MOISIL” - ȘCOALA GENERALĂ NR. 38)",GALAŢI,GL,1451,16,1,0,17,37,1,0,38,65,3,0,68,84,4,0,88,162,6,0,168,203,7,0,210
75105,136,"ȘCOALA GIMNAZIALĂ ”GRIGORE MOISIL” (ȘCOALA GENERALĂ ”GRIGORE MOISIL” - ȘCOALA GENERALĂ NR. 38)",GALAŢI,GL,1730,15,4,0,19,55,5,0,60,82,5,0,87,100,5,0,105,179,5,0,184,224,6,0,230
75105,137,"ȘCOALA GIMNAZIALĂ ”GHEORGHE MUNTEANU” (ȘCOALA GENERALĂ ”GHEORGHE MUNTEANU” - ȘCOALA GENERALĂ NR. 31)",GALAŢI,GL,1514,21,1,0,22,63,1,0,64,88,1,0,89,103,1,0,104,172,4,0,176,206,8,0,214
75105,138,"ȘCOALA GIMNAZIALĂ ”GHEORGHE MUNTEANU” (ȘCOALA GENERALĂ ”GHEORGHE MUNTEANU” - ȘCOALA GENERALĂ NR. 31)",GALAŢI,GL,1540,7,7,0,14,37,7,0,44,62,8,0,70,81,8,0,89,142,8,0,150,175,8,0,183
75105,139,"ȘCOALA GIMNAZIALĂ ”GHEORGHE MUNTEANU” (ȘCOALA GENERALĂ ”GHEORGHE MUNTEANU” - ȘCOALA GENERALĂ NR. 31)",GALAŢI,GL,1474,17,6,0,23,48,6,0,54,70,6,0,76,81,6,0,87,155,6,0,161,205,7,0,212
75105,140,"GRĂDINIȚA CU PROGRAM NORMAL NR. 29, ARONDATĂ GRĂDINIȚEI CU PROGRAM PRELUNGIT ”CAMIL RESSU” (GRĂDINIȚA FILEȘTI - GRĂDINIȚA NR.29)",GALAŢI,GL,474,1,0,0,1,7,0,0,7,16,0,1,17,22,0,1,23,54,7,1,62,71,8,1,80
75105,141,"COLEGIUL TEHNIC ”PAUL DIMO” (LICEUL ENERGETIC NR.4)",GALAŢI,GL,1446,6,3,0,9,31,4,0,35,51,8,0,59,69,10,0,79,124,12,0,136,156,15,0,171
75105,142,"COLEGIUL TEHNIC ”PAUL DIMO” (LICEUL ENERGETIC NR.4)",GALAŢI,GL,1480,11,6,0,17,48,6,0,54,72,6,0,78,83,7,0,90,151,7,0,158,187,7,0,194
75105,143,"COLEGIUL TEHNIC ”PAUL DIMO” (LICEUL ENERGETIC NR.4)",GALAŢI,GL,1526,15,2,0,17,55,2,0,57,77,2,0,79,93,5,0,98,170,7,0,177,223,8,0,231
75105,144,"COLEGIUL TEHNIC ”PAUL DIMO” (LICEUL ENERGETIC NR.4)",GALAŢI,GL,1140,5,5,0,10,36,6,0,42,59,7,0,66,76,7,0,83,141,7,0,148,168,7,0,175
75105,145,"ȘCOALA GIMNAZIALĂ NR. 33 (ȘCOALA GENERALĂ ”SFÂNTUL DUMITRU” - ȘCOALA GENERALĂ NR.33)",GALAŢI,GL,1440,10,0,0,10,56,8,0,64,78,10,0,88,95,13,0,108,181,19,0,200,239,21,0,260
75105,146,"ȘCOALA GIMNAZIALĂ NR. 33 (ȘCOALA GENERALĂ ”SFÂNTUL DUMITRU” - ȘCOALA GENERALĂ NR.33)",GALAŢI,GL,1805,11,0,0,11,46,0,0,46,76,0,0,76,96,0,0,96,152,0,0,152,202,0,0,202
75105,147,"ȘCOALA GIMNAZIALĂ NR. 33 (ȘCOALA GENERALĂ ”SFÂNTUL DUMITRU” - ȘCOALA GENERALĂ NR.33)",GALAŢI,GL,1425,8,0,0,8,40,1,0,41,56,1,0,57,78,2,0,80,159,9,0,168,199,9,0,208
75105,148,"ȘCOALA GIMNAZIALĂ NR. 33 (ȘCOALA GENERALĂ ”SFÂNTUL DUMITRU” - ȘCOALA GENERALĂ NR.33)",GALAŢI,GL,1405,14,6,0,20,50,8,0,58,78,9,0,87,106,11,0,117,157,11,0,168,215,11,0,226
75105,149,"ȘCOALA GIMNAZIALĂ ”MIHAI VITEAZUL” (ȘCOALA GENERALĂ ”MIHAI VITEAZUL” - ȘCOALA GENERALĂ NR. 34)",GALAŢI,GL,1602,8,0,0,8,53,4,0,57,76,7,0,83,100,10,0,110,174,12,0,186,230,14,0,244
75105,150,"ȘCOALA GIMNAZIALĂ ”MIHAI VITEAZUL” (ȘCOALA GENERALĂ ”MIHAI VITEAZUL” - ȘCOALA GENERALĂ NR. 34)",GALAŢI,GL,1405,9,0,0,9,44,0,0,44,68,0,0,68,93,2,0,95,176,4,0,180,221,5,0,226
75105,151,"GRĂDINIȚA CU PROGRAM PRELUNGIT NR. 47, ARONDATĂ GRĂDINIȚEI CU PROGRAM NORMAL ”ION CREANGĂ” (GRĂDINIȚA NR.47)",GALAŢI,GL,1767,14,2,0,16,49,4,0,53,75,7,0,82,99,7,0,106,158,7,0,165,217,7,0,224
75105,152,"GRĂDINIȚA CU PROGRAM PRELUNGIT NR. 47, ARONDATĂ GRĂDINIȚEI CU PROGRAM NORMAL ”ION CREANGĂ” (GRĂDINIȚA NR.47)",GALAŢI,GL,1682,12,0,0,12,40,6,0,46,63,6,0,69,77,7,0,84,139,11,0,150,197,12,0,209
75105,153,"GRĂDINIȚA CU PROGRAM PRELUNGIT NR. 47, ARONDATĂ GRĂDINIȚEI CU PROGRAM NORMAL ”ION CREANGĂ” (GRĂDINIȚA NR.47)",GALAŢI,GL,1542,6,0,0,6,34,0,0,34,49,0,0,49,58,3,0,61,98,4,0,102,129,5,0,134
75105,154,"GRĂDINIȚA CU PROGRAM PRELUNGIT NR. 47, ARONDATĂ GRĂDINIȚEI CU PROGRAM NORMAL ”ION CREANGĂ” (GRĂDINIȚA NR.47)",GALAŢI,GL,1887,8,0,0,8,23,0,0,23,31,0,0,31,41,0,0,41,65,8,0,73,90,10,0,100
75105,155,"COLEGIUL TEHNIC ”AUREL VLAICU” (GRUP ȘCOLAR METALURGIC - LICEUL INDUSTRIAL NR. 3 )",GALAŢI,GL,1299,8,4,0,12,25,6,0,31,47,6,0,53,62,7,0,69,101,10,0,111,115,14,0,129
75105,156,"COLEGIUL TEHNIC ”AUREL VLAICU” (GRUP ȘCOLAR METALURGIC - LICEUL INDUSTRIAL NR. 3 )",GALAŢI,GL,1732,19,3,0,22,46,3,0,49,71,4,0,75,85,4,0,89,159,5,0,164,183,5,0,188
75105,157,"COLEGIUL TEHNIC ”AUREL VLAICU” (GRUP ȘCOLAR METALURGIC - LICEUL INDUSTRIAL NR. 3 )",GALAŢI,GL,1561,20,0,0,20,62,4,0,66,103,4,0,107,116,4,0,120,194,7,0,201,255,9,0,264
75105,158,"COLEGIUL TEHNIC ”AUREL VLAICU” (GRUP ȘCOLAR METALURGIC - LICEUL INDUSTRIAL NR. 3 )",GALAŢI,GL,1470,4,0,0,4,43,5,0,48,62,5,0,67,82,6,0,88,127,8,0,135,165,8,0,173
75105,159,"LICEUL TEORETIC ”MIRCEA ELIADE” (GRUP ȘCOLAR INDUSTRIAL ”GHEORGHE ASACHI” - LICEUL INDUSTRIAL NR. 8)",GALAŢI,GL,1914,7,0,0,7,14,2,0,16,28,7,0,35,35,7,0,42,65,8,0,73,93,13,0,106
75105,160,"LICEUL TEORETIC ”MIRCEA ELIADE” (GRUP ȘCOLAR INDUSTRIAL ”GHEORGHE ASACHI” - LICEUL INDUSTRIAL NR. 8)",GALAŢI,GL,1315,5,0,0,5,37,3,0,40,49,3,0,52,68,3,0,71,117,4,0,121,146,8,0,154
75105,161,"LICEUL TEORETIC ”MIRCEA ELIADE” (GRUP ȘCOLAR INDUSTRIAL ”GHEORGHE ASACHI” - LICEUL INDUSTRIAL NR. 8)",GALAŢI,GL,1716,11,5,0,16,35,6,0,41,44,7,0,51,54,7,0,61,113,7,0,120,130,7,0,137
75105,162,"LICEUL TEHNOLOGIC CĂI FERATE (GRUP ȘCOLAR INDUSTRIAL TRANSPORTURI CF - LICEUL CFR)",GALAŢI,GL,1570,10,0,0,10,37,0,0,37,68,2,0,70,76,5,0,81,148,9,0,157,198,10,0,208
75105,163,"LICEUL TEHNOLOGIC CĂI FERATE (GRUP ȘCOLAR INDUSTRIAL TRANSPORTURI CF - LICEUL CFR)",GALAŢI,GL,1541,8,0,0,8,33,0,0,33,51,0,0,51,65,0,0,65,148,1,0,149,200,12,0,212
75105,164,"LICEUL TEHNOLOGIC CĂI FERATE (GRUP ȘCOLAR INDUSTRIAL TRANSPORTURI CF - LICEUL CFR)",GALAŢI,GL,1586,10,0,0,10,43,0,0,43,62,1,0,63,84,1,0,85,153,3,0,156,199,5,0,204
75105,165,"ȘCOALA GIMNAZIALĂ ”MIRON COSTIN” (ȘCOALA GENERALĂ ”MIRON COSTIN” - ȘCOALA GENERALĂ NR.12)",GALAŢI,GL,1503,17,0,0,17,61,9,0,70,93,9,0,102,118,10,0,128,216,12,0,228,260,14,0,274
75105,166,"ȘCOALA GIMNAZIALĂ ”MIRON COSTIN” (ȘCOALA GENERALĂ ”MIRON COSTIN” - ȘCOALA GENERALĂ NR.12)",GALAŢI,GL,1543,7,2,0,9,46,9,0,55,65,13,0,78,93,15,0,108,183,16,0,199,225,19,0,244
75105,167,"ȘCOALA GIMNAZIALĂ ”MIRON COSTIN” (ȘCOALA GENERALĂ ”MIRON COSTIN” - ȘCOALA GENERALĂ NR.12)",GALAŢI,GL,1612,16,5,0,21,47,7,0,54,62,8,0,70,86,8,0,94,155,9,0,164,213,17,0,230
75105,168,"ȘCOALA GIMNAZIALĂ ”MIRON COSTIN” (ȘCOALA GENERALĂ ”MIRON COSTIN” - ȘCOALA GENERALĂ NR.12)",GALAŢI,GL,1562,11,0,0,11,53,0,0,53,77,1,0,78,96,5,0,101,179,5,0,184,230,5,0,235
75105,169,"ȘCOALA GIMNAZIALĂ ”MIRON COSTIN” (ȘCOALA GENERALĂ ”MIRON COSTIN” - ȘCOALA GENERALĂ NR.12)",GALAŢI,GL,1514,11,0,0,11,66,0,0,66,89,2,0,91,105,2,0,107,170,5,0,175,216,8,0,224
75105,170,"ȘCOALA GIMNAZIALĂ ”MIRON COSTIN” (ȘCOALA GENERALĂ ”MIRON COSTIN” - ȘCOALA GENERALĂ NR.12)",GALAŢI,GL,1553,10,0,0,10,60,0,0,60,95,0,0,95,106,0,0,106,206,0,0,206,245,0,0,245
75105,171,"ȘCOALA GIMNAZIALĂ ”MIRON COSTIN” (ȘCOALA GENERALĂ ”MIRON COSTIN” - ȘCOALA GENERALĂ NR.12)",GALAŢI,GL,1409,8,2,0,10,36,3,0,39,53,3,0,56,69,3,0,72,146,5,0,151,181,10,0,191
75105,172,"ȘCOALA GIMNAZIALĂ ”MIRON COSTIN” (ȘCOALA GENERALĂ ”MIRON COSTIN” - ȘCOALA GENERALĂ NR.12)",GALAŢI,GL,1518,11,0,0,11,56,3,0,59,83,4,0,87,95,4,0,99,168,15,0,183,214,20,0,234
75105,173,"ȘCOALA GIMNAZIALĂ ”MIRON COSTIN” (ȘCOALA GENERALĂ ”MIRON COSTIN” - ȘCOALA GENERALĂ NR.12)",GALAŢI,GL,1496,6,6,0,12,45,11,0,56,73,11,0,84,77,11,0,88,173,11,0,184,214,11,0,225
75105,174,"ȘCOALA GIMNAZIALĂ ”MIRON COSTIN” (ȘCOALA GENERALĂ ”MIRON COSTIN” - ȘCOALA GENERALĂ NR.12)",GALAŢI,GL,1381,5,2,0,7,48,2,0,50,75,2,0,77,95,2,0,97,164,5,0,169,194,5,0,199
75105,175,"GRĂDINIȚA CU PROGRAM NORMAL NR. 20, ARONDATĂ ȘCOLII GIMNAZIALE ”MIRON COSTIN” (GRĂDINIȚA NR. 20 - ANEXA ȘCOLII NR. 12)",GALAŢI,GL,1536,6,2,0,8,40,2,0,42,72,3,0,75,80,4,0,84,142,6,0,148,186,10,0,196
75105,176,"GRĂDINIȚA CU PROGRAM NORMAL NR. 20, ARONDATĂ ȘCOLII GIMNAZIALE ”MIRON COSTIN” (GRĂDINIȚA NR. 20 - ANEXA ȘCOLII NR. 12)",GALAŢI,GL,1449,14,2,0,16,51,3,0,54,66,3,0,69,82,3,0,85,156,6,0,162,201,10,0,211
75212,177,"ŞCOALA NR.1",TECUCI,GL,1326,2,0,0,2,26,3,0,29,39,6,0,45,69,6,0,75,159,12,0,171,200,14,0,214
75212,178,"ŞCOALA NR.1",TECUCI,GL,1314,6,3,0,9,21,3,0,24,29,3,0,32,38,3,0,41,112,3,0,115,141,5,0,146
75212,179,"ŞCOALA NR.1",TECUCI,GL,1497,9,2,0,11,23,2,0,25,33,2,0,35,55,2,0,57,124,4,0,128,179,7,0,186
75212,180,"ŞCOALA NR.10",TECUCI,GL,936,16,0,0,16,58,5,0,63,76,5,0,81,93,8,0,101,174,14,0,188,206,22,0,228
75212,181,"ŞCOALA NR.10",TECUCI,GL,746,10,0,0,10,37,0,0,37,51,0,0,51,61,0,0,61,107,6,0,113,150,6,0,156
75212,182,"ŞCOALA NR.2",TECUCI,GL,1000,9,2,0,11,32,2,0,34,44,5,0,49,60,7,0,67,117,10,0,127,155,14,0,169
75212,183,"ŞCOALA NR.2",TECUCI,GL,1430,14,1,0,15,37,2,0,39,44,3,0,47,64,3,0,67,143,6,0,149,171,11,0,182
75212,184,"BIROU OBOR",TECUCI,GL,1662,8,0,0,8,26,1,0,27,31,1,0,32,44,3,0,47,133,14,0,147,206,20,0,226
75212,185,"ŞCOALA NR.4",TECUCI,GL,1019,11,4,0,15,36,9,0,45,60,9,0,69,76,10,0,86,140,21,0,161,196,26,0,222
75212,186,"ŞCOALA NR.4",TECUCI,GL,755,16,5,0,21,33,7,0,40,48,7,0,55,63,7,0,70,136,11,0,147,161,12,0,173
75212,187,"LICEUL SPIRU HARET",TECUCI,GL,1219,8,0,0,8,23,3,0,26,35,3,0,38,62,3,0,65,154,12,0,166,198,25,0,223
75212,188,"LICEUL SPIRU HARET",TECUCI,GL,712,3,1,0,4,29,8,0,37,34,10,0,44,42,11,0,53,103,14,0,117,132,14,0,146
75212,189,"COLEGIUL AGRICOL",TECUCI,GL,1045,9,1,0,10,33,2,0,35,49,5,0,54,76,5,0,81,153,9,0,162,194,9,0,203
75212,190,"COLEGIUL AGRICOL",TECUCI,GL,1312,12,4,0,16,54,4,0,58,71,6,0,77,95,6,0,101,197,6,0,203,247,10,0,257
75212,191,"GRĂDINIŢA NR.17",TECUCI,GL,1144,5,0,0,5,25,3,0,28,50,4,0,54,113,6,0,119,138,10,0,148,176,10,0,186
75212,192,"GRĂDINIŢA NR.17",TECUCI,GL,914,8,1,0,9,25,2,0,27,42,3,0,45,55,3,0,58,95,5,0,100,119,10,0,129
75212,193,"ŞCOALA NR.11",TECUCI,GL,863,8,1,0,9,27,2,0,29,48,3,0,51,56,3,0,59,110,3,0,113,136,5,0,141
75212,194,"ŞCOALA NR.11",TECUCI,GL,1190,9,2,0,11,41,3,0,44,60,6,0,66,80,7,0,87,135,13,0,148,184,13,0,197
75212,195,"ŞCOALA NR.11",TECUCI,GL,1158,8,0,0,8,26,0,0,26,39,0,0,39,55,0,0,55,103,7,0,110,150,7,0,157
75212,196,"ŞCOALA NR.8",TECUCI,GL,1303,6,5,0,11,44,7,0,51,62,9,0,71,81,9,0,90,191,14,0,205,249,19,0,268
75212,197,"ŞCOALA NR.6",TECUCI,GL,1439,16,2,0,18,35,2,0,37,52,2,0,54,86,4,0,90,190,11,0,201,241,13,0,254
75212,198,"ŞCOALA NR.6",TECUCI,GL,1136,6,1,0,7,43,3,0,46,46,3,0,49,53,4,0,57,110,4,0,114,136,4,0,140
75212,199,"ŞCOALA NR.7",TECUCI,GL,1138,4,6,0,10,16,6,0,22,25,6,0,31,42,6,0,48,110,7,0,117,157,9,0,166
75212,200,"ŞCOALA NR.7",TECUCI,GL,1035,2,1,0,3,19,5,0,24,27,5,0,32,43,7,0,50,105,10,0,115,145,14,0,159
75212,201,"GRĂDINIŢADIN CARTIERUL N BALCESCU",TECUCI,GL,997,5,0,0,5,15,0,0,15,22,4,0,26,30,4,0,34,93,7,0,100,118,8,0,126
75212,202,"GRĂDINIŢA 18",TECUCI,GL,1209,25,4,0,29,60,6,0,66,85,8,0,93,105,8,0,113,186,11,0,197,210,12,0,222
75212,203,"GRĂDINIŢA NR.2",TECUCI,GL,1074,14,0,0,14,46,0,1,47,62,1,1,64,83,4,1,88,159,5,1,165,197,11,1,209
75212,204,"GRĂDINIŢA NR.2",TECUCI,GL,1281,21,0,0,21,59,2,0,61,77,3,0,80,94,3,0,97,170,7,0,177,212,10,0,222
75212,205,"LICEUL CALISTRAT HOGAŞ",TECUCI,GL,877,12,6,0,18,22,7,0,29,27,11,0,38,38,11,0,49,82,14,0,96,94,15,0,109
75212,206,"LICEUL CALISTRAT HOGAŞ",TECUCI,GL,905,8,0,0,8,32,1,0,33,44,1,0,45,60,1,0,61,126,4,0,130,150,5,0,155
75212,207,"GRĂDINIŢA NR.1",TECUCI,GL,914,2,0,0,2,29,3,0,32,45,3,0,48,50,8,0,58,97,13,0,110,127,14,0,141
75212,208,"CAMINUL NR. 15",TECUCI,GL,810,12,2,0,14,34,2,0,36,48,2,0,50,57,2,0,59,100,3,0,103,128,8,0,136
75212,209,"ŞCOALA NR.9",TECUCI,GL,974,8,1,0,9,35,2,0,37,51,2,0,53,60,5,0,65,201,5,0,206,264,7,0,271
75347,210,"CASA DE CULTURA „ION CREANGĂ"" BERESTI",BEREŞTI,GL,1296,13,1,0,14,29,1,0,30,42,2,0,44,84,3,0,87,176,11,0,187,264,17,0,281
75347,211,"LICEUL TEHNOLOGIC „PAUL BUJOR"" BERESTI",BEREŞTI,GL,1392,10,0,0,10,20,2,0,22,27,2,0,29,76,10,0,86,144,21,0,165,211,24,1,236
75481,212,"GRADINIŢA NR.2 CĂSUŢA PITICILOR","TÎRGU BUJOR",GL,736,7,0,0,7,12,1,0,13,17,1,0,18,30,3,0,33,73,3,0,76,108,13,0,121
75481,213,"GRADINIŢA NR.2 CĂSUŢA PITICILOR","TÎRGU BUJOR",GL,809,5,8,0,13,18,9,0,27,24,9,0,33,50,14,0,64,96,15,0,111,121,15,0,136
75481,214,"ŞCOALA GIMNAZIALĂ ,,GRIGORE HAGIU,,","TÎRGU BUJOR",GL,1362,7,4,0,11,23,8,0,31,35,9,0,44,68,9,0,77,138,11,20,169,199,14,20,233
75481,215,"LICEUL TEHNOLOGIC ,,EREMIA GRIGORESCU,,","TÎRGU BUJOR",GL,1082,7,0,0,7,36,3,0,39,48,4,0,52,76,6,0,82,128,12,0,140,166,20,0,186
75490,216,"SCOALA GENERALĂ MOSCU",MOSCU,GL,1035,11,2,0,13,30,3,0,33,35,6,2,43,66,8,2,76,142,15,2,159,207,21,2,230
75506,217,"SCOALA GENERALĂ UMBRĂREŞTI",UMBRĂREŞTI,GL,915,5,2,0,7,11,3,0,14,15,3,0,18,18,5,0,23,73,7,0,80,148,9,0,157
75524,218,"ŞCOALA NR. 2 BARCEA",BARCEA,GL,775,9,1,0,10,28,3,0,31,45,3,0,48,60,3,0,63,152,4,2,158,205,7,2,214
75524,219,"ŞCOALA NR. 2 BARCEA",BARCEA,GL,932,1,1,0,2,9,2,0,11,15,6,0,21,31,8,0,39,114,11,1,126,174,18,1,193
75524,220,"ŞCOALA NR. 3 BARCEA",BARCEA,GL,1014,6,0,0,6,15,2,0,17,24,3,0,27,34,3,0,37,103,8,0,111,164,10,0,174
75524,221,"ŞCOALA NR. 1 BARCEA",BARCEA,GL,1097,4,0,0,4,14,1,0,15,21,2,0,23,25,2,0,27,96,7,0,103,175,8,0,183
75533,222,"ŞCOALA NR. 4 PODOLENI",PODOLENI,GL,1245,0,0,0,0,15,0,0,15,22,0,0,22,30,0,0,30,112,3,0,115,213,10,0,223
75551,223,"CĂMINUL CULTURAL BĂLĂBĂNEŞTI",BĂLĂBĂNEŞTI,GL,625,3,0,0,3,22,9,0,31,31,10,0,41,45,14,0,59,100,28,0,128,165,40,0,205
75560,224,"CAMIN CULTURAL BURSUCANI",BURSUCANI,GL,495,2,1,0,3,8,2,0,10,11,3,0,14,15,3,0,18,64,4,0,68,88,10,0,98
75588,225,"SCOALA GENERALĂ LUNGEŞTI",LUNGEŞTI,GL,476,4,3,0,7,19,5,0,24,27,5,0,32,33,5,0,38,104,7,0,111,160,19,0,179
75622,226,"CĂMINUL CULTURAL BĂLĂŞEŞTI",BĂLĂŞEŞTI,GL,933,6,1,0,7,16,1,0,17,23,5,0,28,28,6,0,34,112,16,0,128,257,25,0,282
75640,227,"GRADINITA CIUREŞTII NOI","CIUREŞTII NOI",GL,420,4,0,0,4,10,2,0,12,14,7,0,21,23,11,0,34,56,24,0,80,109,37,0,146
75631,228,"SCOALA GENERALĂ CIUREŞTI",CIUREŞTI,GL,267,1,0,0,1,4,0,0,4,7,0,0,7,13,1,0,14,46,11,0,57,74,23,0,97
75659,229,"SCOALA GENERALĂ PUPEZENI",PUPEZENI,GL,151,1,0,0,1,4,4,0,8,6,4,0,10,12,8,0,20,42,17,0,59,56,21,0,77
75677,230,"“ȘCOALA GIMNAZIALĂ NR. 1 BĂLENI”",BĂLENI,GL,950,7,6,0,13,15,8,0,23,25,8,0,33,37,13,0,50,63,23,0,86,93,23,0,116
75677,231,"“ȘCOALA GIMNAZIALĂ NR. 1 BĂLENI”",BĂLENI,GL,1004,7,2,0,9,23,4,0,27,28,6,0,34,39,10,0,49,79,13,0,92,106,18,0,124
75702,232,"SCOALA PRIMARA ,,ION VODA CEL VITEAZ ROSCANI",ROŞCANI,GL,495,2,0,0,2,9,2,0,11,12,2,0,14,19,6,0,25,76,12,0,88,128,16,0,144
75695,233,"CĂMIN CULTURAL",BĂNEASA,GL,1217,10,1,0,11,28,4,0,32,69,7,0,76,103,9,0,112,230,19,1,250,379,26,10,415
75365,234,"ŞCOALA GIMNAZIALĂ NR. 1 SAT BEREŞTI - MERIA",BEREŞTI-MERIA,GL,435,7,3,0,10,8,3,0,11,11,6,0,17,25,6,0,31,48,14,0,62,84,19,0,103
75445,235,"ŞCOALAGIMNAZIALĂ NR. 1 SAT SLIVNA",SLIVNA,GL,565,1,4,0,5,1,4,0,5,8,4,0,12,21,7,0,28,48,18,0,66,60,26,0,86
75427,236,"CĂMIN CULTURAL",PURICANI,GL,223,6,0,0,6,16,4,0,20,20,6,0,26,32,10,0,42,47,24,0,71,63,28,0,91
75374,237,"ŞCOALA PRIMARĂ ANDRONACHI GOGA NR. 1 SAT ALDEŞTI",ALDEŞTI,GL,365,6,0,0,6,9,2,0,11,16,2,0,18,23,3,0,26,76,7,0,83,102,7,0,109
75409,238,"GRĂDINIŢA CU PROGRAM NORMAL NR. 1 SAT PLEŞA",PLEŞA,GL,534,3,1,0,4,12,5,0,17,14,6,0,20,24,9,0,33,60,17,0,77,107,25,0,132
75383,239,"SALA DE SPORT BALINTEȘTI",BALINTEŞTI,GL,801,2,1,0,3,8,2,0,10,22,8,0,30,29,8,0,37,116,25,0,141,202,34,0,236
75720,240,"ȘCOALA GIMNAZIALĂ UNIREA BRANIȘTEA",BRANIŞTEA,GL,1244,11,0,0,11,23,0,0,23,38,2,0,40,53,5,0,58,123,6,0,129,160,10,0,170
75720,241,"ȘCOALA GIMNAZIALĂ UNIREA BRANIȘTEA",BRANIŞTEA,GL,1024,8,0,0,8,18,1,0,19,25,1,0,26,47,3,0,50,100,9,0,109,126,15,0,141
75757,242,"SCOALA GENERALA VASILE ALECSANDRI","VASILE ALECSANDRI",GL,893,6,1,0,7,17,6,0,23,30,9,0,39,40,11,0,51,110,23,0,133,175,31,0,206
75748,243,"SCOALA GENERALĂ TRAIAN",TRAIAN,GL,465,5,0,0,5,8,0,0,8,12,5,0,17,19,6,0,25,41,10,0,51,46,11,0,57
75775,244,"SCOALA GIMNAZIALA NR.1 BRĂHĂŞEŞTI",BRĂHĂŞEŞTI,GL,1261,15,2,0,17,45,9,0,54,60,13,0,73,72,20,0,92,179,39,0,218,258,48,0,306
75775,245,"SCOALA GIMNAZIALA NR.1 BRĂHĂŞEŞTI",BRĂHĂŞEŞTI,GL,1035,3,2,0,5,24,7,0,31,32,7,0,39,47,9,0,56,129,21,0,150,187,26,2,215
75800,246,"SCOALA GIMNAZIALA TOFLEA",TOFLEA,GL,1501,9,0,0,9,44,3,0,47,55,4,0,59,62,5,0,67,202,13,0,215,254,15,0,269
75800,247,"SCOALA GIMNAZIALA TOFLEA",TOFLEA,GL,1121,9,2,0,11,22,4,0,26,34,8,0,42,45,8,0,53,150,12,0,162,188,15,0,203
75800,248,"SCOALA GIMNAZIALA TOFLEA",TOFLEA,GL,1421,6,0,0,6,55,1,0,56,69,3,0,72,77,4,0,81,217,23,0,240,271,26,0,297
75828,249,"SCOALA NATALIA NEGRU",BUCIUMENI,GL,939,5,1,0,6,30,7,2,39,38,10,2,50,47,11,2,60,145,15,2,162,220,21,2,243
75837,250,"SCOALA SMARANDA BRAESCU",HĂNŢEŞTI,GL,392,4,3,0,7,11,6,0,17,13,8,0,21,15,9,0,24,43,17,0,60,82,19,0,101
75855,251,"SCOALA CU CLASE I-IV",VIZUREŞTI,GL,325,2,3,0,5,5,5,0,10,9,7,0,16,14,8,0,22,58,14,0,72,101,19,0,120
75846,252,"SCOALA CU CLASE I-IV","TECUCELU SEC",GL,363,4,0,0,4,6,0,0,6,12,3,0,15,24,6,0,30,68,7,0,75,104,17,0,121
75873,253,"SCOALA PRIMARA NR.3",CAVADINEŞTI,GL,186,0,5,0,5,3,6,0,9,5,6,0,11,10,9,0,19,29,14,0,43,41,15,0,56
75873,254,"SCOALA GIMNAZIALĂ NR.2",CAVADINEŞTI,GL,882,7,0,0,7,19,4,0,23,39,8,0,47,71,14,0,85,177,38,0,215,218,46,0,264
75891,255,"SCOALA GIMNAZIALA GĂNEŞTI",GĂNEŞTI,GL,733,4,5,0,9,12,5,0,17,13,6,0,19,29,8,0,37,106,27,0,133,149,33,0,182
75908,256,"SCOALA GENERALĂ VĂDENI",VĂDENI,GL,373,3,1,0,4,13,4,0,17,18,5,0,23,29,9,0,38,82,22,0,104,101,25,0,126
75882,257,"SCOALA GENERALĂ COMĂNEŞTI",COMĂNEŞTI,GL,182,3,0,0,3,5,4,0,9,9,4,0,13,19,7,0,26,46,11,0,57,56,17,0,73
75926,258,"SCOALA GIMNAZIALA GEORGE IVASCU",CERŢEŞTI,GL,699,5,5,0,10,14,7,0,21,18,7,0,25,25,11,0,36,73,20,0,93,99,22,0,121
75935,259,"SCOALA GIMNAZIALA",CÎRLOMĂNEŞTI,GL,624,2,0,0,2,12,3,0,15,16,5,0,21,22,6,0,28,54,10,0,64,81,10,0,91
75944,260,"SCOALA PRIMARA",COTOROAIA,GL,581,2,0,0,2,7,2,0,9,11,5,0,16,22,5,0,27,53,13,0,66,109,25,0,134
76013,261,"SCOALA NOUA - SAT CORNI",CORNI,GL,702,0,2,0,2,10,5,0,15,12,5,0,17,19,5,0,24,57,11,0,68,118,19,0,137
76022,262,"SCOALA GENERALA MĂCIŞENI",MĂCIŞENI,GL,661,0,0,0,0,4,1,0,5,10,7,0,17,29,7,0,36,64,10,0,74,105,10,0,115
76031,263,"SCOALA GENERALA URLEŞTI",URLEŞTI,GL,387,7,4,0,11,15,7,0,22,26,7,0,33,36,9,0,45,56,13,0,69,86,15,0,101
75962,264,"ŞCOALA NR.2 COROD",COROD,GL,1226,9,1,0,10,20,7,0,27,25,11,0,36,44,11,0,55,130,18,0,148,207,26,7,240
75962,265,"CĂMIN CULTURAL COROD",COROD,GL,1253,8,1,0,9,27,8,0,35,34,9,0,43,52,12,0,64,152,20,0,172,195,30,0,225
75962,266,"ŞCOALA NR.3 COROD",COROD,GL,1523,1,0,0,1,22,1,0,23,29,4,0,33,66,6,0,72,221,17,0,238,315,22,0,337
75971,267,"ŞCOALA BLÎNZI",BLÎNZI,GL,975,4,0,0,4,8,0,0,8,9,0,0,9,24,2,0,26,77,6,0,83,132,14,0,146
75980,268,"ŞCOALA BRĂTULEŞTI",BRĂTULEŞTI,GL,492,3,0,0,3,13,0,0,13,16,0,0,16,16,5,0,21,53,10,0,63,80,11,0,91
75999,269,"ŞCOALA CĂRĂPCEŞTI",CĂRĂPCEŞTI,GL,644,4,4,0,8,11,9,0,20,13,10,0,23,36,13,0,49,66,18,0,84,94,22,0,116
76059,270,"ŞCOALA GIMNAZIALĂ ,,GENERAL DUMITRU DĂMĂCEANU""",COSMEŞTI,GL,1265,11,0,0,11,25,3,0,28,30,8,0,38,37,14,0,51,122,32,0,154,167,42,0,209
76077,271,"ŞCOALA CU CLASELE I-VIII COSMEŞTII-VALE",COSMEŞTII-VALE,GL,959,8,0,0,8,25,0,0,25,31,0,0,31,47,2,0,49,104,7,0,111,146,13,0,159
76068,272,"ŞCOALA CU CLASELE I-IV BĂLTĂREŢI",BĂLTĂREŢI,GL,742,4,2,0,6,16,2,0,18,19,2,0,21,33,3,0,36,121,9,0,130,140,14,0,154
76095,273,"CAMIN CULTURAL DIN SAT FURCENII VECHI","FURCENII VECHI",GL,1281,6,4,0,10,13,5,0,18,19,6,0,25,33,6,0,39,134,17,0,151,203,37,0,240
76086,274,"SCOALA CU CLASELE I-VIII FURCENII NOI","FURCENII NOI",GL,1291,11,1,0,12,20,1,0,21,31,5,0,36,77,5,0,82,192,13,6,211,283,22,6,311
76120,275,"CAMINUL CULTURAL COSTACHE NEGRI","COSTACHE NEGRI",GL,1167,14,1,0,15,39,1,0,40,52,2,0,54,79,5,0,84,165,17,0,182,257,22,0,279
76120,276,"CAMINUL CULTURAL COSTACHE NEGRI","COSTACHE NEGRI",GL,1022,3,2,0,5,19,7,0,26,33,9,0,42,64,12,0,76,164,19,0,183,247,28,0,275
76148,277,"CĂMINUL CULTURAL CUCA",CUCA,GL,943,4,1,0,5,25,10,0,35,33,12,0,45,44,16,0,60,100,28,0,128,123,35,0,158
76148,278,"ŞCOALA GENERALĂ CUCA",CUCA,GL,891,9,2,0,11,19,2,0,21,25,2,0,27,35,3,0,38,122,8,0,130,142,9,0,151
76166,279,"ȘCOALA GIMNAZIALĂ PROF. EMIL PANAITESCU",CUDALBI,GL,1749,8,2,0,10,33,2,0,35,52,3,0,55,74,5,0,79,199,12,0,211,257,15,0,272
76166,280,"ŞCOALA GIMNAZIALA PROF. EMIL PANAITESCU",CUDALBI,GL,1516,5,5,0,10,17,5,0,22,24,5,0,29,48,9,0,57,165,14,0,179,235,15,0,250
76166,281,"ŞCOALA GIMNAZIALA PROF. EMIL PANAITESCU",CUDALBI,GL,1317,5,1,0,6,16,1,0,17,20,2,0,22,55,7,0,62,119,17,0,136,158,25,0,183
76166,282,"LICEUL TEHNOLOGIC NR.1",CUDALBI,GL,1659,1,0,0,1,14,1,0,15,23,1,0,24,38,6,0,44,95,10,0,105,143,20,0,163
77206,283,"ŞCOALA GIMNAZIALA ELENA DOAMNA,","CUZA VODĂ",GL,1219,8,0,0,8,26,0,0,26,37,0,0,37,58,1,0,59,114,5,0,119,147,6,0,153
77206,284,"ŞCOALA GIMNAZIALA ELENA DOAMNA,","CUZA VODĂ",GL,1083,2,2,0,4,18,2,0,20,21,2,0,23,41,2,0,43,94,6,0,100,147,9,0,156
75230,285,"SCOALA DIN SATUL DRĂGĂNEŞTI",DRĂGĂNEŞTI,GL,1861,3,0,0,3,23,2,0,25,33,11,0,44,73,11,0,84,179,15,0,194,265,21,0,286
75230,286,"CAMINUL CULTURAL DIN SATUL DRĂGĂNEŞTI",DRĂGĂNEŞTI,GL,1851,4,0,0,4,14,3,0,17,29,5,0,34,45,5,0,50,147,10,0,157,247,15,0,262
75249,287,"SCOALA DIN MALUL ALB","MALU ALB",GL,1746,5,0,0,5,15,0,0,15,28,0,0,28,67,1,0,68,211,2,0,213,293,4,0,297
76184,288,"ŞCOALA DRĂGUŞENI",DRĂGUŞENI,GL,1493,5,0,0,5,15,0,0,15,27,2,0,29,101,13,0,114,286,29,0,315,381,35,0,416
76219,289,"SCOALA FUNDEANU",FUNDEANU,GL,752,0,0,0,0,8,0,0,8,14,0,0,14,24,0,0,24,105,0,0,105,166,5,0,171
76237,290,"SCOALA NICOPOLE",NICOPOLE,GL,454,2,4,0,6,6,4,0,10,10,5,0,15,10,5,0,15,48,6,0,54,79,6,0,85
76200,291,"SCOALA CĂUIEŞTI",CĂUIEŞTI,GL,467,0,0,0,0,7,4,0,11,11,6,0,17,13,6,0,19,35,6,0,41,103,6,0,109
76246,292,"SCOALA ŞTIETEŞTI",ŞTIEŢEŞTI,GL,254,10,2,0,12,15,2,0,17,18,2,0,20,23,3,0,26,49,6,0,55,62,6,0,68
76193,293,"SCOALA ADAM",ADAM,GL,595,4,0,0,4,9,3,0,12,17,5,0,22,24,6,0,30,101,16,0,117,157,19,0,176
76228,294,"SCOALA GHINGHEŞTI",GHINGHEŞTI,GL,225,0,0,0,0,4,0,0,4,12,0,0,12,15,0,0,15,45,7,0,52,72,9,0,81
76264,295,"CAMINUL CULTURAL FIRTANESTI",FÎRŢĂNEŞTI,GL,1392,8,0,0,8,22,4,0,26,27,6,0,33,48,7,0,55,103,14,0,117,177,24,0,201
76264,296,"CAMINUL CULTURAL FIRTANESTI",FÎRŢĂNEŞTI,GL,1455,6,0,0,6,21,4,0,25,30,6,0,36,47,6,0,53,117,13,0,130,238,24,0,262
76273,297,"CĂMINUL CULTURAL VIILE",VIILE,GL,1287,8,3,0,11,19,3,0,22,38,4,0,42,55,5,0,60,125,14,0,139,213,22,0,235
76291,298,"GRADINITA CU PROGRAM NORMAL NR. 1 FOLTESTI - SALA NR.1",FOLTEŞTI,GL,905,2,0,0,2,9,4,0,13,18,5,0,23,31,12,0,43,73,28,0,101,88,32,0,120
76291,299,"GRADINITA CU PROGRAM NORMAL NR.1 FOLTESTI - SALA NR.2",FOLTEŞTI,GL,915,2,1,0,3,11,4,0,15,18,6,0,24,35,11,0,46,86,17,0,103,109,19,0,128
76308,300,"SCOALA GIMNAZIALA NR.1 STOICANI",STOICANI,GL,862,9,1,0,10,21,10,0,31,38,11,0,49,54,14,0,68,84,18,0,102,124,19,0,143
76326,301,"ŞCOALA GENERALA NR.1 FRUMUŞIŢA (ŞCOALADIN CENTRU)",FRUMUŞIŢA,GL,1819,16,0,0,16,37,3,0,40,53,3,0,56,96,11,0,107,208,14,0,222,299,18,0,317
76326,302,"SCOALA GENERALĂ NR.2 PETRU RAREŞ",FRUMUŞIŢA,GL,859,9,0,0,9,20,0,0,20,27,8,0,35,36,11,0,47,110,20,0,130,157,21,0,178
76335,303,"SCOALA GENERALA IJDILENI",IJDILENI,GL,753,3,0,0,3,8,4,0,12,12,5,0,17,19,5,0,24,42,10,0,52,61,12,0,73
76344,304,"SCOALA GENERALA TĂMĂOANI",TĂMĂOANI,GL,966,5,2,0,7,23,4,0,27,29,5,0,34,39,5,0,44,114,17,0,131,161,21,0,182
76371,305,"ŞCOALA GENERALA FUNDENI",FUNDENI,GL,681,1,0,0,1,7,0,0,7,13,0,0,13,18,1,0,19,50,9,0,59,87,16,0,103
76399,306,"SCOALA ELEMENTARA LUNGOCI",LUNGOCI,GL,426,0,0,0,0,6,6,0,12,6,16,0,22,18,16,0,34,77,25,0,102,96,32,0,128
76380,307,"ŞCOALA GENERALA HANU CONACHI","HANU CONACHI",GL,1234,1,0,0,1,9,0,0,9,20,0,0,20,31,0,0,31,103,3,0,106,163,15,0,178
76380,308,"ŞCOALA GENERALA HANU CONACHI","HANU CONACHI",GL,866,1,0,0,1,12,0,0,12,20,3,0,23,32,3,0,35,84,10,0,94,114,15,0,129
76415,309,"ŞCOALA GIMNAZIALĂ NR.1 GHIDIGENI",GHIDIGENI,GL,1665,4,0,0,4,10,1,0,11,21,5,0,26,41,5,0,46,78,8,0,86,107,19,0,126
76433,310,ȘCOALAGEFU,GEFU,GL,830,0,0,0,0,3,0,0,3,5,0,0,5,10,0,0,10,31,2,0,33,79,4,0,83
76442,311,"ȘCOALA GÂRBOVĂȚ",GÎRBOVĂŢ,GL,213,1,0,0,1,9,5,0,14,10,6,0,16,15,7,0,22,29,9,0,38,38,12,0,50
76479,312,ȘCOALATĂLPIGI,TĂLPIGI,GL,1658,4,0,0,4,12,1,0,13,17,1,0,18,51,3,0,54,156,14,0,170,223,15,0,238
76460,313,ȘCOALASLOBOZIA,"SLOBOZIA CORNI",GL,639,2,3,0,5,6,4,0,10,13,8,0,21,39,9,0,48,106,12,0,118,158,17,0,175
76503,314,"ŞCOALA GIMNAZIALA NR.1 GOHOR",GOHOR,GL,1345,10,1,0,11,25,4,0,29,35,4,0,39,51,5,0,56,194,38,0,232,293,50,0,343
76521,315,"ŞCOALA CU CLASELE I-IV IREASCA",IREASCA,GL,223,1,1,0,2,8,4,0,12,20,5,0,25,26,6,0,32,52,11,0,63,74,16,0,90
76530,316,"ŞCOALA CU CLASELE I-IV NĂRTEŞTI",NĂRTEŞTI,GL,670,6,0,0,6,19,2,0,21,25,2,0,27,39,3,0,42,123,18,0,141,180,27,0,207
76512,317,"ŞCOALA GIMNAZIALA - SAT GARA BERHECI","GARA BERHECI",GL,547,1,0,0,1,7,1,0,8,9,1,0,10,21,2,0,23,117,13,0,130,176,37,0,213
76567,318,"SCOALA NOUA GRIVITA",GRIVIŢA,GL,1518,9,2,0,11,13,4,0,17,32,6,0,38,51,7,0,58,144,21,0,165,220,23,0,243
76567,319,"ŞCOALA VECHE GRIVIŢA",GRIVIŢA,GL,999,4,4,0,8,21,4,0,25,36,5,0,41,48,7,0,55,138,19,0,157,193,22,0,215
76576,320,"SCOALA PRIMARA, SAT CĂLMĂŢUI",CĂLMĂŢUI,GL,573,5,0,0,5,18,2,0,20,43,6,0,49,51,9,0,60,123,11,0,134,151,16,0,167
76594,321,"SCOALA GIMNAZIALA NR. 1",INDEPENDENŢA,GL,1370,7,0,0,7,17,4,0,21,28,7,0,35,50,12,0,62,118,19,0,137,148,25,0,173
76594,322,"SCOALA GIMNAZIALA NR. 2",INDEPENDENŢA,GL,1638,5,0,0,5,30,6,0,36,57,9,0,66,80,13,0,93,145,30,0,175,216,33,0,249
76594,323,"CLADIREA GRADINITA NR.1",INDEPENDENŢA,GL,931,4,1,0,5,12,3,0,15,19,3,0,22,33,3,0,36,62,9,0,71,78,10,0,88
76610,324,"ŞCOALA NR.2 IVEŞTI",IVEŞTI,GL,754,0,0,0,0,6,2,0,8,24,2,0,26,41,5,0,46,118,10,0,128,179,19,0,198
76610,325,"ŞCOALA GIMNAZIALĂ ""VICTOR ION POPA "" IVEŞTI (ŞCOALA GIMNAZIALA NR.3 IVEŞTI)",IVEŞTI,GL,1509,13,1,0,14,88,7,0,95,187,12,0,199,214,13,0,227,387,22,0,409,532,30,0,562
76610,326,"LICEUL TEHNOLOGIC “HORTENSIA PAPADAT – BENGESCU”",IVEŞTI,GL,1022,9,3,0,12,17,4,0,21,30,6,0,36,50,6,0,56,137,13,0,150,211,18,0,229
76610,327,"LICEUL TEHNOLOGIC “HORTENSIA PAPADAT – BENGESCU”",IVEŞTI,GL,1022,3,5,0,8,25,13,0,38,38,16,0,54,53,19,0,72,188,29,2,219,316,33,2,351
76629,328,"ŞCOALA GIMNAZIALA “NEGOIŢĂ DĂNĂILĂ”",BUCEŞTI,GL,1924,7,3,0,10,22,7,0,29,45,10,0,55,90,15,0,105,234,23,0,257,330,31,0,361
76629,329,"ŞCOALA GIMNAZIALA “GEN.EREMIA GRIGORESCU”",BUCEŞTI,GL,1773,5,5,0,10,25,7,0,32,51,12,0,63,89,16,0,105,235,35,0,270,331,49,0,380
76647,330,"CĂMINUL CULTURAL JORĂȘTI",JORĂŞTI,GL,916,8,2,0,10,30,5,0,35,46,6,0,52,79,7,0,86,149,24,0,173,236,30,0,266
76656,331,"SALĂ ÎNTRUNIRI LUNCA",LUNCA,GL,177,5,4,0,9,9,4,0,13,10,4,0,14,13,4,0,17,25,8,0,33,40,12,0,52
76665,332,"CĂMINUL CULTURAL ZĂRNEȘTI",ZĂRNEŞTI,GL,289,8,3,0,11,19,3,0,22,33,3,0,36,44,4,0,48,62,8,0,70,77,11,0,88
76683,333,"ŞCOALA GIMNAZIALĂ NR. 1",LIEŞTI,GL,1701,8,2,0,10,20,3,0,23,35,4,0,39,57,7,0,64,159,12,0,171,258,13,0,271
76683,334,"ŞCOALA GIMNAZIALĂ NR. 2",LIEŞTI,GL,1517,11,2,0,13,19,5,0,24,31,9,0,40,49,9,0,58,141,19,0,160,190,26,0,216
76683,335,"ŞCOALA GIMNAZIALĂ NR. 2",LIEŞTI,GL,1375,6,0,0,6,20,1,0,21,50,2,0,52,67,2,0,69,162,11,0,173,210,16,0,226
76683,336,"ŞCOALA GIMNAZIALĂ NR. 3",LIEŞTI,GL,1435,5,5,0,10,24,6,0,30,30,8,0,38,47,10,0,57,139,20,0,159,210,29,0,239
76683,337,"GRADINITA NR. 3",LIEŞTI,GL,1402,3,5,0,8,12,7,0,19,25,7,0,32,38,10,0,48,74,16,0,90,121,20,0,141
76683,338,"ŞCOALA GIMNAZIALĂ""SFÂNTUL NICOLAE""",LIEŞTI,GL,1500,6,3,0,9,14,4,0,18,22,5,0,27,64,7,0,71,126,13,0,139,183,17,0,200
76709,339,"ŞCOALA NR.2 MATCA",MATCA,GL,1475,7,5,0,12,18,7,0,25,31,12,0,43,48,13,0,61,236,21,0,257,353,29,0,382
76709,340,"ŞCOALA NR.1 SUSENI",MATCA,GL,1813,8,1,0,9,34,2,0,36,49,4,0,53,84,11,0,95,251,25,0,276,408,44,0,452
76709,341,"SCOALA NR.1 MATCA",MATCA,GL,1533,1,0,0,1,10,3,0,13,12,4,0,16,29,8,0,37,185,35,0,220,302,49,0,351
76709,342,"SCOALA NR.1 MATCA",MATCA,GL,1588,3,0,0,3,13,1,0,14,20,5,0,25,36,9,0,45,158,40,0,198,287,55,0,342
76709,343,"ŞCOALA NR.1 MATCA",MATCA,GL,1597,3,0,0,3,20,0,0,20,33,0,0,33,55,0,0,55,210,4,0,214,347,10,0,357
76709,344,"SCOALA NR.3 MATCA",MATCA,GL,1878,3,0,0,3,10,0,0,10,15,2,0,17,36,4,0,40,197,18,0,215,363,29,0,392
76727,345,"SCOALA GIMNAZIALA NR 1 GHE. POALELUNGI MASTACANI",MĂSTĂCANI,GL,1115,2,0,0,2,13,2,0,15,19,7,0,26,35,10,0,45,93,25,0,118,171,34,0,205
76727,346,"SCOALA GIMNAZIALA NR. 3 MĂSTĂCANI",MĂSTĂCANI,GL,807,3,0,0,3,11,0,0,11,19,3,0,22,26,6,0,32,75,13,0,88,114,19,0,133
76736,347,"SCOALA GIMNAZIALA NR. 1 CHIRAFTEI",CHIRAFTEI,GL,1124,8,1,0,9,27,2,0,29,35,2,0,37,58,9,0,67,128,17,0,145,204,28,0,232
76736,348,"SCOALA GIMNAZIALA NR. 2 CHIRAFTEI",CHIRAFTEI,GL,1085,2,1,0,3,8,4,6,18,16,6,6,28,24,10,6,40,51,22,6,79,75,18,6,99
76754,349,"CAMIN CULTURAL",MOVILENI,GL,1580,4,1,0,5,22,3,0,25,34,3,0,37,66,4,0,70,213,16,0,229,296,24,0,320
76754,350,"SCOALA NR.2 MOVILENI",MOVILENI,GL,1182,7,1,0,8,14,3,0,17,25,8,0,33,33,9,0,42,102,13,1,116,166,15,1,182
75267,351,"SCOALA GIMNAZIALA NR.2",MUNTENI,GL,1383,12,3,0,15,20,3,0,23,40,4,0,44,55,5,0,60,225,13,0,238,376,23,0,399
75267,352,"SCOALA GENERALĂ NR.1 SAT MUNTENI",MUNTENI,GL,1640,6,5,0,11,17,8,0,25,22,9,0,31,40,10,0,50,211,14,0,225,306,17,0,323
75276,353,"SCOALA GENERALĂ FRUNZEASCA",FRUNZEASCA,GL,1006,4,4,0,8,11,8,0,19,19,8,1,28,32,8,1,41,117,9,1,127,177,12,1,190
75301,354,"SCOALA GENERALĂ – SAT ŢIGĂNEŞTI",ŢIGĂNEŞTI,GL,840,2,1,0,3,10,4,0,14,13,4,0,17,29,4,0,33,98,10,0,108,159,19,0,178
75310,355,"SCOALA GENERALĂ UNGURENI",UNGURENI,GL,1136,6,0,0,6,17,1,0,18,22,2,0,24,30,3,0,33,125,8,0,133,175,10,0,185
76772,356,"SCOALA GENERALA NAMOLOASA",NĂMOLOASA,GL,809,9,1,0,10,21,4,0,25,27,4,0,31,36,7,0,43,79,20,0,99,119,28,0,147
76790,357,"SCOALA GENERALA NAMOLOASA SAT","NĂMOLOASA SAT",GL,925,7,1,0,8,29,2,0,31,46,5,0,51,94,9,0,103,199,24,0,223,304,30,0,334
75285,358,"CĂMINUL CULTURAL DIN SATUL NEGRILEŞTI",NEGRILEŞTI,GL,1407,4,1,0,5,12,3,0,15,36,4,0,40,54,5,0,59,177,17,0,194,311,24,0,335
75294,359,"SCOALA GENERALĂ SLOBOZIA BLĂNEASA","SLOBOZIA BLĂNEASA",GL,761,3,0,0,3,17,2,0,19,30,8,0,38,41,15,0,56,126,19,0,145,248,31,0,279
76816,360,"ŞCOALA NICOREŞTI",NICOREŞTI,GL,1174,5,1,0,6,20,7,0,27,29,9,0,38,43,14,0,57,88,27,0,115,138,33,0,171
76852,361,"ŞCOALA FÎNTÂNI",FÎNTÎNI,GL,497,9,2,0,11,12,6,0,18,18,7,0,25,23,7,0,30,67,16,0,83,101,18,0,119
76834,362,"ŞCOALA COASTA LUPEI","COASTA LUPEI",GL,268,1,5,0,6,3,5,0,8,4,9,0,13,4,10,0,14,26,17,0,43,55,23,0,78
76898,363,"ŞCOALA PISCU CORBULUI","PISCU CORBULUI",GL,243,2,0,0,2,8,0,0,8,11,1,0,12,12,1,0,13,22,7,0,29,36,11,0,47
76889,364,"ŞCOALA MĂLURENI",MĂLURENI,GL,164,2,0,0,2,4,1,0,5,5,3,0,8,8,3,0,11,14,6,0,20,25,9,0,34
76870,365,"ŞCOALA IONĂŞEŞTI",IONĂŞEŞTI,GL,549,7,0,0,7,12,0,0,12,13,0,0,13,16,5,0,21,33,6,0,39,50,8,0,58
76843,366,"ŞCOALA DOBRINEŞTI.",DOBRINEŞTI,GL,402,5,2,0,7,5,2,0,7,7,3,0,10,13,4,0,17,40,11,0,51,71,13,0,84
76941,367,"SCOALA GIMNAZIALA OANCEA",OANCEA,GL,1235,8,0,0,8,39,0,0,39,73,11,0,84,107,18,0,125,173,41,0,214,211,49,0,260
76978,368,"SCOALA NR.1 PECHEA",PECHEA,GL,1308,0,0,0,0,15,6,0,21,24,6,0,30,60,15,0,75,138,22,0,160,188,27,0,215
76978,369,"SCOALA NR.2 PECHEA",PECHEA,GL,1452,2,2,0,4,14,5,0,19,20,6,0,26,71,10,0,81,132,16,0,148,158,16,0,174
76978,370,"SCOALA NR.3 PECHEA",PECHEA,GL,1437,5,6,0,11,15,6,0,21,28,6,0,34,45,10,0,55,120,17,0,137,177,19,0,196
76978,371,"GRĂDINIŢA NR.2 PECHEA",PECHEA,GL,1336,4,2,0,6,19,4,0,23,33,5,0,38,71,10,0,81,140,13,0,153,192,18,0,210
76978,372,"CĂMINUL CULTURAL PECHEA",PECHEA,GL,1924,6,1,0,7,21,3,0,24,29,4,0,33,70,5,0,75,170,18,0,188,237,30,0,267
76978,373,"SCOALA NR.4 PECHEA",PECHEA,GL,1733,8,1,0,9,60,2,0,62,88,2,1,91,149,5,1,155,298,19,1,318,371,24,1,396
77000,374,"CĂMINUL CULTURAL ” PANAIT IONPOET” PISCU",PISCU,GL,1127,4,5,0,9,36,10,0,46,57,19,0,76,72,22,0,94,132,39,0,171,211,61,0,272
77000,375,"SCOALAGIMNAZIALĂ ”DIMITRIE LUCHIAN ”CORP B , PISCU",PISCU,GL,933,7,0,0,7,31,0,0,31,44,2,0,46,51,2,0,53,132,11,0,143,202,14,0,216
77000,376,"SCOALAGIMNAZIALĂ ” STEFAN CEL MARE” PISCU",PISCU,GL,1525,17,1,0,18,36,1,0,37,59,6,0,65,82,8,0,90,175,13,0,188,255,21,0,276
77019,377,"ȘCOALAPRIMARĂ VAMEȘ",VAMEŞ,GL,447,4,0,0,4,21,0,0,21,26,0,0,26,31,8,0,39,57,21,0,78,98,23,0,121
76905,378,"GRADINITA CU PROGRAM NORMAL NR.1 COMUNA POIANA,JUDETUL GALATI",POIANA,GL,1021,14,7,0,21,28,14,43,85,57,15,43,115,98,21,43,162,292,60,43,395,406,89,43,538
76923,379,"SCOALA PRIMARA NR.1 SAT VISINA, COMUNA POIANA, JUDETUL GALATI",VIŞINA,GL,395,7,3,0,10,16,4,0,20,19,4,0,23,33,6,0,39,105,19,2,126,184,25,2,211
77037,380,"SCOALA GIMNAZIALĂ",PRIPONEŞTI,GL,781,7,5,0,12,12,5,0,17,19,6,0,25,29,7,0,36,62,17,0,79,90,23,0,113
77046,381,"CĂMIN CULTURAL",CIORĂŞTI,GL,831,1,0,0,1,18,4,0,22,25,6,0,31,38,11,0,49,116,35,0,151,200,44,0,244
77064,382,"ȘCOALA PRIMARĂ",LIEŞTI,GL,170,3,2,0,5,7,5,0,12,14,8,0,22,22,9,0,31,42,19,0,61,49,23,0,72
75597,383,"CĂMINUL CULTURAL RĂDEŞTI",RĂDEŞTI,GL,955,31,6,0,37,68,11,0,79,105,14,0,119,137,25,0,162,238,59,3,300,322,63,3,388
75579,384,"GRĂDINIŢA CRUCEANU",CRUCEANU,GL,242,6,2,0,8,16,3,0,19,25,3,0,28,29,3,0,32,56,4,0,60,78,8,0,86
77091,385,"FOSTA GRADINITA NR. 1 REDIU",REDIU,GL,1322,4,1,0,5,19,6,0,25,30,9,0,39,63,12,0,75,170,30,0,200,221,43,0,264
77108,386,"SCOALA NR1 PLEVNA",PLEVNA,GL,460,5,3,0,8,19,8,0,27,27,8,0,35,45,9,0,54,68,11,0,79,94,15,0,109
77162,387,"GRADINITA DE COPII SCHELA",SCHELA,GL,1397,1,0,0,1,17,1,0,18,36,4,0,40,60,7,0,67,137,13,0,150,189,16,0,205
77162,388,"GRADINITA DE COPII SCHELA",SCHELA,GL,1170,7,0,0,7,18,5,0,23,39,11,0,50,47,13,0,60,109,25,0,134,143,27,0,170
77171,389,"SCOALA GENERALA NEGREA",NEGREA,GL,538,6,1,0,7,15,2,0,17,16,3,0,19,28,6,0,34,71,8,0,79,96,19,0,115
77135,390,"CAMINUL CULTURAL",SCÎNTEIEŞTI,GL,738,2,3,0,5,15,4,0,19,21,8,0,29,30,9,0,39,88,29,0,117,121,34,0,155
77144,391,"CAMINUL CULTURAL",FÎNTÎNELE,GL,1283,9,1,0,10,26,1,0,27,44,7,0,51,79,9,0,88,165,17,0,182,197,26,0,223
77199,392,"SCOALA GIMNAZIALA SLOBOZIA-CONACHI","SLOBOZIA CONACHI",GL,1393,9,0,0,9,25,3,0,28,34,3,0,37,42,3,0,45,117,15,0,132,197,17,0,214
77199,393,"CENTRUL DE FORMARE PROFESIONALA","SLOBOZIA CONACHI",GL,1230,3,2,0,5,12,3,0,15,21,5,0,26,42,10,0,52,110,23,0,133,176,30,0,206
77215,394,"SCOALA GIMNAZIALA IZVOARELE",IZVOARELE,GL,837,2,4,0,6,9,4,0,13,15,6,0,21,26,6,0,32,69,12,0,81,121,17,0,138
77233,395,"SCOALA GENERALĂ “SFÂNTA CUVIOASĂ PARASCHEVA” SMÎRDAN",SMÎRDAN,GL,1398,7,3,0,10,15,4,0,19,21,8,0,29,36,12,0,48,104,29,0,133,139,36,0,175
77233,396,"ŞCOALA GENERALĂ“SFÂNTA CUVIOASĂ PARASCHEVA” SMÂRDAN",SMÎRDAN,GL,1147,7,1,0,8,14,4,0,18,24,5,0,29,36,5,0,41,103,10,0,113,131,11,0,142
77251,397,"SCOALA GIMNAZIALĂ “MIHAIL ŞI GAVRIL” M.KOGĂLNICEANU","MIHAIL KOGĂLNICEANU",GL,872,3,1,0,4,13,9,0,22,19,10,0,29,25,11,0,36,69,34,0,103,96,36,0,132
77242,398,"SCOALA PRIMARĂ NR.1 CIŞMELE",CIŞMELE,GL,1217,8,0,0,8,20,1,0,21,29,8,0,37,46,8,0,54,104,11,0,115,142,12,0,154
77279,399,"GRADINITA SMULTI",SMULŢI,GL,1154,3,4,0,7,29,9,0,38,52,13,0,65,80,29,0,109,195,61,0,256,321,75,44,440
77297,400,"CĂMINUL CULTURAL SUCEVENI",SUCEVENI,GL,966,26,7,0,33,84,12,0,96,129,21,0,150,188,26,0,214,318,67,0,385,375,77,35,487
77304,401,"SCOALA GIMNAZIALĂ ROGOJENI",ROGOJENI,GL,462,10,2,0,12,28,5,0,33,54,10,0,64,68,12,0,80,135,24,0,159,190,27,0,217
77117,402,"SCOALA GIMNAZIALĂ NR.1 SUHURLUI",SUHURLUI,GL,1165,9,7,0,16,16,8,0,24,20,10,0,30,43,11,0,54,135,16,0,151,196,22,0,218
75123,403,"SCOALA GIMNAZIALA NR. 1",ŞENDRENI,GL,1660,7,1,0,8,28,5,0,33,44,6,0,50,51,10,0,61,131,23,0,154,200,25,0,225
75123,404,"SCOALA GIMNAZIALA NR. 1",ŞENDRENI,GL,1158,5,0,0,5,27,2,0,29,38,3,0,41,59,3,0,62,140,6,0,146,170,25,0,195
75132,405,"GRADINITA MOVILENI",MOVILENI,GL,568,10,0,0,10,18,0,0,18,26,0,0,26,35,0,0,35,81,5,0,86,103,9,0,112
75141,406,"GRADINITA SERBESTII VECHI","ŞERBEŞTII VECHI",GL,665,2,1,0,3,10,1,0,11,21,1,0,22,30,1,0,31,62,4,0,66,84,4,0,88
77322,407,"ŞCOALA PRIMARĂ DE 4 CLASE, TUDOR VLADIMIRESCU","TUDOR VLADIMIRESCU",GL,819,6,3,0,9,22,7,0,29,60,15,0,75,78,18,0,96,141,27,18,186,180,41,18,239
77322,408,"GRĂDINIŢA TUDOR VLADIMIRESCU,","TUDOR VLADIMIRESCU",GL,1383,10,1,0,11,36,5,0,41,55,5,0,60,105,14,0,119,189,21,0,210,296,30,0,326
77322,409,"SCOALA GENERALA DE 4 ANI - PRIVAL","TUDOR VLADIMIRESCU",GL,938,8,0,0,8,21,6,0,27,47,17,0,64,70,18,0,88,162,33,0,195,214,42,0,256
77322,410,"LICEUL TEHNOLOGIC ""TUDOR VLADIMIRESCU""","TUDOR VLADIMIRESCU",GL,1225,12,0,0,12,36,5,0,41,53,7,0,60,82,12,0,94,155,23,0,178,237,30,0,267
77340,411,"GRADINITA TULUCESTI",TULUCEŞTI,GL,1621,12,1,0,13,25,8,0,33,44,11,0,55,61,12,0,73,139,26,0,165,211,38,0,249
77340,412,"SCOALA TULUCESTI",TULUCEŞTI,GL,1950,14,1,0,15,27,15,0,42,37,15,0,52,58,16,0,74,154,26,0,180,223,34,0,257
77368,413,"SCOALA TATARCA",TĂTARCA,GL,701,5,2,0,7,16,4,0,20,19,6,0,25,28,10,0,38,59,22,0,81,83,25,0,108
77359,414,"SCOALA SIVITA",ŞIVIŢA,GL,1061,6,0,0,6,17,0,0,17,30,0,0,30,40,9,0,49,129,17,0,146,181,22,0,203
77359,415,"ŞCOALA VECHE ŞIVIŢA",ŞIVIŢA,GL,1061,4,0,0,4,14,1,0,15,23,4,0,27,31,8,0,39,74,13,0,87,140,16,0,156
77386,416,"SCOALA TUDOR PAMFILE",ŢEPU,GL,1171,5,3,0,8,18,9,0,27,29,9,0,38,47,9,0,56,149,27,7,183,312,37,7,356
77386,417,"GRĂDINIŢA PROFESOR IOAN BASOC",ŢEPU,GL,860,9,0,0,9,12,1,0,13,20,1,0,21,34,1,0,35,127,5,3,135,279,23,3,305
77411,418,"ȘCOALA GIMNAZIALĂNR. 1 UMBRĂREȘTI",UMBRĂREŞTI,GL,1718,3,9,0,12,19,10,0,29,20,10,0,30,32,15,0,47,137,28,1,166,269,40,1,310
77466,419,"ȘCOALA GIMNAZIALĂ„ SFÂNTUL STELIAN” UMBRĂREȘTI - DEAL",UMBRĂREŞTI-DEAL,GL,1193,4,1,0,5,41,7,0,48,49,8,0,57,78,10,0,88,181,22,0,203,318,27,0,345
77466,420,"ȘCOALA GIMNAZIALĂ„ SFÂNTUL STELIAN„ UMBRĂREȘTI - DEAL",UMBRĂREŞTI-DEAL,GL,831,4,0,0,4,19,0,0,19,26,1,0,27,40,3,0,43,140,6,0,146,213,12,0,225
77457,421,"ȘCOALA GIMNAZIALĂTORCEȘTI",TORCEŞTI,GL,594,4,5,0,9,5,7,0,12,10,9,0,19,28,10,0,38,122,18,0,140,196,22,0,218
77420,422,"ȘCOALA GIMNAZIALĂ CONDREA",CONDREA,GL,569,4,1,0,5,12,7,0,19,15,9,0,24,21,9,0,30,55,12,0,67,89,13,0,102
77439,423,"ȘCOALA GIMNAZIALĂ SALCIA",SALCIA,GL,723,1,0,0,1,8,3,0,11,13,5,0,18,20,5,0,25,84,6,0,90,143,9,0,152
77448,424,"ȘCOALA GIMNAZIALĂ SILIȘTEA",SILIŞTEA,GL,276,1,0,0,1,6,6,0,12,9,9,0,18,19,11,0,30,47,15,0,62,67,17,0,84
77484,425,"ȘCOALA GIMNAZIALĂ NR.1","VALEA MĂRULUI",GL,992,4,1,0,5,20,3,0,23,30,17,0,47,44,17,0,61,117,27,0,144,172,39,7,218
77484,426,"ȘCOALA GIMNAZIALĂ NR. 1","VALEA MĂRULUI",GL,812,8,0,0,8,12,2,0,14,20,2,0,22,33,4,0,37,81,7,0,88,136,8,6,150
77484,427,"ȘCOALA COASTA VĂII","VALEA MĂRULUI",GL,377,4,4,0,8,5,4,0,9,6,4,0,10,7,4,0,11,28,5,0,33,43,5,0,48
77493,428,"ȘCOALA MÎNDRESTI",MÎNDREŞTI,GL,810,3,1,0,4,19,3,0,22,33,4,15,52,62,8,15,85,150,17,32,199,246,25,42,313
75169,429,"SCOALA SFINTUL NICOLAE",VÎNĂTORI,GL,1196,9,3,0,12,37,7,0,44,41,8,0,49,70,9,0,79,177,33,0,210,219,37,0,256
75169,430,"SCOALA SFINTUL NICOLAE",VÎNĂTORI,GL,1144,16,4,0,20,39,10,0,49,47,13,0,60,69,17,0,86,144,36,0,180,201,41,0,242
75187,431,"SCOALA MARIA GRECU","ODAIA MANOLACHE",GL,1603,5,3,0,8,42,13,0,55,63,14,0,77,84,16,0,100,169,18,0,187,220,25,0,245
75178,432,"GRADINITA COPII",COSTI,GL,1105,6,4,0,10,22,9,0,31,26,13,0,39,49,16,0,65,107,35,0,142,143,39,0,182
77518,433,"SCOALA GIMNAZIALĂ VÎRLEZI",VÎRLEZI,GL,896,6,1,0,7,25,7,0,32,36,8,0,44,69,13,0,82,147,41,16,204,221,54,16,291
77527,434,"GRĂDINIŢA CRĂIEŞTI",CRĂIEŞTI,GL,652,6,5,0,11,13,13,0,26,24,16,4,44,43,20,4,67,116,44,4,164,207,49,4,260
77545,435,"ŞCOALA GIMNAZIALẶ '' SFÎNTUL IERARH NICOLAE ''",VLĂDEŞTI,GL,1089,3,1,0,4,28,2,0,30,37,7,0,44,53,13,0,66,113,33,0,146,192,47,0,239
77554,436,"ȘCOALA GIMNAZIALĂ BRĂNEȘTI",BRĂNEŞTI,GL,887,1,0,0,1,13,1,0,14,17,1,0,18,25,3,0,28,68,15,0,83,105,20,0,125
100530,1,"ŞCOALA GIMNAZIALĂ SFÂNTUL GHEORGHE",GIURGIU,GR,1167,20,0,0,20,55,0,0,55,75,3,0,78,99,3,0,102,171,5,0,176,226,12,0,238
100530,2,"GALERIILE DE ARTĂ",GIURGIU,GR,1021,23,4,0,27,102,9,0,111,128,10,0,138,145,61,0,206,230,78,0,308,275,86,0,361
100530,3,"PRIMĂRIA MUNICIPIULUI GIURGIU",GIURGIU,GR,1136,14,3,0,17,54,4,0,58,77,5,0,82,93,5,0,98,148,7,0,155,196,8,0,204
100530,4,"LICEUL ""TUDOR VIANU""",GIURGIU,GR,1192,21,3,0,24,53,3,0,56,66,4,0,70,93,7,0,100,181,12,0,193,213,12,0,225
100530,5,"ŞCOALA GIMNAZIALĂ MIRCEA CEL BĂTRÂN",GIURGIU,GR,1302,15,0,0,15,82,5,0,87,110,8,0,118,137,8,0,145,213,10,0,223,265,16,0,281
100530,6,"LICEUL TEHNOLOGIC MIRON NICOLESCU",GIURGIU,GR,1154,7,2,0,9,22,4,0,26,32,4,0,36,37,4,0,41,89,4,0,93,114,5,0,119
100530,7,"CANTINA SEMINARULUI TEOLOGIC TEOCTIST PATRIARHUL",GIURGIU,GR,847,13,2,0,15,19,4,0,23,27,6,0,33,41,6,0,47,90,11,0,101,115,16,0,131
100530,8,"COLEGIUL TEHNIC VICEAMIRAL IOAN BĂLĂNESCU",GIURGIU,GR,1001,1,0,0,1,11,3,0,14,20,3,0,23,34,6,0,40,71,6,0,77,91,6,0,97
100530,9,"LICEUL ""NICOLAE CARTOJAN""",GIURGIU,GR,1271,4,7,0,11,32,8,0,40,40,8,0,48,57,9,0,66,106,9,0,115,139,11,0,150
100530,10,"LICEUL ""NICOLAE CARTOJAN""",GIURGIU,GR,1259,9,0,0,9,29,8,0,37,38,8,0,46,49,9,0,58,95,16,0,111,123,18,0,141
100530,11,"PALATUL COPIILOR (PARCUL ELEVILOR)",GIURGIU,GR,1098,23,1,0,24,71,2,0,73,94,11,0,105,110,13,0,123,190,18,0,208,228,24,0,252
100530,12,"ŞCOALA GIMNAZIALĂ NR.3",GIURGIU,GR,1357,5,0,0,5,23,0,0,23,38,0,0,38,66,0,0,66,129,4,0,133,174,6,0,180
100530,13,"GRĂDINIŢA CU PROGRAM NORMAL NR.8 GORNENI",GIURGIU,GR,1319,30,2,0,32,61,6,0,67,94,6,0,100,113,6,0,119,198,8,0,206,251,13,0,264
100530,14,"DIRECŢIA PENTRU AGRICULTURĂ JUDEŢEANĂ",GIURGIU,GR,1369,3,0,0,3,8,0,114,122,12,0,114,126,18,0,114,132,47,3,114,164,64,7,114,185
100530,15,"DIRECŢIA PENTRU AGRICULTURĂ JUDEŢEANĂ",GIURGIU,GR,1176,12,4,0,16,31,4,137,172,40,4,137,181,54,5,137,196,87,6,137,230,110,7,137,254
100530,16,"GRĂDINIŢA CU PN NR.8 CĂRĂMIDARI",GIURGIU,GR,1787,15,0,0,15,58,1,130,189,78,3,130,211,108,3,130,241,188,12,130,330,244,16,130,390
100530,17,"A.J.O.F.M. GIURGIU",GIURGIU,GR,1582,17,0,0,17,55,1,0,56,87,2,0,89,123,5,0,128,223,8,0,231,285,9,0,294
100530,18,"A.J.O.F.M. GIURGIU",GIURGIU,GR,1114,22,0,0,22,65,4,0,69,100,6,0,106,123,6,0,129,198,10,0,208,240,16,0,256
100530,19,"SPITALUL JUDEŢEAN",GIURGIU,GR,1870,8,3,0,11,51,5,1,57,83,7,1,91,106,9,1,116,173,15,6,194,239,16,6,261
100530,20,"CLUBUL CADRELOR MILITARE ÎN RETRAGERE",GIURGIU,GR,1595,19,4,0,23,66,4,0,70,101,6,0,107,122,9,0,131,173,11,0,184,221,17,0,238
100530,21,"ŞCOALA GIMNAZIALĂ ACAD. MARIN VOICULESCU",GIURGIU,GR,1152,7,5,0,12,38,5,0,43,57,5,0,62,69,8,0,77,121,10,0,131,155,10,0,165
100530,22,"ŞCOALA GIMNAZIALĂ ACAD. MARIN VOICULESCU",GIURGIU,GR,1203,16,0,0,16,47,0,0,47,74,1,0,75,98,1,0,99,159,4,0,163,189,5,0,194
100530,23,"ŞCOALA GIMNAZIALĂ ACAD. MARIN VOICULESCU",GIURGIU,GR,1314,8,1,0,9,36,2,0,38,55,5,0,60,68,5,0,73,122,9,0,131,169,13,0,182
100530,24,"ŞCOALA GIMNAZIALĂ ACAD. MARIN VOICULESCU",GIURGIU,GR,1047,14,6,0,20,46,9,0,55,75,9,0,84,95,10,0,105,163,14,0,177,209,18,1,228
100530,25,"GRĂDINIŢA CU PROGRAM NORMAL NR.6",GIURGIU,GR,1287,5,1,0,6,47,6,0,53,61,6,0,67,66,8,0,74,106,10,0,116,154,11,0,165
100530,26,"ŞCOALA GIMNAZIALĂ NR.10",GIURGIU,GR,1107,7,0,0,7,29,0,0,29,52,3,0,55,63,3,0,66,120,4,0,124,160,9,0,169
100530,27,"ŞCOALAGIMNAZIALĂ NR.10",GIURGIU,GR,1109,8,2,0,10,43,2,0,45,59,2,0,61,72,2,0,74,137,3,0,140,179,6,0,185
100530,28,"ŞCOALAGIMNAZIALĂ NR.10",GIURGIU,GR,1134,8,4,0,12,36,6,0,42,46,7,0,53,61,7,0,68,112,7,0,119,148,7,0,155
100530,29,"ŞCOALA GIMNAZIALĂ NR,10",GIURGIU,GR,915,14,1,0,15,58,1,0,59,72,1,0,73,79,1,0,80,134,4,0,138,160,6,0,166
100530,30,"ŞCOALAGIMNAZIALĂ NR.5",GIURGIU,GR,912,8,2,0,10,28,3,0,31,49,3,0,52,53,4,0,57,103,11,0,114,131,16,0,147
100530,31,"ŞCOALA GIMNAZIALĂ NR.5",GIURGIU,GR,1212,12,0,0,12,45,1,0,46,65,5,0,70,96,5,0,101,141,7,0,148,179,7,0,186
100530,32,"ŞCOALA GIMNAZIALĂ NR.5",GIURGIU,GR,1196,15,4,0,19,39,7,0,46,67,7,0,74,83,7,0,90,140,8,0,148,182,9,0,191
100530,33,"PUNCTUL TERMIC NR. 35",GIURGIU,GR,1267,6,2,0,8,39,3,0,42,64,5,0,69,80,5,0,85,133,9,0,142,166,15,0,181
100530,34,"PUNCTUL TERMIC NR.35",GIURGIU,GR,812,3,2,0,5,37,4,0,41,55,4,0,59,63,8,0,71,101,10,1,112,115,12,1,128
100530,35,"PUNCTUL TERMIC NR.63",GIURGIU,GR,1173,19,0,0,19,69,2,0,71,89,2,0,91,112,3,0,115,175,5,1,181,202,11,1,214
100530,36,"GRĂDINIŢA CU PN NR.9",GIURGIU,GR,975,10,0,0,10,32,0,0,32,49,0,0,49,64,0,0,64,107,1,0,108,131,1,0,132
100530,37,"GRĂDINIŢA CU PP NR.9",GIURGIU,GR,1026,6,0,0,6,26,5,0,31,44,5,0,49,57,6,0,63,92,12,0,104,108,12,0,120
100530,38,"GRĂDINIŢA CĂSUŢA FERMECATĂ",GIURGIU,GR,1098,7,4,0,11,40,4,0,44,60,4,0,64,66,7,0,73,104,7,0,111,139,7,0,146
100530,39,"CANTINA DE AJUTOR SOCIAL",GIURGIU,GR,937,8,0,0,8,24,1,0,25,39,2,0,41,45,2,0,47,80,2,0,82,105,2,0,107
100530,40,"ŞCOALA GIMNAZIALĂ SAVIN POPESCU",GIURGIU,GR,1420,15,4,0,19,45,5,0,50,74,7,0,81,89,7,0,96,158,9,0,167,228,14,0,242
100530,41,"ŞCOALA GIMNAZIALĂ SAVIN POPESCU",GIURGIU,GR,1143,15,3,0,18,50,4,0,54,65,6,0,71,78,6,0,84,130,7,0,137,174,7,0,181
100530,42,"LICEUL TEHNOLOGIC ION BARBU",GIURGIU,GR,1245,10,0,0,10,34,7,0,41,66,8,0,74,83,8,0,91,139,8,0,147,187,10,0,197
100530,43,"CASA ARMATEI",GIURGIU,GR,1134,7,2,0,9,38,6,0,44,59,7,0,66,72,8,0,80,146,11,0,157,183,14,0,197
100530,44,"COLEGIUL NAŢIONAL ""ION MAIORESCU""",GIURGIU,GR,1012,16,2,0,18,60,8,0,68,91,12,0,103,109,12,0,121,203,30,0,233,252,34,0,286
100530,45,"COLEGIUL NAŢIONAL ""ION MAIORESCU""",GIURGIU,GR,982,22,2,0,24,71,5,0,76,93,6,0,99,111,7,0,118,188,12,0,200,234,16,0,250
100530,46,"ŞCOALA GIMNAZIALĂ NR.7",GIURGIU,GR,1420,21,1,10,32,92,7,10,109,128,11,10,149,149,13,10,172,235,15,10,260,280,26,10,316
100530,47,"ŞCOALA GIMNAZIALĂ MIHAI EMINESCU",GIURGIU,GR,1378,39,4,0,43,98,11,0,109,129,12,0,141,148,12,0,160,233,20,0,253,306,25,0,331
100530,48,"GRĂDINIŢA CU PN NR.3",GIURGIU,GR,1318,5,1,1,7,67,3,0,70,104,3,0,107,140,4,0,144,203,11,1,215,253,17,1,271
101207,49,"ŞCOALA GIMNAZIALĂ NR. 1 BOLINTIN-VALE",BOLINTIN-VALE,GR,1204,6,2,0,8,26,9,0,35,49,12,0,61,70,13,0,83,136,28,0,164,166,33,0,199
101207,50,"ŞCOALA GIMNAZIALĂ NR. 1 BOLINTIN-VALE",BOLINTIN-VALE,GR,1357,1,0,0,1,7,5,0,12,15,5,0,20,22,6,0,28,87,16,0,103,114,19,0,133
101207,51,"ŞCOALA GIMNAZIALĂ NR. 1 BOLINTIN-VALE",BOLINTIN-VALE,GR,1604,1,4,0,5,14,5,0,19,14,7,0,21,21,9,0,30,40,11,0,51,67,13,0,80
101207,52,"LICEU TEHNOLOGIC ""DIMITRIE BOLINTINEANU""",BOLINTIN-VALE,GR,883,5,5,0,10,18,12,0,30,30,14,0,44,52,20,0,72,91,36,0,127,135,43,0,178
101207,53,PRIMĂRIE,BOLINTIN-VALE,GR,1714,5,4,0,9,24,15,0,39,34,22,0,56,66,27,0,93,129,38,0,167,180,48,0,228
101225,54,"ŞCOALA GIMNAZIALĂ NR. 1 MALU SPART","MALU SPART",GR,1407,2,2,0,4,16,4,0,20,30,6,0,36,60,6,0,66,105,20,0,125,180,27,0,207
101225,55,"ŞCOALA GIMNAZIALĂ NR. 1 MALU SPART","MALU SPART",GR,1559,6,1,0,7,23,2,0,25,31,3,0,34,39,5,0,44,111,7,0,118,165,10,0,175
101216,56,"GRĂDINIŢA CRIVINA",CRIVINA,GR,744,4,3,0,7,12,4,0,16,17,5,0,22,22,5,0,27,47,9,0,56,68,14,0,82
104145,57,"LICEUL TEHNOLOGIC TIU DUMITRESCU",MIHĂILEŞTI,GR,1002,13,0,0,13,40,4,0,44,59,14,0,73,76,19,0,95,145,30,0,175,208,52,0,260
104145,58,"LICEUL TEHNOLOGIC TIU DUMITRESCU",MIHĂILEŞTI,GR,893,10,1,0,11,28,11,0,39,35,12,0,47,52,13,0,65,115,37,0,152,150,48,0,198
104145,59,"LICEUL TEHNOLOGIC TIU DUMITRESCU",MIHĂILEŞTI,GR,968,10,0,0,10,36,2,0,38,52,3,0,55,71,4,0,75,122,13,0,135,166,15,0,181
104145,60,"ŞCOALA PRIMARĂ NR. 1 MIHĂILEŞTI-TUFA",MIHĂILEŞTI,GR,1084,3,3,0,6,26,15,0,41,27,16,0,43,37,17,0,54,103,40,0,143,140,55,0,195
104145,61,"ŞCOALA PRIMARĂ NR. 2 MIHĂILEŞTI-DRĂGĂNESCU",MIHĂILEŞTI,GR,365,6,0,0,6,21,12,0,33,30,27,0,57,50,31,0,81,99,48,0,147,123,54,0,177
104172,62,"ŞCOALA GIMNAZIALĂ NR. 1 POPEŞTI",POPEŞTI,GR,874,4,2,0,6,20,3,0,23,31,9,0,40,59,17,0,76,171,42,0,213,296,49,0,345
104163,63,"ŞCOALA PRIMARĂ NR. 3 NOVACI",NOVACI,GR,937,2,2,0,4,10,5,0,15,14,12,0,26,19,18,0,37,101,43,0,144,194,36,0,230
100790,64,"ŞCOALA GIMNAZIALĂ NR. 1 ADUNAŢII COPĂCENI",ADUNAŢII-COPĂCENI,GR,1568,9,0,0,9,27,4,0,31,55,5,0,60,68,6,0,74,174,26,0,200,306,47,0,353
100790,65,"ŞCOALA GIMNAZIALĂ NR. 1 ADUNAŢII COPĂCENI",ADUNAŢII-COPĂCENI,GR,1147,4,0,0,4,29,0,0,29,37,5,0,42,54,10,0,64,155,34,0,189,315,42,0,357
100807,66,"ŞCOALA GIMNAZIALĂ NR. 2 DĂRĂŞTI VLAŞCA",DĂRĂŞTI-VLAŞCA,GR,1645,6,0,0,6,54,9,0,63,75,18,0,93,94,20,0,114,206,54,0,260,291,61,0,352
100825,67,"GRĂDINIȚA CU PROGRAM NORMAL NR. 3 VARLAAM",VARLAAM,GR,477,6,4,0,10,12,6,0,18,17,8,0,25,27,10,0,37,83,25,0,108,130,31,0,161
100816,68,"GRĂDINIȚA CU PROGRAM NORMAL NR. 4 MOGOŞEŞTI",MOGOŞEŞTI,GR,380,3,4,0,7,13,6,0,19,17,6,0,23,28,8,0,36,84,21,0,105,129,25,0,154
101010,69,"ŞCOALA GIMNAZIALA ”MARIN M. ȚICULESCU” BĂNEASA",BĂNEASA,GR,1138,6,5,0,11,17,7,0,24,31,11,0,42,45,14,0,59,84,22,0,106,151,28,0,179
101010,70,"ŞCOALA PIMARĂ NR.5 BĂNEASA",BĂNEASA,GR,576,5,5,0,10,9,6,0,15,12,6,0,18,17,8,0,25,72,17,0,89,101,26,0,127
101010,71,"ŞCOALA PRIMARĂ NR.2 BĂNEASA",BĂNEASA,GR,806,5,1,0,6,16,4,0,20,22,5,0,27,41,7,0,48,79,18,0,97,117,20,0,137
101038,72,"ŞCOALA GIMNAZIALĂ ”REMUS BEGNESCU” PIETRELE",PIETRELE,GR,878,1,0,0,1,5,1,0,6,15,2,0,17,23,3,0,26,52,7,0,59,98,10,0,108
101029,73,"ŞCOALA PRIMARĂ NR. 3 FRASINU",FRASINU,GR,346,2,0,0,2,8,4,0,12,18,4,0,22,25,5,0,30,52,18,0,70,65,19,0,84
101047,74,"ŞCOALA PRIMARĂNR. 6SF. GHEORGHE","SFÎNTU GHEORGHE",GR,208,0,4,0,4,3,5,0,8,6,12,0,18,8,22,0,30,26,25,0,51,31,27,0,58
101172,75,"CĂMINUL CULTURAL BOLINTIN - DEAL",BOLINTIN-DEAL,GR,1411,1,0,0,1,12,5,0,17,20,10,0,30,29,13,0,42,92,23,0,115,141,42,1,184
101172,76,"ŞCOALA GIMNAZIALĂ BANU BALEANU",BOLINTIN-DEAL,GR,1198,4,1,0,5,17,4,0,21,29,14,0,43,38,17,0,55,67,24,0,91,91,36,2,129
101172,77,"GRĂDINIŢA DE COPII BOLINTIN - DEAL",BOLINTIN-DEAL,GR,987,3,4,0,7,33,4,0,37,40,4,0,44,47,6,0,53,82,9,0,91,105,12,0,117
101181,78,"ŞCOALA GIMNAZIALĂ NR. 2 MIHAI VODĂ","MIHAI VODĂ",GR,1593,9,2,0,11,19,6,0,25,35,15,0,50,44,20,0,64,89,33,0,122,111,42,0,153
101387,79,"ȘCOALA GIMNAZIALĂ NR. 1",BUCŞANI,GR,788,5,3,0,8,11,7,0,18,12,9,0,21,18,13,0,31,52,21,0,73,92,25,0,117
101430,80,"ŞCOALA GIMNAZIALĂ NR. 2","VADU LAT",GR,553,2,0,0,2,2,1,0,3,7,5,0,12,13,6,0,19,47,19,0,66,88,31,0,119
101421,81,"ŞCOALA PRIMARĂ NR. 3",PODIŞOR,GR,448,1,4,0,5,8,7,0,15,13,9,0,22,17,9,0,26,48,14,0,62,98,20,0,118
101412,82,"GRĂDINIȚA CU PROGRAM NORMAL NR. 6",OBEDENI,GR,367,4,4,0,8,6,11,0,17,18,14,0,32,18,14,0,32,28,22,0,50,60,29,0,89
101449,83,"ŞCOALA PRIMARĂ NR. 4",UIEŞTI,GR,256,4,1,0,5,12,3,0,15,16,6,0,22,27,7,0,34,52,9,0,61,123,22,0,145
101403,84,"ŞCOALA PRIMARĂ NR. 5",GOLEASCA,GR,358,1,1,0,2,11,3,0,14,26,3,0,29,28,5,0,33,65,11,0,76,101,20,0,121
101528,85,"CĂMINUL CULTURAL BULBUCATA",BULBUCATA,GR,1082,2,3,0,5,16,19,0,35,40,26,0,66,51,34,0,85,190,110,0,300,384,164,0,548
101626,86,"ŞCOALA GIMNAZIALA NR1BUTURUGENI",BUTURUGENI,GR,1019,7,0,0,7,24,6,0,30,35,8,0,43,47,14,0,61,161,39,0,200,314,66,0,380
101626,87,"CAMIN CULTURAL BUTURUGENI",BUTURUGENI,GR,600,9,0,0,9,19,2,0,21,35,5,0,40,41,6,0,47,92,20,0,112,206,27,0,233
101635,88,"ŞCOALA GIMNAZIALA NR 2 PĂDURENI",PĂDURENI,GR,1198,6,0,0,6,27,5,0,32,59,10,0,69,76,17,0,93,225,45,0,270,356,60,0,416
101653,89,"GRADINITA CU PROGRAM NORMAL NR 4POŞTA",POŞTA,GR,338,2,0,0,2,6,2,0,8,14,3,0,17,18,5,0,23,34,11,0,45,84,21,0,105
101671,90,"ŞCOALA VECHE CĂLUGĂRENI( MUZEU ).",CĂLUGĂRENI,GR,1455,7,31,0,38,19,38,0,57,22,45,0,67,54,51,0,105,128,80,0,208,266,114,0,380
101680,91,GRADINITABRĂNIŞTARI,BRĂNIŞTARI,GR,603,2,3,0,5,13,7,0,20,20,13,0,33,24,16,0,40,57,54,0,111,90,73,0,163
101715,92,"ŞCOALA GIMNAZIALA NR.3UZUNU",UZUNU,GR,1195,5,0,0,5,12,2,0,14,16,4,0,20,31,9,0,40,60,20,0,80,112,34,0,146
101706,93,"CĂMINUL CULTURAL HULUBEŞTI",HULUBEŞTI,GR,1323,7,0,0,7,22,2,0,24,26,3,0,29,29,8,0,37,108,32,0,140,253,44,0,297
101993,94,"CĂMINUL CULTURAL CLEJANI",CLEJANI,GR,1334,16,13,0,29,56,35,0,91,151,59,14,224,189,78,14,281,438,149,14,601,597,175,14,786
102008,95,"GRĂDINIŢA CU PN NR.3 NEAJLOV",NEAJLOVU,GR,1135,25,3,0,28,107,19,18,144,211,39,18,268,253,54,18,325,480,101,18,599,641,119,18,778
102080,96,"ŞCOALA GIMNAZIALA NR. 1 COLIBAŞI",COLIBAŞI,GR,897,7,1,0,8,19,3,0,22,26,8,0,34,41,12,0,53,164,29,0,193,380,49,0,429
102080,97,"ŞCOALA PRIMARA NR. 3 COLIBAŞI",COLIBAŞI,GR,739,0,0,0,0,1,5,0,6,42,9,0,51,49,10,0,59,145,18,0,163,384,42,0,426
102099,98,"ŞCOALA GIMNAZIALA NR. 2 CÂMPURELU",CÎMPURELU,GR,1085,5,5,0,10,11,7,0,18,27,7,0,34,56,9,0,65,166,26,0,192,420,40,0,460
102115,99,"LICEUL TEHNOLOGIC NR. 1 COMANA",COMANA,GR,837,19,11,0,30,67,47,0,114,114,66,0,180,152,86,0,238,223,128,0,351,350,146,3,499
102115,100,"LICEUL TEHNOLOGIC NR. 1 COMANA",COMANA,GR,879,17,8,0,25,73,26,0,99,116,31,0,147,168,38,0,206,252,58,0,310,353,73,0,426
102124,101,"GRADINITA CU PROGRAM NORMAL NR. 1 BUDENI",BUDENI,GR,581,18,12,0,30,68,38,0,106,135,69,0,204,153,77,0,230,223,115,0,338,280,139,0,419
102133,102,"ŞCOALA GIMNAZIALA NR. 3 FALASTOACA",FALAŞTOACA,GR,628,6,3,0,9,13,7,0,20,18,13,0,31,36,17,0,53,151,82,0,233,279,110,0,389
102142,103,"ŞCOALA GIMNAZIALA NR. 2 GRADISTEA",GRĂDIŞTEA,GR,1207,7,6,0,13,27,15,0,42,57,25,0,82,88,34,0,122,171,60,0,231,264,78,0,342
102151,104,"ŞCOALA GIMNAZIALA NR. 1 VLAD-TEPES","VLAD ŢEPEŞ",GR,1336,43,10,0,53,119,45,0,164,188,67,0,255,227,73,0,300,374,120,0,494,529,155,0,684
104029,105,"GRĂDINIŢA DE COPII COSOBA",COSOBA,GR,1085,6,1,0,7,19,5,0,24,35,6,0,41,47,7,0,54,81,9,0,90,122,15,0,137
104029,106,"GRĂDINIŢA DE COPII COSOBA",COSOBA,GR,1067,4,2,0,6,16,7,0,23,31,10,0,41,55,10,0,65,87,15,0,102,107,18,0,125
102357,107,"ŞCOALA GIMNAZIALĂ NICOLAE CREVEDIA","CREVEDIA MARE",GR,1203,15,0,0,15,30,11,0,41,64,12,0,76,88,17,0,105,160,31,0,191,266,41,0,307
102375,108,"ŞCOALAPRIMARĂ NR 1 DEALU",DEALU,GR,1074,4,6,0,10,42,6,0,48,102,8,0,110,122,8,0,130,192,14,0,206,237,22,0,259
102366,109,"ŞCOALA GIMNAZIALĂ DUMITRU PĂTRAȘCU","CREVEDIA MICĂ",GR,1537,13,5,0,18,30,6,0,36,103,9,0,112,140,10,0,150,259,19,0,278,347,26,0,373
102455,110,"CAMIN CULTURAL",DAIA,GR,508,10,0,0,10,22,1,0,23,38,6,0,44,57,11,0,68,114,23,0,137,173,46,0,219
102455,111,"SCOALA GIMNAZIALA NR.1 DAIA",DAIA,GR,288,0,15,0,15,8,19,0,27,11,19,0,30,14,19,0,33,57,37,0,94,75,52,0,127
102464,112,"GRADINIŢA CU PROGRAM NORMALNR.2 PLOPŞORU",PLOPŞORU,GR,611,5,0,0,5,13,2,0,15,15,4,0,19,19,4,0,23,45,10,0,55,64,17,0,81
102464,113,"GRĂDINIŢA CU PROGRAM NORMAL NR.3 PLOPŞORU",PLOPŞORU,GR,726,5,1,0,6,8,4,0,12,17,9,0,26,28,11,0,39,52,32,0,84,84,39,0,123
102801,114,"ŞCOALA GIMNAZIALĂ NR.2 STOENEŞTI",STOENEŞTI,GR,1584,1,1,0,2,20,5,0,25,34,7,0,41,37,7,0,44,85,23,0,108,128,30,0,158
102810,115,"ŞCOALA GIMNAZIALĂ NR.1 FLOREŞTI",FLOREŞTI,GR,1153,4,0,0,4,14,3,0,17,30,5,0,35,38,5,0,43,69,8,0,77,116,21,0,137
102810,116,"ŞCOALA GIMNAZIALĂ NR.1 FLOREŞTI",FLOREŞTI,GR,1016,4,1,0,5,9,3,0,12,18,5,0,23,23,7,0,30,53,16,0,69,96,21,0,117
102810,117,"ŞCOALA GIMNAZIALĂ NR.1 FLOREŞTI",FLOREŞTI,GR,1202,3,2,0,5,12,7,0,19,30,12,0,42,40,14,0,54,79,19,0,98,135,20,0,155
102829,118,"ŞCOALA GIMNAZIALĂ NR.3 PALANCA",PALANCA,GR,1217,2,0,0,2,10,2,0,12,18,2,0,20,26,3,0,29,62,12,0,74,80,19,0,99
102829,119,"ŞCOALA GIMNAZIALĂ NR.3 PALANCA",PALANCA,GR,981,0,3,0,3,4,4,0,8,9,7,0,16,12,7,0,19,32,8,0,40,52,12,0,64
102918,120,"CĂMINUL CULTURAL FRĂTEŞTI",FRĂTEŞTI,GR,1409,10,1,0,11,14,3,0,17,24,6,0,30,51,8,0,59,131,18,0,149,162,26,0,188
102918,121,"ŞCOALAGIMNAZIALA NR.2 LUNCA FRĂTEŞTI",FRĂTEŞTI,GR,648,4,1,0,5,9,4,0,13,17,4,0,21,29,7,0,36,59,11,0,70,79,14,0,93
102936,122,"CĂMINUL CULTURAL REMUŞ",REMUŞ,GR,1679,7,43,0,50,20,48,0,68,38,53,0,91,73,57,0,130,135,65,0,200,198,75,0,273
102927,123,"GRADINITACU PROGRAM NORMAL NR 3CETATEA",CETATEA,GR,401,2,1,0,3,23,3,0,26,26,7,0,33,34,13,0,47,57,18,0,75,65,28,0,93
102927,124,"GRADINITA CU PROGRAM NORMAL NR 4 CETATEA (BĂLĂNOAIA)",CETATEA,GR,222,2,3,0,5,12,8,0,20,15,9,0,24,18,12,0,30,29,22,0,51,40,26,0,66
103096,125,"ȘCOALAGIMNAZIALA NR. 1SAT GĂISENI , COM GĂISENI .",GĂISENI,GR,988,3,0,0,3,14,1,0,15,23,5,0,28,30,5,0,35,125,20,0,145,173,29,0,202
103096,126,"ȘCOALAGIMNAZIALA NR. 1SAT GĂISENI , COM GĂISENI ,",GĂISENI,GR,842,4,2,0,6,12,5,0,17,19,7,0,26,32,10,0,42,79,21,0,100,102,36,0,138
103112,127,"ȘCOALAGIMNAZIALA NR. 2 ,SAT CĂSCIOARELE COM GĂISENI",CĂSCIOARELE,GR,890,3,0,0,3,7,4,0,11,20,4,0,24,28,5,0,33,55,12,0,67,107,20,0,127
103112,128,"ȘCOALAGIMNAZIALA NR. 2SAT CĂSCIOARELE,COM GĂISENI",CĂSCIOARELE,GR,756,0,3,0,3,6,5,0,11,12,5,0,17,18,5,0,23,50,9,0,59,106,15,0,121
103103,129,"ȘCOALAPRIMARĂ NR. 3 SAT CĂRPENIȘU , COM GĂISENI",CĂRPENIŞU,GR,682,2,5,0,7,10,9,0,19,19,13,0,32,21,16,0,37,86,25,0,111,142,29,0,171
103121,130,"FOSTA ŞCOALA CU CLASELE I-IV PODU POPA NAE","PODU POPA NAE",GR,130,2,6,0,8,6,6,0,12,10,9,0,19,11,9,0,20,25,11,0,36,77,21,0,98
103210,131,"ŞCOALADIN CETĂTUIA",CETĂŢUIA,GR,144,3,3,0,6,9,9,0,18,13,12,0,25,14,16,0,30,27,25,0,52,38,29,0,67
103201,132,"ŞCOALA GIMNAZIALĂ ""DRĂGHICI DAVILA""",GĂUJANI,GR,936,10,0,0,10,28,1,0,29,45,1,0,46,60,5,0,65,106,23,0,129,148,30,0,178
103229,133,"GRĂDINIŢA CU PROGRAMNORMAL NR.1 PIETRIŞU",PIETRIŞU,GR,776,5,4,0,9,18,4,0,22,28,4,0,32,43,8,0,51,93,12,0,105,131,17,0,148
103247,134,"SCOALA GIMNAZIALA NR.1GHIMPATI",GHIMPAŢI,GR,1241,10,2,0,12,53,3,6,62,85,8,10,103,131,8,16,155,260,21,35,316,504,24,35,563
103247,135,"CLADIREA PRIMARIEI GHIMPATI",GHIMPAŢI,GR,563,11,4,0,15,25,16,57,98,39,21,57,117,58,22,57,137,151,53,57,261,205,72,57,334
103256,136,"GRĂDINIŢA CU PROGRAM NORMAL NR.5 COPACIU",COPACIU,GR,745,22,4,0,26,36,7,19,62,53,14,19,86,82,20,19,121,218,36,19,273,343,56,19,418
103265,137,"FOSTA ŞCOALA CU CLASELE I-VIII NAIPU",NAIPU,GR,1272,20,2,0,22,41,10,56,107,57,19,56,132,155,24,56,235,352,52,56,460,471,66,56,593
103274,138,"ŞCOALA PRIMARA NR.4 VALEA PLOPILOR","VALEA PLOPILOR",GR,520,13,0,0,13,37,3,0,40,90,3,0,93,123,5,0,128,184,11,0,195,252,13,0,265
103318,139,"CĂMINUL CULTURAL GOGOŞARI",GOGOŞARI,GR,645,12,2,0,14,34,20,0,54,49,31,0,80,69,35,0,104,117,42,0,159,170,56,0,226
103345,140,"FOSTA ŞCOALA RĂLEŞTI",RĂLEŞTI,GR,121,2,6,0,8,6,8,0,14,9,10,0,19,14,11,0,25,26,23,0,49,46,30,0,76
103327,141,"FOSTA PRIMĂRIE",DRĂGHICEANU,GR,91,8,5,0,13,12,9,0,21,12,12,0,24,17,14,0,31,27,18,0,45,31,21,0,52
103336,142,"DISPENSAR UMAN IZVORU",IZVORU,GR,530,6,4,0,10,22,15,0,37,44,24,0,68,57,29,0,86,107,37,0,144,143,41,0,184
103381,143,"ŞCOALA GIMNAZIALĂNR.1 GOSTINARI",GOSTINARI,GR,1523,11,1,0,12,66,7,0,73,131,24,0,155,148,30,0,178,381,57,0,438,552,87,0,639
103390,144,"ŞCOALA PRIMARĂ NR.3 MIRONEŞTI",MIRONEŞTI,GR,340,4,0,0,4,15,14,0,29,15,16,0,31,23,22,0,45,44,28,0,72,67,40,29,136
103363,145,"SCOALA GIMNAZIALA ANGHEL MARES - LOCAL GRADINITA GOSTINU",GOSTINU,GR,737,10,0,0,10,89,3,0,92,147,12,0,159,178,14,0,192,267,36,0,303,397,49,0,446
103363,146,"SCOALA GIMNAZIALA ANGHEL MARES- LOCAL GRADINITA GOSTINU",GOSTINU,GR,822,12,1,0,13,89,5,0,94,141,10,0,151,182,15,0,197,283,23,0,306,418,34,0,452
103416,147,"ŞCOALA GIMNZIALA NR. 1 GRADINARI",GRĂDINARI,GR,843,10,5,0,15,36,15,0,51,51,24,0,75,74,21,0,95,149,38,0,187,258,65,0,323
103425,148,"ŞCOALA GIMNAZIALA NR. 2 TÂNTAVA",TÎNTAVA,GR,1003,2,2,0,4,17,6,0,23,35,13,0,48,45,14,0,59,133,33,0,166,234,44,0,278
103434,149,"ŞCOALAPRIMARA NR. 3ZORILE",ZORILE,GR,848,14,2,0,16,36,7,0,43,53,10,0,63,71,12,0,83,123,17,0,140,220,27,0,247
103489,150,"ŞCOALA GIMNAZIALĂ NR.1 GREACA",GREACA,GR,1411,10,2,0,12,40,12,0,52,76,19,0,95,132,26,0,158,276,64,0,340,450,91,0,541
103498,151,"ŞCOALA PUŢU GRECI","PUŢU GRECI",GR,271,2,1,0,3,7,2,0,9,7,2,0,9,13,5,0,18,32,7,0,39,70,16,0,86
103504,152,"ŞCOALA ZBOIU",ZBOIU,GR,245,5,3,0,8,10,3,0,13,11,5,0,16,16,8,0,24,55,17,0,72,88,18,0,106
103657,153,"ŞCOALA GIMNAZIALĂ ""ELINA BASARAB"" HERĂŞTI",HERĂŞTI,GR,1715,9,5,0,14,21,10,0,31,45,12,0,57,71,20,0,91,162,46,0,208,343,85,0,428
103648,154,"LICEUL ""UDRISTE NASTUREL HOTARELE",HOTARELE,GR,1097,7,3,0,10,17,9,0,26,28,10,0,38,50,14,0,64,103,32,10,145,170,46,10,226
103648,155,"GRADINITA CU PROGRAM NORMALNR. 2",HOTARELE,GR,586,2,2,0,4,6,3,0,9,17,6,0,23,27,9,0,36,73,31,1,105,108,45,1,154
103648,156,"LICEUL ""UDRIŞTE NĂSTUREL""",HOTARELE,GR,633,0,2,0,2,2,5,0,7,13,5,0,18,16,13,0,29,56,31,0,87,84,48,0,132
103648,157,"GRADINITA CU PROGRAM NORMAL NR. 3",HOTARELE,GR,601,3,1,0,4,7,5,0,12,8,7,0,15,9,7,0,16,41,9,0,50,79,22,0,101
103700,158,"CĂMINUL CULTURAL IEPUREŞTI",IEPUREŞTI,GR,843,10,7,0,17,14,29,0,43,29,42,0,71,47,49,0,96,105,94,0,199,161,116,0,277
103737,159,"GRADINITA CU PROGRAM NORMAL NR. 2 GORNENI",GORNENI,GR,530,7,0,0,7,11,9,0,20,12,14,0,26,30,18,0,48,92,52,0,144,148,59,0,207
103746,160,"ŞCOALA STÂLPU",STÎLPU,GR,202,1,3,0,4,4,5,0,9,18,9,0,27,19,14,0,33,24,20,0,44,45,27,0,72
103666,161,"ŞCOALA GIMNAZIALĂ STOLNICUL CONSTANTIN CANTACUZINO - ISVOARELE",ISVOARELE,GR,1120,3,1,0,4,7,4,0,11,11,5,0,16,21,6,0,27,68,20,0,88,142,31,0,173
103684,162,"ŞCOALA TEIUŞU",TEIUŞU,GR,176,0,0,0,0,4,0,0,4,11,2,0,13,22,2,0,24,38,2,0,40,52,8,0,60
103906,163,"ŞCOALA GIMNAZIALA NR.1 IZVOARELE",IZVOARELE,GR,1036,3,3,0,6,18,8,0,26,28,11,0,39,45,16,0,61,93,19,0,112,131,26,0,157
103915,164,"ŞCOALA GIMNAZIALA NR.2 CHIRIACU",CHIRIACU,GR,1040,10,2,0,12,19,2,0,21,27,5,0,32,36,6,0,42,117,32,0,149,208,42,0,250
103933,165,"ŞCOALA GENERALĂ PETRU RAREŞ","PETRU RAREŞ",GR,75,2,8,0,10,14,30,0,44,20,41,0,61,27,48,0,75,36,67,0,103,46,75,0,121
103951,166,"GRADINITA CU PROGRAM NORMAL NR.3 VALEA BUJORULUI","VALEA BUJORULUI",GR,396,2,3,0,5,10,3,0,13,19,8,0,27,26,8,0,34,54,14,0,68,96,24,0,120
103924,167,"SEDIUL FOSTEI SECŢII DE MECANIZARE A SATULUI DIMITRIE CANTEMIR","DIMITRIE CANTEMIR",GR,136,1,3,0,4,6,9,0,15,8,13,0,21,10,14,0,24,27,31,0,58,31,44,0,75
103942,168,"ŞCOALA GENERALĂ RADU VODĂ","RADU VODĂ",GR,174,6,2,0,8,15,3,0,18,27,7,0,34,27,9,0,36,47,25,0,72,71,36,0,107
104001,169,PRIMĂRIE,JOIŢA,GR,1785,4,4,0,8,33,9,0,42,72,16,0,88,96,20,0,116,174,41,2,217,249,63,2,314
104010,170,"ȘCOALA GIMNAZIALĂNR.2 BÎCU",BÎCU,GR,1236,8,0,0,8,31,12,0,43,53,22,0,75,80,33,0,113,173,74,0,247,212,99,0,311
104056,171,"CĂMINUL CULTURAL LETCA NOUĂ","LETCA NOUĂ",GR,717,7,2,0,9,19,10,0,29,30,18,0,48,33,18,0,51,70,41,0,111,179,61,0,240
104065,172,"CĂMINUL CULTURAL LETCA VECHE","LETCA VECHE",GR,755,7,4,0,11,46,17,0,63,60,21,0,81,88,25,0,113,176,47,0,223,276,56,0,332
104074,173,"ŞCOALAGIMNAZIALĂ NR 2MILCOVĂŢU",MILCOVĂŢU,GR,1111,3,3,0,6,79,14,0,93,104,26,0,130,114,30,0,144,255,54,0,309,493,68,0,561
105927,174,"CĂMINUL CULTURAL MALU",MALU,GR,950,8,3,0,11,28,9,0,37,41,10,0,51,57,13,0,70,105,31,0,136,133,40,0,173
105927,175,"GRĂDINIŢA MALU",MALU,GR,868,6,0,0,6,25,0,0,25,26,0,0,26,58,2,0,60,90,18,0,108,113,24,0,137
104127,176,"SCOALA GIMNAZIALA DUMITRU CONSTANTIN MIHAI BRAVU","MIHAI BRAVU",GR,1050,16,4,0,20,60,23,0,83,133,28,0,161,158,36,0,194,274,53,0,327,439,79,0,518
104127,177,"SCOALA GIMNAZIALA DUMITRU CONSTANTIN MIHAI BRAVU","MIHAI BRAVU",GR,858,13,3,0,16,83,12,0,95,133,23,0,156,162,31,0,193,308,48,0,356,380,65,0,445
104234,178,"ŞCOALA GIMNAZIALĂNR. 1 MÂRŞA",MÂRŞA,GR,973,8,0,0,8,27,1,0,28,35,4,0,39,47,4,0,51,150,7,0,157,264,16,0,280
104234,179,"ŞCOALA GIMNAZIALĂ NR. 1MÂRŞA",MÂRŞA,GR,1230,7,0,0,7,25,1,0,26,48,3,0,51,65,4,0,69,169,26,0,195,318,42,0,360
104494,180,"ŞCOALA GIMNAZIALA ,, SFANTUL NECTARIE"" OGREZENI",OGREZENI,GR,972,0,2,0,2,7,7,0,14,18,11,0,29,35,15,0,50,82,26,0,108,120,31,0,151
104494,181,"ŞCOALA GIMNAZIALA ,, AUREL SOLACOLU"" OGREZENI",OGREZENI,GR,1269,2,0,0,2,5,8,0,13,11,8,0,19,25,12,0,37,74,20,0,94,109,31,0,140
104494,182,"GRĂDINIŢA ,, IRIS"" OGREZENI",OGREZENI,GR,815,2,2,0,4,19,3,0,22,30,6,0,36,32,6,0,38,75,11,0,86,115,21,0,136
104500,183,"ŞCOALA PRIMARA NR.1 HOBAIA",HOBAIA,GR,737,1,0,0,1,7,2,0,9,19,4,0,23,28,6,0,34,46,9,0,55,73,13,0,86
104528,184,"CĂMINUL CULTURAL OINACU",OINACU,GR,1468,10,1,0,11,50,15,0,65,106,21,0,127,149,33,0,182,250,55,0,305,356,74,0,430
104537,185,"GRADINITA NR. 2 BRANISTEA",BRANIŞTEA,GR,823,6,0,0,6,18,3,0,21,36,7,0,43,60,10,0,70,133,22,0,155,211,33,0,244
180082,186,"GRADINITA NR. 3 COMASCA",COMASCA,GR,514,2,4,0,6,5,4,0,9,23,5,0,28,33,7,0,40,85,9,0,94,147,12,0,159
104699,187,"CĂMINUL CULTURAL PRUNDU",PRUNDU,GR,1716,10,0,0,10,22,3,0,25,38,4,0,42,53,6,0,59,157,24,0,181,294,35,0,329
104699,188,"ŞCOALA PRIMARĂ NR.1 PRUNDU",PRUNDU,GR,1084,4,0,0,4,14,2,0,16,30,2,0,32,42,6,0,48,100,9,0,109,180,14,0,194
104706,189,"ŞCOALA PRIMARĂ NR.1 PUIENI",PUIENI,GR,608,1,0,0,1,7,2,0,9,10,4,0,14,14,9,0,23,54,18,0,72,121,26,0,147
104724,190,"CASA DE CULTURĂ PUTINEIU",PUTINEIU,GR,1001,10,3,0,13,75,25,0,100,181,36,0,217,264,50,0,314,458,74,0,532,608,93,0,701
104733,191,"ŞCOALA HODIVOAIA",HODIVOAIA,GR,318,3,4,0,7,20,11,0,31,64,22,0,86,65,23,0,88,104,36,0,140,182,48,0,230
104742,192,"ŞCOALA VIERU",VIERU,GR,567,3,4,0,7,14,9,0,23,28,11,0,39,40,18,0,58,117,40,0,157,347,63,0,410
104797,193,"ŞCOALA GIMNAZIALĂ ”CONSTANTIN STĂNCESCU”",RĂSUCENI,GR,796,11,2,0,13,48,14,0,62,113,26,0,139,163,37,0,200,289,94,2,385,408,126,2,536
104797,194,"ŞCOALA GENERALĂ NR. 2RĂSUCENI",RĂSUCENI,GR,305,7,3,0,10,38,16,0,54,94,41,0,135,111,43,0,154,171,84,0,255,193,93,0,286
104813,195,"ŞCOALA GIMNAZIALĂ NR.1 CUCURUZU",CUCURUZU,GR,721,9,2,0,11,30,4,0,34,45,7,0,52,70,8,0,78,168,35,0,203,256,55,0,311
104868,196,"GRADINITA CU PROGRAM NORMAL NR. 1 ROATA MICA","ROATA MICĂ",GR,411,1,3,0,4,5,7,0,12,9,7,0,16,16,10,0,26,30,14,0,44,51,18,0,69
104840,197,"GRĂDINIŢA CU PROGRAM NORMAL ROATA DE JOS","ROATA DE JOS",GR,912,4,0,0,4,20,3,0,23,31,4,0,35,41,9,0,50,97,14,0,111,182,21,0,203
104859,198,"GRĂDINIŢA CU PROGRAM NORMAL CARTOJANI",CARTOJANI,GR,789,1,0,0,1,3,1,0,4,5,3,0,8,11,3,0,14,40,8,0,48,55,9,0,64
104840,199,"ŞCOALA GIMNAZIALA NR. 1 ROATA DE JOS","ROATA DE JOS",GR,996,6,3,0,9,33,8,0,41,48,9,0,57,57,9,0,66,114,23,0,137,173,39,0,212
104877,200,"ŞCOALA PRIMARA NR. 2 SADINA",SADINA,GR,1261,3,0,0,3,14,2,0,16,28,4,0,32,36,7,0,43,160,15,0,175,235,37,0,272
104859,201,"ŞCOALA GIMNAZIALA NR. 2 CARTOJANI",CARTOJANI,GR,1037,6,0,0,6,9,1,0,10,10,2,0,12,17,6,0,23,51,19,0,70,105,22,0,127
104859,202,"ŞCOALA GIMNAZIALA NR. 2 CARTOJANI",CARTOJANI,GR,1151,3,2,0,5,5,2,0,7,9,2,0,11,18,2,0,20,59,3,0,62,107,3,0,110
104038,203,"ŞCOALA GIMNAZIALA NR. 1 SABARENI",SĂBĂRENI,GR,1058,11,4,0,15,40,15,0,55,58,18,10,86,72,21,10,103,191,47,10,248,259,54,10,323
104038,204,"ŞCOALA GIMNAZIALA NR. 1 SABARENI",SĂBĂRENI,GR,1098,15,3,0,18,33,5,0,38,49,9,12,70,78,11,12,101,189,53,14,256,261,63,14,338
104984,205,ŞCOALASCHITU,SCHITU,GR,180,9,1,0,10,20,5,0,25,30,6,0,36,40,16,0,56,64,24,0,88,78,28,0,106
104993,206,"ŞCOALA PRIMARA FLORIN NICULESCU BILA",BILA,GR,335,11,0,0,11,27,6,0,33,42,8,0,50,51,10,0,61,79,23,0,102,121,36,0,157
105008,207,"ŞCOALA PRIMARA , NR.1 CAMINEASCA",CĂMINEASCA,GR,426,6,2,0,8,18,7,0,25,30,10,0,40,33,17,0,50,57,26,0,83,133,37,0,170
105017,208,"ŞCOALA GIMNAZIALA PROF. DINU NICOLAE VLASIN",VLAŞIN,GR,392,5,2,0,7,16,13,0,29,23,13,0,36,37,16,0,53,70,30,0,100,129,41,0,170
105115,209,"PRIMARIA SINGURENI",SINGURENI,GR,1182,12,4,0,16,33,21,0,54,51,26,0,77,61,27,0,88,150,56,10,216,349,74,10,433
105124,210,"ŞCOALA PRIMARĂ NR.2 CRÎNGURI",CRÎNGURI,GR,590,1,0,0,1,4,4,0,8,14,8,0,22,18,9,0,27,50,17,0,67,187,23,0,210
105133,211,"GRĂDINIŢA CU PROGRAM NORMAL NR. 3 STEJARU",STEJARU,GR,607,6,4,0,10,13,6,0,19,22,9,0,31,34,10,0,44,67,15,0,82,202,19,0,221
100558,212,"ŞCOALA GIMNAZIALĂ NR.1 SLOBOZIA",SLOBOZIA,GR,820,4,2,0,6,26,9,0,35,40,10,0,50,55,17,0,72,131,33,0,164,234,60,0,294
100558,213,"GRĂDINIŢA DE COPII SLOBOZIA",SLOBOZIA,GR,1169,9,4,0,13,19,8,0,27,52,14,0,66,88,20,0,108,218,51,0,269,393,102,0,495
105302,214,"ȘCOALA GIMNAZIALĂ NR. 1 STĂNEȘTI",STĂNEŞTI,GR,1058,4,2,0,6,10,8,0,18,19,10,0,29,31,18,0,49,54,33,0,87,77,39,0,116
105320,215,"ŞCOALA PRIMARĂ NR. 2 GHIZDARU",GHIZDARU,GR,411,5,4,0,9,9,8,0,17,14,8,0,22,23,11,0,34,41,17,0,58,70,24,0,94
105311,216,"GRĂDINIȚA CU PROGRAM NORMAL NR. 4BĂLANU",BĂLANU,GR,416,5,2,0,7,9,3,0,12,17,6,0,23,24,6,0,30,56,19,0,75,70,29,0,99
105339,217,"GRĂDINIȚA CU PROGRAM NORMAL NR. 3ONCEŞTI",ONCEŞTI,GR,282,4,5,0,9,9,6,0,15,14,6,0,20,17,10,0,27,31,28,0,59,42,36,0,78
105366,218,"ŞCOALA CU CLASELE I-IV IANCULEŞTI",IANCULEŞTI,GR,220,5,5,0,10,7,8,0,15,22,9,0,31,24,12,0,36,62,15,0,77,124,18,0,142
105357,219,"CĂMINUL CULTURAL STOENEŞTI",STOENEŞTI,GR,900,52,10,0,62,143,34,0,177,209,42,0,251,255,52,0,307,342,76,0,418,387,99,0,486
105357,220,"GRĂDINIŢĂ CU PROGRAM NORMAL",STOENEŞTI,GR,368,10,7,0,17,22,8,0,30,53,20,0,73,72,33,0,105,129,59,0,188,182,67,0,249
105375,221,"ŞCOALA CU CLASELE I-IV MIRĂU",MIRĂU,GR,124,8,3,0,11,27,7,0,34,44,12,0,56,48,17,0,65,66,25,0,91,78,31,0,109
154718,222,"CĂMINUL CULTURAL TOPORU",TOPORU,GR,1003,13,4,0,17,45,13,49,107,71,22,49,142,153,25,49,227,263,56,109,428,383,94,109,586
154727,223,"ŞCOALA PRIMARA NR. 2TOMULEŞTI",TOMULEŞTI,GR,498,10,6,0,16,32,20,26,78,64,30,26,120,81,32,26,139,149,59,57,265,214,76,57,347
105632,224,"SCOALA PRIMARA NR.3 ULMI",ULMI,GR,922,5,4,0,9,21,7,0,28,25,16,0,41,42,18,0,60,89,24,0,113,116,33,0,149
105696,225,"SCOALA GIMNAZIALA NR.1 POENARI",POENARI,GR,1123,4,1,0,5,27,6,0,33,40,9,0,49,48,15,0,63,132,34,0,166,166,49,0,215
105703,226,"SCOALA GIMNAZIALA ""NICOLAE LAHOVARY",TRESTIENI,GR,1012,2,0,0,2,10,0,0,10,30,1,0,31,40,1,0,41,87,7,0,94,129,12,0,141
105703,227,"SCOALA GIMNAZIALA NICOLAE LAHOVARY""",TRESTIENI,GR,968,9,0,0,9,14,4,0,18,19,16,0,35,28,16,0,44,84,25,0,109,131,29,0,160
105650,228,"GRĂDINIŢA ""MARIN MOGESCU""",DRĂGĂNEASCA,GR,639,7,1,0,8,20,4,0,24,38,8,0,46,61,12,0,73,132,25,0,157,196,41,0,237
105678,229,"SCOALA PRIMARA NR.2 ICOANA",ICOANA,GR,908,4,1,0,5,10,1,0,11,18,1,0,19,23,1,0,24,62,1,0,63,118,4,0,122
105669,230,"GRADINITA NR.4 GHIONEA",GHIONEA,GR,465,2,5,0,7,9,6,0,15,32,8,0,40,39,9,0,48,93,27,0,120,138,29,0,167
105785,231,"SCOALA GIMNAZIALA NR.1 VALEA DRAGULUI","VALEA DRAGULUI",GR,1270,2,3,0,5,13,4,0,17,32,8,0,40,58,11,0,69,208,25,0,233,440,32,0,472
105785,232,"GRADINITA NR.2 VALEA DRAGULUI","VALEA DRAGULUI",GR,1110,5,0,0,5,14,3,0,17,34,8,0,42,36,9,0,45,138,16,0,154,306,26,0,332
105883,233,"ȘCOALA GIMNAZIALĂ NR.1 VĂRĂȘTI",VĂRĂŞTI,GR,1033,0,5,0,5,17,8,0,25,32,13,0,45,51,16,0,67,218,27,0,245,429,56,0,485
105883,234,"ŞCOALA GIMNAZIALĂ NR.1 VĂRĂŞTI",VĂRĂŞTI,GR,876,4,7,0,11,20,13,0,33,46,14,0,60,69,14,0,83,258,36,0,294,362,53,0,415
105883,235,"ŞCOALA PRIMARĂ NR.3 OBEDENI",VĂRĂŞTI,GR,927,19,1,0,20,43,4,0,47,80,8,0,88,93,13,0,106,316,34,0,350,485,49,0,534
105892,236,"ŞCOALA GIMNAZIALĂ NR.2 DOBRENI",DOBRENI,GR,1918,11,3,0,14,22,4,0,26,55,7,0,62,99,8,0,107,251,31,0,282,440,52,0,492
105918,237,"ŞCOALA JAPCA",VEDEA,GR,656,4,4,0,8,22,4,0,26,24,6,0,30,35,7,0,42,70,15,0,85,103,26,0,129
105918,238,"CĂMIN CULTURAL VEDEA",VEDEA,GR,757,6,4,0,10,14,5,0,19,24,8,0,32,42,10,0,52,105,24,0,129,149,31,0,180
105918,239,"ŞCOALA GIMNAZIALA ""APOSTOL ARSACHE""VEDEA",VEDEA,GR,796,6,0,0,6,13,7,0,20,18,13,0,31,25,13,0,38,66,31,0,97,151,37,0,188
105981,240,"ŞCOALA GIMNAZIALĂ NR. 1 VÂNĂTORII MICI","VÂNĂTORII MICI",GR,818,9,2,0,11,15,4,0,19,21,5,0,26,27,9,0,36,63,17,0,80,104,23,0,127
106014,241,"ŞCOALA GIMNAZIALĂ NR. 2 IZVORU",IZVORU,GR,633,8,1,0,9,20,1,0,21,32,3,0,35,45,7,0,52,69,15,22,106,101,20,22,143
106041,242,"ŞCOALA GIMNAZIALĂ NR. 3 VÂNĂTORII MARI","VÎNĂTORII MARI",GR,935,6,2,0,8,19,4,0,23,30,4,0,34,39,6,0,45,82,18,0,100,145,33,0,178
106023,243,"ŞCOALA PRIMARĂ NR.5 POIANA LUI STÂNGĂ","POIANA LUI STÎNGĂ",GR,566,4,2,0,6,19,8,0,27,34,9,0,43,37,11,0,48,60,18,0,78,113,23,0,136
105990,244,"ŞCOALA PRIMARĂ NR.6 CORBEANCA",CORBEANCA,GR,390,0,0,0,0,2,2,0,4,7,2,0,9,22,9,0,31,33,12,0,45,44,17,0,61
106005,245,"ŞCOALA PRIMARĂ NR.7 CUPELE",CUPELE,GR,368,10,3,0,13,18,4,0,22,23,5,0,28,34,7,0,41,52,7,0,59,70,11,0,81
86696,1,"CASA DE CULTURĂ DRĂGAN MUNTEAN",DEVA,HD,1759,19,0,0,19,86,11,0,97,125,20,0,145,145,25,0,170,280,44,0,324,341,65,1,407
86696,2,"CASA DE CULTURĂ DRĂGAN MUNTEAN",DEVA,HD,1264,10,0,0,10,65,4,0,69,94,9,0,103,96,9,0,105,190,14,0,204,249,23,0,272
86696,3,"CASA DE CULTURĂ DRĂGAN MUNTEAN",DEVA,HD,1560,7,3,0,10,66,6,0,72,96,7,0,103,104,8,0,112,205,10,0,215,280,13,1,294
86696,4,"ŞCOALA GIMNAZIALĂ “ANDREI ŞAGUNA”",DEVA,HD,1399,7,0,0,7,64,0,0,64,99,6,0,105,104,7,0,111,183,9,0,192,235,12,0,247
86696,5,"ŞCOALA GIMNAZIALĂ “ANDREI ŞAGUNA”",DEVA,HD,1437,13,1,0,14,79,4,0,83,107,6,1,114,117,6,1,124,212,8,1,221,282,18,1,301
86696,6,"ŞCOALA GIMNAZIALĂ “ANDREI ŞAGUNA”",DEVA,HD,1395,9,0,0,9,54,4,0,58,81,7,0,88,94,7,0,101,162,9,0,171,219,10,0,229
86696,7,"GRĂDINIȚA CU PROGRAM PRELUNGIT NR 7",DEVA,HD,1233,12,4,0,16,92,7,0,99,117,9,0,126,131,9,0,140,213,11,0,224,258,15,0,273
86696,8,"COLEGIUL NAŢIONAL PEDAGOGIC""REGINA MARIA""",DEVA,HD,1206,15,1,0,16,67,2,0,69,88,6,0,94,105,6,0,111,213,16,0,229,256,20,5,281
86696,9,"LICEUL DE ARTE SIGISMUND TODUTA (FOSTA ŞCOALA GENERALĂ “ LUCIAN BLAGA” NR.2)",DEVA,HD,1292,1,0,0,1,68,9,0,77,92,18,0,110,114,19,0,133,195,29,0,224,245,36,0,281
86696,10,"GALERIA FORMA",DEVA,HD,1321,21,0,0,21,87,10,0,97,120,10,0,130,141,13,0,154,233,17,0,250,294,21,0,315
86696,11,"COLEGIUL NAŢIONAL “DECEBAL”",DEVA,HD,1180,21,2,0,23,69,5,0,74,85,5,0,90,97,6,0,103,197,12,0,209,239,15,0,254
86696,12,"COLEGIUL NAȚIONAL SPORTIV CETATE DEVA",DEVA,HD,1423,23,0,0,23,80,8,0,88,106,11,0,117,121,11,0,132,204,21,1,226,281,27,1,309
86696,13,"ŞCOALĂPRIMARA VIILE NOI",DEVA,HD,878,6,2,0,8,39,3,0,42,67,3,0,70,78,3,0,81,151,7,0,158,184,7,0,191
86696,14,"LICEUL DE ARTE SIGISMUND TODUȚA (FOSTA ŞCOALA GENERALĂ ""LUCIAN BLAGA“ NR.2)",DEVA,HD,1269,11,0,0,11,64,4,0,68,104,5,0,109,116,6,0,122,234,11,0,245,275,12,0,287
86696,15,"DIRECȚIA GENERALĂ DE ASISTENȚĂ SOCIALĂ ȘI PROTECȚIA COPILULUI",DEVA,HD,1105,10,4,0,14,55,7,0,62,78,11,0,89,87,11,0,98,168,15,0,183,209,21,0,230
86696,16,"DIRECŢIA SILVICĂ DEVA",DEVA,HD,1309,24,5,0,29,70,6,0,76,109,7,0,116,124,8,0,132,215,10,0,225,251,18,0,269
86696,17,"SPITAL JUDEȚEAN DEVA",DEVA,HD,1382,11,3,0,14,67,25,13,105,78,45,26,149,106,45,26,177,200,53,45,298,295,106,84,485
86696,18,"ŞCOALA GIMNAZIALĂ“ANDREI ŞAGUNA”",DEVA,HD,1299,9,0,0,9,47,8,0,55,64,8,0,72,71,8,0,79,157,10,0,167,202,13,0,215
86696,19,"ŞCOALA GIMNAZIALĂ“ANDREI ŞAGUNA”",DEVA,HD,1501,10,7,0,17,61,8,0,69,92,8,0,100,106,8,0,114,192,10,0,202,231,12,0,243
86696,20,"SALA SPORTURILOR",DEVA,HD,1326,13,1,0,14,48,8,0,56,69,11,0,80,88,14,0,102,165,20,0,185,196,23,0,219
86696,21,"COLEGIUL TEHNIC “TRANSILVANIA”",DEVA,HD,964,12,1,0,13,46,7,0,53,65,9,0,74,66,11,0,77,103,22,0,125,149,33,0,182
86696,22,"COLEGIUL TEHNIC “TRANSILVANIA”",DEVA,HD,1636,7,2,0,9,52,2,0,54,83,4,0,87,98,4,0,102,193,8,0,201,243,11,0,254
86696,23,"COLEGIUL TEHNIC “TRANSILVANIA”",DEVA,HD,793,4,3,0,7,20,3,0,23,30,3,0,33,32,4,0,36,76,5,0,81,99,8,0,107
86696,24,"LICEUL DE ARTE “SIGISMUND TODUŢĂ”",DEVA,HD,1232,6,3,0,9,61,8,0,69,95,14,0,109,113,14,0,127,195,20,0,215,234,26,0,260
86696,25,"COLEGIUL TEHNIC “TRANSILVANIA” (FOSTAŞCOALĂ GENERALĂ)",DEVA,HD,1536,11,4,0,15,72,10,0,82,94,16,0,110,99,16,0,115,201,25,0,226,248,25,0,273
86696,26,"COLEGIUL TEHNIC “TRANSILVANIA” (FOSTAŞCOALĂ GENERALĂ)",DEVA,HD,1346,9,0,0,9,58,8,0,66,91,8,0,99,99,8,0,107,177,9,0,186,220,11,0,231
86696,27,"COLEGIUL TEHNIC “TRANSILVANIA” (FOSTAŞCOALĂ GENERALĂ)",DEVA,HD,1672,17,1,0,18,71,2,0,73,98,3,0,101,118,5,0,123,210,6,0,216,264,7,0,271
86696,28,"COLEGIUL TEHNIC“ TRANSILVANIA”",DEVA,HD,1506,13,0,0,13,66,1,0,67,84,1,0,85,103,1,0,104,217,1,8,226,282,3,8,293
86696,29,"CLUB ŞCOLAR SPORTIV",DEVA,HD,1411,20,5,0,25,80,9,0,89,106,10,0,116,121,10,0,131,202,12,0,214,255,13,0,268
86696,30,"CASA MAGHIARĂ DEVA ( FOSTA CASA ARMATEI)",DEVA,HD,1102,8,2,0,10,37,4,0,41,64,7,0,71,78,7,0,85,127,13,105,245,185,14,105,304
86696,31,"CASA MAGHIARĂ DEVA (FOSTA CASA ARMATEI)",DEVA,HD,1114,11,0,0,11,52,6,0,58,75,7,0,82,84,9,0,93,166,12,54,232,221,14,54,289
86696,32,"COLEGIUL TEHNIC ENERGETIC DRAGOMIR HURMUZESCU (FOSTA ŞCOALĂ GENERALĂ “OCTAVIAN GOGA”)",DEVA,HD,1435,8,2,0,10,29,6,0,35,51,6,0,57,62,7,0,69,98,9,0,107,116,10,0,126
86696,33,"COLEGIUL TEHNIC ENERGETIC DRAGOMIR HURMUZESCU (FOSTA ŞCOALĂ GENERALĂ “OCTAVIAN GOGA”)",DEVA,HD,1774,6,3,0,9,55,4,0,59,68,5,0,73,77,6,0,83,144,8,0,152,191,8,0,199
86696,34,"COLEGIUL TEHNIC ENERGETIC DRAGOMIR HURMUZESCU (FOSTA ŞCOALĂ GENERALĂ “OCTAVIAN GOGA”)",DEVA,HD,1487,8,0,0,8,57,0,0,57,80,0,0,80,85,0,0,85,168,4,0,172,178,4,0,182
86696,35,"GRADINIŢA P.N. NR.3",DEVA,HD,1610,24,0,0,24,61,1,0,62,95,3,0,98,105,3,0,108,189,7,0,196,226,9,0,235
86696,36,"GRADINIŢA P.N. NR.3",DEVA,HD,1599,8,4,0,12,62,4,0,66,85,6,0,91,99,6,0,105,187,12,0,199,240,15,0,255
86696,37,"LICEUL DE ARTE SIGISMUND TODUŢĂ-GALERIA DE ARTĂ",DEVA,HD,1490,11,7,0,18,69,7,0,76,108,7,0,115,115,7,0,122,184,10,0,194,246,13,0,259
86696,38,"LICEUL TEHNOLOGIC “GRIGORE MOISIL”(FOSTUL LICEU MINIER)",DEVA,HD,863,2,0,0,2,22,5,0,27,39,5,0,44,45,12,0,57,103,15,0,118,133,22,0,155
86696,39,"COLEGIUL TEHNIC ENERGETIC DRAGOMIR HURMUZESCU (FOSTA ȘCOALĂ GENERALĂ. NR.5)",DEVA,HD,1257,12,1,0,13,42,7,0,49,60,8,0,68,78,8,0,86,145,11,0,156,188,21,0,209
86696,40,"COLEGIUL TEHNIC ENERGETIC DRAGOMIR HURMUZESCU (FOSTA ȘCOALĂ GENERALĂ. NR.5)",DEVA,HD,951,17,0,0,17,38,0,0,38,52,0,0,52,59,0,0,59,102,5,0,107,138,8,0,146
86696,41,"COLEGIUL TEHNIC ENERGETIC DRAGOMIR HURMUZESCU (FOSTA ȘCOALĂ GENERALĂ. NR.5)",DEVA,HD,951,11,0,0,11,51,3,0,54,65,6,0,71,81,6,0,87,122,8,0,130,156,8,0,164
86730,42,"ȘCOALA PRIMARĂ CRISTUR",CRISTUR,HD,1405,2,0,0,2,28,1,0,29,44,1,0,45,73,1,0,74,178,8,60,246,223,19,60,302
86703,43,"CĂMINUL CULTURAL SÎNTUHALM",SÎNTUHALM,HD,609,0,1,0,1,8,3,0,11,13,3,0,16,30,3,0,33,76,4,81,161,88,11,81,180
86696,44,"ŞCOALĂPRIMARĂ VIILE NOI",DEVA,HD,878,9,0,0,9,34,2,0,36,50,2,0,52,61,3,0,64,113,5,0,118,136,7,0,143
86696,45,"ADĂPOSTUL DE URGENŢĂ PE TIMP DE NOAPTE",DEVA,HD,756,4,0,0,4,36,0,0,36,62,1,0,63,72,3,0,75,139,6,0,145,176,8,0,184
86696,46,"CANTINA DE AJUTOR SOCIAL (FOSTA CANTINA LICEU MINER)",DEVA,HD,1076,16,0,0,16,63,0,0,63,94,2,0,96,103,3,0,106,168,7,0,175,195,14,0,209
87308,47,"CASA DE CULTURA",BRAD,HD,899,13,1,0,14,39,2,0,41,66,5,32,103,73,6,32,111,129,6,37,172,166,14,37,217
87308,48,"CASA DE CULTURA",BRAD,HD,966,11,2,0,13,43,2,0,45,63,2,0,65,73,4,0,77,131,15,0,146,165,30,0,195
87308,49,"ŞCOALA GIMNAZIALA „MIRCEA SÂNTIMBREANU”",BRAD,HD,1606,21,4,0,25,76,7,0,83,89,7,0,96,100,7,0,107,204,11,0,215,252,17,1,270
87308,50,"ŞCOALA GIMNAZIALĂ „MIRCEA SÂNTIMBREANU”",BRAD,HD,1299,6,0,0,6,34,0,0,34,45,0,0,45,54,0,0,54,147,4,0,151,189,5,0,194
87308,51,"ŞCOALA GIMNAZIALĂ „MIRCEA SÂNTIMBREANU”",BRAD,HD,1259,3,0,0,3,27,2,0,29,39,6,0,45,46,6,0,52,124,8,0,132,170,13,0,183
87308,52,"ŞCOALA GIMNAZIALĂ „MIRCEA SÂNTIMBREANU”",BRAD,HD,1315,19,0,0,19,57,0,0,57,170,2,0,172,79,3,0,82,149,3,0,152,202,5,0,207
87308,53,"COLEGIUL NAŢIONAL „AVRAM IANCU”",BRAD,HD,1011,8,4,0,12,33,5,0,38,49,7,0,56,60,8,0,68,129,12,0,141,173,15,0,188
87308,54,"COLEGIUL NAŢIONAL „AVRAM IANCU”",BRAD,HD,1042,7,1,0,8,22,1,0,23,38,1,0,39,57,1,0,58,113,4,0,117,153,7,0,160
87308,55,"GRĂDINIŢA P.P. ""FLOARE DE COLŢ""",BRAD,HD,1101,13,0,0,13,36,0,0,36,48,0,0,48,66,3,0,69,139,9,53,201,180,12,53,245
87308,56,"ŞCOALA GIMNAZIALĂ „HOREA CLOŞCA ŞI CRIŞAN”",BRAD,HD,1083,7,4,0,11,29,4,0,33,46,5,0,51,53,5,0,58,122,14,0,136,147,17,0,164
87353,57,"ŞCOALA GENERALĂ VALEA BRADULUI","VALEA BRADULUI",HD,642,1,4,0,5,10,7,0,17,23,7,0,30,30,11,0,41,78,7,0,85,103,8,0,111
87344,58,"CĂMINUL CULTURAL ŢĂRĂŢEL",ŢĂRĂŢEL,HD,611,0,0,0,0,2,1,0,3,14,1,0,15,19,4,0,23,49,7,0,56,73,14,0,87
87317,59,"CĂMINUL CULTURAL MESTEACĂN",MESTEACĂN,HD,467,3,0,0,3,7,1,0,8,12,2,0,14,18,4,0,22,52,4,0,56,71,5,0,76
87335,60,"CĂMINUL CULTURAL RUDA-BRAD",RUDA-BRAD,HD,162,1,2,0,3,5,3,0,8,8,3,0,11,12,7,0,19,25,9,0,34,31,12,0,43
86829,61,"ȘCOALA GIMNAZIALĂ NR. 1 ( FOSTA ȘCOALĂ GENERALĂ NR. 12)",HUNEDOARA,HD,1499,21,0,0,21,49,0,0,49,67,0,0,67,85,0,0,85,191,0,0,191,222,4,0,226
86829,62,"ȘCOALA GIMNAZIALĂ NR. 1 ( FOSTA ȘCOALĂ GENERALĂ NR. 12)",HUNEDOARA,HD,1458,4,2,0,6,26,3,0,29,36,3,0,39,49,9,0,58,128,14,0,142,152,16,0,168
86829,63,"ȘCOALA GIMNAZIALĂ NR. 1 ( FOSTA ȘCOALĂ GENERALĂ NR. 12)",HUNEDOARA,HD,1465,11,0,0,11,51,0,0,51,72,0,0,72,72,0,0,72,145,9,0,154,179,9,0,188
86829,64,"ŞCOALA GIMNAZIALĂ NR. 1 (FOSTA ȘCOALĂ GENERALĂ NR. 9)",HUNEDOARA,HD,1465,8,5,0,13,42,7,0,49,75,8,0,83,82,8,0,90,167,13,0,180,207,22,0,229
86829,65,"ŞCOALA GIMNAZIALĂ NR. 1 (FOSTA ŞCOALĂ GENERALĂ NR. 9)",HUNEDOARA,HD,1528,7,5,0,12,74,6,0,80,103,8,0,111,115,8,0,123,203,8,0,211,254,9,0,263
86829,66,"ŞCOALA GIMNAZIALĂ NR. 1 (FOSTA ŞCOALĂ GENERALĂ NR. 9)",HUNEDOARA,HD,1533,16,4,0,20,66,5,0,71,109,5,0,114,128,8,0,136,228,9,0,237,262,9,0,271
86829,67,"ŞCOALA GIMNAZIALĂ NR. 1 (FOSTA ŞCOALĂ GENERALĂ NR. 9)",HUNEDOARA,HD,1469,10,5,0,15,68,7,0,75,111,9,0,120,119,9,0,128,199,11,0,210,240,13,0,253
86829,68,"ŞCOALA GIMNAZIALĂ NR. 1 (FOSTA ŞCOALĂ GENERALĂ NR. 9)",HUNEDOARA,HD,1327,13,2,0,15,58,2,0,60,77,2,0,79,95,5,0,100,187,8,0,195,213,8,0,221
86829,69,"GRĂDINIŢA CU PROGRAM NORMAL MICRO VII PN6",HUNEDOARA,HD,1271,3,7,0,10,49,9,0,58,76,9,0,85,101,10,0,111,169,11,0,180,211,12,0,223
86829,70,"COLEGIUL ECONOMIC ""EMANUIL GOJDU"" (FOSTUL LICEU NR. 2)",HUNEDOARA,HD,1287,13,3,0,16,56,5,0,61,85,6,0,91,104,6,0,110,202,10,0,212,243,11,0,254
86829,71,"LICEUL TEHNOLOGIC ""CONSTANTIN BURSAN"" (FOSTUL LICEU NR. 3)",HUNEDOARA,HD,1308,12,2,0,14,56,4,0,60,76,8,0,84,103,9,0,112,179,9,0,188,216,10,0,226
86829,72,"COLEGIUL NAŢIONALDE INFORMATICĂ ""TRAIAN LALESCU"" (CLĂDIREA NOUĂ)",HUNEDOARA,HD,1398,22,1,0,23,70,7,0,77,86,7,0,93,86,7,0,93,197,13,0,210,256,18,0,274
86829,73,"COLEGIUL NAŢIONALDE INFORMATICĂ ""TRAIAN LALESCU"" ( FOSTA ŞCOALĂ GENERALĂ NR. 4)",HUNEDOARA,HD,1127,21,0,0,21,68,4,0,72,117,7,0,124,131,7,0,138,227,13,0,240,305,14,102,421
86829,74,"COLEGIUL NAŢIONALDE INFORMATICĂ ""TRAIAN LALESCU"" ( FOSTA ŞCOALĂ GENERALĂ NR. 4)",HUNEDOARA,HD,1297,12,1,0,13,34,4,19,57,37,6,19,62,65,7,19,91,137,11,19,167,206,16,19,241
86829,75,"COLEGIUL NAȚIONAL ”IANCU DE HUNEDOARA” (FOSTA ȘCOALĂ GENERALĂ NR. 5)",HUNEDOARA,HD,1499,20,4,0,24,56,7,0,63,76,7,0,83,104,7,0,111,206,15,0,221,248,18,0,266
86829,76,"COLEGIUL NAȚIONAL ”IANCU DE HUNEDOARA” (FOSTA ȘCOALĂ GENERALĂ NR. 5)",HUNEDOARA,HD,1138,25,0,0,25,57,0,0,57,73,3,0,76,79,3,0,82,147,6,0,153,178,7,0,185
86829,77,"COLEGIUL NAȚIONAL ”IANCU DE HUNEDOARA” (FOSTA ȘCOALĂ GENERALĂ NR. 5)",HUNEDOARA,HD,1229,24,0,0,24,65,0,0,65,89,0,0,89,113,0,0,113,225,2,0,227,274,7,0,281
86865,78,"ŞCOALA PRIMARĂ HĂŞDAT",HĂŞDAT,HD,373,3,0,0,3,13,0,0,13,18,0,0,18,19,0,0,19,52,0,0,52,71,3,0,74
86829,79,"ŞCOALA GIMNAZIALĂ NR.6 (FOSTA ȘCOALĂ GENERALĂ NR. 6)",HUNEDOARA,HD,1548,21,0,0,21,77,1,0,78,119,1,0,120,143,1,0,144,277,4,0,281,333,8,0,341
86829,80,"ŞCOALA GIMNAZIALĂ NR.6 (FOSTA ȘCOALĂ GENERALĂ NR. 6)",HUNEDOARA,HD,1596,15,0,0,15,55,4,0,59,82,8,0,90,89,8,0,97,196,11,0,207,246,15,0,261
86829,81,"COLEGIUL TEHNIC ""MATEI CORVIN"" (FOSTUL LICEU NR. 1)",HUNEDOARA,HD,1111,9,4,0,13,55,5,0,60,89,5,0,94,95,7,0,102,187,10,0,197,228,12,0,240
86829,82,"GRĂDINIŢA CU PROGRAM NORMAL NR.4 MICRO I (LÂNGĂ FOSTA ŞCOALĂ GENERALĂ NR. 3)",HUNEDOARA,HD,1571,26,4,0,30,109,4,0,113,134,7,0,141,145,8,0,153,247,10,0,257,307,11,0,318
86829,83,"GRĂDINIŢA CU PROGRAM PRELUNGIT ""PITICOT""",HUNEDOARA,HD,911,12,3,0,15,53,4,0,57,74,4,0,78,79,4,0,83,151,5,0,156,185,7,0,192
86829,84,"GRĂDINIŢA CU PROGRAM PRELUNGIT ""PITICOT""",HUNEDOARA,HD,1213,16,1,0,17,58,1,0,59,81,1,0,82,89,1,0,90,172,5,0,177,213,9,0,222
86829,85,"COLEGIUL ECONOMIC ""EMANUIL GOJDU"" (FOSTA ŞCOALĂ GENERALĂ NR. 3)",HUNEDOARA,HD,1406,16,0,0,16,79,3,0,82,105,24,0,129,121,25,0,146,220,29,0,249,262,30,0,292
86829,86,"COLEGIUL ECONOMIC ""EMANUIL GOJDU"" (FOSTA ŞCOALĂ GENERALĂ NR. 3)",HUNEDOARA,HD,1395,8,1,0,9,70,3,0,73,99,18,0,117,113,18,0,131,230,23,0,253,281,24,0,305
86829,87,"ŞCOALA GIMNAZIALĂ NR. 7 (FOSTA ȘCOALĂ GENERALĂ NR. 7)",HUNEDOARA,HD,1202,15,0,0,15,69,0,0,69,96,0,0,96,102,0,0,102,202,0,0,202,244,5,0,249
86829,88,"ŞCOALA GIMNAZIALĂ NR. 7 (FOSTA ȘCOALĂ GENERALĂ NR. 7)",HUNEDOARA,HD,1221,14,0,0,14,67,5,0,72,90,6,0,96,102,7,0,109,179,8,0,187,218,9,0,227
86829,89,"ŞCOALA GIMNAZIALĂ NR. 7 (FOSTA ȘCOALĂ GENERALĂ NR. 7)",HUNEDOARA,HD,1218,13,3,0,16,68,9,0,77,97,11,0,108,113,12,0,125,217,13,0,230,251,17,0,268
86829,90,"COLEGIUL ECONOMIC ”EMANUIL GOJDU” (FOSTA ȘCOALĂ GENERALĂ NR. 8)",HUNEDOARA,HD,1161,14,2,0,16,66,4,0,70,82,8,0,90,96,8,0,104,185,10,0,195,222,12,0,234
86829,91,"COLEGIUL ECONOMIC ”EMANUIL GOJDU” (FOSTA ȘCOALĂ GENERALĂ NR. 8)",HUNEDOARA,HD,1058,15,3,0,18,47,6,0,53,68,6,0,74,78,6,0,84,203,6,0,209,194,8,0,202
86829,92,"GRĂDINIŢA CU PROGRAM PRELUNGIT PP4 ""FLOAREA SOARELUI""",HUNEDOARA,HD,1159,16,0,0,16,70,4,0,74,95,10,0,105,105,10,0,115,194,11,0,205,220,12,0,232
86829,93,"GRĂDINIŢA CU ORAR NORMAL MICRO III PN 2 ""ZORI DE ZI""",HUNEDOARA,HD,1341,16,4,0,20,66,5,0,71,94,6,0,100,99,7,0,106,199,8,0,207,238,11,0,249
86829,94,"ŞCOALA GIMNAZIALĂ NR. 2 (FOSTAŞCOALĂ GENERALĂ NR. 2)",HUNEDOARA,HD,1544,20,4,0,24,90,4,0,94,131,5,0,136,149,5,0,154,257,6,0,263,322,6,0,328
86829,95,"ŞCOALA GIMNAZIALĂ NR. 2 (FOSTAŞCOALĂ GENERALĂ NR. 2)",HUNEDOARA,HD,1540,16,0,0,16,90,1,0,91,121,1,0,122,141,1,0,142,246,3,1,250,309,3,1,313
86829,96,"ŞCOALA GIMNAZIALĂ NR. 2 (FOSTAŞCOALĂ GENERALĂ NR. 2)",HUNEDOARA,HD,1345,23,0,0,23,80,1,0,81,125,2,0,127,134,5,0,139,210,11,0,221,237,15,0,252
86829,97,"ŞCOALA GIMNAZIALĂ NR. 2 (FOSTAŞCOALĂ GENERALĂ NR. 2)",HUNEDOARA,HD,1555,22,0,0,22,94,2,0,96,117,4,0,121,129,4,0,133,243,7,0,250,282,12,0,294
86829,98,"CENTRUL ŞCOLAR PENTRU EDUCAŢIE INCLUZIVĂ ""RUDOLF STEINER"" (FOSTUL CENTRU DE ZI)",HUNEDOARA,HD,1171,9,5,0,14,39,5,0,44,56,6,0,62,72,6,0,78,132,6,0,138,169,6,0,175
86829,99,"CENTRUL ŞCOLAR PENTRU EDUCAŢIE INCLUZIVĂ ""RUDOLF STEINER"" (FOSTUL CENTRU DE ZI)",HUNEDOARA,HD,1177,10,1,0,11,47,1,0,48,78,1,22,101,90,1,22,113,147,2,22,171,179,3,22,204
86829,100,"ȘCOALA GIMNAZIALĂ NR. 2 (FOSTA ȘCOALĂ GENERALĂ NR. 11)",HUNEDOARA,HD,1353,16,4,0,20,75,4,0,79,111,9,0,120,120,11,0,131,199,12,0,211,240,18,0,258
86829,101,"ȘCOALA GIMNAZIALĂ NR. 2 (FOSTA ȘCOALĂ GENERALĂ NR. 11)",HUNEDOARA,HD,1475,9,0,0,9,67,0,0,67,102,0,0,102,116,0,0,116,215,0,0,215,263,5,0,268
86829,102,"ȘCOALA GIMNAZIALĂ NR. 2 (FOSTA ȘCOALĂ GENERALĂ NR. 11)",HUNEDOARA,HD,1244,16,0,0,16,65,2,0,67,90,3,0,93,101,9,0,110,150,9,0,159,199,10,0,209
86829,103,"ȘCOALA GIMNAZIALĂ NR. 2 (FOSTA ȘCOALĂ GENERALĂ NR. 11)",HUNEDOARA,HD,1311,12,4,0,16,52,4,0,56,92,4,0,96,102,4,0,106,185,5,0,190,219,5,0,224
86829,104,"CĂMIN CULTURAL BUITURI",HUNEDOARA,HD,674,4,0,0,4,26,1,0,27,39,1,0,40,51,1,0,52,124,3,0,127,154,9,0,163
86829,105,"SEDIUL PRIMĂRIEI MUNICIPIULUI HUNEDOARA (FOSTA B.R.D.)",HUNEDOARA,HD,1627,14,4,0,18,68,8,0,76,86,8,34,128,107,9,34,150,229,13,34,276,297,19,34,350
86838,106,"ŞCOALA PRIMARĂ RĂCĂŞTIA",RĂCĂŞTIA,HD,537,1,0,0,1,24,0,0,24,41,0,0,41,45,0,0,45,92,4,0,96,113,4,0,117
86829,107,"COLEGIUL NAȚIONAL ”IANCU DE HUNEDOARA” (FOSTA ȘCOALĂ GENERALĂ ZLAȘTI)",HUNEDOARA,HD,448,7,0,0,7,15,0,0,15,27,3,0,30,35,4,0,39,86,5,0,91,106,8,0,114
86847,108,"CĂMIN CULTURAL BOŞ (GRĂDINIŢA)",BOŞ,HD,495,6,2,0,8,11,3,0,14,29,6,0,35,37,7,0,44,83,7,0,90,104,11,0,115
86874,109,"ŞCOALA PRIMARĂ PEŞTIŞUL MARE","PEŞTIŞU MARE",HD,1053,7,0,0,7,30,1,0,31,43,2,0,45,64,4,0,68,178,16,0,194,226,22,0,248
87068,110,"ŞCOALA GIMNAZIALĂ NR. 1, LUPENI",LUPENI,HD,1575,6,4,0,10,40,5,0,45,53,5,0,58,67,5,0,72,168,9,0,177,213,10,0,223
87068,111,"ŞCOALA GIMNAZIALĂ NR. 1",LUPENI,HD,1372,9,0,0,9,46,2,37,85,61,3,37,101,67,4,37,108,153,11,37,201,176,13,37,226
87068,112,"ŞCOALA GIMNAZIALĂ NR. 1",LUPENI,HD,1139,12,0,0,12,38,1,0,39,51,1,0,52,64,5,0,69,145,11,0,156,172,11,0,183
87068,113,"GRĂDINIȚA CU PROGRAM NORMALŞCOALA GIMNAZIALĂ NR. 1",LUPENI,HD,857,6,5,0,11,34,5,0,39,44,5,0,49,52,5,0,57,111,7,0,118,129,7,0,136
87068,114,"SPCLEP LUPENI",LUPENI,HD,1722,12,5,0,17,73,8,0,81,95,8,0,103,109,11,0,120,238,16,0,254,281,19,0,300
87068,115,"ŞCOALA GIMNAZIALĂ NR. 3",LUPENI,HD,1023,9,4,0,13,61,6,0,67,73,6,0,79,84,6,0,90,162,9,0,171,196,11,0,207
87068,116,"ŞCOALA GIMNAZIALĂ NR. 3",LUPENI,HD,1012,9,1,0,10,52,7,0,59,71,9,0,80,78,9,0,87,141,9,0,150,173,13,0,186
87068,117,"GRĂDINIŢA CU PROGRAM NORMAL NR. 1 LUPENI",LUPENI,HD,1319,10,0,0,10,62,5,0,67,98,5,0,103,107,5,0,112,184,6,0,190,209,7,0,216
87068,118,"GRĂDINIŢA CU PROGRAM NORMAL NR. 1 LUPENI",LUPENI,HD,1616,10,3,0,13,58,4,0,62,74,4,0,78,99,5,0,104,220,7,0,227,271,9,0,280
87068,119,"GRĂDINIȚA CU PROGRAM SĂPTĂMÂNAL LUMEA COPIILOR",LUPENI,HD,1606,11,1,0,12,82,5,0,87,105,7,0,112,114,7,0,121,243,11,0,254,290,19,0,309
87068,120,"LICEUL TEORETIC ""MIRCEA ELIADE"" LUPENI",LUPENI,HD,1432,23,0,0,23,79,1,0,80,111,2,0,113,126,6,0,132,204,17,0,221,232,19,0,251
87068,121,"LICEUL TEORETIC ""MIRCEA ELIADE"" LUPENI",LUPENI,HD,948,7,4,0,11,24,5,0,29,45,5,0,50,51,5,0,56,87,8,0,95,117,8,0,125
87068,122,"ŞCOALA GIMNAZIALĂ NR. 2 LUPENI",LUPENI,HD,1340,11,1,0,12,66,1,0,67,94,2,0,96,109,6,0,115,186,9,0,195,226,12,0,238
87068,123,"ŞCOALA GIMNAZIALĂ NR. 2 LUPENI",LUPENI,HD,1071,18,0,0,18,79,0,0,79,115,0,0,115,124,0,0,124,201,1,0,202,228,1,0,229
87068,124,"GRĂDINIŢA CU PROGRAM NORMAL NR. 2 LUPENI",LUPENI,HD,954,5,0,0,5,31,0,0,31,38,0,0,38,45,0,0,45,93,2,0,95,128,7,0,135
87068,125,"GRĂDINIŢA CU PROGRAM NORMAL NR. 2 LUPENI",LUPENI,HD,976,7,1,0,8,32,4,0,36,44,4,0,48,60,6,0,66,123,6,0,129,152,7,0,159
87068,126,"GRĂDINIŢA CU PROGRAM NORMAL NR. 2 LUPENI",LUPENI,HD,1279,5,5,0,10,58,5,0,63,71,5,0,76,80,5,0,85,160,5,0,165,193,7,0,200
87068,127,"SC UNIVERSAL EDIL SA",LUPENI,HD,813,5,9,0,14,20,12,0,32,26,12,0,38,31,12,0,43,87,18,0,105,114,19,0,133
87647,128,"CASA DE CULTURĂ",ORĂŞTIE,HD,1648,20,0,0,20,69,13,0,82,95,16,1,112,120,19,1,140,269,30,1,300,356,42,1,399
87647,129,"CREŞA MUNICIPALĂ",ORĂŞTIE,HD,1591,10,3,0,13,55,4,0,59,79,4,0,83,96,4,0,100,169,6,0,175,236,10,0,246
87647,130,"GRĂDINIŢA CU PROGRAM NORMAL ""SCUFIŢA ROŞIE""",ORĂŞTIE,HD,1460,9,0,0,9,59,4,0,63,90,5,0,95,104,6,0,110,195,12,0,207,250,17,14,281
87647,131,"ŞC. GIM. ""D.STANCA""",ORĂŞTIE,HD,1491,13,0,0,13,33,6,0,39,47,6,0,53,64,7,0,71,151,12,0,163,184,13,0,197
87647,132,"COMPLEX SERVICII PENTRU VÂRSTNICI",ORĂŞTIE,HD,1673,12,0,20,32,39,8,20,67,48,9,20,77,62,10,20,92,170,18,21,209,237,24,21,282
87647,133,"ŞC.GIM. ""DR. AUREL VLAD""",ORĂŞTIE,HD,1536,17,0,0,17,53,5,0,58,79,5,0,84,102,6,0,108,195,13,0,208,293,15,0,308
87647,134,"ŞC.GIM. I-IV GARĂ",ORĂŞTIE,HD,1489,3,0,0,3,17,0,0,17,32,0,0,32,39,3,0,42,130,7,0,137,199,11,0,210
87647,135,"OFICIUL DE GOSPODĂRIRE A APELOR",ORĂŞTIE,HD,1739,12,0,0,12,50,2,0,52,97,4,0,101,106,6,0,112,254,12,0,266,384,17,0,401
87647,136,"LIC.TEHNOLOGIC ""N.OLAHUS""",ORĂŞTIE,HD,1393,20,2,0,22,57,2,0,59,77,3,0,80,102,3,0,105,196,6,0,202,259,9,0,268
87647,137,"COLEGIUL NAŢIONAL ""AUREL VLAICU""",ORĂŞTIE,HD,1361,9,0,0,9,14,6,0,20,30,7,0,37,53,7,0,60,143,14,0,157,261,20,0,281
87647,138,"PRIMĂRIA MUNICIPIULUI ORĂŞTIE",ORĂŞTIE,HD,1420,21,5,0,26,48,6,0,54,66,9,0,75,95,12,0,107,205,19,0,224,254,24,0,278
87647,139,"SERVICIUL PUBLIC DE ASISTENŢĂ SOCIALĂ",ORĂŞTIE,HD,1758,13,1,0,14,58,1,0,59,82,1,0,83,97,2,0,99,188,9,0,197,273,11,0,284
87004,140,"ȘCOALA GIMNAZIALĂ ""I. G. DUCA"" (ȘCOALA GENERALĂ NR.1) SEDIUL VECHI",PETROŞANI,HD,1686,11,2,0,13,93,5,0,98,130,8,0,138,150,8,0,158,281,9,0,290,327,16,0,343
87004,141,"ȘCOALA GIMNAZIALĂ I.G.DUCA (ȘCOALA GENERALĂ NR. 1 - SEDIUL VECHI)",PETROŞANI,HD,1540,11,4,0,15,85,7,0,92,122,12,0,134,131,14,0,145,264,20,0,284,319,27,0,346
87004,142,"ȘCOALA GIMNAZIALĂ I.G. DUCA (ȘCOALA GENERALĂ NR. 1 - SEDIUL NOU)",PETROŞANI,HD,1387,9,0,0,9,98,5,0,103,128,5,0,133,152,5,0,157,257,7,0,264,310,7,0,317
87004,143,"AMFITEATRUL UNIVERSITĂȚII",PETROŞANI,HD,1420,8,0,0,8,79,1,0,80,105,2,0,107,115,2,0,117,210,6,0,216,247,14,0,261
87004,144,"CLUB SPORTIV ȘCOLAR",PETROŞANI,HD,1011,7,5,0,12,57,9,0,66,84,9,0,93,94,9,0,103,166,17,0,183,212,20,0,232
87004,145,"ȘCOALA GIMNAZIALĂ AVRAM STANCA (ȘCOALA GENERALĂ NR.4)",PETROŞANI,HD,1076,7,4,0,11,48,4,0,52,65,4,0,69,74,4,0,78,159,8,0,167,201,9,0,210
87004,146,"ȘCOALA GIMNAZIALĂ AVRAM STANCA (ȘCOALA GENERALĂ NR.4)",PETROŞANI,HD,1690,9,5,0,14,66,8,0,74,98,10,0,108,115,12,0,127,259,14,0,273,301,18,1,320
87004,147,"COLEGIUL NAȚIONAL ""MIHAI EMINESCU"" (LICEUL TEORETIC)",PETROŞANI,HD,1826,12,1,0,13,69,1,0,70,85,1,0,86,97,1,0,98,229,6,15,250,268,7,15,290
87004,148,"GRĂDINIȚA NR.3 CU PROGRAM PRELUNGIT",PETROŞANI,HD,931,13,1,0,14,56,1,0,57,73,2,0,75,83,8,0,91,159,10,0,169,187,10,0,197
87004,149,"COLEGIUL NAȚIONAL DE INFORMATICĂ CARMEN SYLVA (LICEUL DE INFORMATICĂ)",PETROŞANI,HD,1420,7,1,0,8,88,3,0,91,118,4,0,122,132,4,0,136,218,8,0,226,247,13,0,260
87004,150,"COLEGIUL ECONOMIC ""HERMES """,PETROŞANI,HD,1522,10,2,0,12,59,4,62,125,80,5,62,147,95,7,62,164,222,11,62,295,254,14,62,330
87004,151,"ȘCOALA GIMNAZIALĂ I.G.DUCA (ȘCOALA GENERALĂ NR.5)",PETROŞANI,HD,1557,13,5,0,18,61,6,0,67,79,13,0,92,95,13,0,108,205,13,0,218,237,15,0,252
87004,152,"ȘCOALA GIMNAZIALĂ ""I.G. DUCA"" (ȘCOALA GENERALĂ NR.5)",PETROŞANI,HD,1463,20,2,0,22,91,3,0,94,111,3,0,114,127,6,0,133,212,12,0,224,247,13,0,260
87004,153,"ȘCOALA GIMNAZIALĂ CARMEN SYLVA (ȘCOALA GENERALĂ NR.6)",PETROŞANI,HD,1675,27,4,0,31,90,6,0,96,126,8,0,134,138,8,0,146,224,12,0,236,277,18,0,295
87004,154,"ȘCOALA GIMNAZIALĂ CARMEN SYLVA (ȘCOALA GENERALĂ NR.6)",PETROŞANI,HD,1689,9,1,0,10,41,3,0,44,55,6,0,61,75,7,0,82,159,7,0,166,203,10,0,213
87004,155,"GRĂDINIȚA CU PROGRAM PRELUNGIT AEROPORT",PETROŞANI,HD,893,12,5,0,17,41,5,0,46,61,6,0,67,68,7,0,75,132,8,0,140,144,9,0,153
87004,156,"BIBLIOTECA MUNICIPALĂ PETROȘANI",PETROŞANI,HD,1504,10,4,0,14,44,6,0,50,73,6,0,79,82,6,0,88,189,7,20,216,228,9,20,257
87004,157,"BIBLIOTECA MUNICIPALĂ PETROȘANI",PETROŞANI,HD,1764,7,3,0,10,55,5,0,60,94,5,0,99,96,5,0,101,186,9,0,195,224,13,0,237
87004,158,"ȘCOALA GIMNAZIALĂ NR.7",PETROŞANI,HD,1742,18,0,0,18,60,1,0,61,84,4,0,88,97,4,0,101,224,6,0,230,269,11,0,280
87004,159,"ȘCOALA GIMNAZIALĂ NR.7",PETROŞANI,HD,1870,19,6,0,25,73,7,0,80,107,7,0,114,132,7,0,139,227,9,0,236,269,10,0,279
87004,160,"S.C. GENERAL TRANS S.A.",PETROŞANI,HD,659,0,0,0,0,4,6,0,10,8,8,0,16,8,8,0,16,62,12,0,74,91,17,0,108
87004,161,"CASA PENSIONARILOR",PETROŞANI,HD,1470,4,0,0,4,31,0,0,31,45,4,0,49,56,5,0,61,137,6,0,143,170,8,0,178
87004,162,"CASA PENSIONARILOR",PETROŞANI,HD,1062,3,0,0,3,30,0,0,30,34,4,0,38,40,4,0,44,84,5,0,89,127,5,0,132
87004,163,"ȘCOALA GIMNAZIALĂ NR. 2",PETROŞANI,HD,1243,9,1,0,10,39,3,0,42,63,3,0,66,79,5,0,84,164,6,0,170,201,8,0,209
87004,164,"SEDIUL S.C. TERMOFICARE",PETROŞANI,HD,1154,12,0,0,12,41,1,0,42,55,2,0,57,62,6,0,68,146,6,0,152,176,9,0,185
87004,165,"COLEGIUL NAŢIONAL ""MIHAI EMINESCU"" (ŞCOALA GIMNAZIALĂ DÂLJA MARE)",PETROŞANI,HD,177,0,0,0,0,9,2,0,11,15,2,0,17,15,3,0,18,39,5,0,44,62,6,0,68
87184,166,"GRĂDINIȚA PN+PP NR. 1",VULCAN,HD,1208,12,5,0,17,48,8,0,56,72,9,0,81,76,9,0,85,151,10,0,161,194,14,0,208
87184,167,"ȘCOALĂ GIMNAZIALĂ NR. 4",VULCAN,HD,1058,11,0,0,11,53,2,0,55,64,2,0,66,77,2,0,79,152,4,0,156,192,8,0,200
87184,168,"ȘCOALA GIMNAZIALĂ NR. 4",VULCAN,HD,1105,25,0,0,25,77,2,0,79,101,2,0,103,120,2,0,122,195,3,0,198,225,6,0,231
87184,169,"CANTINA DE AJUTOR SOCIAL",VULCAN,HD,1344,19,3,0,22,75,4,0,79,98,6,0,104,112,6,0,118,182,6,0,188,212,10,0,222
87184,170,"COLEGIUL TEHNIC MIHAI VITEAZU",VULCAN,HD,1099,9,2,0,11,46,3,0,49,60,3,0,63,70,4,0,74,152,8,0,160,217,11,0,228
87184,171,"COLEGIUL TEHNIC MIHAI VITEAZU",VULCAN,HD,1089,7,4,0,11,44,6,0,50,62,7,0,69,66,7,0,73,150,9,0,159,167,11,0,178
87184,172,"ȘCOALA GIMNAZIALĂ NR. 5",VULCAN,HD,1356,11,0,0,11,58,0,0,58,82,0,1,83,97,1,0,98,198,5,0,203,224,5,0,229
87184,173,"ȘCOALA GIMNAZIALĂ NR. 5",VULCAN,HD,1502,17,0,0,17,75,2,0,77,105,3,0,108,115,3,0,118,222,4,0,226,265,7,0,272
87184,174,"STADIONUL CENTRAL",VULCAN,HD,1290,11,1,0,12,41,1,0,42,63,1,0,64,86,1,0,87,181,3,0,184,223,6,0,229
87184,175,"SALA DE SPORT",VULCAN,HD,1494,13,0,0,13,71,1,0,72,91,2,0,93,107,6,0,113,215,12,0,227,247,16,0,263
87184,176,"ȘCOALA GIMNAZIALĂ NR. 6",VULCAN,HD,1304,6,7,0,13,27,10,0,37,29,10,0,39,35,10,0,45,65,10,0,75,82,12,0,94
87184,177,"ȘCOALA GIMNAZIALĂ NR. 6",VULCAN,HD,1391,12,0,0,12,57,0,0,57,82,1,0,83,91,2,0,93,162,3,0,165,189,9,0,198
87184,178,"ȘCOALA GIMNAZIALĂ NR. 6,",VULCAN,HD,1464,13,4,0,17,55,5,0,60,79,5,0,84,89,5,0,94,155,5,0,160,195,7,0,202
87184,179,"GRĂDINIȚA CU PROGRAM NORMAL DIN CADRUL ȘCOLII GIMNAZIALE NR. 6",VULCAN,HD,1324,10,2,0,12,50,4,0,54,56,4,0,60,64,4,0,68,91,6,0,97,113,9,0,122
87184,180,"ȘCOALA GIMNAZIALĂ TEODORA LUCACIU",VULCAN,HD,1223,10,0,0,10,57,0,0,57,67,1,0,68,83,1,0,84,176,3,0,179,197,6,0,203
87184,181,"ȘCOALA GIMNAZIALĂ TEODORA LUCACIU",VULCAN,HD,968,10,0,0,10,37,0,0,37,61,3,0,64,71,3,0,74,147,4,0,151,182,11,0,193
87184,182,"CLUBUL COPIILOR ȘI ELEVILOR",VULCAN,HD,929,4,0,0,4,44,0,0,44,50,0,0,50,76,2,0,78,149,4,0,153,183,5,0,188
87184,183,"ȘCOALA NR. 2",VULCAN,HD,845,3,4,0,7,20,5,0,25,23,5,0,28,34,5,0,39,130,5,0,135,152,7,0,159
87184,184,"ȘCOALA GIMNAZIALĂ NR. 3",VULCAN,HD,1433,20,3,0,23,67,4,0,71,83,4,0,87,100,4,0,104,156,8,0,164,204,9,0,213
87228,185,"SCOALA GIMNAZIALA ""SF. VARVARA"" ANINOASA",ANINOASA,HD,1568,12,0,0,12,47,0,0,47,64,0,0,64,82,0,0,82,180,6,0,186,235,10,0,245
87228,186,"STADIONUL ""MINERUL ANINOASA""",ANINOASA,HD,875,0,0,0,0,28,2,0,30,40,2,0,42,47,3,0,50,115,5,0,120,145,8,0,153
87237,187,"SCOALA GIMNAZIALA ISCRONI",ISCRONI,HD,1330,6,0,0,6,25,1,0,26,38,1,0,39,42,1,0,43,122,5,0,127,150,8,0,158
87433,188,"CONSILIUL LOCAL CĂLAN",CĂLAN,HD,1079,6,4,0,10,32,9,0,41,44,10,0,54,59,11,0,70,148,12,0,160,185,14,0,199
87433,189,"ŞCOALA GIMNAZIALĂ",CĂLAN,HD,1147,17,1,0,18,49,3,0,52,58,3,0,61,73,3,0,76,132,4,0,136,168,8,0,176
87433,190,"ŞCOALA GIMNAZIALĂ",CĂLAN,HD,1478,11,1,0,12,47,1,0,48,72,2,0,74,83,2,0,85,173,7,0,180,219,10,0,229
87433,191,"LICEU TEHNOLOGIC OVID DENSUŞIANU",CĂLAN,HD,1548,6,0,0,6,42,1,0,43,81,1,0,82,89,1,0,90,172,5,0,177,213,6,0,219
87433,192,"CENTRUL DE SĂNĂTATE MULTIFUNCŢIONAL",CĂLAN,HD,1505,15,0,0,15,45,0,0,45,72,4,0,76,87,5,0,92,189,6,0,195,238,11,0,249
87433,193,"CASA CĂSĂTORIILOR",CĂLAN,HD,1402,21,0,0,21,78,1,0,79,94,2,2,98,104,5,2,111,186,5,2,193,236,8,2,246
87488,194,"CĂMINUL CULTURAL","NĂDĂŞTIA DE JOS",HD,262,4,4,0,8,8,4,1,13,13,4,1,18,18,4,1,23,38,5,1,44,56,9,1,66
87497,195,"CĂMINUL CULTURAL","NĂDĂŞTIA DE SUS",HD,226,2,0,0,2,12,1,0,13,13,5,0,18,19,6,0,25,62,18,0,80,88,21,0,109
87530,196,"CĂMINUL CULTURAL",STREI,HD,313,0,0,0,0,5,0,0,5,9,0,0,9,11,2,0,13,36,7,0,43,43,8,0,51
87549,197,"CĂMINUL CULTURAL",STREI-SĂCEL,HD,157,0,3,0,3,6,5,0,11,11,6,0,17,16,6,0,22,39,6,0,45,49,10,0,59
87558,198,"CĂMINUL CULTURAL","VALEA SÎNGEORGIULUI",HD,258,0,0,0,0,0,0,0,0,9,5,0,14,10,5,0,15,42,5,0,47,76,6,0,82
87451,199,"ŞCOALA PRIMARĂ",BATIZ,HD,491,1,5,0,6,3,6,0,9,6,6,0,12,12,6,0,18,48,9,0,57,74,13,0,87
87479,200,"ŞCOALA PRIMARĂ",GRID,HD,205,0,0,0,0,4,2,0,6,5,2,0,7,5,2,0,7,16,3,0,19,35,7,0,42
87512,201,"ŞCOALA PRIMARĂ SÎNCRAI",SÎNCRAI,HD,258,3,0,0,3,7,0,0,7,7,0,0,7,8,0,0,8,37,2,0,39,45,5,0,50
87521,202,"CASA PAROHIALĂ","SÎNTĂMĂRIA DE PIATRĂ",HD,131,3,0,0,3,6,0,0,6,7,0,0,7,10,3,0,13,19,8,0,27,28,10,0,38
87442,203,"CĂMINUL CULTURAL STREISÎNGEORGIU",STREISÎNGEORGIU,HD,631,10,1,0,11,26,4,0,30,30,4,0,34,37,4,0,41,106,12,0,118,151,13,0,164
89570,204,"SEDIUL PRIMARIEI GEOAGIU",GEOAGIU,HD,1199,1,0,0,1,11,11,0,22,23,13,64,100,33,16,64,113,75,27,70,172,133,38,70,241
89570,205,"GRĂDINIŢA CU PROGRAM NORMAL NR.1 GEOAGIU,",GEOAGIU,HD,1191,4,0,0,4,15,1,0,16,16,2,0,18,19,3,0,22,57,10,0,67,110,17,0,127
89589,206,"CĂMINUL CULTURAL AUREL VLAICU","AUREL VLAICU",HD,774,6,4,0,10,29,7,0,36,45,8,0,53,57,9,0,66,111,19,0,130,139,28,0,167
89605,207,"CĂMINUL CULTURAL BOZES",BOZEŞ,HD,175,2,1,0,3,3,1,0,4,4,1,0,5,5,1,0,6,22,3,0,25,30,8,0,38
89614,208,"ŞCOALA PRIMARĂ CIGMAU",CIGMĂU,HD,89,1,0,0,1,1,3,0,4,2,3,0,5,2,4,0,6,4,8,0,12,4,9,0,13
89632,209,"SCOALA PRIMARA GEOAGIU BAI",GEOAGIU-BĂI,HD,369,2,10,0,12,13,122,0,135,21,161,0,182,27,171,0,198,54,208,0,262,78,232,0,310
89623,210,"ŞCOALA PRIMARĂ GELMAR",GELMAR,HD,384,7,0,0,7,17,0,0,17,29,1,0,30,41,1,0,42,75,6,9,90,93,10,9,112
89641,211,"CĂMINUL CULTURAL HOMOROD",HOMOROD,HD,292,2,2,0,4,2,3,0,5,7,5,0,12,12,5,0,17,42,7,0,49,60,9,0,69
89669,212,"ŞCOALĂ PRIMARĂ RENGHET",RENGHET,HD,175,1,1,0,2,1,3,0,4,2,3,0,5,2,3,0,5,16,6,0,22,23,10,0,33
89678,213,"ŞCOALA PRIMARĂ VĂLENI",VĂLENI,HD,43,1,0,0,1,1,1,0,2,1,1,0,2,1,1,0,2,4,3,0,7,6,7,0,13
87585,214,"PRIMĂRIA ORAŞULUI HAŢEG",HAŢEG,HD,1549,29,1,0,30,87,16,0,103,136,23,0,159,187,65,0,252,367,77,0,444,486,86,0,572
87585,215,"ȘCOALA GIMNAZIALĂ ""OVID DENSUȘIANU"", HAȚEG",HAŢEG,HD,1566,10,6,0,16,62,11,0,73,81,25,0,106,102,34,0,136,217,49,0,266,321,63,24,408
87585,216,"ȘCOALA GIMNAZIALĂ ""ARON DENSUȘIANU"", HAȚEG",HAŢEG,HD,1642,14,16,0,30,79,21,0,100,107,48,0,155,133,49,0,182,287,68,0,355,385,72,0,457
87585,217,"COLEGIUL NAŢIONAL ,,I.C.BRĂTIANU"" HAŢEG",HAŢEG,HD,1586,30,2,0,32,106,7,0,113,140,15,0,155,170,21,0,191,329,27,0,356,424,37,0,461
87585,218,"CANTINA SOCIALĂ HAŢEG",HAŢEG,HD,1727,22,3,0,25,105,9,0,114,171,12,0,183,219,13,0,232,459,18,0,477,593,28,0,621
87594,219,"ŞCOALA PRIMARĂ NĂLAŢVAD",NĂLAŢVAD,HD,313,4,0,0,4,18,0,0,18,43,0,0,43,61,1,0,62,110,11,0,121,136,14,0,150
87601,220,"SCOALA PRIMARĂ SIVAŞU DE JOS","SILVAŞU DE JOS",HD,313,2,0,0,2,15,6,0,21,18,7,0,25,28,9,0,37,60,16,0,76,93,26,0,119
87610,221,"ȘCOALA PRIMARĂ SILVAȘU DE SUS","SILVAŞU DE SUS",HD,272,4,3,0,7,29,24,0,53,34,26,0,60,37,29,0,66,82,29,0,111,104,36,0,140
87086,222,"CASA DE CULTURA ""LADISLAU SCHMIDT""",PETRILA,HD,1483,9,0,0,9,61,2,0,63,89,3,0,92,108,4,0,112,251,7,0,258,333,13,0,346
87086,223,"SC EDIL URBAN SERV SA",PETRILA,HD,1446,9,3,0,12,45,5,0,50,80,6,0,86,98,6,0,104,199,6,0,205,252,7,0,259
87086,224,"SC EDIL SAL PREST SA",PETRILA,HD,1402,14,3,0,17,68,3,0,71,85,3,0,88,103,3,0,106,212,7,0,219,260,10,0,270
87086,225,"SCOALA GIMNAZIALA I.D. SARBU",PETRILA,HD,1244,9,7,0,16,51,8,0,59,83,10,0,93,102,10,0,112,199,12,0,211,247,13,0,260
87086,226,"CLUBUL COPIILOR",PETRILA,HD,1370,9,0,0,9,46,0,0,46,82,0,0,82,88,0,0,88,198,4,0,202,240,9,0,249
87086,227,"SCOALA GIMNAZIALA NR. 6SECTIA 1",PETRILA,HD,1279,12,3,0,15,74,3,0,77,99,4,0,103,114,4,0,118,226,5,0,231,286,9,0,295
87086,228,"SCOALA GIMNAZIALA NR. 6 SECTIA 2",PETRILA,HD,974,9,4,0,13,45,4,0,49,63,4,0,67,70,6,0,76,139,6,0,145,171,7,0,178
87086,229,"SCOALA GIMNAZIALA NR. 5SECTIA 1",PETRILA,HD,1444,12,0,0,12,76,2,0,78,114,3,0,117,124,3,0,127,226,3,0,229,271,5,0,276
87086,230,"SCOALA GIMNAZIALA NR. 5SECTIA 2",PETRILA,HD,1379,5,3,0,8,55,5,0,60,87,6,0,93,112,6,0,118,201,8,0,209,238,11,0,249
87086,231,"GRADINITA PN",PETRILA,HD,1345,4,7,0,11,39,7,0,46,68,8,0,76,80,8,0,88,163,8,0,171,218,8,0,226
87086,232,"COLEGIUL CONSTANTIN BRANCUSI",PETRILA,HD,975,13,3,0,16,33,3,0,36,54,5,0,59,77,5,0,82,236,5,0,241,280,13,0,293
87086,233,"CASA PENSIONARILOR LONEA",PETRILA,HD,1188,7,0,0,7,44,0,0,44,67,0,0,67,92,2,0,94,234,3,0,237,297,3,0,300
87086,234,"SCOALA GIMNAZIALA ANA COLDA",PETRILA,HD,1464,13,3,0,16,69,4,0,73,122,7,0,129,137,7,0,144,283,9,0,292,338,11,0,349
87095,235,"SCOALA PRIMARANR. 3 CIMPA",CIMPA,HD,1429,7,6,0,13,51,6,0,57,86,9,0,95,137,9,0,146,400,12,0,412,531,18,0,549
87086,236,"GRADINITA CU PROGRAM NORMAL ANA COLDA",PETRILA,HD,1201,10,0,0,10,60,4,16,80,81,4,17,102,112,4,17,133,284,5,18,307,348,7,18,373
87102,237,"SCOALA PRIMARA NR. 4, F.N. , JIET",JIEŢ,HD,563,2,0,0,2,10,0,0,10,15,0,0,15,23,6,0,29,100,6,0,106,145,6,0,151
87674,238,"SCOALA GIMNAZIALA ,,SIGISMUND TODUTA '' SIMERIA",SIMERIA,HD,1594,23,0,0,23,73,5,0,78,117,6,0,123,142,6,0,148,242,11,0,253,300,16,18,334
87674,239,"SCOALA GIMNAZIALA ,,SIGISMUND TODUTA '' SIMERIA",SIMERIA,HD,1483,15,3,0,18,68,11,0,79,100,15,0,115,158,15,0,173,285,30,0,315,393,35,0,428
87674,240,"GRADINITA CU PROGRAM NORMAL NR.1 SIMERIA",SIMERIA,HD,1521,15,0,0,15,62,5,0,67,91,9,0,100,118,9,0,127,253,17,1,271,321,22,1,344
87674,241,"GRADINITA P.P.1",SIMERIA,HD,1515,17,1,0,18,80,3,0,83,107,3,0,110,122,3,0,125,244,8,0,252,303,16,0,319
87674,242,"OCOLUL SILVIC SIMERIA",SIMERIA,HD,1406,8,2,0,10,55,3,0,58,81,5,0,86,112,8,0,120,268,21,0,289,324,25,1,350
87674,243,"COLEGIUL TEHNIC DE TRANSPORT FEROVIAR ,,ANGHEL SALIGNY'' SIMERIA",SIMERIA,HD,1243,14,2,0,16,46,5,0,51,71,15,0,86,77,16,0,93,184,27,0,211,260,32,0,292
87674,244,"STATIA CFR SIMERIA",SIMERIA,HD,1042,9,13,0,22,43,16,0,59,65,17,0,82,87,19,0,106,162,31,0,193,203,38,0,241
87709,245,"SCOALA GENERALA SIMERIA VECHE","SIMERIA VECHE",HD,357,8,0,0,8,21,0,0,21,31,0,0,31,40,4,0,44,90,5,0,95,106,10,0,116
87736,246,"CASA SATULUI UROI",UROI,HD,539,4,2,0,6,13,3,0,16,28,3,0,31,37,4,0,41,87,8,0,95,104,12,0,116
87718,247,"SCOALA GENERALA SÎNTANDREI",SÎNTANDREI,HD,949,10,2,0,12,41,6,0,47,53,12,0,65,70,14,0,84,160,28,0,188,209,37,0,246
87148,248,"CENTRULNAŢIONAL DE INFORMARE ŞI PROMOVARE TURISTICĂ",URICANI,HD,1925,18,0,0,18,84,2,0,86,101,7,0,108,125,8,0,133,276,12,0,288,337,14,0,351
87148,249,"SCOALA GIMNAZIALA ""BUCURA""",URICANI,HD,1904,10,0,0,10,59,2,0,61,105,3,0,108,119,9,0,128,222,10,0,232,274,10,0,284
87148,250,"LICEUL TEHNOLOGIC ""RETEZAT""",URICANI,HD,1809,21,0,0,21,92,1,0,93,121,1,0,122,143,1,0,144,280,4,0,284,324,4,0,328
87148,251,"CASA DE CULTURA, URICANI,SALA PARTER",URICANI,HD,1747,9,2,0,11,73,3,0,76,99,4,0,103,127,5,0,132,306,7,0,313,340,9,0,349
87157,252,"ŞCOALA PRIMARĂ CÎMPU LUI NEAG","CÎMPU LUI NEAG",HD,414,4,4,0,8,12,5,0,17,14,5,0,19,18,5,0,23,54,17,0,71,66,22,0,88
87754,253,"ŞCOALA GIMNAZIALĂ,,AVRAM IANCU,, BAIA DE CRIŞ","BAIA DE CRIŞ",HD,608,2,1,0,3,15,1,0,16,27,3,0,30,39,4,0,43,107,14,0,121,146,22,0,168
87790,254,"SCOALA PRIMARA LUNCA",LUNCA,HD,235,3,0,0,3,6,5,0,11,7,5,0,12,11,8,0,19,34,9,0,43,50,9,0,59
87781,255,"SCOALA PRIMARA CARASTAU",CĂRĂSTĂU,HD,162,1,3,0,4,6,5,0,11,10,6,0,16,14,8,0,22,29,10,0,39,45,12,0,57
87807,256,"CAMIN CULTURAL RISCA",RIŞCA,HD,190,5,0,0,5,14,1,0,15,17,2,0,19,22,3,0,25,49,11,0,60,61,14,0,75
87816,257,"SCOALA PRIMARA RISCULITA",RIŞCULIŢA,HD,411,5,1,0,6,11,2,0,13,19,3,0,22,22,4,0,26,51,10,0,61,89,13,0,102
87825,258,"SCOALA PRIMARA TEBEA",ŢEBEA,HD,588,10,0,0,10,23,2,0,25,31,4,0,35,44,5,0,49,116,13,0,129,182,23,0,205
87852,259,"BALŞA, SEDIUL PRIMĂRIEI COMUNEI",BALŞA,HD,234,0,0,0,0,2,0,1,3,7,1,1,9,10,1,1,12,38,6,2,46,54,10,2,66
87870,260,"ARDEU, CĂMINUL CULTURAL",ARDEU,HD,49,5,1,0,6,7,2,0,9,7,2,0,9,8,2,0,10,21,6,0,27,26,10,0,36
87905,261,"MADA, CĂMINUL CULTURAL",MADA,HD,89,2,0,0,2,3,0,0,3,5,2,0,7,9,3,0,12,17,8,0,25,29,12,0,41
87987,262,"VOIA, CĂMINUL CULTURAL",VOIA,HD,70,1,1,0,2,4,3,0,7,5,4,0,9,5,5,0,10,22,10,0,32,30,13,4,47
87978,263,"VĂLIŞOARA, ŞCOALA GENERALĂ",VĂLIŞOARA,HD,48,1,0,0,1,2,1,0,3,7,3,0,10,7,3,0,10,11,5,0,16,19,6,0,25
87861,264,"ALMAŞU MIC DE MUNTE, ŞCOALA GENERALĂ","ALMAŞU MIC DE MUNTE",HD,60,3,2,0,5,4,3,0,7,5,5,0,10,5,7,0,12,13,17,0,30,17,17,0,34
87923,265,"POIANA, CĂMINUL CULTURAL",POIANA,HD,85,1,1,0,2,3,2,0,5,3,2,0,5,7,2,0,9,18,12,0,30,22,14,0,36
87932,266,"POIENIŢA, CĂMINUL CULTURAL",POIENIŢA,HD,66,1,0,0,1,3,2,0,5,5,4,0,9,7,5,0,12,17,6,0,23,20,6,0,26
88001,267,"SCOALA PRIMARĂ BARU",BARU,HD,1610,31,4,0,35,127,11,0,138,174,18,57,249,221,20,57,298,503,46,57,606,747,61,57,865
88010,268,"SCOALA PRIMARĂ LIVADIA",LIVADIA,HD,533,7,3,0,10,31,4,18,53,47,8,18,73,65,11,18,94,162,32,24,218,224,44,24,292
88038,269,"SCOALA PRIMARĂ VALEA LUPULUI","VALEA LUPULUI",HD,163,5,2,0,7,14,4,9,27,23,7,9,39,46,8,9,63,90,23,9,122,106,31,9,146
88056,270,"CĂMINUL CULTURAL BĂCIA, NR. 235",BĂCIA,HD,818,5,3,0,8,20,6,0,26,29,10,0,39,50,10,0,60,111,21,0,132,161,30,0,191
88083,271,"ŞCOALA PRIMARĂ TOTIA, NR.3",TOTIA,HD,83,0,5,0,5,0,5,0,5,0,5,0,5,4,5,0,9,16,9,0,25,25,11,0,36
88074,272,"ŞCOALA PRIMARĂ TÎMPA, NR.28",TÎMPA,HD,663,6,0,0,6,20,2,0,22,37,4,0,41,50,5,0,55,107,11,0,118,158,21,0,179
88109,273,"CĂMINUL CULTURAL BĂIŢA",BĂIŢA,HD,1009,3,0,0,3,15,9,0,24,44,11,0,55,49,15,0,64,118,31,0,149,223,43,0,266
88154,274,"ŞCOALA PRIMARA HĂRŢĂGANI",HĂRŢĂGANI,HD,615,4,0,0,4,8,0,0,8,10,1,0,11,18,3,0,21,56,15,0,71,89,27,0,116
88127,275,"CĂMINUL CULTURAL CĂINELU DE SUS","CĂINELU DE SUS",HD,339,4,5,0,9,6,6,0,12,9,6,0,15,12,6,0,18,39,7,0,46,69,11,0,80
88172,276,"ŞCOALA PRIMARĂ ORMINDEA",ORMINDEA,HD,456,2,0,0,2,5,0,0,5,13,3,0,16,16,3,0,19,36,6,0,42,56,11,0,67
88145,277,"CĂMINUL CULTURAL FIZEŞ",FIZEŞ,HD,259,5,2,0,7,10,4,0,14,12,5,0,17,24,8,0,32,51,13,0,64,71,16,0,87
88163,278,"CĂMINUL CULTURAL LUNCA",LUNCA,HD,238,3,1,0,4,10,1,0,11,22,8,0,30,26,10,0,36,46,14,0,60,79,20,0,99
87255,279,"CĂMIN CULTURAL BĂNIȚA",BĂNIŢA,HD,988,9,0,0,9,17,1,0,18,23,1,0,24,30,2,0,32,176,8,0,184,225,12,0,237
88225,280,"PRIMARIA COMUNEI BĂTRÎNA",BĂTRÎNA,HD,96,1,0,0,1,10,4,0,14,11,5,0,16,14,5,0,19,29,8,0,37,38,9,0,47
88270,281,"CAMINUL CULTURAL",BERIU,HD,585,5,1,0,6,18,1,0,19,20,2,0,22,29,2,0,31,72,6,0,78,105,15,0,120
88289,282,SCOALAPRIMARĂ,CĂSTĂU,HD,1061,7,4,0,11,28,8,0,36,39,9,0,48,50,9,0,59,158,14,0,172,246,19,0,265
88298,283,"SCOALA PRIMARĂ",CUCUIŞ,HD,106,1,0,0,1,5,0,0,5,7,2,0,9,10,2,0,12,18,3,0,21,31,7,0,38
88314,284,"SCOALA PRIMARĂ","ORĂŞTIOARA DE JOS",HD,285,5,0,0,5,5,0,0,5,12,2,0,14,20,4,0,24,63,9,0,72,83,11,0,94
88332,285,"SCOALA PRIMARĂ",SERECA,HD,208,2,0,0,2,3,2,0,5,9,2,0,11,9,2,0,11,31,3,0,34,58,7,0,65
88341,286,"SCOALA PRIMARĂ SIBIŞEL",SIBIŞEL,HD,571,3,3,0,6,7,4,0,11,10,6,0,16,12,6,0,18,55,10,0,65,85,16,0,101
88369,287,"CAMINUL CULTURAL BLAJENI",BLĂJENI,HD,522,2,0,0,2,9,2,0,11,15,2,0,17,20,3,0,23,54,9,0,63,88,9,0,97
88387,288,"SCOALA PRIMARA CRIS",CRIŞ,HD,246,3,0,0,3,8,2,0,10,11,5,0,16,14,5,0,19,37,7,0,44,48,9,0,57
88378,289,"SCOALA PRIMARA BLAJENI VULCAN",BLĂJENI-VULCAN,HD,80,1,3,0,4,1,4,0,5,8,5,0,13,10,5,0,15,26,5,0,31,28,8,0,36
88421,290,"SCOALA PRIMARA RET",REŢ,HD,81,0,0,0,0,0,0,0,0,0,0,0,0,0,0,0,0,11,4,0,15,14,4,0,18
88458,291,"CĂMINUL CULTURAL BOSOROD",BOŞOROD,HD,793,6,0,0,6,16,0,0,16,26,2,0,28,34,2,0,36,144,12,0,156,233,19,0,252
88485,292,"CENTRUL LOCAL DE INFORMARE TURISTICĂ",CHITID,HD,477,4,0,0,4,21,1,0,22,30,2,0,32,34,3,0,37,87,7,0,94,133,11,0,144
88500,293,"CĂMINUL CULTURAL LUNCANI",LUNCANI,HD,107,2,1,0,3,5,2,0,7,5,3,0,8,8,5,0,13,18,6,0,24,22,8,0,30
88528,294,"CĂMINUL CULTURAL URSICI",URSICI,HD,52,0,0,0,0,2,0,0,2,3,5,0,8,3,5,0,8,7,7,0,14,11,8,0,19
88467,295,"CĂMINUL CULTURAL ALUN",ALUN,HD,64,0,0,0,0,0,0,0,0,5,5,0,10,6,5,0,11,23,7,0,30,24,7,0,31
88537,296,"CĂMINUL CULTURAL TIRSA",TÎRSA,HD,169,3,0,0,3,4,3,0,7,5,4,0,9,12,5,0,17,54,7,0,61,76,11,0,87
88555,297,"CĂMIN CULTURAL BRĂNIŞCA",BRĂNIŞCA,HD,523,5,0,0,5,17,10,11,38,26,13,11,50,31,13,11,55,65,22,11,98,94,32,11,137
88564,298,"CĂMIN CULTURAL BOZ",BOZ,HD,367,3,2,0,5,5,3,0,8,9,3,0,12,12,5,0,17,33,17,0,50,63,27,0,90
88617,299,"CĂMIN CULTURAL ROVINA",ROVINA,HD,187,1,1,0,2,5,3,0,8,12,4,0,16,14,4,0,18,27,8,0,35,39,12,0,51
88626,300,"CĂMIN CULTURAL TÎRNAVA",TÎRNAVA,HD,100,1,0,0,1,3,0,0,3,4,2,0,6,4,2,0,6,16,10,0,26,21,15,0,36
88635,301,"CĂMIN CULTURAL TÎRNĂVIŢA",TÎRNĂVIŢA,HD,143,0,0,0,0,1,0,0,1,7,2,0,9,11,2,0,13,26,3,0,29,31,11,0,42
88636,302,"CĂMIN CULTURAL FURCŞOARA",FURCŞOARA,HD,48,1,3,0,4,1,7,0,8,1,7,0,8,1,7,0,8,7,11,0,18,7,11,0,18
88653,303,"ŞCOALA GIMNAZIALA BRETEA ROMANA","BRETEA ROMÂNĂ",HD,231,1,0,0,1,7,7,0,14,12,9,0,21,18,9,0,27,40,12,0,52,65,18,0,83
88680,304,"CĂMIN CULTURAL","BRETEA STREIULUI",HD,217,3,1,0,4,14,6,0,20,21,9,0,30,24,10,0,34,52,13,0,65,65,16,0,81
88742,305,"CĂMIN CULTURAL",RUŞI,HD,210,3,6,0,9,6,6,0,12,9,6,0,15,9,6,0,15,33,7,1,41,62,12,1,75
88662,306,"ŞCOALA PRIMARA",BĂŢĂLAR,HD,201,0,0,0,0,9,0,0,9,11,5,0,16,13,5,0,18,46,9,0,55,66,10,0,76
88724,307,"ŞCOALA PRIMARA","OCOLIŞU MARE",HD,176,2,0,0,2,6,3,0,9,10,4,0,14,13,4,0,17,48,16,0,64,78,28,0,106
88699,308,"CĂMIN CULTURAL COVRAGIU",COVRAGIU,HD,135,0,1,0,1,1,1,0,2,3,6,0,9,6,7,0,13,7,18,0,25,38,10,0,48
88706,309,"ŞCOALĂ PRIMARĂ",GÎNŢAGA,HD,230,4,2,0,6,12,3,0,15,17,3,0,20,19,4,0,23,49,9,0,58,80,11,0,91
88715,310,"ŞCOALĂ PRIMARĂ",MĂCEU,HD,263,4,3,0,7,4,6,0,10,5,6,0,11,10,7,0,17,31,9,0,40,63,13,0,76
88733,311,"ŞCOALĂ PRIMARĂ",PLOPI,HD,225,0,2,0,2,1,2,0,3,6,4,0,10,11,4,0,15,40,9,0,49,70,11,0,81
88760,312,"ŞCOALĂ PRIMARĂ","VÎLCELELE BUNE",HD,324,1,0,0,1,11,2,0,13,27,8,0,35,34,8,0,42,85,16,0,101,111,20,0,131
88751,313,"ŞCOALĂ PRIMARĂ VÎLCELE",VÎLCELE,HD,221,2,0,0,2,9,5,0,14,12,5,1,18,19,7,1,27,55,9,1,65,100,21,1,122
88797,314,"PRIMĂRIA COMUNEI BUCEŞ",BUCEŞ,HD,131,3,0,0,3,6,0,0,6,11,3,0,14,13,6,0,19,26,22,0,48,45,23,0,68
88804,315,"SCOALA PRIMARA BUCES-VULCAN",BUCEŞ-VULCAN,HD,180,1,0,0,1,2,0,0,2,2,0,0,2,6,5,0,11,46,7,0,53,52,11,0,63
88813,316,"SCOALA PRIMARA DUPAPIATRA",DUPĂPIATRĂ,HD,402,1,0,0,1,4,0,0,4,7,0,0,7,11,0,0,11,41,4,0,45,75,9,0,84
88822,317,"SCOALA PRIMARA GROHOTELE",GROHOŢELE,HD,165,2,2,0,4,8,2,0,10,9,4,0,13,10,4,0,14,27,4,0,31,32,7,0,39
88831,318,"SCOALA PRIMARA MIHAILENI",MIHĂILENI,HD,350,0,0,0,0,1,0,0,1,12,2,0,14,13,2,0,15,44,6,0,50,65,8,0,73
88840,319,"SCOALA PRIMARA STANIJA",STĂNIJA,HD,322,2,0,0,2,8,3,0,11,10,3,0,13,11,3,0,14,40,4,0,44,54,6,0,60
88877,320,"CAMINUL CULTURAL",BUCUREŞCI,HD,505,1,1,0,2,9,1,0,10,18,1,0,19,27,2,0,29,80,3,0,83,108,3,0,111
88886,321,"CAMINUL CULTURAL",CURECHIU,HD,273,5,1,0,6,14,2,0,16,25,2,0,27,28,2,0,30,90,9,0,99,145,14,0,159
88902,322,"CAMINUL CULTURAL",ROVINA,HD,129,0,0,0,0,0,2,0,2,3,4,0,7,6,4,0,10,26,6,0,32,30,6,0,36
88895,323,"CAMINUL CULTURAL",MERIŞOR,HD,73,0,0,0,0,1,0,0,1,3,3,0,6,3,3,0,6,13,4,0,17,21,4,0,25
88911,324,"CAMINUL CULTURAL",ŞESURI,HD,344,4,1,0,5,13,1,0,14,23,2,0,25,30,2,0,32,118,7,0,125,158,9,0,167
88939,325,"PRIMARIA BULZESTII DE SUSSALA DE SEDINTA","BULZEŞTII DE SUS",HD,137,5,0,0,5,10,2,0,12,11,3,0,14,13,3,0,16,47,17,0,64,57,33,0,90
88948,326,"SCOALA PRIMARA BULZESTII DE JOS","BULZEŞTII DE JOS",HD,95,3,0,0,3,10,2,0,12,12,2,0,14,12,2,0,14,20,3,0,23,29,10,0,39
89035,327,"CĂMINUL CULTURAL BUNILA",BUNILA,HD,66,5,0,0,5,5,0,0,5,6,0,0,6,6,1,0,7,17,6,0,23,20,7,0,27
89053,328,"CLADIRE DISPENSAR MEDICAL CERNISOARA FLORESE","CERNIŞOARA FLORESE",HD,170,0,0,0,0,9,1,0,10,12,2,0,14,19,6,0,25,56,12,0,68,64,13,0,77
89062,329,"CAMINUL CULTURAL POIENITA VOINII","POIENIŢA VOINII",HD,68,0,0,0,0,6,2,0,8,10,2,0,12,15,2,0,17,34,7,0,41,40,11,0,51
89099,330,"CAMIN CULTURAL BURJUC",BURJUC,HD,140,2,2,0,4,10,5,0,15,12,5,0,17,13,5,0,18,32,11,0,43,44,13,0,57
89133,331,"CAMIN CULTURALTĂTĂRĂŞTI",TĂTĂRĂŞTI,HD,149,2,0,0,2,3,3,0,6,10,6,0,16,11,7,0,18,32,22,0,54,46,28,0,74
89142,332,"CAMIN CULTURAL TISA",TISA,HD,94,0,0,0,0,3,0,0,3,5,0,0,5,10,2,0,12,16,7,0,23,18,8,0,26
89115,333,"ŞCOALAPRIMARA GLODGHILEŞTI",GLODGHILEŞTI,HD,168,0,0,0,0,8,0,0,8,13,0,0,13,16,0,0,16,55,0,0,55,82,0,0,82
89106,334,"ŞCOALAPRIMARA BRĂDĂŢEL",BRĂDĂŢEL,HD,119,0,0,0,0,0,0,0,0,3,5,0,8,4,8,0,12,9,14,0,23,27,11,0,38
86758,335,"CĂMINUL CULTURAL CÎRJIŢI",CÂRJIŢI,HD,107,0,0,0,0,2,4,0,6,7,4,0,11,8,5,0,13,28,10,0,38,31,16,0,47
86776,336,"CĂMINUL CULTURAL CHERGHEŞ",CHERGHEŞ,HD,73,2,2,0,4,5,3,0,8,6,4,0,10,9,4,0,13,28,7,0,35,32,10,0,42
86794,337,"CĂMINUL CULTURAL POPEŞTI",POPEŞTI,HD,114,1,1,0,2,3,4,0,7,4,8,0,12,5,10,0,15,29,19,0,48,41,23,0,64
86767,338,"CĂMINUL CULTURAL ALMAŞU SEC","ALMAŞU SEC",HD,167,2,0,0,2,4,2,0,6,17,3,0,20,22,8,0,30,45,14,0,59,54,17,0,71
86785,339,"CĂMINUL CULTURAL COZIA",COZIA,HD,134,5,0,0,5,8,0,0,8,10,0,0,10,13,6,0,19,29,13,0,42,34,13,0,47
89160,340,"CASA COMUNALĂ CERBĂL-SALA DE ŞEDINŢĂ A CONSILIULUI LOCAL CERBĂL",CERBĂL,HD,177,7,0,0,7,21,3,0,24,26,6,0,32,32,7,0,39,77,18,0,95,87,23,0,110
89188,341,"ŞCOALA PRIMARĂ FEREGI",FEREGI,HD,112,5,2,0,7,11,3,0,14,12,3,0,15,12,3,0,15,41,10,0,51,58,14,0,72
89213,342,"ŞCOALA PRIMARĂ POIANA RĂCHIŢELII","POIANA RĂCHIŢELII",HD,101,4,2,0,6,6,2,0,8,7,4,0,11,11,5,0,16,39,9,0,48,53,12,0,65
89259,343,"CAMINUL CULTURAL","CERTEJU DE SUS",HD,1238,20,2,0,22,54,6,0,60,77,6,0,83,95,7,0,102,200,10,0,210,236,14,0,250
89286,344,"CAMINUL CULTURAL",HONDOL,HD,443,4,2,0,6,12,2,0,14,23,2,0,25,35,2,0,37,74,5,0,79,98,14,0,112
89311,345,"CAMINUL CULTURAL",SĂCĂRÎMB,HD,143,3,2,0,5,5,4,0,9,5,4,0,9,5,4,0,9,15,12,0,27,20,13,0,33
89277,346,"SPAȚIU ADMINISTRATIV BOCȘA MICĂ","BOCŞA MICĂ",HD,91,2,4,0,6,6,4,0,10,18,4,0,22,20,4,0,24,37,5,0,42,45,7,0,52
89295,347,"CĂMINUL CULTURAL",MĂGURA-TOPLIŢA,HD,84,3,1,0,4,7,1,0,8,14,1,0,15,14,1,0,15,31,3,0,34,38,5,0,43
89320,348,"CĂMINUL CULTURAL","TOPLIŢA MUREŞULUI",HD,72,1,1,0,2,3,3,0,6,4,4,0,8,4,4,0,8,11,11,0,22,15,14,0,29
89302,349,"SCOALA PRIMARĂ NOJAG",NOJAG,HD,202,2,6,0,8,5,6,0,11,8,8,0,16,10,8,0,18,21,14,0,35,36,14,0,50
89339,350,"SCOALA PRIMARĂ VĂRMAGA",VĂRMAGA,HD,246,0,2,0,2,5,7,0,12,6,7,0,13,9,7,0,16,53,16,0,69,66,26,0,92
87406,351,"CAMINUL CULTURAL",ZDRAPŢI,HD,741,0,2,0,2,11,4,0,15,20,9,0,29,26,11,0,37,91,14,0,105,124,21,0,145
87371,352,"SCOALA GENERALA NR 1 CRIŞCIOR",CRIŞCIOR,HD,1350,9,4,0,13,41,7,0,48,50,8,0,58,75,9,0,84,198,26,0,224,269,31,0,300
87371,353,"LICEUL TEHNOLOGIC CRIŞAN CRIŞCIOR",CRIŞCIOR,HD,1242,10,1,0,11,27,3,0,30,40,3,0,43,55,4,0,59,155,11,0,166,186,17,0,203
89357,354,"SCOALA GIMNAZIALA DENSUS",DENSUŞ,HD,499,7,1,0,8,24,16,0,40,29,18,0,47,37,21,0,58,143,36,0,179,216,46,0,262
89384,355,"ŞCOALA PRIMARĂ PEŞTEANA",PEŞTEANA,HD,300,5,0,0,5,6,0,0,6,16,1,0,17,28,6,0,34,59,12,0,71,119,21,0,140
89393,356,"SCOALA PRIMARA PESTENITA",PEŞTENIŢA,HD,217,4,0,0,4,7,0,0,7,16,2,0,18,21,2,0,23,40,4,0,44,61,6,0,67
89419,357,"CAMINUL CULTURAL STEI",ŞTEI,HD,158,2,0,0,2,6,2,0,8,11,5,0,16,14,5,0,19,55,13,0,68,92,19,0,111
89400,358,"SCOALA PRIMARA POIENI",POIENI,HD,70,2,4,0,6,5,4,0,9,5,5,0,10,6,5,0,11,23,6,0,29,35,7,0,42
89437,359,CĂMINULCULTURALDOBRA,DOBRA,HD,1313,5,2,0,7,30,10,0,40,52,20,0,72,83,23,0,106,253,62,0,315,370,90,0,460
89473,360,CĂMINULCULTURALLAPUSNIC,LĂPUŞNIC,HD,395,3,0,0,3,7,5,0,12,14,8,0,22,18,10,0,28,67,19,0,86,88,25,0,113
89516,361,"CAMINUL CULTURAL RADULESTI",RĂDULEŞTI,HD,153,2,7,0,9,4,7,0,11,5,7,0,12,6,7,0,13,29,7,0,36,45,10,0,55
89534,362,CĂMINULCULTURALSTANCESTI,STÎNCEŞTI,HD,105,4,5,0,9,7,5,0,12,9,6,0,15,14,6,0,20,26,8,0,34,38,9,0,47
89525,363,"SCOALA PRIMARA ROSCANI",ROŞCANI,HD,561,4,0,0,4,16,5,0,21,28,6,0,34,32,7,0,39,118,11,0,129,149,20,0,169
89491,364,"CĂMINUL CULTURAL PANC",PANC,HD,145,2,3,0,5,6,3,0,9,16,7,0,23,18,7,0,25,38,8,0,46,52,17,0,69
91740,365,"SALA DE SEDINTE CONSILIUL LOCAL","GENERAL BERTHELOT",HD,542,1,1,0,2,15,3,0,18,17,6,0,23,20,6,0,26,75,8,0,83,128,10,0,138
91786,366,"SCOALA PRIMARA TUSTEA",TUŞTEA,HD,227,3,1,0,4,10,3,0,13,13,3,0,16,19,5,0,24,37,9,0,46,66,13,0,79
86892,367,"PRIMARIA GHELARI",GHELARI,HD,639,2,1,0,3,16,1,0,17,23,1,0,24,40,1,0,41,131,7,0,138,164,13,0,177
86892,368,"CĂMINUL CULTURAL ""MINERUL""",GHELARI,HD,892,14,0,0,14,30,1,0,31,45,2,0,47,80,4,0,84,159,9,0,168,185,11,0,196
86927,369,"CĂMIN CULTURAL",RUDA,HD,138,3,1,0,4,8,2,0,10,14,6,0,20,19,6,0,25,36,12,0,48,44,14,0,58
86918,370,"MAGAZIN ABC",PLOP,HD,23,2,4,0,6,8,7,0,15,11,7,0,18,11,7,0,18,12,12,0,24,12,13,0,25
86909,371,DISPENSAR,GOVĂJDIA,HD,76,0,0,0,0,2,0,0,2,3,0,0,3,4,5,0,9,6,7,0,13,10,12,0,22
89696,372,"SALĂ DE ŞEDINŢE PRIMARIA COMUNEI GURASADA",GURASADA,HD,598,1,1,0,2,10,1,0,11,15,3,0,18,19,5,0,24,79,25,0,104,113,33,0,146
89749,373,"CĂMIN CULTURAL CÎMPURI-SURDUC",CÎMPURI-SURDUC,HD,364,4,0,0,4,21,3,0,24,37,3,0,40,42,4,0,46,78,10,0,88,103,17,0,120
89712,374,"CĂMIN CULTURAL BOIU DE SUS","BOIU DE SUS",HD,95,1,0,0,1,2,0,0,2,2,3,0,5,4,4,0,8,13,5,0,18,20,5,0,25
89721,375,"ŞCOALA GENERALĂ CĂRMĂZĂNEŞTI",CĂRMĂZĂNEŞTI,HD,93,2,0,0,2,4,1,0,5,5,3,0,8,5,5,0,10,12,7,0,19,16,10,0,26
89810,376,"DISPENSAR MEDICAL HĂRĂU",HĂRĂU,HD,662,1,1,0,2,10,6,0,16,22,7,0,29,26,8,0,34,54,14,0,68,75,15,0,90
89829,377,"CĂMINUL CULTURAL BANPOTOC",BANPOTOC,HD,389,2,0,0,2,12,0,0,12,14,1,0,15,30,3,0,33,90,19,0,109,121,26,0,147
89838,378,"ŞCOALA PRIMARĂ BÎRSĂU",BÎRSĂU,HD,426,0,0,0,0,7,4,0,11,13,4,0,17,25,4,0,29,59,10,0,69,92,16,0,108
89847,379,"ŞCOALA PRIMARĂ CHIMINDIA",CHIMINDIA,HD,312,1,2,0,3,12,4,0,16,25,8,0,33,29,9,0,38,58,13,0,71,83,18,0,101
89865,380,"CĂMINUL CULTURALDINILIA",ILIA,HD,1456,11,3,0,14,45,8,0,53,97,10,0,107,126,15,0,141,271,27,0,298,346,32,0,378
89883,381,"ȘCOALA PRIMARĂ BRETEA MUREȘANĂ","BRETEA MUREŞANĂ",HD,507,4,3,0,7,17,7,0,24,20,11,0,31,28,14,0,42,67,24,0,91,75,27,0,102
89936,382,"CĂMINUL CULTURAL DIN SÎRBI",SÎRBI,HD,358,1,0,0,1,3,0,0,3,5,0,0,5,7,0,0,7,30,2,0,32,43,3,0,46
89945,383,"CĂMINUL CULTURAL DIN VALEA LUNGĂ","VALEA LUNGĂ",HD,89,5,3,0,8,5,3,0,8,7,4,0,11,8,6,0,14,18,9,0,27,26,9,0,35
89874,384,"CĂMINUL CULTURAL DINBACEA",BACEA,HD,307,3,1,0,4,8,3,0,11,14,4,0,18,18,4,0,22,53,9,0,62,74,10,0,84
89892,385,"CĂMINUL CULTURAL DINBRÎZNIC",BRÎZNIC,HD,183,2,1,0,3,9,7,0,16,15,12,0,27,18,13,0,31,47,21,0,68,63,27,0,90
89927,386,"CĂMINUL CULTURAL DINSĂCĂMAŞ",SĂCĂMAŞ,HD,174,0,0,0,0,4,0,0,4,6,2,0,8,8,3,0,11,28,3,0,31,37,6,0,43
89963,387,"CĂMINUL CULTURAL LĂPUGIU DE JOS","LĂPUGIU DE JOS",HD,381,2,2,0,4,5,3,0,8,11,5,0,16,12,6,0,18,53,23,0,76,62,29,0,91
90048,388,"CĂMINUL CULTURAL OHABA",OHABA,HD,406,3,2,0,5,14,2,0,16,23,7,0,30,33,8,0,41,113,33,0,146,145,73,0,218
90020,389,"CĂMINUL CULTURAL LĂPUGIU DE SUS","LĂPUGIU DE SUS",HD,306,3,0,0,3,7,2,0,9,17,7,0,24,26,7,0,33,86,18,0,104,133,24,0,157
90075,390,"PRIMARIA COMUNEI LELESE, SALA BIBLIONET",LELESE,HD,162,1,0,0,1,2,1,0,3,5,2,0,7,7,2,0,9,25,7,0,32,45,9,0,54
90084,391,"CĂMINUL CULTURAL CERIȘOR",CERIŞOR,HD,83,0,2,0,2,1,2,0,3,2,5,0,7,3,5,0,8,20,8,0,28,29,11,0,40
90093,392,"CAMIN CULTURAL RUNCU MARE","RUNCU MARE",HD,86,0,0,0,0,1,0,0,1,2,2,0,4,2,2,0,4,20,5,0,25,31,6,0,37
90128,393,"ŞCOALA GIMNAZIALĂ LUNCA CERNII DE JOS","LUNCA CERNII DE JOS",HD,382,0,0,0,0,2,0,0,2,4,3,0,7,6,3,0,9,60,7,0,67,108,17,0,125
90182,394,"CĂMIN CULTURAL NEGOIU",NEGOIU,HD,155,0,0,0,0,1,2,0,3,3,2,0,5,3,2,0,5,33,5,0,38,47,10,0,57
90173,395,"CĂMIN CULTURAL MERIA",MERIA,HD,223,2,0,0,2,5,0,0,5,9,1,0,10,12,1,0,13,22,3,0,25,41,6,0,47
90217,396,"CAMIN UL CULTURAL LUNCOIU DE JOS","LUNCOIU DE JOS",HD,886,4,0,0,4,16,1,0,17,25,1,0,26,32,1,0,33,104,5,0,109,187,15,0,202
90235,397,"ȘCOALA PRIMARĂ LUNCOIU DE SUS","LUNCOIU DE SUS",HD,631,3,4,0,7,10,4,0,14,17,6,0,23,25,7,0,32,84,15,0,99,144,18,0,162
90271,398,"SCOALA PRIMARA MĂRTINEŞTI",MĂRTINEŞTI,HD,233,4,3,0,7,9,5,0,14,12,9,0,21,12,9,0,21,39,14,0,53,55,23,0,78
90280,399,"CĂMIN CULTURAL DÎNCU MARE","DÎNCU MARE",HD,196,4,0,0,4,8,1,0,9,12,3,0,15,14,3,0,17,51,18,0,69,91,30,0,121
90299,400,"CAMIN CULTURAL DÂNCU MIC","DÎNCU MIC",HD,88,4,5,0,9,7,7,0,14,10,10,1,21,11,10,1,22,27,26,1,54,30,37,1,68
90306,401,"CAMIN CULTURAL JELEDINŢI",JELEDINŢI,HD,214,0,0,0,0,7,2,0,9,8,2,0,10,9,2,0,11,19,10,0,29,40,11,0,51
90324,402,"CAMIN CULTURAL TĂMĂŞASA",TĂMĂŞASA,HD,93,0,0,0,0,1,3,0,4,4,5,0,9,6,7,0,13,16,11,0,27,28,18,0,46
90351,403,"CAMIN CULTURAL ORASTIOARA DE SUS","ORĂŞTIOARA DE SUS",HD,408,2,0,0,2,3,0,0,3,13,3,0,16,15,3,0,18,41,4,0,45,70,11,0,81
90360,404,"CAMIN CULTURAL BUCIUM",BUCIUM,HD,269,1,0,0,1,8,0,0,8,13,0,0,13,21,3,0,24,58,12,0,70,88,14,0,102
90404,405,"SCOALA PRIMARA LUDESTII DE JOS","LUDEŞTII DE JOS",HD,284,2,1,0,3,6,5,0,11,7,5,0,12,23,5,0,28,64,8,0,72,76,11,0,87
90379,406,"CAMIN CULTURAL COSTESTI",COSTEŞTI,HD,425,7,1,0,8,10,15,0,25,16,15,0,31,29,15,0,44,58,32,0,90,85,40,0,125
90397,407,"SCOALA PRIMARA GRADISTE","GRĂDIŞTEA DE MUNTE",HD,138,0,0,0,0,2,1,0,3,4,4,0,8,5,4,0,9,34,7,0,41,46,11,0,57
90422,408,"SCOALA PRIMARA OCOLISU MIC","OCOLIŞU MIC",HD,303,6,0,0,6,13,1,0,14,13,2,0,15,18,3,0,21,55,8,0,63,68,16,0,84
90440,409,"ŞCOALA PRIMARĂ PESTIŞU MIC","PESTIŞU MIC",HD,178,4,0,0,4,10,0,0,10,21,1,0,22,22,1,0,23,56,1,0,57,69,3,0,72
90459,410,"CĂMINUL CULTURAL ALMAŞU MIC","ALMAŞU MIC",HD,55,1,3,0,4,4,7,0,11,5,8,0,13,5,8,0,13,6,10,0,16,9,10,0,19
90468,411,CĂMINULCULTURALCIULPĂZ,CIULPĂZ,HD,93,2,0,0,2,6,0,0,6,6,0,0,6,7,0,0,7,17,5,0,22,28,7,0,35
90495,412,"ȘCOALA PRIMARĂ JOSANI",JOSANI,HD,171,7,0,0,7,16,2,0,18,18,3,0,21,19,3,0,22,57,5,0,62,84,7,0,91
90501,413,"ȘCOALA PRIMARĂMĂNERĂU",MĂNERĂU,HD,246,8,0,0,8,21,0,0,21,30,6,0,36,34,6,0,40,70,11,0,81,90,13,0,103
90510,414,"ȘCOALA PRIMARĂ NANDRU",NANDRU,HD,139,3,0,0,3,7,4,0,11,13,5,0,18,16,5,0,21,52,12,0,64,58,15,0,73
90529,415,"ȘCOALA PRIMARĂ VALEA NANDRULUI","VALEA NANDRULUI",HD,124,1,1,0,2,4,1,0,5,8,1,0,9,8,1,0,9,23,6,0,29,34,9,0,43
90547,416,"ŞCOALA GIMNAZIALĂ PUI",PUI,HD,684,8,2,0,10,27,2,0,29,37,4,0,41,49,4,0,53,103,11,0,114,148,23,0,171
90636,417,"ŞCOALA PRIMARĂ RUŞOR",RUŞOR,HD,272,4,0,0,4,7,3,0,10,17,5,0,22,20,6,0,26,50,8,0,58,80,9,0,89
90556,418,"ŞCOALA PRIMARĂ BĂIEŞTI",BĂIEŞTI,HD,191,2,2,0,4,10,3,0,13,17,5,0,22,17,6,0,23,44,17,1,62,63,20,1,84
90583,419,"ŞCOALA PRIMARĂ GALAŢI",GALAŢI,HD,394,5,2,0,7,13,4,0,17,17,4,0,21,28,4,0,32,84,6,0,90,132,11,0,143
90574,420,"ŞCOALA PRIMARĂ FIZEŞTI",FIZEŞTI,HD,263,1,0,0,1,10,0,0,10,10,0,0,10,12,0,0,12,34,2,0,36,46,2,0,48
90645,421,"ŞCOALA PRIMARĂ ŞEREL",ŞEREL,HD,368,2,2,0,4,3,4,0,7,12,4,0,16,15,4,0,19,76,6,0,82,115,17,0,132
90627,422,"CĂMIN CULTURAL RÎU-BĂRBAT","RÎU BĂRBAT",HD,152,0,0,0,0,9,0,0,9,9,0,0,9,12,0,0,12,33,7,0,40,39,9,0,48
90592,423,"ŞCOALA PRIMARĂ HOBIŢA",HOBIŢA,HD,145,3,0,0,3,5,0,0,5,6,0,0,6,12,0,0,12,44,0,0,44,55,6,0,61
90654,424,"ŞCOALA PRIMARĂ URIC",URIC,HD,255,3,1,0,4,10,4,0,14,18,5,0,23,26,6,0,32,97,13,0,110,120,15,0,135
90618,425,"ŞCOALA PRIMARĂ PONOR",PONOR,HD,368,3,4,0,7,3,4,0,7,6,4,0,10,6,4,0,10,40,4,0,44,79,7,0,86
90609,426,"ŞCOALA PRIMARĂ OHABA PONOR",OHABA-PONOR,HD,210,1,0,0,1,3,0,0,3,3,0,0,3,5,0,0,5,6,3,0,9,31,6,0,37
90565,427,"ŞCOALA PRIMARĂ FEDERI",FEDERI,HD,201,1,0,0,1,5,0,0,5,5,3,0,8,8,4,0,12,21,4,0,25,32,5,0,37
90690,428,"CAMIN CULTURAL",BOIU,HD,131,5,0,0,5,5,2,0,7,9,2,0,11,13,5,0,18,40,8,0,48,50,13,0,63
90681,429,"CAMIN CULTURAL",BOBÎLNA,HD,396,1,1,0,2,4,3,0,7,14,7,0,21,22,7,0,29,60,16,0,76,87,20,0,107
90707,430,"CAMIN CULTURAL",FOLT,HD,137,2,0,0,2,2,1,0,3,4,1,0,5,6,4,0,10,18,9,0,27,25,9,0,34
90716,431,"CAMIN CULTURAL",RAPOLŢEL,HD,183,1,1,0,2,6,2,0,8,7,2,0,9,10,2,0,12,20,7,0,27,29,10,0,39
90672,432,"PRIMARIA RAPOLTU MARE","RAPOLTU MARE",HD,764,5,0,0,5,7,0,0,7,11,0,0,11,18,2,0,20,80,8,0,88,137,11,0,148
90734,433,"CAMINUL CULTURAL RĂCHITOVA",RĂCHITOVA,HD,537,10,0,0,10,26,3,0,29,43,9,0,52,57,9,0,66,158,27,0,185,248,42,0,290
90743,434,"SCOALA PRIMARA BOIȚA",BOIŢA,HD,365,6,0,0,6,17,2,0,19,31,2,0,33,34,3,0,37,104,9,0,113,145,14,0,159
90798,435,"SCOALA PRIMARA VĂLIOARA",VĂLIOARA,HD,191,2,0,0,2,3,3,0,6,9,8,0,17,13,10,0,23,53,21,0,74,97,24,0,121
90887,436,"ŞCOALA GENERALĂ RÎU DE MORI","RÂU DE MORI",HD,841,12,1,0,13,23,5,0,28,41,5,0,46,67,11,0,78,213,16,0,229,295,20,0,315
90903,437,"ȘCOALA PRIMARĂ CLOPOTIVA",CLOPOTIVA,HD,693,6,1,0,7,12,2,0,14,27,13,0,40,47,15,0,62,171,26,0,197,227,29,0,256
90921,438,"CĂMINUL CULTURAL OSTROV",OSTROV,HD,379,0,0,0,0,7,1,0,8,14,1,0,15,19,1,0,20,76,6,0,82,127,11,0,138
90985,439,"CĂMINUL CULTURALVALEA DÎLJII","VALEA DÎLJII",HD,192,2,0,0,2,8,0,0,8,17,0,0,17,19,3,0,22,71,8,0,79,101,13,0,114
90976,440,"ȘCOALA PRIMARĂ UNCIUC",UNCIUC,HD,181,0,5,0,5,7,5,0,12,10,6,0,16,13,6,0,19,49,16,0,65,88,19,0,107
90958,441,"ȘCOALA PRIMARĂ SIBIȘEL",SIBIŞEL,HD,307,3,3,0,6,5,11,0,16,20,11,0,31,26,11,0,37,76,20,0,96,135,25,0,160
90814,442,"CĂMINUL CULTURAL RIBIŢA",RIBIŢA,HD,514,5,1,0,6,16,2,0,18,17,4,0,21,23,4,0,27,77,10,0,87,125,17,0,142
90823,443,"CĂMINUL CULTURAL CRIŞANCLADIRE PARTER",CRIŞAN,HD,359,4,0,0,4,32,13,0,45,33,13,0,46,45,15,0,60,99,19,0,118,129,22,0,151
90832,444,"ŞCOALA PRIMARĂ DUMBRAVA DE JOS","DUMBRAVA DE JOS",HD,142,0,0,0,0,2,0,0,2,6,4,0,10,6,4,0,10,18,6,0,24,47,11,0,58
90841,445,"ŞCOALA PRIMARĂ DUMBRAVA DE SUS","DUMBRAVA DE SUS",HD,56,1,0,0,1,3,2,0,5,4,2,0,6,4,3,0,7,10,8,0,18,16,17,0,33
90869,446,"CĂMINUL CULTURAL UIBĂREŞTI",UIBĂREŞTI,HD,60,3,5,0,8,3,6,0,9,6,6,0,12,6,6,0,12,17,6,0,23,22,7,0,29
91009,447,"SCOALA PRIMARA ROMOS",ROMOS,HD,975,4,1,0,5,21,4,0,25,34,5,0,39,35,12,0,47,117,16,0,133,167,21,0,188
91036,448,"SCOALA PRIMARA ROMOSEL",ROMOŞEL,HD,591,3,3,0,6,7,3,0,10,9,3,0,12,17,3,0,20,61,5,0,66,80,5,0,85
91045,449,"SCOALA PRIMARA VAIDEI",VAIDEI,HD,509,3,3,0,6,12,6,0,18,19,11,0,30,23,11,0,34,52,22,0,74,80,24,0,104
91027,450,"SCOALA PRIMARA PISCHINTI",PIŞCHINŢI,HD,184,2,2,0,4,7,5,0,12,11,6,0,17,19,6,0,25,38,11,0,49,42,11,0,53
91063,451,"CAMINUL CULTURAL SARMIZEGETUSA",SARMIZEGETUSA,HD,465,10,1,0,11,25,2,0,27,42,5,0,47,61,5,0,66,147,25,33,205,229,34,33,296
91072,452,"SCOALA PRIMARA BREAZOVA",BREAZOVA,HD,153,7,3,0,10,28,4,0,32,30,6,0,36,32,6,0,38,67,11,0,78,103,13,5,121
91081,453,"SCOALA PRIMARA HOBITA-GRADISTE",HOBIŢA-GRĂDIŞTE,HD,110,4,1,0,5,12,1,0,13,17,3,0,20,20,3,0,23,48,4,0,52,56,6,7,69
91090,454,"CAMINUL CULTURAL PAUCINESTI",PĂUCINEŞTI,HD,149,0,0,0,0,8,2,0,10,11,3,0,14,12,3,0,15,39,5,0,44,77,9,9,95
91107,455,"CAMINUL CULTURAL ZEICANI",ZEICANI,HD,106,3,0,0,3,11,5,0,16,12,9,0,21,14,10,0,24,26,13,4,43,52,18,4,74
91125,456,"CĂMINUL CULTURAL","SĂLAŞU DE SUS",HD,424,9,4,0,13,20,6,0,26,36,7,0,43,47,14,0,61,119,27,0,146,165,31,0,196
91214,457,"ŞCOALA PRIMARĂ SĂLAŞU DE JOS","SĂLAŞU DE JOS",HD,196,1,0,0,1,5,1,0,6,12,2,0,14,17,2,0,19,54,8,0,62,66,15,0,81
91161,458,"ŞCOALA GENERALĂ OHABA DE SUB PIATRĂ","OHABA DE SUB PIATRĂ",HD,163,3,3,0,6,14,4,0,18,17,6,0,23,19,6,0,25,39,10,0,49,60,20,0,80
91198,459,"ŞCOALA PRIMARĂ RÎU ALB","RÎU ALB",HD,163,2,0,0,2,9,3,0,12,10,3,0,13,20,3,0,23,48,8,0,56,67,9,0,76
91134,460,"CĂMIN CULTURAL COROIEŞTI",COROIEŞTI,HD,150,6,0,0,6,12,0,0,12,21,3,0,24,35,6,0,41,60,9,0,69,72,14,0,86
91170,461,"ŞCOALA GENERALĂ PAROŞ",PAROŞ,HD,272,1,0,0,1,7,0,0,7,11,0,0,11,19,0,0,19,63,9,0,72,102,17,0,119
91152,462,"ŞCOALA PRIMARĂ NUCŞOARA",NUCŞOARA,HD,242,2,1,0,3,3,1,0,4,4,1,0,5,9,1,0,10,40,2,0,42,62,3,0,65
91143,463,"CĂMIN CULTURAL MĂLĂIEŞTI",MĂLĂIEŞTI,HD,124,1,0,0,1,6,2,0,8,10,2,0,12,12,2,0,14,21,6,0,27,48,6,0,54
91223,464,"CĂMIN CULTURAL ZĂVOI",ZĂVOI,HD,105,6,0,0,6,6,1,0,7,11,1,0,12,11,1,0,12,23,2,0,25,31,6,0,37
91205,465,"ŞCOALA PRIMARĂ RÎU MIC","RÎU MIC",HD,143,0,0,0,0,2,0,0,2,5,0,0,5,10,2,0,12,44,5,0,49,56,7,0,63
91241,466,"CĂMINUL CULTURAL SÎNTĂMĂRIA-ORLEA",SÂNTĂMĂRIA-ORLEA,HD,635,2,0,0,2,22,0,0,22,33,0,0,33,44,0,0,44,119,0,0,119,187,14,2,203
91312,467,"ŞCOALA PRIMARĂ SUBCETATE",SUBCETATE,HD,480,1,0,0,1,17,4,0,21,28,5,0,33,35,5,0,40,99,12,0,111,135,17,4,156
91278,468,"CĂMINUL CULTURAL BUCIUM",BUCIUM-ORLEA,HD,175,0,1,0,1,7,3,0,10,9,4,0,13,17,4,0,21,52,7,0,59,75,9,5,89
91250,469,"CĂMINUL CULTURAL BALOMIR",BALOMIR,HD,269,7,0,0,7,16,1,0,17,27,3,0,30,37,3,0,40,90,6,4,100,138,7,4,149
91287,470,"ŞCOALA PRIMARĂ CIOPEIA",CIOPEIA,HD,327,2,2,0,4,7,2,0,9,11,2,0,13,15,2,0,17,55,3,0,58,100,7,0,107
91269,471,"ŞCOALA PRIMARĂ BĂRĂŞTII-HAŢEGULUI","BĂRĂŞTII HAŢEGULUI",HD,316,3,2,0,5,11,3,0,14,22,5,0,27,28,5,0,33,70,9,2,81,111,20,2,133
91296,472,ŞCOALASĂCEL,SĂCEL,HD,227,3,3,0,6,9,5,0,14,13,6,0,19,14,6,0,20,60,12,0,72,83,17,0,100
91303,473,"CĂMINUL CULTURAL SÎNPETRU",SÎNPETRU,HD,201,3,3,0,6,15,4,0,19,22,8,0,30,32,9,0,41,92,12,3,107,108,18,3,129
91349,474,"CĂMIN CULTURAL,SAT ŞOIMUŞ NR. 310",ŞOIMUŞ,HD,1088,7,3,0,10,26,5,0,31,39,9,0,48,66,13,0,79,199,38,0,237,235,48,0,283
91358,475,"CĂMIN CULTURAL,SAT BĂLATA NR. 37",BĂLATA,HD,357,4,6,0,10,12,8,0,20,17,9,0,26,21,9,0,30,69,22,0,91,80,27,0,107
91367,476,"CĂMIN CULTURAL SAT BOHOLT,NR. 39",BOHOLŢ,HD,271,3,0,0,3,6,0,0,6,8,7,0,15,15,7,0,22,33,17,0,50,43,22,0,65
91410,477,"CĂMIN CULTURAL SAT FORNĂDIA, NR. 71",FORNĂDIA,HD,179,4,0,0,4,7,0,0,7,11,1,0,12,11,1,0,12,30,3,0,33,43,8,0,51
91438,478,"ŞCOALA PRIMARĂ SATSULIGHETE NR. 88",SULIGHETE,HD,233,0,0,0,0,1,0,0,1,3,0,0,3,4,0,0,4,25,9,0,34,37,11,0,48
91429,479,"CĂMIN CULTURAL , SAT PĂULIŞ, NR. 61",PĂULIŞ,HD,563,3,1,0,4,7,2,0,9,14,3,0,17,22,3,0,25,83,8,0,91,116,8,0,124
91401,480,"CĂMIN CULTURAL SATCHIŞCĂDAGA, NR. 94",CHIŞCĂDAGA,HD,301,4,0,0,4,5,1,0,6,9,1,0,10,16,1,0,17,37,3,0,40,49,4,0,53
86945,481,"PRIMARIA COMUNEI TELIUCU INFERIOR","TELIUCU INFERIOR",HD,1197,10,1,0,11,40,4,0,44,61,9,0,70,93,10,0,103,223,16,0,239,306,23,0,329
86954,482,"CASA TINERETULUI CINCIȘAN",CINCIŞ-CERNA,HD,550,14,2,0,16,43,8,0,51,72,10,0,82,90,12,0,102,200,30,0,230,262,38,0,300
86963,483,"CAMIN CULTURAL",IZVOARELE,HD,76,3,1,0,4,10,1,0,11,16,3,0,19,17,3,0,20,29,8,0,37,34,15,0,49
86972,484,"CAMIN CULTURALSI RECREATIV PLOSCA","TELIUCU SUPERIOR",HD,268,5,3,0,8,9,3,0,12,12,3,0,15,12,3,0,15,46,4,0,50,68,6,0,74
91483,485,"CĂMIN CULTURAL",LIVADA,HD,97,1,0,0,1,2,0,0,2,4,0,0,4,4,0,0,4,19,0,0,19,28,4,0,32
91456,486,"CĂMINUL CULTURAL TOMEŞTI",TOMEŞTI,HD,439,1,0,0,1,6,0,0,6,15,2,0,17,19,2,0,21,100,10,0,110,144,15,0,159
91465,487,"CĂMIN CULTURAL DOBROŢ",DOBROŢ,HD,332,1,0,0,1,5,0,0,5,7,0,0,7,10,4,0,14,41,9,0,50,60,12,0,72
91544,488,CAMINULCULTURALTOPLITA,TOPLIŢA,HD,154,2,0,0,2,7,2,0,9,8,3,0,11,9,3,0,12,35,5,0,40,48,13,0,61
91599,489,SCOALAPRIMARAHASDAU,HĂŞDĂU,HD,303,5,1,0,6,10,1,0,11,16,4,0,20,19,5,0,24,69,10,0,79,96,14,0,110
91571,490,CAMINULCULTURALDABICA,DĂBÎCA,HD,130,0,0,0,0,5,2,0,7,5,2,0,7,6,2,0,8,29,6,0,35,37,7,0,44
91562,491,CAMINULCULTURALDEALUMIC,"DEALU MIC",HD,42,3,2,0,5,3,4,0,7,4,7,0,11,4,7,0,11,10,7,0,17,14,9,0,23
91615,492,"CĂMIN CULTURAL VĂLARI",VĂLARI,HD,29,0,0,0,0,5,4,0,9,5,6,0,11,5,6,0,11,11,7,0,18,15,10,0,25
91633,493,"CAMIN CULTURAL TOTESTI",TOTEŞTI,HD,333,7,0,0,7,20,0,0,20,33,1,0,34,47,2,0,49,147,13,9,169,196,14,9,219
91642,494,"CAMINUL CULTURAL CIRNESTI",CÎRNEŞTI,HD,383,8,0,0,8,12,0,6,18,25,0,6,31,34,2,6,42,118,9,6,133,203,18,6,227
91660,495,"SCOALA PRIMARA PACLISA",PĂCLIŞA,HD,510,18,6,0,24,49,18,0,67,72,18,20,110,105,38,20,163,275,46,20,341,285,64,20,369
91679,496,"SCOALA PRIMARA REEA",REEA,HD,347,7,0,0,7,14,5,0,19,39,7,1,47,53,7,1,61,131,15,1,147,194,18,1,213
91697,497,"CĂMINUL CULTURAL TURDAŞ",TURDAŞ,HD,412,11,0,0,11,33,1,0,34,42,2,2,46,56,8,2,66,88,18,2,108,109,21,2,132
91704,498,"CĂMINUL CULTURAL PRICAZ",PRICAZ,HD,1028,15,1,0,16,21,5,0,26,37,7,0,44,53,7,0,60,153,13,0,166,210,16,0,226
91722,499,"ŞCOALA PRIMARĂ SPINI",SPINI,HD,247,2,0,0,2,2,2,0,4,8,4,0,12,8,4,0,12,23,4,0,27,33,7,0,40
91802,500,"SCOALA GIMNAZIALA VAŢA DE JOS","VAŢA DE JOS",HD,878,2,4,0,6,19,4,0,23,24,5,0,29,36,5,0,41,118,16,0,134,158,16,0,174
91848,501,"ŞCOALA PRIMARA",CĂZĂNEŞTI,HD,164,0,0,0,0,0,2,0,2,2,3,0,5,4,3,0,7,6,3,0,9,15,5,0,20
91820,502,"ŞCOALA PRIMARA",BIRTIN,HD,250,7,2,0,9,13,3,0,16,22,3,0,25,29,4,0,33,48,5,0,53,76,9,0,85
91884,503,"ŞCOALA PRIMARA",PRĂVĂLENI,HD,230,1,0,0,1,3,0,0,3,10,0,0,10,10,0,0,10,26,0,0,26,38,2,0,40
91857,504,"ŞCOALA PRIMARA",CIUNGANI,HD,200,4,1,0,5,4,1,0,5,4,1,0,5,6,1,0,7,18,2,0,20,26,3,0,29
91893,505,"ŞCOALA PRIMARA PRIHODIŞTE",PRIHODIŞTE,HD,318,2,0,0,2,6,0,0,6,11,1,0,12,12,1,0,13,61,5,0,66,91,6,0,97
91919,506,"ŞCOALA PRIMARA TÎRNAVA DE CRIŞ","TÎRNAVA DE CRIŞ",HD,670,4,0,0,4,12,4,0,16,16,4,0,20,17,4,0,21,64,6,0,70,107,9,0,116
91866,507,"ŞCOALA PRIMARA OCIU",OCIU,HD,406,5,0,0,5,10,2,0,12,10,4,0,14,11,5,0,16,43,8,0,51,69,11,0,80
91946,508,"CĂMINUL CULTURAL VĂLIŞOARA",VĂLIŞOARA,HD,617,4,0,0,4,9,0,0,9,13,3,0,16,27,5,0,32,89,9,0,98,126,19,0,145
91955,509,"CĂMINUL CULTURAL DEALU MARE","DEALU MARE",HD,162,1,0,0,1,6,1,0,7,15,2,0,17,18,5,0,23,35,8,0,43,43,10,0,53
91964,510,"CĂMINUL CULTURAL SĂLIŞTIOARA",SĂLIŞTIOARA,HD,237,4,0,0,4,12,4,0,16,13,4,0,17,18,4,0,22,61,6,0,67,72,7,0,79
91991,511,"CĂMINUL CULTURAL VEŢEL",VEŢEL,HD,896,4,0,0,4,20,7,0,27,29,11,0,40,41,11,0,52,124,33,0,157,196,48,0,244
92051,512,"CĂMINUL CULTURAL MINTIA",MINTIA,HD,878,6,2,0,8,35,3,0,38,51,4,0,55,58,5,0,63,115,9,0,124,142,13,0,155
92042,513,"ȘCOALA PRIMARĂ LEȘNIC",LEŞNIC,HD,463,8,0,0,8,16,3,0,19,29,6,0,35,40,10,0,50,70,17,0,87,120,37,0,157
92079,514,"ŞCOALA PRIMARĂ MUNCELU MIC","MUNCELU MIC",HD,100,3,5,0,8,5,5,0,10,6,5,0,11,6,5,0,11,13,9,0,22,23,11,0,34
92060,515,"CĂMIN CULTURAL MUNCELU MARE","MUNCELU MARE",HD,66,0,0,0,0,3,7,0,10,5,12,0,17,5,12,0,17,15,14,0,29,18,14,0,32
92104,516,"CENTRUL DE INFORMARE TURISTICA VORTA",VORŢA,HD,133,2,0,0,2,5,0,0,5,8,0,0,8,11,3,0,14,33,9,0,42,42,15,0,57
92168,517,"CAMINUL CULTURAL VISCA",VISCA,HD,301,5,3,0,8,10,3,0,13,14,3,0,17,26,4,0,30,77,8,0,85,100,11,0,111
92159,518,"SCOALA PRIMARA VALEA POIENII","VALEA POIENII",HD,116,0,0,0,0,1,0,0,1,5,0,0,5,6,0,0,6,19,6,0,25,38,15,0,53
92122,519,"IMOBILUL NR 9 DIN SATUL COAJA",COAJA,HD,106,1,0,0,1,1,0,0,1,4,0,0,4,5,0,0,5,19,3,0,22,26,5,0,31
92186,520,"CĂMINUL CULTURAL ZAM",ZAM,HD,554,3,0,0,3,13,3,0,16,21,8,0,29,31,17,0,48,90,32,0,122,127,45,0,172
92266,521,"ŞCOALA PRIMARĂ POGĂNEŞTI",POGĂNEŞTI,HD,217,2,6,0,8,5,8,0,13,6,9,0,15,10,9,0,19,32,12,0,44,42,16,0,58
92202,522,"CĂMINUL CULTURAL ALMAŞ SĂLIŞTE",ALMAŞ-SĂLIŞTE,HD,124,0,0,0,0,0,0,0,0,0,0,0,0,0,0,0,0,3,0,0,3,7,0,0,7
92248,523,"CĂMINUL CULTURAL GODINEŞTI",GODINEŞTI,HD,105,0,1,0,1,3,3,0,6,5,3,0,8,5,4,0,9,14,4,0,18,21,6,0,27
92284,524,"CĂMINUL CULTURAL SĂLCIVA",SĂLCIVA,HD,390,7,0,0,7,15,0,0,15,17,0,0,17,23,4,0,27,41,10,0,51,59,17,0,76
83339,1,"TEATRUL MUNICIPAL ""CSIKI JÁTÉKSZÍN"" MIERCUREA-CIUC","MIERCUREA CIUC",HR,1557,11,5,0,16,46,5,0,51,65,14,0,79,70,16,0,86,142,18,0,160,180,23,0,203
83339,2,"LICEUL DE ARTE ”NAGY ISTVÁN” MIERCUREA-CIUC","MIERCUREA CIUC",HR,1583,4,0,0,4,42,3,0,45,55,3,0,58,65,3,0,68,165,4,0,169,214,8,0,222
83339,3,"CASA DE CULTURĂ A SINDICATELOR MIERCUREA-CIUC","MIERCUREA CIUC",HR,1600,4,3,0,7,37,11,0,48,54,15,0,69,57,15,0,72,117,24,0,141,160,29,0,189
83339,4,"ȘCOALA GIMNAZIALĂ ”NAGY IMRE” MIERCUREA-CIUC","MIERCUREA CIUC",HR,1584,1,0,0,1,26,0,0,26,40,0,0,40,42,0,0,42,128,7,0,135,163,8,0,171
83339,5,"ŞCOALA GIMNAZIALĂ „NAGY IMRE” MIERCUREA-CIUC","MIERCUREA CIUC",HR,1658,4,2,0,6,38,2,0,40,55,5,0,60,60,5,0,65,124,11,0,135,177,14,0,191
83339,6,"SALA DE SPORT „ERŐSS ZSOLT ARÉNA” MIERCUREA-CIUC","MIERCUREA CIUC",HR,1700,12,0,0,12,30,0,0,30,45,0,0,45,52,0,0,52,118,8,0,126,160,15,0,175
83339,7,"ȘCOALA GIMNAZIALĂ ”PETŐFI SÁNDOR” MIERCUREA-CIUC","MIERCUREA CIUC",HR,1449,4,0,0,4,28,1,0,29,47,5,0,52,56,8,0,64,124,20,0,144,163,21,0,184
83339,8,"ȘCOALA GIMNAZIALĂ ”PETŐFI SÁNDOR” MIERCUREA-CIUC","MIERCUREA CIUC",HR,1472,2,0,0,2,24,2,0,26,34,7,0,41,52,7,0,59,98,10,0,108,128,17,0,145
83339,9,"ȘCOALA GIMNAZIALĂ ”LIVIU REBREANU” MIERCUREA-CIUC","MIERCUREA CIUC",HR,1615,9,0,0,9,36,6,0,42,56,9,0,65,62,10,0,72,138,14,0,152,185,17,0,202
83339,10,"GRĂDINIŢA „NAPRAFORGÓ” MIERCUREA-CIUC","MIERCUREA CIUC",HR,1498,6,0,0,6,43,4,0,47,55,6,0,61,68,6,0,74,153,8,0,161,186,10,0,196
83339,11,"S.C. GOSCOM S.A MIERCUREA-CIUC","MIERCUREA CIUC",HR,1546,5,1,0,6,19,1,0,20,23,1,0,24,27,1,0,28,72,1,0,73,101,5,0,106
83339,12,"ȘCOALAGIMNAZIALĂ ”JÓZSEF ATTILA” MIERCUREA-CIUC","MIERCUREA CIUC",HR,1451,13,3,0,16,44,13,166,223,59,21,166,246,74,25,166,265,152,29,166,347,201,29,166,396
83339,13,"ȘCOALAGIMNAZIALĂ ”JÓZSEF ATTILA” MIERCUREA-CIUC","MIERCUREA CIUC",HR,1545,6,0,0,6,26,2,0,28,41,2,0,43,52,2,0,54,113,3,3,119,146,5,3,154
83339,14,"ȘCOALAGIMNAZIALĂ ”JÓZSEF ATTILA” MIERCUREA-CIUC","MIERCUREA CIUC",HR,1672,3,0,0,3,34,1,0,35,42,2,0,44,54,4,0,58,129,10,0,139,158,14,0,172
83339,15,"SALA DE SPORT A ȘCOLII GIMNAZIALE ”JÓZSEF ATTILA” MIERCUREA-CIUC","MIERCUREA CIUC",HR,1631,3,0,0,3,23,3,0,26,33,3,0,36,36,3,0,39,122,15,0,137,160,24,0,184
83339,16,"SALA DE SPORT A ȘCOLII GIMNAZILAE ”JÓZSEF ATTILA” MIERCUREA-CIUC","MIERCUREA CIUC",HR,1575,4,0,0,4,29,6,0,35,43,8,0,51,51,8,0,59,135,11,0,146,188,15,0,203
83339,17,"GRĂDINIŢA ”ARANYALMA” MIERCUREA-CIUC","MIERCUREA CIUC",HR,1693,6,5,0,11,28,5,0,33,53,5,0,58,64,5,0,69,119,7,0,126,150,15,0,165
83339,18,"LICEUL TEHNOLIGIC ”SZÉKELY KÁROLY” MIERCUREA-CIUC","MIERCUREA CIUC",HR,1479,4,1,0,5,19,2,0,21,33,2,0,35,37,4,0,41,76,4,0,80,105,4,0,109
83339,19,"LICEUL TEHNOLIGIC ”SZÉKELY KÁROLY” MIERCUREA-CIUC","MIERCUREA CIUC",HR,1459,5,1,0,6,18,2,0,20,25,3,0,28,28,3,0,31,85,7,0,92,122,10,0,132
83339,20,"ŞCOALA GIMNAZIALĂ ""XANTUS JANOS"" MIERCUREA-CIUC","MIERCUREA CIUC",HR,1211,2,0,0,2,11,0,0,11,24,0,0,24,52,1,0,53,104,2,0,106,131,2,0,133
83339,21,"SEDIUL ASOCIAȚIEI ”CSÍKSOMLYÓ” MIERCUREA-CIUC","MIERCUREA CIUC",HR,1785,7,2,0,9,31,3,0,34,47,6,0,53,61,6,0,67,132,8,0,140,160,11,0,171
83339,22,"CASA DE CULTURĂ TOPLIȚA MIERCUREA-CIUC","MIERCUREA CIUC",HR,1572,9,0,0,9,22,0,0,22,38,3,0,41,59,3,0,62,160,4,0,164,195,7,0,202
83357,23,"ȘCOALA GIMNAZIALĂ ”XÁNTUS JÁNOS” HARGHITA-BĂI MIERCUREA-CIUC",HARGHITA-BĂI,HR,190,1,1,0,2,1,2,0,3,2,2,0,4,3,2,0,5,5,7,0,12,7,7,0,14
83570,24,"ŞCOALA GIMNAZIALĂ ""KÓS KÁROLY""",GHEORGHENI,HR,1891,4,0,0,4,26,1,0,27,39,1,0,40,42,1,0,43,111,5,0,116,143,9,0,152
83570,25,"ŞCOALA GIMNAZIALĂ ""KÓS KÁROLY""",GHEORGHENI,HR,1764,3,0,0,3,21,0,0,21,26,1,0,27,27,1,0,28,92,6,0,98,135,9,0,144
83570,26,"ŞCOALA GIMNAZIALĂ ""KÓS KÁROLY""",GHEORGHENI,HR,1840,1,0,0,1,26,2,0,28,40,2,0,42,46,2,0,48,121,12,0,133,174,12,0,186
83570,27,"ŞCOALA GIMNAZIALĂ ""VASKERTES""",GHEORGHENI,HR,1745,4,2,0,6,26,3,0,29,36,4,0,40,41,4,0,45,115,8,0,123,153,12,0,165
83570,28,"ŞCOALA GIMNAZIALĂ ""VASKERTES""",GHEORGHENI,HR,1717,6,0,0,6,35,4,0,39,47,5,0,52,52,5,0,57,106,7,0,113,141,8,0,149
83570,29,"ŞCOALA GIMNAZIALĂ ""VASKERTES""",GHEORGHENI,HR,1894,11,1,0,12,29,1,0,30,34,1,0,35,45,1,0,46,132,3,0,135,182,7,0,189
83570,30,"LICEUL TEORETIC ""SALAMON ERNŐ""",GHEORGHENI,HR,1784,7,0,0,7,30,7,0,37,43,11,0,54,55,13,0,68,124,28,0,152,167,38,0,205
83570,31,"LICEUL TEHNOLOGIC ”FOGARASY MIHÁLY”",GHEORGHENI,HR,1809,6,1,0,7,21,3,0,24,35,4,0,39,41,4,0,45,128,12,0,140,151,22,0,173
83570,32,"COLEGIUL TEHNIC ""BATTHYÁNY IGNÁC""",GHEORGHENI,HR,1964,1,0,0,1,16,0,0,16,23,0,0,23,31,0,0,31,100,7,0,107,141,7,0,148
83598,33,"CORP DE CLĂDIRE CU20 DE APARTAMENTE","LACU ROŞU",HR,77,0,1,0,1,0,7,0,7,2,10,0,12,2,12,0,14,7,16,0,23,13,23,0,36
83142,34,"COLEGIUL TEHNIC ,,BÁNYAIJÁNOS""","ODORHEIU SECUIESC",HR,1497,2,1,0,3,10,4,0,14,29,4,0,33,34,4,0,38,87,5,0,92,111,5,0,116
83142,35,"COLEGIUL TEHNIC ,,BÁNYAIJÁNOS""","ODORHEIU SECUIESC",HR,1488,2,1,0,3,13,3,0,16,23,11,0,34,25,11,0,36,74,12,0,86,94,16,0,110
83142,36,"GRĂDINIŢA ,,ZSIBONGÓ""","ODORHEIU SECUIESC",HR,1301,3,0,0,3,30,6,0,36,44,9,0,53,49,10,0,59,109,15,0,124,145,18,0,163
83142,37,"COLEGIUL REFORMAT ""BACZKAMADARASI KIS GERGELY""","ODORHEIU SECUIESC",HR,1468,7,1,0,8,20,5,0,25,33,6,0,39,43,6,0,49,98,10,0,108,126,11,0,137
83142,38,"COLEGIUL REFORMAT ""BACZKAMADARASI KIS GERGELY""","ODORHEIU SECUIESC",HR,1131,0,0,0,0,8,5,0,13,13,5,0,18,18,9,0,27,40,15,0,55,62,20,0,82
83142,39,"CASĂ DE CULTURĂ","ODORHEIU SECUIESC",HR,1413,8,1,0,9,39,8,0,47,52,15,0,67,62,18,0,80,129,30,0,159,169,34,0,203
83142,40,"LICEUL TEHNOLOGIC ,,KÓS KÁROLY""","ODORHEIU SECUIESC",HR,1595,4,2,0,6,12,2,0,14,21,4,0,25,24,4,0,28,144,7,0,151,200,10,0,210
83142,41,"LICEUL TEHNOLOGIC ,,KÓS KÁROLY""","ODORHEIU SECUIESC",HR,1601,1,0,0,1,18,0,0,18,20,0,0,20,36,0,0,36,135,0,0,135,198,2,0,200
83142,42,"IMOBILUL DIN STRADA BETHLEN GÁBOR NR. 50","ODORHEIU SECUIESC",HR,1343,7,0,0,7,26,5,0,31,41,6,0,47,46,6,0,52,98,7,0,105,125,11,0,136
83142,43,"ŞCOALA GIMNAZIALĂ ,,ORBÁN BALÁZS""","ODORHEIU SECUIESC",HR,1441,6,0,0,6,26,0,0,26,36,0,0,36,42,0,0,42,109,0,0,109,132,1,0,133
83142,44,"ŞCOALA GIMNAZIALĂ ,,ORBÁN BALÁZS""","ODORHEIU SECUIESC",HR,1234,3,0,0,3,19,0,0,19,29,1,0,30,38,1,0,39,61,1,0,62,83,4,0,87
83142,45,"ŞCOALA GIMNAZIALĂ ,,ORBÁN BALÁZS""","ODORHEIU SECUIESC",HR,1095,1,0,0,1,16,0,0,16,22,0,0,22,28,0,0,28,81,5,0,86,115,5,0,120
83142,46,"ŞCOALA GIMNAZIALĂ ,,BETHLEN GÁBOR""","ODORHEIU SECUIESC",HR,1407,4,0,0,4,15,0,0,15,36,0,0,36,46,0,0,46,91,2,0,93,124,6,0,130
83142,47,"ŞCOALA GIMNAZIALĂ ,,BETHLEN GÁBOR""","ODORHEIU SECUIESC",HR,1408,1,0,0,1,7,0,0,7,17,0,0,17,20,0,0,20,89,0,0,89,108,0,0,108
83142,48,"ŞCOALA GIMNAZIALĂ ,,BETHLEN GÁBOR""","ODORHEIU SECUIESC",HR,1358,13,0,0,13,32,0,0,32,41,0,0,41,48,0,0,48,98,0,0,98,128,5,0,133
83142,49,"ŞCOALA GIMNAZIALĂ ,,BETHLEN GÁBOR""","ODORHEIU SECUIESC",HR,1475,4,4,0,8,17,5,0,22,22,5,0,27,26,5,0,31,102,9,0,111,144,10,0,154
83142,50,"ŞCOALA GIMNAZIALĂ ,,BETHLEN GÁBOR""","ODORHEIU SECUIESC",HR,1462,4,0,0,4,21,0,0,21,33,0,0,33,36,4,0,40,77,7,0,84,89,7,0,96
83142,51,"ŞCOALA GIMNAZIALĂ ,,MÓRA FERENC""","ODORHEIU SECUIESC",HR,1567,0,0,0,0,13,0,0,13,31,1,0,32,35,1,0,36,106,3,0,109,136,7,0,143
83142,52,"ŞCOALA GIMNAZIALĂ ,,MÓRA FERENC""","ODORHEIU SECUIESC",HR,1542,0,0,0,0,2,0,0,2,13,0,0,13,19,3,0,22,72,3,0,75,138,4,0,142
83142,53,"ŞCOALA GIMNAZIALĂ ,,MÓRA FERENC""","ODORHEIU SECUIESC",HR,1549,0,1,0,1,5,1,0,6,15,1,0,16,20,1,0,21,78,1,0,79,109,1,0,110
83142,54,"ŞCOALA GIMNAZIALĂ ,,MÓRA FERENC""","ODORHEIU SECUIESC",HR,1608,2,2,0,4,13,2,0,15,19,2,0,21,24,2,0,26,73,2,0,75,110,2,0,112
83142,55,"CLUBUL CASEI DE CULTURĂ BECLEAN","ODORHEIU SECUIESC",HR,1590,1,1,0,2,12,3,0,15,26,8,0,34,31,8,0,39,206,14,0,220,276,16,0,292
83641,56,"ŞCOALA GIMNAZIALĂ ""MIRON CRISTEA"" TOPLIŢA",TOPLIŢA,HR,1510,5,0,0,5,17,0,0,17,24,2,0,26,31,4,0,35,82,9,0,91,115,10,0,125
83641,57,"ŞCOALA GIMNAZIALĂ ""MIRON CRISTEA"" TOPLIŢA",TOPLIŢA,HR,1597,4,0,0,4,32,8,0,40,39,9,0,48,52,9,0,61,131,12,0,143,152,16,0,168
83641,58,"LICEUL TEORETIC ""KEMENY JANOS"" TOPLIŢA",TOPLIŢA,HR,1375,2,0,0,2,25,3,0,28,36,5,0,41,42,5,0,47,105,6,0,111,141,7,0,148
83641,59,"GRĂDINIŢA VOINICEL NR.1 TOPLIŢA",TOPLIŢA,HR,1059,2,6,0,8,6,6,0,12,8,6,0,14,13,6,0,19,39,9,0,48,57,10,0,67
83721,60,"ŞCOALA GIMNAZIALĂ ""SF. ILIE"" ZENCANI",ZENCANI,HR,1523,7,0,0,7,22,0,0,22,25,0,0,25,32,0,0,32,102,6,0,108,138,9,0,147
83641,61,"ŞCOALA GIMNAZIALĂ ""ANDREI ŞAGUNA"" VALE",TOPLIŢA,HR,1571,11,1,0,12,29,3,0,32,40,3,0,43,54,4,0,58,133,7,0,140,173,10,0,183
83641,62,"COLEGIUL NAŢIONAL ""MIHAI EMINESCU"" TOPLIŢA",TOPLIŢA,HR,998,4,0,0,4,16,1,0,17,28,2,0,30,31,2,0,33,90,4,0,94,101,5,0,106
83641,63,"ŞCOALA GIMNAZIALĂ ""SF. ILIE"" TOPLIŢA",TOPLIŢA,HR,1130,4,2,0,6,17,2,0,19,29,2,0,31,32,3,0,35,64,6,0,70,91,7,0,98
83641,64,"LICEUL ""O.C.TĂSLĂUANU"" TOPLIŢA",TOPLIŢA,HR,1309,6,0,0,6,20,3,0,23,35,4,0,39,37,5,0,42,90,6,0,96,100,6,0,106
83641,65,"ŞCOALA GIMNAZIALĂ ""ANDREI ŞAGUNA"" CĂLIMĂNEL",TOPLIŢA,HR,993,5,5,0,10,8,5,0,13,13,5,0,18,17,5,0,22,66,6,0,72,85,8,0,93
83696,66,"CABANA OCOLULUI SILVIC",SECU,HR,62,0,2,0,2,0,2,0,2,0,2,0,2,1,4,0,5,5,4,0,9,5,4,0,9
83437,67,"SEDIU PRIMARIE","BĂILE TUŞNAD",HR,1368,3,15,0,18,14,69,0,83,21,96,0,117,23,104,0,127,79,165,0,244,103,192,0,295
83473,68,"CASA DE CULTURĂ BĂLAN",BĂLAN,HR,1271,6,0,0,6,30,0,0,30,39,1,0,40,39,1,0,40,77,4,0,81,105,4,0,109
83473,69,"SCOALA GIMNAZIALĂ ""GEO BOGZA"" BĂLAN - CLĂDIRE ȘCOALA NR. 1",BĂLAN,HR,1324,4,0,0,4,23,2,0,25,33,3,0,36,37,3,0,40,92,4,0,96,102,5,0,107
83473,70,"ȘCOALA GIMNAZIALĂ ""GEO BOGZA"" BĂLAN - CORP A,B",BĂLAN,HR,1198,6,0,0,6,34,2,0,36,36,2,0,38,37,7,0,44,88,12,0,100,107,13,0,120
83473,71,"LICEUL TEHNOLOGIC ""LIVIU REBREANU"" BĂLAN - CLĂDIRE GRĂDINIȚA NR. 2",BĂLAN,HR,1257,6,2,0,8,28,3,0,31,32,3,0,35,38,3,0,41,75,4,0,79,92,8,0,100
83473,72,"CLUBUL ELEVILOR BĂLAN",BĂLAN,HR,1368,4,6,0,10,32,6,0,38,40,6,0,46,49,6,0,55,109,6,0,115,129,9,0,138
83507,73,"LICEUL TEHNOLOGIC „ZIMMETHAUSEN„",BORSEC,HR,900,0,4,0,4,5,8,0,13,5,8,0,13,7,8,0,15,41,12,0,53,50,12,0,62
83507,74,"SEDIUL CONSILIULUI LOCAL",BORSEC,HR,1408,9,0,0,9,28,3,0,31,39,6,0,45,52,6,0,58,125,14,0,139,157,17,0,174
85163,75,"CĂMINUL CULTURAL BETEŞTI",BETEŞTI,HR,646,1,0,0,1,1,0,0,1,2,0,0,2,3,0,0,3,15,3,0,18,16,5,0,21
83534,76,"ŞCOALA GIMNAZIALĂ ""PETŐFI SÁNDOR"" CRISTURU SECUIESC","CRISTURU SECUIESC",HR,1244,3,3,0,6,7,4,0,11,8,4,0,12,12,4,0,16,38,4,0,42,47,5,0,52
83534,77,"ŞCOALA GIMNAZIALĂ ""PETŐFI SÁNDOR"" CRISTURU SECUIESC","CRISTURU SECUIESC",HR,1547,0,0,0,0,6,0,0,6,7,0,0,7,12,0,0,12,56,4,0,60,87,4,0,91
83534,78,"PAROHIA ROMANO-CATOLICĂ CRISTURU SECUIESC","CRISTURU SECUIESC",HR,1439,6,0,0,6,14,3,0,17,22,5,0,27,29,5,0,34,68,7,0,75,88,12,0,100
83534,79,"ASOCIATIA INTREPRINZATORILOR PARTICULARI","CRISTURU SECUIESC",HR,1448,2,5,0,7,20,5,0,25,28,6,0,34,29,6,0,35,63,6,0,69,73,8,0,81
83534,80,"LICEUL TEOLOGIC UNITARIAN „BERDE MÓZES” CRISTURU SECUIESC","CRISTURU SECUIESC",HR,1657,2,0,0,2,9,0,0,9,17,0,0,17,20,3,0,23,54,3,0,57,76,3,0,79
83543,81,"CENTRUL DE PLANIFICARE A FAMILIEI FILIAŞ",FILIAŞ,HR,914,0,0,0,0,0,0,0,0,2,0,0,2,3,0,0,3,20,0,0,20,30,0,0,30
83758,82,"ŞCOALA GIMNAZIALĂ ""MÁRTONFFI JÁNOS"", VLĂHIŢA",VLĂHIŢA,HR,1335,0,0,0,0,6,0,0,6,9,1,0,10,13,1,0,14,94,1,0,95,126,2,0,128
83758,83,"ŞCOALA GIMNAZIALĂ ""MÁRTONFFI JÁNOS"", VLĂHIŢA",VLĂHIŢA,HR,1509,0,1,0,1,10,6,0,16,18,6,0,24,45,30,0,75,185,44,0,229,255,47,0,302
83758,84,"LICEUL TEHNOLOGIC ""GÁBOR ÁRON"", VLĂHIŢA",VLĂHIŢA,HR,1057,3,0,0,3,10,1,0,11,11,1,0,12,13,1,0,14,65,6,0,71,83,7,0,90
83758,85,"LICEUL TEHNOLOGIC ""GÁBOR ÁRON"", VLĂHIŢA",VLĂHIŢA,HR,1041,6,0,0,6,14,0,0,14,19,0,0,19,25,0,0,25,72,4,0,76,87,6,0,93
83758,86,"CASA DE CULTURĂ ""BARTÓK BÉLA"", VLĂHIŢA",VLĂHIŢA,HR,1197,1,0,0,1,5,0,0,5,7,0,0,7,13,0,0,13,62,1,0,63,90,5,0,95
83794,87,"CÃMINUL CULTURAL ATID",ATID,HR,1046,5,0,0,5,15,0,0,15,20,5,0,25,28,6,0,34,43,6,0,49,56,8,0,64
83801,88,"CÃMINUL CULTURAL CRISENI",CRIŞENI,HR,565,0,0,0,0,0,4,0,4,4,5,0,9,6,6,0,12,10,8,0,18,22,8,0,30
83810,89,"CÃMINUL CULTURAL CUSMED",CUŞMED,HR,345,0,0,0,0,0,0,0,0,3,1,0,4,6,2,0,8,8,3,0,11,11,6,0,17
83838,90,"CÃMINUL CULTURAL SICLOD",ŞICLOD,HR,155,1,0,0,1,6,3,0,9,7,5,0,12,9,6,0,15,22,10,0,32,27,17,0,44
83829,91,"SEDIU COMPOSESORAT INLÃCENI",INLĂCENI,HR,127,2,1,0,3,5,2,0,7,7,3,0,10,11,3,0,14,18,5,0,23,26,6,0,32
83856,92,"SEDIUL PRIMĂRIEI AVRĂMEŞTI",AVRĂMEŞTI,HR,850,0,0,0,0,0,0,0,0,2,0,0,2,2,3,0,5,4,5,0,9,9,6,0,15
83874,93,"ŞCOALA PRIMARĂ CECHEŞTI",CECHEŞTI,HR,482,0,0,0,0,1,0,0,1,1,0,0,1,1,0,0,1,5,1,0,6,6,3,0,9
83883,94,"ŞCOALA GIMNAZIALĂ ,,MÓRA FERENC'' GOAGIU",GOAGIU,HR,546,0,0,0,0,0,0,0,0,2,0,0,2,3,0,0,3,9,0,0,9,11,3,0,14
83892,95,"ŞCOALA PRIMARĂ FIRTĂNUŞ",FIRTĂNUŞ,HR,267,0,0,0,0,0,0,0,0,0,0,0,0,0,0,0,0,3,0,0,3,3,0,0,3
83945,96,"CĂMINUL CULTURAL",BILBOR,HR,867,5,0,0,5,12,1,0,13,15,2,0,17,32,2,0,34,129,4,0,133,141,4,0,145
83945,97,"CĂMINUL CULTURAL",BILBOR,HR,1385,4,3,0,7,20,3,0,23,25,3,0,28,38,4,0,42,157,10,0,167,186,13,0,199
83160,98,"ŞCOALA GIMNAZIALĂ MARTON ARON BRĂDEŞTI",BRĂDEŞTI,HR,1011,6,1,0,7,24,1,0,25,32,4,0,36,42,5,0,47,143,8,0,151,181,10,0,191
83179,99,"SCOALA PRIMARA TIRNOVITA",TÎRNOVIŢA,HR,608,6,0,0,6,8,0,0,8,10,2,0,12,16,2,0,18,62,4,0,66,84,8,0,92
83972,100,"CĂMINUL CULTURAL ""SÜTŐ ANDRÁS""",CĂPÎLNIŢA,HR,825,7,3,0,10,16,3,0,19,25,5,0,30,52,5,0,57,166,7,0,173,217,7,0,224
83972,101,"CĂMINUL CULTURAL ""SÜTŐ ANDRÁS""",CĂPÎLNIŢA,HR,824,2,0,0,2,8,0,0,8,15,1,0,16,35,1,0,36,126,1,0,127,154,1,0,155
84111,102,"PRIMĂRIA CÎRŢA",CÎRŢA,HR,844,3,0,0,3,13,1,0,14,26,1,0,27,27,1,0,28,81,10,0,91,106,14,0,120
84120,103,COMPOSESORAT,INEU,HR,1422,6,0,0,6,20,1,0,21,30,1,0,31,47,1,0,48,109,2,0,111,142,6,0,148
85653,104,"PAROHIA ROM.CAT.",CICEU,HR,1507,3,0,0,3,21,0,0,21,32,1,0,33,83,1,0,84,180,1,0,181,249,1,0,250
85653,105,"PAROHIA ROM.CAT.",CICEU,HR,770,0,0,0,0,1,2,0,3,3,5,0,8,18,5,0,23,66,9,0,75,87,14,0,101
83990,106,"ŞCOALA GIMNAZIALĂ ""GAL SANDOR"" CIUCSÂNGEORGIU",CIUCSÎNGEORGIU,HR,868,0,0,0,0,8,1,0,9,9,1,0,10,11,1,0,12,75,2,0,77,143,5,0,148
83990,107,"ŞCOALA GIMNAZIALĂ ""GAL SANDOR"" CIUCSÂNGEORGIU",CIUCSÎNGEORGIU,HR,747,0,0,0,0,4,0,0,4,8,0,0,8,11,0,0,11,69,2,0,71,115,5,0,120
84013,108,"CĂMINUL CULTURAL ARMĂŞENI-NOI","ARMĂŞENII NOI",HR,241,0,0,0,0,4,0,0,4,8,0,0,8,9,0,0,9,53,4,0,57,65,8,0,73
84004,109,"CĂMINUL CULTURAL ARMĂŞENI",ARMĂŞENI,HR,709,1,1,0,2,9,1,0,10,12,3,0,15,13,3,0,16,101,7,0,108,145,8,0,153
84022,110,"ŞCOALA GIMNAZIALĂ ""MARTON FERENC"" BANCU",BANCU,HR,1098,1,0,0,1,3,2,0,5,5,3,0,8,6,3,0,9,58,6,0,64,90,13,0,103
84059,111,"CĂMINUL CULTURAL EGHERSEC-CINOD",EGHERSEC,HR,136,0,2,0,2,6,2,0,8,9,2,0,11,9,2,0,11,16,2,0,18,18,6,0,24
84059,112,"CĂMINUL CULTURAL EGHERSEC",EGHERSEC,HR,90,7,0,0,7,8,0,0,8,8,0,0,8,10,0,0,10,14,3,0,17,14,6,0,20
84095,113,"ȘCOALA PRIMARĂ KÖLLŐ MIKLÓS",CIUMANI,HR,1369,11,3,0,14,36,3,0,39,40,3,0,43,49,3,0,52,113,4,0,117,141,4,0,145
84095,114,"ȘCOALA PRIMARĂ KÖLLŐ MIKLÓS",CIUMANI,HR,1135,2,0,0,2,13,3,0,16,17,3,0,20,33,3,0,36,88,3,0,91,109,3,0,112
84095,115,"ȘCOALA PRIMARA SZILÁGYI",CIUMANI,HR,1149,0,0,0,0,9,0,0,9,16,0,0,16,22,0,0,22,62,0,0,62,76,3,0,79
84157,116,"LICEUL TEHNOLOGIC CORBU CORP A",CORBU,HR,749,0,0,0,0,2,0,0,2,5,0,0,5,11,0,0,11,58,5,0,63,67,10,0,77
84166,117,"LICEUL TEHNOLOGIC CORP D","CAPU CORBULUI",HR,409,3,1,0,4,6,2,0,8,8,2,0,10,9,4,0,13,60,9,0,69,89,11,0,100
84184,118,"LICEUL TEHNOLOGIC CORUND",CORUND,HR,1350,1,0,0,1,8,1,0,9,8,2,0,10,8,3,0,11,82,5,0,87,101,5,0,106
84184,119,"ŞCOALA GIMNAZIALĂ CORUND",CORUND,HR,1288,2,0,0,2,14,0,0,14,18,7,0,25,24,7,0,31,133,10,0,143,155,10,0,165
84184,120,"ȘCOALA GIMNAZIALĂ CORUND",CORUND,HR,1585,1,0,0,1,2,0,0,2,5,1,0,6,7,1,0,8,91,2,0,93,129,3,0,132
84193,121,"CĂMINUL CULTURAL ATIA",ATIA,HR,176,1,0,0,1,4,0,0,4,4,1,0,5,5,1,0,6,17,4,0,21,22,5,0,27
84219,122,"ŞCOALA GIMNAZIALĂ FÂNTÂNA BRAZILOR","FÎNTÎNA BRAZILOR",HR,249,4,0,0,4,6,0,0,6,6,0,0,6,26,0,0,26,54,4,0,58,64,5,0,69
84228,123,"ŞCOALA GIMNAZIALĂ VALEA LUI PAVEL","VALEA LUI PAVEL",HR,308,5,1,0,6,11,1,0,12,14,1,0,15,18,1,0,19,72,3,0,75,93,4,0,97
85813,124,"COMUNA COZMENI",COZMENI,HR,1162,0,0,0,0,3,0,0,3,4,0,0,4,23,0,0,23,54,0,0,54,81,1,0,82
85822,125,"COMUNA COZMENI",LĂZĂREŞTI,HR,476,0,0,0,0,5,0,0,5,5,0,0,5,7,1,0,8,21,5,0,26,23,9,0,32
84246,126,"CĂMINUL CULTURAL DĂNEȘTI",DĂNEŞTI,HR,893,0,0,0,0,6,0,0,6,13,3,0,16,26,5,0,31,58,5,0,63,90,6,0,96
84246,127,"CĂMINUL CULTURAL DĂNEȘTI",DĂNEŞTI,HR,963,3,1,0,4,11,1,0,12,14,1,0,15,37,1,0,38,84,2,0,86,124,5,0,129
84273,128,"CASA SOCIALĂ",DEALU,HR,1560,2,0,0,2,8,0,0,8,12,0,0,12,21,0,0,21,126,3,0,129,171,6,0,177
84291,129,"CAMIN CULTURAL",SÎNCRAI,HR,1064,2,1,0,3,2,24,0,26,3,32,0,35,50,4,0,54,161,10,0,171,225,13,0,238
84326,130,"CASĂ COMUNALĂ",ULCANI,HR,547,0,0,0,0,0,1,0,1,2,1,0,3,2,1,0,3,36,2,0,38,43,5,0,48
84353,131,"ȘCOALA GIMNAZIALĂ „SIKLODY LORINC” DITRĂU",DITRĂU,HR,1592,0,0,0,0,4,0,0,4,5,0,0,5,16,0,0,16,81,20,0,101,107,26,0,133
84353,132,"GRADINITA CU PROGRAM NORMAL ”CSIGABIGA” DITRĂU",DITRĂU,HR,878,0,0,0,0,4,1,0,5,7,6,0,13,14,7,0,21,38,8,0,46,46,10,0,56
84353,133,"ȘCOALA GIMNAZIALĂ „CSIBY ANDOR” DITRĂU „KOHID”",DITRĂU,HR,959,0,0,0,0,6,0,0,6,8,0,0,8,10,0,0,10,32,4,0,36,38,5,0,43
84353,134,"ȘCOALA GIMNAZIALĂ „DR. CSIBY ANDOR” DITRĂU",DITRĂU,HR,899,0,0,0,0,1,0,0,1,7,0,0,7,7,1,0,8,23,1,0,24,35,5,0,40
84362,135,"ȘCOALA GIMNAZIALĂ JOLOTCA",JOLOTCA,HR,518,0,0,0,0,2,0,0,2,2,1,0,3,4,1,0,5,17,1,0,18,22,5,0,27
84399,136,"ȘCOALA GENERALÂ DÂRJIU JÁNOS ZSIGMOND",DÎRJIU,HR,541,0,0,0,0,1,0,0,1,1,0,0,1,1,0,0,1,14,3,0,17,20,4,0,24
84406,137,"ȘCOALA GENERALĂ DIN MUJNA",MUJNA,HR,291,2,1,0,3,4,1,0,5,8,1,0,9,10,3,0,13,33,7,0,40,42,8,0,50
83204,138,"ŞCOALA GIMNAZIALĂ ""FULOP ARON"" FELICENI",FELICENI,HR,1031,0,0,0,0,7,0,0,7,11,0,0,11,16,0,0,16,67,2,0,69,107,5,0,112
83286,139,"ŞCOALA GENERALĂ TĂURENI",TĂURENI,HR,584,0,0,0,0,3,1,0,4,3,2,0,5,5,2,0,7,24,4,0,28,35,7,0,42
83259,140,"ŞCOALA GENERALĂ HOGHIA",HOGHIA,HR,235,3,0,0,3,3,0,0,3,3,0,0,3,3,0,0,3,4,0,0,4,11,4,0,15
83240,141,"ŞCOALA GENERALĂ FORŢENI",FORŢENI,HR,440,0,0,0,0,0,0,0,0,0,0,0,0,3,0,0,3,48,1,0,49,68,1,0,69
83277,142,"ŞCOALA GENERALĂ POLONIŢA",POLONIŢA,HR,287,0,0,0,0,0,0,0,0,1,0,0,1,3,0,0,3,32,2,0,34,45,5,0,50
83295,143,"ŞCOALA GENERALĂ TELEAC",TELEAC,HR,180,0,0,0,0,8,0,0,8,11,0,0,11,11,2,0,13,21,2,0,23,32,4,0,36
84433,144,"ȘCOALA GIMNAZIALĂ BÎRZAVA",BÎRZAVA,HR,533,4,0,0,4,9,0,0,9,9,0,0,9,17,0,0,17,47,4,0,51,79,6,0,85
84424,145,"PRIMĂRIA COMUNEI FRUMOASA",FRUMOASA,HR,1542,1,0,0,1,10,4,0,14,13,4,0,17,18,4,0,22,98,7,0,105,147,11,0,158
84451,146,"ȘCOALA PRIMARĂ",NICOLEŞTI,HR,923,1,0,0,1,5,2,0,7,7,2,0,9,24,2,0,26,65,10,0,75,111,11,0,122
84479,147,"ŞCOALA GIMNAZIALĂ""DUMITRU GAFTON"" GĂLĂUȚAȘ",GĂLĂUŢAŞ,HR,984,5,0,0,5,22,0,0,22,33,1,0,34,43,2,0,45,87,6,0,93,126,9,0,135
84479,148,"ŞCOALA GIMNAZIALĂ ""DUMITRU GAFTON"" GĂLĂUȚAȘ",GĂLĂUŢAŞ,HR,719,1,2,0,3,3,2,0,5,3,2,0,5,6,3,0,9,33,4,0,37,39,5,0,44
84479,149,"ȘCOALA GIMNAZIALĂ ”DUMITRU GAFTON” GĂLĂUȚAȘ",GĂLĂUŢAŞ,HR,316,2,1,0,3,3,2,0,5,4,2,0,6,5,2,0,7,14,3,0,17,16,4,0,20
84567,150,"LICEUL TEHNOLOGIC SOVER ELEK",JOSENI,HR,1247,1,0,0,1,8,0,0,8,19,0,0,19,24,4,0,28,76,5,0,81,128,8,0,136
84567,151,"LICEUL TEHNOLOGIC SOVER ELEK",JOSENI,HR,1442,0,0,0,0,10,2,0,12,19,2,0,21,30,2,0,32,78,3,0,81,125,4,0,129
84567,152,"LICEUL TEHNOLOGIC SOVER ELEK",JOSENI,HR,1393,1,0,0,1,7,0,0,7,13,0,0,13,19,0,0,19,69,7,0,76,100,7,0,107
84576,153,"SCOALA PRIMARA GAÁL TAMÁS, BORZONT",BORZONT,HR,696,1,0,0,1,3,0,0,3,6,0,0,6,7,0,0,7,36,7,0,43,43,7,0,50
84601,154,"ŞCOALA GIMNAZIALĂ ""BETHLEN GÁBOR"" LĂZAREA",LĂZAREA,HR,1672,1,2,0,3,9,2,0,11,18,2,0,20,27,2,0,29,107,5,0,112,143,12,0,155
84601,155,"ŞCOALA GIMNAZIALĂ ""BETHLEN GÁBOR"" LĂZAREA",LĂZAREA,HR,1116,2,0,0,2,7,0,0,7,16,0,0,16,28,0,0,28,83,1,0,84,106,3,0,109
84610,156,"ŞCOALA GIMNAZIALĂ ""BETHLEN GÁBOR"" GHIDUŢ",GHIDUŢ,HR,152,0,0,0,0,0,0,0,0,0,0,0,0,0,0,0,0,15,1,0,16,17,8,0,25
85724,157,"CAMINUL CULTURAL",LELICENI,HR,443,0,0,0,0,10,0,0,10,16,0,0,16,18,0,0,18,46,5,0,51,60,9,0,69
85706,158,"CAMINUL CULTURAL",FITOD,HR,397,0,0,0,0,3,1,0,4,4,1,0,5,28,1,0,29,70,4,0,74,85,4,0,89
85733,159,"SEDIU ADMINISTRATIV",MISENTEA,HR,879,1,0,0,1,7,3,0,10,13,4,0,17,25,5,0,30,59,6,0,65,88,7,0,95
84638,160,"SEDIUL PRIMĂRIEI",LUETA,HR,1493,6,0,0,6,18,2,0,20,21,2,0,23,31,2,0,33,110,3,0,113,143,7,0,150
84638,161,"FOSTA AGENTIE CEC LUETA",LUETA,HR,1553,5,0,0,5,21,0,0,21,27,0,0,27,35,0,0,35,149,0,0,149,181,2,0,183
84745,162,"ȘCOALA PRIMARĂ POIANA FAGULUI","VALEA RECE",HR,1229,0,0,0,0,9,0,0,9,19,0,0,19,41,0,0,41,221,5,0,226,323,7,0,330
84665,163,"CLĂDIREA PRIMĂRIEI","LUNCA DE JOS",HR,631,0,0,0,0,4,0,0,4,8,0,0,8,11,0,0,11,48,0,0,48,80,1,0,81
84665,164,"ŞCOALA GIMNAZIALA ,, MAJLATH GUSZTAV KAROLY,,","LUNCA DE JOS",HR,1446,0,0,0,0,2,0,0,2,5,3,0,8,32,5,0,37,89,5,0,94,135,6,0,141
84745,165,"ŞCOALAPRIMARA GURA VAII RECE","VALEA RECE",HR,887,0,0,0,0,3,0,0,3,13,0,0,13,39,0,0,39,180,6,0,186,240,10,0,250
84692,166,"ŞCOALA PRIMARA PUNTEA LUPULUI II","PUNTEA LUPULUI",HR,109,0,0,0,0,4,0,0,4,4,0,0,4,5,0,0,5,46,3,0,49,51,13,0,64
84772,167,"ŞCOALA PRIMARĂ COMIAT",COMIAT,HR,309,0,0,0,0,0,1,0,1,0,6,0,6,0,6,0,6,27,7,0,34,55,7,0,62
84781,168,"ŞCOALA GIMNAZIALĂ IZVORUL TROTUŞULUI","IZVORUL TROTUŞULUI",HR,590,0,6,0,6,0,8,0,8,0,9,0,9,3,9,0,12,65,9,0,74,77,9,0,86
84763,169,"PRIMĂRIA LUNCA DE SUS","LUNCA DE SUS",HR,1358,3,0,0,3,20,1,0,21,30,5,0,35,72,5,0,77,183,7,0,190,235,8,0,243
84790,170,"ŞCOALA PRIMARĂ PĂLTINIŞ-CIUC",PĂLTINIŞ-CIUC,HR,438,3,4,0,7,9,4,0,13,12,4,0,16,16,4,0,20,59,5,0,64,105,5,0,110
84870,171,"ŞCOALA PRIMARĂ MORĂRENI",MORĂRENI,HR,643,2,0,0,2,9,1,0,10,12,2,0,14,14,2,0,16,48,3,0,51,74,9,0,83
84889,172,"CASA DE CULTURĂ PĂLTINIŞ",PĂLTINIŞ,HR,428,0,0,0,0,4,0,0,4,5,0,0,5,6,0,0,6,23,2,0,25,24,5,0,29
84834,173,"ŞCOALA GIMNAZIALĂ ""TAMASI ARON"" LUPENI",LUPENI,HR,1594,1,0,0,1,7,0,0,7,9,0,0,9,18,0,0,18,85,0,0,85,147,0,0,147
84843,174,"SCOALA GIMNAZIALĂ ""BENEDEK FIDEL"" BISERICANI",BISERICANI,HR,595,1,3,0,4,9,4,0,13,13,5,0,18,14,5,0,19,94,6,0,100,115,8,0,123
84852,175,"SCOALA PRIMARĂ BULGĂRENI",BULGĂRENI,HR,230,0,0,0,0,1,0,0,1,4,0,0,4,22,0,0,22,50,6,0,56,59,7,0,66
84898,176,"SCOALA PRIMARĂ PĂULENI",PĂULENI,HR,297,3,0,0,3,6,0,0,6,7,0,0,7,7,1,0,8,19,1,0,20,22,3,0,25
84255,177,"ŞCOALA GIMNAZIALĂ ''KISS FERENC''",MĂDĂRAŞ,HR,1028,1,0,0,1,4,0,0,4,7,3,0,10,27,4,0,31,99,5,0,104,122,6,0,128
84255,178,"ŞCOALA GIMNAZIALĂ ''KISS FERENC''",MĂDĂRAŞ,HR,807,0,0,0,0,2,0,0,2,11,1,0,12,37,1,0,38,91,2,0,93,119,4,0,123
84932,179,"CĂMINUL CULTURAL MĂRTINIȘ",MĂRTINIŞ,HR,536,7,2,0,9,12,5,0,17,23,5,0,28,26,5,0,31,48,14,0,62,56,16,0,72
84978,180,"CĂMINUL CULTURAL CHINUȘU",CHINUŞU,HR,113,0,0,0,0,1,0,0,1,1,0,0,1,1,0,0,1,2,2,0,4,3,3,0,6
84941,181,"ȘCOALA PRIMARĂ ALDEA",ALDEA,HR,322,0,0,0,0,0,0,0,0,0,5,0,5,0,5,0,5,6,5,0,11,6,5,0,11
84950,182,"ȘCOALA PRIMARĂ BĂDENI",BĂDENI,HR,163,0,0,0,0,2,0,0,2,4,2,0,6,16,2,0,18,23,6,0,29,35,9,0,44
85047,183,"ȘCOALA GIMNAZIALĂ ”LÁSZLÓ GYULA"" SÎNPAUL",SÎNPAUL,HR,409,0,0,0,0,2,0,0,2,10,1,0,11,13,1,0,14,23,1,0,24,26,3,0,29
84996,184,"ȘCOALA PRIMARĂ GHIPEȘ",GHIPEŞ,HR,171,1,0,0,1,1,0,0,1,3,0,0,3,3,0,0,3,5,0,0,5,5,0,0,5
84987,185,"ȘCOALA PRIMARĂ COMĂNEȘTI",COMĂNEŞTI,HR,177,0,0,0,0,0,2,0,2,0,4,0,4,1,4,0,5,1,5,0,6,1,7,0,8
85038,186,"ȘCOALA PRIMARĂ RAREȘ",RAREŞ,HR,109,3,0,0,3,5,0,0,5,6,0,0,6,7,0,0,7,8,0,0,8,12,4,0,16
85010,187,"GRĂDINIȚA CU PROGRAM NORMAL ORĂȘENI",ORĂŞENI,HR,199,3,0,0,3,4,0,0,4,7,3,0,10,11,5,0,16,24,8,0,32,36,9,0,45
85029,188,"ȘCOALA PRIMARĂ PETRENI",PETRENI,HR,145,1,0,0,1,1,0,0,1,4,0,0,4,5,0,0,5,8,0,0,8,11,0,0,11
85065,189,"PRIMĂRIA MEREŞTI",MEREŞTI,HR,1106,8,2,0,10,22,4,0,26,22,4,0,26,24,4,0,28,61,8,0,69,83,11,0,94
85083,190,"SC.GIM. ARANY JANOS",MIHĂILENI,HR,795,0,0,0,0,1,2,0,3,7,2,0,9,7,2,0,9,53,4,0,57,68,6,0,74
85118,191,"SCOALA PRIMARA",VĂCĂREŞTI,HR,488,2,2,0,4,5,4,0,9,6,4,0,10,11,4,0,15,26,5,0,31,36,6,0,42
85109,192,"SCOALA PRIMARA",NĂDEJDEA,HR,502,0,0,0,0,3,2,0,5,6,3,0,9,10,5,0,15,63,11,0,74,83,13,0,96
85092,193,"SCOALA GIMNAZIALA",LIVEZI,HR,422,5,1,0,6,6,4,0,10,9,5,0,14,12,5,0,17,54,11,0,65,60,12,0,72
85136,194,"PRIMĂRIA COMUNEI MUGENI",MUGENI,HR,930,1,0,0,1,4,1,0,5,8,1,0,9,9,1,0,10,27,2,0,29,37,3,0,40
85190,195,"CĂMINUL CULTURAL LUTIŢA",LUTIŢA,HR,601,2,0,0,2,6,0,0,6,7,0,0,7,10,0,0,10,24,1,0,25,31,1,0,32
85207,196,"CĂMINUL CULTURAL MĂTIŞENI",MĂTIŞENI,HR,110,0,0,0,0,1,0,0,1,2,1,0,3,3,1,0,4,9,2,0,11,14,4,0,18
85172,197,"CĂMINUL CULTURAL DEJUŢIU",DEJUŢIU,HR,158,0,0,0,0,0,0,0,0,1,3,0,4,2,3,0,5,5,3,0,8,9,3,0,12
85145,198,"CĂMINUL CULTURAL ALUNIŞ",ALUNIŞ,HR,131,1,0,0,1,2,0,0,2,3,0,0,3,3,0,0,3,5,0,0,5,10,0,0,10
85154,199,"CĂMINUL CULTURAL BETA",BETA,HR,267,0,0,0,0,4,0,0,4,5,0,0,5,7,0,0,7,44,3,0,47,52,4,0,56
85181,200,"CĂMINUL CULTURAL DOBENI",DOBENI,HR,480,1,0,0,1,4,1,0,5,8,2,0,10,9,3,0,12,52,3,0,55,65,5,0,70
85234,201,"CĂMINUL CULTURAL TĂIETURA",TĂIETURA,HR,227,2,1,0,3,3,5,0,8,4,6,0,10,4,6,0,10,17,9,0,26,26,9,0,35
85261,202,"CĂMINUL CULTURAL",CRĂCIUNEL,HR,396,9,1,0,10,16,2,0,18,28,5,0,33,32,7,0,39,57,12,0,69,59,12,0,71
85252,203,"CAMINUL CULTURALOCLAND",OCLAND,HR,590,0,0,0,0,6,0,0,6,10,0,0,10,10,0,0,10,17,0,0,17,30,1,0,31
83384,204,"ȘCOALA GIMNAZIALĂ ”MARTON FERENC”",PĂULENI-CIUC,HR,527,0,0,0,0,4,2,0,6,6,5,0,11,12,8,0,20,59,12,0,71,71,14,0,85
83393,205,"SCOALA PRIMARĂ DELNIŢA",DELNIŢA,HR,538,2,0,0,2,10,0,0,10,13,1,0,14,15,5,0,20,62,8,0,70,80,12,0,92
83400,206,"SCOALA PRIMARĂ ŞOIMENI",ŞOIMENI,HR,485,1,0,0,1,10,1,0,11,15,2,0,17,17,2,0,19,43,3,0,46,62,11,0,73
85298,207,"CASA DE CULTURĂ PLĂIEȘII DE JOS","PLĂIEŞII DE JOS",HR,650,0,0,0,0,4,3,0,7,6,4,0,10,13,5,0,18,27,7,0,34,40,13,0,53
85332,208,"ȘCOALA GIMNAZIALĂ NR.4 PLĂIEȘII DE SUS","PLĂIEŞII DE SUS",HR,606,0,0,0,0,6,0,0,6,10,1,0,11,21,2,0,23,50,4,0,54,67,9,0,76
85314,209,"ȘCOALA PRIMARĂ DR.PATAKI JÓZSEF NR.3 IACOBENI",IACOBENI,HR,295,0,0,0,0,2,0,0,2,4,0,0,4,4,0,0,4,19,2,0,21,20,8,0,28
85305,210,"ȘCOALA GIMNAZIALĂ TUZSON JÁNOS NR.2 CASINU NOU","CASINU NOU",HR,561,2,0,0,2,6,2,0,8,13,4,0,17,16,4,0,20,74,9,0,83,86,11,0,97
85216,211,"CAMIN CULTURAL","PORUMBENII MARI",HR,1011,1,0,0,1,13,1,0,14,18,2,0,20,20,3,0,23,55,5,0,60,68,5,0,73
85225,212,"SALA DE MANIFESTATII","PORUMBENII MICI",HR,388,2,0,0,2,6,0,0,6,6,0,0,6,11,0,0,11,34,1,0,35,49,2,0,51
85350,213,"PRIMARIA COMUNEI PRAID- SALA DE SEDINTE AL CONS.LOCAL",PRAID,HR,1449,1,0,0,1,14,7,0,21,20,27,0,47,22,30,0,52,86,39,0,125,103,49,0,152
85350,214,"CAMINUL CULTURAL PRAID",PRAID,HR,1532,4,0,0,4,15,0,0,15,33,8,0,41,41,8,0,49,99,14,0,113,116,17,0,133
85387,215,"ŞCOALA GIMNAZIALĂ""SUKOSD FERENC"" OCNA DE JOS","OCNA DE JOS",HR,1303,2,0,0,2,7,0,0,7,8,0,0,8,16,0,0,16,40,3,0,43,66,7,0,73
85396,216,"ŞCOALA GIMNAZIALĂ""SZEKELY MOZES"" OCNA DE SUS","OCNA DE SUS",HR,1165,1,0,0,1,3,0,0,3,4,0,0,4,6,0,0,6,24,0,0,24,37,0,0,37
85369,217,"ŞCOALA GIMNAZIALĂBECAŞ",BECAŞ,HR,104,0,0,0,0,2,1,0,3,2,1,0,3,4,1,0,5,12,1,0,13,30,1,0,31
85662,218,"CASA DE CULTURĂ RACU",RACU,HR,911,7,0,4,11,16,5,0,21,22,5,0,27,24,5,0,29,65,6,0,71,102,7,0,109
85671,219,"GRĂDINIŢA DE COPII",GÂRCIU,HR,394,2,4,0,6,4,4,0,8,5,4,0,9,7,4,0,11,19,4,0,23,30,5,0,35
85421,220,"ȘCOALA GENERALA ""BALÁS JENŐ""",REMETEA,HR,1140,2,0,0,2,15,0,0,15,16,0,0,16,31,3,0,34,123,3,0,126,143,3,0,146
85421,221,"GRĂDINITA DE COPII ALSZEG",REMETEA,HR,1379,1,0,0,1,13,0,0,13,19,0,0,19,27,3,0,30,108,3,0,111,165,4,0,169
85421,222,"SCOLA GIMNAZIALA FRÁTER GYÖRGY",REMETEA,HR,1412,9,0,0,9,27,2,0,29,36,2,0,38,47,3,0,50,133,3,0,136,186,4,0,190
85421,223,"GRADINIȚA DE COPII TULAMAROS",REMETEA,HR,1249,3,0,0,3,26,1,0,27,32,8,0,40,40,10,0,50,141,13,0,154,170,16,0,186
83188,224,"CAMINUL CULTURAL SATU MARE","SATU MARE",HR,785,1,0,0,1,10,1,0,11,12,1,0,13,20,1,0,21,85,1,0,86,117,4,0,121
83188,225,"CAMINUL CULTURAL SATU MARE","SATU MARE",HR,840,1,0,0,1,4,1,0,5,4,1,0,5,10,1,0,11,58,2,0,60,60,2,0,62
85476,226,"ŞCOALA GIMNAZIALĂ SACEL",SĂCEL,HR,93,0,0,0,0,1,2,0,3,2,2,0,4,3,2,0,5,6,4,0,10,9,5,0,14
85519,227,"CĂMIN CULTURAL VIDACUT",VIDACUT,HR,243,0,0,0,0,0,0,0,0,2,1,0,3,2,1,0,3,5,5,0,10,6,6,0,12
85494,228,"CĂMIN CULTURAL ȘOIMUȘU MIC","ŞOIMUŞU MIC",HR,342,5,0,0,5,5,1,0,6,5,3,0,8,6,5,0,11,8,5,0,13,13,6,0,19
85485,229,"CĂMIN CULTURAL ȘOIMUȘU MARE","ŞOIMUŞU MARE",HR,252,2,0,0,2,7,0,0,7,9,0,0,9,9,0,0,9,18,3,0,21,20,4,0,24
85555,230,"ȘCOALA GIMNAZIALĂ HODOȘA GARĂ",HODOŞA,HR,1221,8,1,0,9,22,1,0,23,22,2,0,24,25,3,0,28,71,5,0,76,93,7,0,100
85564,231,"ȘCOALA PRIMARĂ PLATONEȘTI",PLATONEŞTI,HR,388,1,4,0,5,10,4,0,14,12,5,0,17,16,5,0,21,71,11,0,82,78,13,0,91
85546,232,"ȘCOALA PRIMARĂ FUNDOAIA",FUNDOAIA,HR,477,3,6,0,9,6,6,0,12,7,8,0,15,13,8,0,21,64,10,0,74,86,12,0,98
85537,233,"ȘCOALA GIMNAZIALĂ ,,SFÂNTU ANDREI ,,SĂRMAȘ",SĂRMAŞ,HR,1193,5,0,0,5,34,0,0,34,36,0,0,36,44,1,0,45,128,5,0,133,155,7,0,162
85699,234,"ŞCOALA GIMNAZIALĂSÂNCRĂIENI",SÂNCRĂIENI,HR,1151,0,0,0,0,6,0,0,6,10,0,0,10,31,0,0,31,94,0,0,94,134,3,0,137
85699,235,"ŞCOALA GIMNAZIALĂSÂNCRĂIENI",SÂNCRĂIENI,HR,966,3,0,0,3,10,0,0,10,14,0,0,14,31,0,0,31,66,4,0,70,104,4,0,108
85797,236,"PRIMARIA SÎNMARTIN",SÂNMARTIN,HR,956,2,0,0,2,9,0,0,9,12,1,0,13,19,2,0,21,64,3,0,67,92,7,0,99
85797,237,"PRIMARIA SÎNMARTIN",SÂNMARTIN,HR,864,8,0,0,8,18,0,0,18,21,0,0,21,24,0,0,24,48,0,0,48,66,0,0,66
85742,238,"ŞCOALA GIMNAZIALĂ ""ARANY JÁNOS"" SÂNTIMBRU",SÂNTIMBRU,HR,959,7,0,0,7,16,2,0,18,32,2,0,34,50,2,0,52,110,4,0,114,147,5,0,152
85742,239,"ŞCOALA PRIMARĂ PÁLSZEG SÂNTIMBRU",SÂNTIMBRU,HR,750,0,5,0,5,2,5,0,7,9,5,0,14,16,5,0,21,55,5,0,60,74,5,0,79
85591,240,"CAMIN CULTURAL",SECUIENI,HR,623,4,0,0,4,5,0,0,5,6,0,0,6,9,0,0,9,16,1,0,17,25,3,0,28
85617,241,"CAMIN CULTURAL",ELISENI,HR,942,4,0,0,4,8,0,0,8,11,0,0,11,12,0,0,12,26,1,0,27,34,1,0,35
85608,242,"BIROU ADMINISTRATIV",BODOGAIA,HR,717,1,0,0,1,5,0,0,5,8,0,0,8,10,0,0,10,25,1,0,26,32,1,0,33
85635,243,"PRIMĂRIA COMUNEI SICULENI",SICULENI,HR,873,4,2,0,6,12,2,0,14,14,2,0,16,19,3,0,22,92,5,0,97,111,8,0,119
85635,244,"ȘCOALA GIMNAZIALĂZOLD PETER SICULENI",SICULENI,HR,1403,2,0,0,2,6,0,0,6,16,3,0,19,18,3,0,21,112,4,0,116,169,5,0,174
85779,245,"PRIMĂRIA SÎNDOMINIC",SÎNDOMINIC,HR,1523,2,0,0,2,18,0,0,18,40,0,0,40,48,0,0,48,150,0,0,150,185,0,0,185
85779,246,"PRIMĂRIA SÎNDOMINIC",SÎNDOMINIC,HR,1497,2,0,0,2,13,0,0,13,17,0,0,17,24,0,0,24,147,0,0,147,179,4,0,183
85779,247,"ŞCOALA GIMNAZIALĂ MARTON ARON SÎNDOMINIC",SÎNDOMINIC,HR,1083,4,0,0,4,11,0,0,11,15,1,0,16,18,1,0,19,88,2,0,90,122,5,0,127
85779,248,"ȘCOALAGIMNAZIALĂMARTON ARONSÎNDOMINIC",SÎNDOMINIC,HR,1090,0,0,0,0,4,0,0,4,7,0,0,7,17,0,0,17,74,0,0,74,96,1,0,97
85859,249,"CĂMINUL CULTURAL",SÎNSIMION,HR,750,2,0,0,2,6,1,0,7,9,1,0,10,12,1,0,13,91,4,0,95,119,8,0,127
85859,250,"CĂMINUL CULTURAL",SÎNSIMION,HR,1203,1,0,0,1,7,0,0,7,13,0,0,13,14,0,0,14,91,0,0,91,138,0,0,138
85868,251,"CĂMIN CULTURAL",CETĂŢUIA,HR,840,5,3,0,8,8,3,0,11,15,3,0,18,15,3,0,18,83,4,0,87,126,12,0,138
85886,252,"LICEUL MIRON CRISTEA SUBCETATE",SUBCETATE,HR,1505,8,0,0,8,23,3,0,26,26,5,0,31,32,7,0,39,113,14,0,127,149,20,0,169
85939,253,"PRIMĂRIA COMUNEI SUSENI",SUSENI,HR,866,1,1,0,2,5,3,0,8,13,4,0,17,15,5,0,20,50,5,0,55,68,5,0,73
85939,254,"PRIMĂRIA COMUNEI SUSENI",SUSENI,HR,829,1,6,0,7,9,6,0,15,12,6,0,18,15,7,0,22,40,7,0,47,55,7,0,62
85939,255,"ŞCOALA PRIMARĂ - MUREŞ SAT",SUSENI,HR,740,0,1,0,1,0,1,0,1,3,3,0,6,9,3,0,12,34,4,0,38,43,7,0,50
85948,256,"ŞCOALA PRIMARĂ CHILENI",CHILENI,HR,660,0,0,0,0,10,1,0,11,30,1,0,31,33,1,0,34,86,7,0,93,118,7,0,125
85975,257,"ŞCOALA GIMNAZIALĂ ""TARISZNYÁS MÁRTON"" VALEA STRÎMBĂ","VALEA STRÎMBĂ",HR,1113,0,0,0,0,0,2,0,2,5,5,0,10,5,5,0,10,56,8,0,64,63,10,0,73
85957,258,"ŞCOALA PRIMARĂ LIBAN",LIBAN,HR,56,0,0,0,0,0,0,0,0,0,3,0,3,0,3,0,3,0,6,0,6,0,7,0,7
86106,259,"CÃMINUL CULTURAL RUGĂNEŞTI",RUGĂNEŞTI,HR,709,1,3,0,4,7,4,0,11,10,5,0,15,14,5,0,19,53,9,0,62,65,12,0,77
86062,260,"CÃMINUL CULTURAL COBĂTEŞTI",COBĂTEŞTI,HR,446,7,0,0,7,11,7,0,18,21,8,0,29,22,8,0,30,31,10,0,41,42,10,0,52
86035,261,"CÃMINUL CULTURAL CEHEŢEL",CEHEŢEL,HR,105,2,0,0,2,7,0,0,7,7,0,0,7,7,2,0,9,10,3,0,13,12,5,0,17
86124,262,"CÃMINUL CULTURAL TURDENI",TURDENI,HR,75,1,0,0,1,5,1,0,6,7,1,0,8,9,1,0,10,15,2,0,17,16,4,0,20
86115,263,"CÃMINUL CULTURAL TĂRCEŞTI",TĂRCEŞTI,HR,174,0,0,0,0,1,2,0,3,1,2,0,3,2,3,0,5,9,3,0,12,9,3,0,12
86080,264,"CÃMINUL CULTURAL MIHĂILENI",MIHĂILENI,HR,435,2,0,0,2,16,2,0,18,31,3,0,34,39,3,0,42,92,8,0,100,124,12,0,136
85993,265,"CLÃDIREA PRIMÃRIEI ŞIMONEŞTI",ŞIMONEŞTI,HR,1101,8,1,0,9,17,2,0,19,23,3,0,26,24,3,0,27,59,8,0,67,90,8,0,98
86071,266,"ŞCOALĂ PRIMARĂ MEDIŞORU MARE","MEDIŞORU MARE",HR,81,0,0,0,0,12,3,0,15,12,3,0,15,12,3,0,15,16,5,0,21,22,8,0,30
84139,267,"CLĂDIREA CĂMINULUI CULTURAL TOMEȘTI",TOMEŞTI,HR,1155,3,0,0,3,16,0,0,16,21,0,0,21,38,1,0,39,82,1,0,83,116,1,0,117
84139,268,"CLĂDIREA PRIMĂRIEI COMUNEI TOMEȘTI",TOMEŞTI,HR,1011,3,0,0,3,13,1,0,14,20,1,0,21,41,1,0,42,77,1,0,78,107,1,0,108
86142,269,"ŞCOALA GIMNAZIALĂ TULGHEŞ",TULGHEŞ,HR,1413,3,0,0,3,15,9,0,24,21,13,0,34,31,20,0,51,93,32,0,125,117,38,0,155
86142,270,"ŞCOALA PRIMARĂ PUTNA",TULGHEŞ,HR,462,2,4,0,6,3,6,0,9,5,6,0,11,12,6,0,18,62,6,0,68,66,12,0,78
86179,271,"ŞCOALA PRIMARĂ RECEA",RECEA,HR,194,1,0,0,1,3,1,0,4,4,1,0,5,4,2,0,6,19,3,0,22,22,9,0,31
86142,272,"ŞCOALA PRIMARĂ VALEA FRUMOASĂ",TULGHEŞ,HR,582,2,4,0,6,3,4,0,7,3,4,0,7,6,6,0,12,32,8,0,40,37,11,0,48
86197,273,"CLĂDIREA PRIMRIEI",TUŞNAD,HR,726,0,0,0,0,7,0,0,7,16,4,0,20,19,4,0,23,44,12,0,56,52,17,0,69
86204,274,"CĂMINUL CULTURAL","TUŞNADU NOU",HR,829,1,1,0,2,2,1,0,3,9,1,0,10,12,1,0,13,40,4,0,44,51,5,0,56
86213,275,"CĂMINUL CULTURAL",VRABIA,HR,166,2,0,0,2,5,1,0,6,7,2,0,9,15,2,0,17,35,3,0,38,36,5,0,41
86231,276,"CĂMINUL CULTURAL ULIEȘ",ULIEŞ,HR,280,1,0,0,1,6,2,0,8,7,2,0,9,7,2,0,9,25,4,0,29,35,4,0,39
86277,277,"CĂMINUL CULTURAL NICOLEȘTI",NICOLEŞTI,HR,176,0,0,0,0,2,0,0,2,4,0,0,4,4,0,0,4,13,1,0,14,15,2,0,17
86240,278,"ȘCOALA PRIMARĂ DAIA",DAIA,HR,216,1,2,0,3,2,2,0,4,3,3,0,6,3,3,0,6,7,4,0,11,9,5,0,14
86268,279,"CĂMINUL CULTURAL IGHIU",IGHIU,HR,48,0,0,0,0,3,1,0,4,3,2,0,5,4,2,0,6,7,2,0,9,7,3,0,10
86295,280,"CĂMINUL CULTURAL PETECU",PETECU,HR,184,2,0,0,2,6,3,0,9,8,3,0,11,12,3,0,15,17,6,0,23,20,11,0,31
86320,281,"PRIMĂRIA COMUNEI VĂRȘAG",VĂRŞAG,HR,1067,0,0,0,0,7,0,0,7,7,1,0,8,14,1,0,15,127,8,0,135,149,8,0,157
86320,282,"ȘCOALĂ PRIMARĂ SOLYOMKO",VĂRŞAG,HR,257,5,0,0,5,12,0,0,12,25,0,0,25,30,0,0,30,47,1,0,48,57,1,0,58
86348,283,"ȘCOALA GIMNAZIALĂ ,,TEODOR CHINDEA"" VOȘLĂBENI",VOŞLĂBENI,HR,991,2,0,0,2,24,6,0,30,31,25,0,56,46,28,0,74,164,49,0,213,207,51,2,260
86357,284,"CĂMINUL CULTURAL IZVORU MUREȘULUI","IZVORU MUREŞULUI",HR,663,2,3,0,5,38,12,0,50,38,13,0,51,45,16,0,61,176,27,0,203,198,30,0,228
86375,285,"GRĂDINIŢA CU PROGRAM NORMAL ALSZEG ZETEA",ZETEA,HR,1221,2,0,0,2,10,0,0,10,12,0,0,12,18,0,0,18,100,2,0,102,164,3,0,167
86375,286,"PRIMĂRIA ZETEA",ZETEA,HR,1277,2,0,0,2,6,1,0,7,13,1,0,14,21,1,0,22,81,7,0,88,123,16,0,139
86375,287,"ŞCOALA PRIMARĂ TOFĂLĂU ZETEA",ZETEA,HR,1193,0,0,0,0,14,0,0,14,17,0,0,17,28,0,0,28,97,3,0,100,134,5,0,139
86428,288,"ŞCOALA GIMNAZIALĂ ""JÓKAI MÓR"" SUB CETATE","SUB CETATE",HR,658,0,0,0,0,2,0,0,2,2,0,0,2,3,0,0,3,23,6,0,29,32,8,0,40
86419,289,"CĂMIN CULTURAL ŞICASĂU",ŞICASĂU,HR,139,0,0,0,0,0,0,0,0,0,0,0,0,2,1,0,3,4,4,0,8,7,7,0,14
86393,290,"ŞCOALA PRIMARĂ ""SZÉKELY JÁNOS"" IZVOARE",IZVOARE,HR,315,0,0,0,0,2,0,0,2,2,7,0,9,3,7,0,10,7,16,0,23,7,19,0,26
179230,1,"SCOALA GIMNAZIALA NR. 1 BRAGADIRU",BRAGADIRU,IF,1749,15,12,0,27,67,36,0,103,89,51,0,140,114,59,0,173,211,112,0,323,261,135,0,396
179230,2,"SCOALA GIMNAZIALA NR. 1 BRAGADIRU",BRAGADIRU,IF,1820,8,0,0,8,56,1,0,57,87,4,0,91,111,7,0,118,214,24,0,238,279,40,0,319
179230,3,"SCOALA GIMNAZIALA NR. 1 BRAGADIRU",BRAGADIRU,IF,1555,21,1,0,22,60,2,0,62,87,3,0,90,121,4,0,125,224,16,0,240,285,27,0,312
179230,4,"SCOALA GIMNAZIALA NR. 1 BRAGADIRU",BRAGADIRU,IF,1152,8,0,0,8,36,1,0,37,57,5,0,62,72,6,0,78,141,11,0,152,187,14,0,201
179230,5,"SCOALA GIMNAZIALA NR. 1 BRAGADIRU",BRAGADIRU,IF,1813,6,1,0,7,35,3,0,38,57,8,0,65,87,8,0,95,182,15,0,197,240,20,0,260
179230,6,"SC GAD SPECIAL CONSTRUCT SRL",BRAGADIRU,IF,1926,12,8,0,20,54,33,0,87,80,53,0,133,91,63,0,154,156,101,0,257,200,133,0,333
179230,7,"SC GAD SPECIAL CONSTRUCT SRL",BRAGADIRU,IF,1563,9,4,0,13,36,16,0,52,73,36,0,109,78,36,0,114,155,70,0,225,192,93,0,285
179230,8,"S.C. BANDKOPP FASTENERS IMPORT EXPORT SRL",BRAGADIRU,IF,1888,10,3,0,13,60,19,0,79,78,30,0,108,96,33,0,129,162,76,0,238,222,112,0,334
179230,9,"GRADINITA PITICII NOSTRI",BRAGADIRU,IF,1703,3,4,0,7,43,18,0,61,74,33,0,107,87,40,0,127,173,104,0,277,227,169,0,396
179230,10,"SPAȚIU COMERCIAL",BRAGADIRU,IF,1476,2,1,0,3,23,6,0,29,43,9,0,52,49,10,0,59,129,32,0,161,173,44,0,217
179230,11,"SPAȚIU COMERCIAL",BRAGADIRU,IF,1149,6,2,0,8,18,12,0,30,31,13,0,44,47,18,0,65,97,27,0,124,136,32,0,168
100585,12,"ȘCOALA GIMNAZIALĂ NR. 1 BUFTEA",BUFTEA,IF,1674,14,2,0,16,59,5,0,64,86,7,0,93,101,8,0,109,178,15,0,193,226,20,0,246
100585,13,"ȘCOALA GIMNAZIALĂ NR. 1 BUFTEA",BUFTEA,IF,1797,9,2,0,11,74,5,0,79,118,6,0,124,147,8,0,155,228,10,0,238,278,19,0,297
100585,14,"ȘCOALA GIMNAZIALĂ NR. 1 BUFTEA",BUFTEA,IF,1793,22,3,0,25,77,13,0,90,119,18,0,137,145,23,0,168,212,30,0,242,259,30,0,289
100585,15,"LICEUL TEHNOLOGIC ""DUMITRU DUMITRESCU"" BUFTEA",BUFTEA,IF,1135,9,0,0,9,37,3,0,40,52,3,0,55,70,4,0,74,117,12,0,129,152,14,0,166
100585,16,"ȘCOALA GIMNAZIALĂ NR. 2 BUFTEA",BUFTEA,IF,1266,18,0,0,18,57,8,0,65,77,12,0,89,92,12,0,104,162,16,0,178,207,25,0,232
100585,17,"ȘCOALA GIMNAZIALĂ NR. 2 BUFTEA",BUFTEA,IF,1570,24,4,0,28,73,11,0,84,111,16,0,127,133,23,0,156,237,54,0,291,293,74,0,367
100585,18,"ȘCOALA GIMNAZIALĂ NR. 2 BUFTEA",BUFTEA,IF,1645,11,1,0,12,58,5,1,64,79,5,1,85,111,5,1,117,198,6,1,205,256,11,1,268
100585,19,"ȘCOALA GIMNAZIALĂ NR. 2 BUFTEA",BUFTEA,IF,1597,12,0,0,12,57,3,0,60,77,5,0,82,100,5,0,105,186,22,0,208,231,27,0,258
100585,20,"ȘCOALA GIMNAZIALĂ NR. 4 BUFTEA",BUFTEA,IF,954,5,0,0,5,22,2,0,24,30,3,0,33,43,5,0,48,95,9,0,104,163,14,0,177
100585,21,"SEDIU TÂRG - PRIMĂRIA BUFTEA",BUFTEA,IF,1320,6,0,0,6,23,1,0,24,43,5,0,48,53,8,0,61,115,15,0,130,159,21,0,180
100585,22,"ȘCOALA GIMNAZIALĂ NR. 3 BUFTEA",BUFTEA,IF,1880,24,6,0,30,66,11,0,77,107,14,0,121,134,15,0,149,246,46,0,292,316,65,0,381
100585,23,"LICEUL TEHNOLOGIC ”DUMITRU DUMITRESCU” BUFTEA",BUFTEA,IF,1396,6,1,0,7,30,3,0,33,61,6,0,67,72,7,0,79,136,11,0,147,165,13,0,178
100585,24,"PROPRIETATE PRIVATĂ: TUTUNARU GHEORGHE",BUFTEA,IF,448,0,0,0,0,11,2,0,13,21,3,0,24,30,3,0,33,38,4,0,42,65,6,0,71
179294,25,"GRĂDINIŢA CU PROGRAM PRELUNGIT ""VOINICEL""",CHITILA,IF,1266,10,0,0,10,38,6,0,44,71,6,0,77,78,6,0,84,168,8,0,176,212,12,0,224
179294,26,"ŞCOALA GIMNAZIALĂ CU CLASELE I-VIII NR.1 ""PROF.ION VIŞOIU""",CHITILA,IF,1630,13,2,0,15,65,13,0,78,93,26,0,119,116,30,0,146,217,56,0,273,264,73,0,337
179294,27,"ŞCOALA GIMNAZIALĂ CU CLASELE I-VIII NR.1 ""PROF. ION VIŞOIU""",CHITILA,IF,1593,11,1,0,12,60,14,0,74,99,19,0,118,126,20,0,146,230,28,0,258,276,41,0,317
179301,28,"ŞCOALA GIMNAZIALĂ CU CLASELE I-VIII NR.1 ""PROF. ION VIŞOIU""",RUDENI,IF,1113,12,0,0,12,18,1,0,19,25,3,0,28,38,4,0,42,93,18,0,111,134,25,0,159
179294,29,"CASA DE CULTURĂ ""TUDOR ARGHEZI""",CHITILA,IF,1823,13,2,0,15,59,12,0,71,82,16,0,98,95,17,0,112,191,23,0,214,248,39,0,287
179294,30,"ŞCOALA GIMNAZIALĂ CU CLASELE I- VIII NR.1 ""PROF. ION VIŞOIU"" -",CHITILA,IF,1590,12,2,0,14,35,6,0,41,50,8,0,58,63,11,0,74,124,18,0,142,153,22,0,175
179294,31,"SCOALA GIMNAZIALA CU CLASELE I-VIII NR. 1 PROF. ION VISOIU, STRUCTURA CU CLASELE I-IV SI GRUPE DE PRESCOLARI ION OLTEANU-CHITILA",CHITILA,IF,1126,9,1,0,10,38,3,0,41,52,9,0,61,63,11,0,74,116,25,0,141,159,38,0,197
179294,32,"ŞCOALA GIMNAZIALĂ CU CLASELE I- VIII NR.1 ""PROF. ION VIŞOIU""",CHITILA,IF,1105,16,3,0,19,45,9,0,54,65,10,0,75,90,11,0,101,150,23,0,173,169,28,0,197
179294,33,"GRĂDINIŢA ""PRICHINDEL""",CHITILA,IF,1104,11,0,0,11,44,4,0,48,62,6,0,68,91,6,0,97,165,14,0,179,203,17,0,220
179418,34,"GRADINITA NR 2 MAGURELE",MĂGURELE,IF,1332,17,1,0,18,46,9,0,55,67,13,0,80,81,16,0,97,146,34,0,180,189,53,0,242
179418,35,"LICEUL TEORETIC ""HORIA HULUBEI""",MĂGURELE,IF,900,6,3,0,9,41,8,0,49,68,14,0,82,81,15,0,96,156,27,0,183,204,53,0,257
179418,36,"PRIMĂRIA ORAŞULUI MĂGURELE",MĂGURELE,IF,1700,15,8,0,23,60,28,0,88,85,48,0,133,113,57,0,170,219,98,0,317,271,129,0,400
179418,37,"PRIMĂRIA ORAŞULUI MĂGURELE",MĂGURELE,IF,936,3,2,0,5,22,9,0,31,37,11,0,48,50,11,0,61,103,22,0,125,125,41,0,166
179427,38,"CLĂDIRE PARC ALUNIŞ",ALUNIŞU,IF,1196,3,0,0,3,15,1,0,16,27,4,0,31,33,4,0,37,74,9,0,83,114,15,1,130
179454,39,"SCOALA PRIMARA NR 1 VARTEJU",VÂRTEJU,IF,942,3,1,0,4,6,1,0,7,15,3,0,18,32,7,0,39,90,11,0,101,134,19,0,153
179454,40,"GRADINITA NR 3 VARTEJU",VÂRTEJU,IF,1274,4,3,0,7,26,15,0,41,57,19,0,76,67,25,0,92,119,44,0,163,151,56,0,207
179436,41,"SCOALA PRIMARA NR 2 DUMITRANA",DUMITRANA,IF,873,11,0,0,11,27,2,0,29,34,4,0,38,39,9,0,48,63,24,0,87,86,29,0,115
179506,42,"GRĂDINIŢIA CU PROGRAM PRELUNGIT NR. 2",ODĂILE,IF,939,5,0,0,5,31,14,0,45,43,13,0,56,58,15,0,73,118,41,0,159,135,64,0,199
179490,43,"LICEUL TEORETIC ""IOAN PETRUŞ""",OTOPENI,IF,1336,8,3,0,11,48,26,0,74,64,34,0,98,80,36,0,116,147,83,0,230,193,124,0,317
179490,44,"LICEUL TEORETIC ""IOAN PETRUŞ""",OTOPENI,IF,980,15,2,0,17,53,5,0,58,67,8,0,75,79,8,0,87,136,28,0,164,171,35,0,206
179490,45,"LICEUL TEORETIC ""IOAN PETRUŞ""",OTOPENI,IF,1111,10,0,0,10,41,8,0,49,66,9,0,75,72,12,0,84,149,21,0,170,182,24,0,206
179490,46,"LICEUL TEORETIC ""IOAN PETRUŞ""",OTOPENI,IF,1018,18,4,0,22,51,40,0,91,73,56,0,129,91,59,0,150,133,97,0,230,173,138,0,311
179490,47,"PRIMĂRIA ORAŞULUI OTOPENI",OTOPENI,IF,1268,9,3,0,12,56,17,0,73,78,21,0,99,100,22,0,122,178,43,0,221,234,65,1,300
179490,48,"PRIMĂRIA ORAŞULUI OTOPENI",OTOPENI,IF,1168,17,6,0,23,51,10,0,61,73,13,0,86,99,14,0,113,150,22,0,172,196,30,0,226
179490,49,"SALA DE SPORT OTOPENI",OTOPENI,IF,1532,23,3,0,26,84,13,0,97,113,20,0,133,130,22,0,152,202,39,0,241,249,47,0,296
179490,50,"GRĂDINIŢA CU PROGRAM NORMAL NR. 2",OTOPENI,IF,1135,18,6,0,24,68,14,0,82,87,18,0,105,108,19,0,127,174,38,0,212,190,51,0,241
179490,51,"PROPRIETATE PRIVATĂ: FARR MIHAELA DANA",OTOPENI,IF,926,9,3,0,12,21,13,0,34,50,17,0,67,59,18,0,77,147,29,134,310,173,43,143,359
179524,52,"ŞCOALA GENERALĂ NR.1",PANTELIMON,IF,1469,17,0,0,17,49,6,0,55,66,11,0,77,85,18,0,103,163,28,0,191,203,37,0,240
179524,53,"ŞCOALA GENERALĂ NR.1",PANTELIMON,IF,1564,10,0,0,10,30,4,0,34,46,7,0,53,53,10,0,63,122,20,0,142,170,40,0,210
179524,54,"ŞCOALA GENERALĂ NR.1",PANTELIMON,IF,1422,6,1,0,7,40,2,0,42,59,5,0,64,76,6,0,82,153,9,0,162,196,10,0,206
179524,55,"ŞCOALA GENERALĂ NR.1",PANTELIMON,IF,1866,4,0,0,4,36,3,0,39,49,5,0,54,59,5,0,64,149,15,0,164,191,20,0,211
179524,56,"ŞCOALA GENERALĂ NR.1",PANTELIMON,IF,1710,16,2,0,18,46,6,0,52,63,6,0,69,71,6,0,77,157,10,0,167,213,21,0,234
179524,57,"ŞCOALA GENERALĂ NR.1",PANTELIMON,IF,1365,11,3,0,14,44,6,0,50,57,7,0,64,69,8,0,77,149,15,0,164,177,16,0,193
179524,58,"ŞCOALA GENERALĂ NR.1",PANTELIMON,IF,1359,9,0,0,9,22,0,0,22,33,0,0,33,46,0,0,46,102,4,0,106,121,8,0,129
179524,59,"ŞCOALA GENERALĂ NR.1",PANTELIMON,IF,1786,13,4,0,17,44,8,0,52,77,8,0,85,85,8,0,93,172,29,0,201,225,35,0,260
179524,60,"ŞCOALA GENERALĂ NR.1",PANTELIMON,IF,1886,11,5,0,16,65,26,0,91,94,33,0,127,110,40,0,150,196,77,0,273,229,109,0,338
179524,61,"ŞCOALA GENERALĂ NR.1",PANTELIMON,IF,1799,14,3,0,17,58,16,0,74,74,20,0,94,80,22,0,102,149,42,0,191,197,59,0,256
179524,62,"GRĂDINIŢA DE COPII NR.1",PANTELIMON,IF,1415,11,0,0,11,50,5,0,55,58,6,0,64,70,10,0,80,140,19,0,159,179,35,0,214
179524,63,"GRĂDINIŢA DE COPII NR.1",PANTELIMON,IF,1205,11,3,0,14,42,9,0,51,68,14,0,82,75,17,0,92,135,27,0,162,183,36,0,219
179524,64,"GRĂDINIŢA DE COPII NR.1",PANTELIMON,IF,1169,10,0,0,10,31,0,0,31,44,0,0,44,60,0,0,60,122,6,0,128,153,11,0,164
179524,65,"GRĂDINIŢA DE COPII NR.1",PANTELIMON,IF,1904,5,4,0,9,37,4,0,41,50,5,0,55,70,6,0,76,146,16,0,162,217,20,0,237
179524,66,"GRĂDINIŢA DE COPII NR.1",PANTELIMON,IF,1594,10,1,0,11,43,1,0,44,73,4,0,77,79,4,0,83,135,7,0,142,189,8,0,197
179542,67,"FUNDAŢIA LEONARDO MURIALDO","POPEŞTI LEORDENI",IF,1424,4,5,0,9,30,17,0,47,56,33,0,89,63,38,0,101,93,57,0,150,109,78,0,187
179542,68,"FUNDAŢIA LEONARDO MURIALDO","POPEŞTI LEORDENI",IF,1601,8,3,0,11,21,12,0,33,33,22,0,55,44,24,0,68,79,54,0,133,110,63,0,173
179542,69,"FUNDATIA LEONARDO MURIALDO","POPEŞTI LEORDENI",IF,850,3,1,0,4,18,3,0,21,29,7,0,36,33,8,0,41,66,23,0,89,87,42,0,129
179542,70,"FUNDATIA LEORNARDO MURIALDO","POPEŞTI LEORDENI",IF,1523,2,0,0,2,26,7,0,33,38,13,0,51,48,16,0,64,87,20,0,107,104,24,0,128
179542,71,"ŞCOALA GIMNAZIALĂ IOAN BĂDESCU","POPEŞTI LEORDENI",IF,1203,6,1,0,7,23,5,0,28,39,12,0,51,60,14,0,74,148,19,0,167,202,22,0,224
179542,72,"ŞCOALA GIMNAZIALĂ IOAN BĂDESCU","POPEŞTI LEORDENI",IF,1784,19,3,0,22,51,23,0,74,82,27,0,109,103,29,0,132,255,64,0,319,324,105,0,429
179542,73,"CĂMINUL CULTURAL","POPEŞTI LEORDENI",IF,1815,12,0,0,12,43,10,0,53,67,21,0,88,86,24,0,110,182,54,0,236,235,84,0,319
179542,74,"LICEUL TEORETIC RADU POPESCU","POPEŞTI LEORDENI",IF,1667,13,3,0,16,33,6,0,39,69,10,0,79,83,11,0,94,197,20,0,217,255,32,0,287
179542,75,"LICEUL TEORETIC RADU POPESCU","POPEŞTI LEORDENI",IF,1677,12,3,0,15,57,7,0,64,87,12,0,99,120,12,0,132,219,18,0,237,271,24,0,295
179542,76,"ŞCOALA GENERALĂ NR. 4","POPEŞTI LEORDENI",IF,1603,18,3,0,21,59,12,0,71,90,15,0,105,120,16,0,136,198,28,0,226,254,33,0,287
179542,77,"ŞCOALA GENERALĂ NR. 3","POPEŞTI LEORDENI",IF,1380,1,2,0,3,38,11,0,49,65,20,0,85,82,29,0,111,153,48,0,201,188,62,0,250
179542,78,"ŞCOALA GENERALĂ NR. 3","POPEŞTI LEORDENI",IF,1479,6,0,0,6,29,0,0,29,47,1,0,48,54,1,0,55,110,5,0,115,142,11,1,154
179542,79,"SC MIKY&JASMIN SRL","POPEŞTI LEORDENI",IF,1798,15,2,0,17,64,8,0,72,104,17,0,121,119,18,0,137,188,19,0,207,249,27,0,276
179542,80,"S.C. AGROPOLS.A.","POPEŞTI LEORDENI",IF,444,4,0,0,4,8,1,0,9,13,1,0,14,15,3,0,18,23,5,0,28,37,7,0,44
179542,81,"GRADINITA NR.3","POPEŞTI LEORDENI",IF,1157,3,0,0,3,17,4,0,21,28,6,0,34,28,6,0,34,60,19,0,79,85,26,0,111
179542,82,"GRADINITA CU PROGRAM PRELUNGIT NR.4","POPEŞTI LEORDENI",IF,1791,1,0,0,1,24,2,0,26,37,4,0,41,43,6,0,49,107,11,0,118,153,22,0,175
179560,83,"ŞCOALA GENERALĂ NR. 3",VOLUNTARI,IF,1993,4,2,0,6,57,17,0,74,84,25,0,109,91,25,0,116,200,60,0,260,246,72,0,318
179560,84,"ŞCOALA GENERALĂ NR. 3",VOLUNTARI,IF,1873,4,3,0,7,48,18,0,66,79,25,0,104,95,27,0,122,178,59,0,237,246,81,0,327
179560,85,"ŞCOALA GENERALĂ NR. 3",VOLUNTARI,IF,1795,7,2,0,9,59,9,0,68,88,13,0,101,107,13,0,120,232,43,0,275,299,58,0,357
179560,86,"ŞCOALA GENERALĂ NR. 3",VOLUNTARI,IF,1806,12,1,0,13,68,8,0,76,106,11,0,117,123,15,0,138,244,27,0,271,325,43,0,368
179560,87,"SALA DE SPORT ""ANDREEA ISĂRESCU""",VOLUNTARI,IF,1751,9,5,0,14,58,10,0,68,86,12,0,98,126,12,0,138,261,32,0,293,644,44,5,693
179560,88,"ŞCOALA GENERALĂ NR. 1",VOLUNTARI,IF,1982,9,2,0,11,54,21,0,75,88,31,0,119,118,36,0,154,248,58,7,313,325,61,28,414
179560,89,"ŞCOALA GENERALĂ NR. 1",VOLUNTARI,IF,1983,19,1,0,20,68,3,0,71,98,7,0,105,127,8,0,135,217,21,6,244,377,52,7,436
179560,90,"ŞCOALA GENERALĂ NR. 1",VOLUNTARI,IF,1832,19,4,0,23,53,10,0,63,81,16,0,97,101,16,0,117,248,34,0,282,352,42,6,400
179560,91,"ŞCOALA GENERALĂ NR. 1",VOLUNTARI,IF,1748,18,1,0,19,54,6,0,60,90,13,0,103,126,15,0,141,283,31,0,314,419,49,2,470
179560,92,"ŞCOALA GENERALĂ NR. 1",VOLUNTARI,IF,1658,13,4,0,17,53,6,0,59,84,9,0,93,107,10,0,117,207,17,0,224,277,31,3,311
179560,93,"ŞCOALA GENERALĂ NR. 1",VOLUNTARI,IF,1937,11,5,0,16,39,13,0,52,69,22,0,91,100,23,0,123,233,39,0,272,361,47,1,409
179560,94,"ŞCOALA GENERALĂ NR. 1",VOLUNTARI,IF,1798,14,1,0,15,61,3,0,64,98,6,0,104,112,11,0,123,243,19,0,262,356,30,0,386
179560,95,"CASA DE CULTURĂ",VOLUNTARI,IF,1928,30,6,0,36,76,16,0,92,100,26,0,126,130,30,0,160,385,51,0,436,697,83,6,786
179560,96,"ŞCOALA GENERALĂ NR. 2",VOLUNTARI,IF,1848,11,8,0,19,60,23,0,83,102,25,0,127,137,33,0,170,285,59,0,344,400,76,0,476
179560,97,"ŞCOALA GENERALĂ NR. 2",VOLUNTARI,IF,1742,8,1,0,9,76,1,0,77,128,3,0,131,148,8,0,156,293,8,0,301,390,15,1,406
179560,98,"ŞCOALA GENERALĂ NR. 2",VOLUNTARI,IF,1827,22,1,0,23,66,2,0,68,91,6,0,97,116,6,0,122,260,27,0,287,410,54,0,464
179560,99,"FOSTUL SEDIU AL PRIMĂRIEI",VOLUNTARI,IF,1711,14,1,0,15,80,6,0,86,137,21,0,158,177,22,0,199,337,28,0,365,464,48,3,515
179560,100,"PRIMĂRIA ORAŞULUI VOLUNTARI",VOLUNTARI,IF,1567,10,1,0,11,49,19,0,68,66,23,0,89,77,37,0,114,218,66,0,284,314,87,0,401
179560,101,"SCOALA GENERALA NR. 3",VOLUNTARI,IF,1266,3,2,0,5,29,14,0,43,43,26,0,69,54,28,0,82,109,58,0,167,151,69,0,220
102552,102,"ŞCOALA GIMNAZIALA NR. 1, CORP A","1 DECEMBRIE",IF,1955,12,1,0,13,44,10,0,54,68,21,0,89,76,24,0,100,177,45,0,222,251,56,0,307
102552,103,"ŞCOALA GIMNAZIALA NR. 1, CORP A","1 DECEMBRIE",IF,1527,9,3,0,12,29,6,0,35,44,11,0,55,60,11,0,71,108,25,0,133,143,40,0,183
102552,104,"ŞCOALA GIMNAZIALA NR. 1, CORP B","1 DECEMBRIE",IF,1638,7,2,0,9,27,9,0,36,65,11,0,76,80,11,0,91,163,27,0,190,221,34,0,255
102552,105,"ŞCOALA GIMNAZIALA NR. 1, CORP B","1 DECEMBRIE",IF,1528,4,1,0,5,24,6,0,30,32,8,0,40,52,9,0,61,121,25,0,146,162,36,0,198
100843,106,"ȘCOALA GENERALĂ NR.1",AFUMAŢI,IF,785,6,4,0,10,30,5,0,35,47,11,0,58,62,17,0,79,126,35,0,161,184,53,0,237
100843,107,"ŞCOALA GENERALĂ NR. 1 CU CLASELE V - VIII",AFUMAŢI,IF,1142,10,1,0,11,37,14,0,51,61,37,0,98,71,38,0,109,153,47,0,200,202,51,0,253
100843,108,"ŞCOALA GENERALĂ NR. 3 CU CLASELE I - IV",AFUMAŢI,IF,1646,17,0,0,17,50,1,0,51,75,4,0,79,125,5,0,130,276,22,0,298,353,31,0,384
100843,109,"ŞCOALA GENERALĂ NR. 2 CU CLASELE I - IV",AFUMAŢI,IF,1610,22,1,0,23,63,4,0,67,80,7,0,87,87,11,0,98,175,30,0,205,230,37,0,267
100843,110,"SCOALA CU CLASELE I-IV",AFUMAŢI,IF,1239,6,0,0,6,31,3,0,34,39,3,0,42,67,4,0,71,136,9,0,145,175,13,0,188
100978,111,"CLĂDIRE POLICLINICĂ",BALOTEŞTI,IF,1517,10,0,0,10,49,5,0,54,70,7,38,115,90,8,38,136,176,40,43,259,218,49,43,310
100978,112,"ŞCOALA NR. 1 BALOTEŞTI",BALOTEŞTI,IF,1223,6,2,0,8,43,10,0,53,62,21,0,83,68,21,0,89,138,40,0,178,181,55,0,236
100978,113,"ŞCOALA NR. 1 BALOTEŞTI",BALOTEŞTI,IF,944,4,3,0,7,23,5,0,28,34,6,0,40,44,8,0,52,109,20,0,129,134,27,0,161
100978,114,"ŞCOALA NR. 3 BALOTEŞTI",BALOTEŞTI,IF,2166,14,1,0,15,57,11,1,69,95,23,1,119,126,28,1,155,268,80,1,349,350,113,1,464
100996,115,"ŞCOALA NR. 2 SĂFTICA",SĂFTICA,IF,1135,16,2,0,18,55,16,0,71,76,18,0,94,100,20,0,120,180,56,0,236,217,64,0,281
101154,116,"SCOALA PRIMARA NR. 2",BERCENI,IF,1738,4,4,0,8,28,22,0,50,64,33,0,97,81,37,0,118,197,111,0,308,270,150,0,420
101154,117,"SCOALA PRIMARA NR. 2",BERCENI,IF,1314,6,1,0,7,42,10,0,52,60,17,0,77,76,18,0,94,144,46,1,191,205,62,1,268
101154,118,"ŞCOALA GIMNAZIALA NR. 1",BERCENI,IF,1364,5,7,0,12,48,35,0,83,76,39,0,115,85,40,0,125,162,72,0,234,208,108,0,316
101305,119,"ŞCOALA GIMNAZIALA NR.1",BRĂNEŞTI,IF,784,9,3,0,12,23,9,0,32,34,15,0,49,55,24,0,79,109,44,0,153,142,52,0,194
101305,120,"ŞCOALA GENERALĂ DIN CARTIERUL BĂJENARI",BRĂNEŞTI,IF,1779,13,3,0,16,42,5,0,47,81,11,0,92,164,15,0,179,222,32,0,254,283,45,0,328
101305,121,"SCOALA GIMNAZIALA NR.1 BRANESTI",BRĂNEŞTI,IF,1342,17,2,0,19,45,4,0,49,71,7,0,78,107,12,0,119,168,32,0,200,243,52,0,295
101305,122,"LICEUL TEORETIC ""TRAIAN LALESCU""",BRĂNEŞTI,IF,1799,16,7,0,23,76,24,0,100,115,32,0,147,162,42,0,204,303,95,2,400,385,118,2,505
101323,123,"GRADINITA NR.2",PASĂREA,IF,870,15,5,0,20,86,17,0,103,101,33,13,147,106,40,13,159,166,68,13,247,225,85,32,342
101314,124,"GRĂDINIŢA NR.1",ISLAZ,IF,1197,13,4,0,17,40,15,0,55,72,23,0,95,105,26,0,131,194,47,0,241,328,68,0,396
101751,125,"ŞCOALA GIMNAZIALĂ NR.1",CERNICA,IF,804,12,4,0,16,45,8,0,53,70,18,0,88,90,21,0,111,204,63,0,267,243,73,0,316
101751,126,"ŞCOALA GIMNAZIALĂ NR.1",CERNICA,IF,839,21,1,0,22,58,2,0,60,77,9,0,86,100,11,0,111,222,47,0,269,287,59,0,346
101751,127,"ŞCOALA GIMNAZIALĂ NR.1",CERNICA,IF,894,12,0,0,12,43,2,0,45,59,8,0,67,87,13,0,100,196,40,0,236,265,53,0,318
101760,128,"ŞCOALA GIMNAZIALĂ NR.3",BĂLĂCEANCA,IF,1347,3,0,0,3,21,4,0,25,40,4,0,44,50,5,0,55,142,15,0,157,199,26,0,225
101760,129,"ŞCOALA GIMNAZIALĂ NR.3",BĂLĂCEANCA,IF,1163,9,3,0,12,26,5,15,46,44,8,15,67,53,10,15,78,137,25,15,177,199,38,15,252
101779,130,"GRĂDINIŢA NR.5",CĂLDĂRARU,IF,916,7,4,0,11,24,6,0,30,43,11,0,54,53,14,0,67,124,41,0,165,177,67,0,244
101797,131,"ŞCOALA GIMNAZIALĂ NR.2",TÎNGANU,IF,1265,12,2,0,14,30,3,0,33,47,4,0,51,69,10,0,79,226,28,0,254,355,42,0,397
101797,132,"ŞCOALA GIMNAZIALĂ NR.2",TÎNGANU,IF,1282,17,0,0,17,32,2,0,34,61,4,0,65,85,7,0,92,211,16,0,227,368,19,0,387
179258,133,"SCOALA GIMNAZIALA"""" ALEXANDRU ODOBESCU""",CHIAJNA,IF,1955,17,2,0,19,50,10,0,60,74,12,0,86,90,14,0,104,213,24,0,237,261,36,0,297
179258,134,"SCOALA GIMNAZIALA""ALEXANDRU ODOBESCU""",CHIAJNA,IF,1785,12,4,0,16,56,7,0,63,87,7,0,94,105,7,0,112,224,15,0,239,293,44,0,337
179258,135,"SCOALA GIMNAZIALA """"ALEXANDRU ODOBESCU""",CHIAJNA,IF,1882,14,0,0,14,64,7,0,71,75,16,0,91,89,17,0,106,192,58,0,250,252,97,0,349
179276,136,"LICEUL TEHNOLOGIC ""DOAMNA CHIAJNA""",ROŞU,IF,1927,7,0,0,7,55,19,0,74,89,21,0,110,111,25,0,136,241,31,0,272,306,32,0,338
179276,137,"LICEUL TEHNOLOGIC ""DOAMNA CHIAJNA""",ROŞU,IF,1958,6,1,0,7,32,17,0,49,64,30,0,94,81,34,0,115,185,71,0,256,219,80,0,299
179276,138,"LICEUL TEHNOLOGIC ""DOAMNA CHIAJNA""",ROŞU,IF,1977,4,0,0,4,35,0,0,35,63,0,0,63,82,0,0,82,161,0,0,161,205,0,0,205
179276,139,"LICEUL TEHNOLOGIC""'DOAMNA CHIAJNA""",ROŞU,IF,1693,1,0,0,1,24,13,0,37,40,27,0,67,40,27,0,67,76,34,0,110,109,41,0,150
179276,140,"LICEUL TEHNOLOGIC""""DOAMNA CHIAJNA""",ROŞU,IF,2073,2,0,0,2,33,1,0,34,45,8,0,53,47,12,0,59,92,42,0,134,124,63,0,187
179276,141,"LICEUL TEHNOLOGIC""DOAMNA CHIAJNA""",ROŞU,IF,1554,0,0,0,0,11,0,0,11,27,13,0,40,27,16,0,43,50,31,0,81,63,57,0,120
101911,142,"CĂMINUL CULTURAL CIOLPANI",CIOLPANI,IF,1907,19,4,0,23,62,24,0,86,102,33,0,135,140,37,0,177,219,67,0,286,283,84,0,367
101948,143,"SCOALA GENERALĂ CU CLASELE I-IV",PISCU,IF,794,7,3,0,10,22,19,0,41,48,28,0,76,69,33,0,102,140,46,0,186,161,52,0,213
101939,144,"SCOALA GENERALA CU CLASELE I-IV CIOLPANI",LUPĂRIA,IF,1158,7,0,0,7,17,15,0,32,20,22,0,42,38,25,0,63,107,42,0,149,120,53,0,173
101920,145,"SCOALA GENERALĂCU CLASELE I-IV",IZVORANI,IF,636,1,4,0,5,22,18,0,40,33,27,0,60,49,33,0,82,115,55,0,170,125,71,0,196
101966,146,"ŞCOALA NR. 1 CIOROGÎRLA",CIOROGÎRLA,IF,1303,7,0,0,7,35,10,0,45,54,19,0,73,78,25,0,103,147,70,0,217,202,107,0,309
101966,147,"ŞCOALA NR. 1 CIOROGÂRLA",CIOROGÎRLA,IF,1766,9,1,0,10,44,11,0,55,72,18,0,90,86,23,0,109,188,67,0,255,238,97,0,335
101975,148,"ŞCOALA NR.2 DÂRVARI",DÎRVARI,IF,1681,4,6,0,10,19,14,0,33,31,15,0,46,46,19,0,65,103,27,1,131,143,30,1,174
102044,149,"LICEUL SPORTIV CLINCENI",CLINCENI,IF,1535,6,4,0,10,43,13,0,56,63,18,0,81,75,27,0,102,208,56,0,264,268,69,0,337
102044,150,"LICEUL SPORTIV CLINCENI",CLINCENI,IF,1078,5,4,0,9,18,23,0,41,33,36,0,69,40,42,0,82,93,97,0,190,126,120,0,246
102053,151,"LICEUL SPORTIV CLINCENI",OLTENI,IF,1674,10,2,0,12,52,17,0,69,66,24,0,90,81,32,0,113,160,70,0,230,219,97,0,316
102044,152,"LLICEUL SPORTIV CLINCENI",CLINCENI,IF,1274,1,2,0,3,27,6,0,33,31,11,0,42,40,13,0,53,121,25,0,146,153,32,0,185
102561,153,"AȘEZĂMÂNTUL SOCIAL AL BISERICII SF. DUMITRU",COPĂCENI,IF,1435,14,3,0,17,36,15,0,51,57,21,0,78,128,28,0,156,272,60,0,332,396,86,0,482
102561,154,"SCOALA GIMNAZIALA NR. 1",COPĂCENI,IF,1016,5,0,0,5,19,7,0,26,63,10,0,73,131,16,0,147,292,40,0,332,423,56,0,479
102179,155,"ŞCOALA GIMNAZIALĂ NR. 1",CORBEANCA,IF,995,1,6,0,7,12,16,0,28,23,31,0,54,49,41,0,90,82,82,0,164,97,109,0,206
102179,156,"ŞCOALA GIMNAZIALĂ NR. 1",CORBEANCA,IF,1231,9,1,0,10,43,9,0,52,58,9,0,67,72,12,0,84,118,32,0,150,151,44,0,195
102204,157,"ŞCOALA GIMNAZIALĂ NR. 2",TAMAŞI,IF,1861,11,2,0,13,56,27,0,83,83,32,0,115,103,38,0,141,203,68,0,271,249,83,0,332
102188,158,"CLĂDIREA AFTER SCHOOL",OSTRATU,IF,1142,6,4,0,10,41,24,0,65,56,32,0,88,59,34,0,93,100,71,0,171,124,108,0,232
102197,159,"GRĂDINIŢA NR. 1",PETREŞTI,IF,728,9,6,0,15,31,12,0,43,44,17,0,61,50,20,0,70,98,35,0,133,119,54,0,173
102222,160,"ŞCOALA GIMNAZIALĂ NR.1",CORNETU,IF,1047,9,0,0,9,31,6,0,37,46,14,0,60,59,17,0,76,112,38,0,150,149,43,0,192
102222,161,"ŞCOALA GIMNAZIALĂ NR.1",CORNETU,IF,880,12,3,0,15,27,10,0,37,38,15,0,53,48,16,0,64,109,28,0,137,146,30,0,176
102222,162,"ŞCOALA GIMNAZIALĂ NR.1",CORNETU,IF,921,12,1,0,13,40,10,0,50,44,11,0,55,63,15,0,78,104,24,0,128,146,30,0,176
102222,163,"ŞCOALA GIMNAZIALĂ NR.1",CORNETU,IF,924,16,7,0,23,35,12,0,47,55,14,0,69,72,16,0,88,135,23,0,158,179,28,0,207
102222,164,"ŞCOALA GIMNAZIALĂ NR.1",CORNETU,IF,1099,12,0,0,12,40,0,0,40,55,4,0,59,68,6,0,74,122,13,0,135,163,30,0,193
102482,165,ŞCOALAGIMNAZIALĂDASCĂLU,DASCĂLU,IF,1719,12,4,0,16,45,22,0,67,56,24,0,80,70,32,0,102,140,61,0,201,175,76,0,251
102507,166,"GRĂDINIŢA NR. 2 GAGU",GAGU,IF,624,1,4,0,5,16,12,0,28,26,14,0,40,34,16,0,50,67,28,0,95,86,36,0,122
102534,167,"ŞCOALA GENERALĂ NR. 1",DĂRĂŞTI-ILFOV,IF,1083,4,2,0,6,19,4,0,23,20,5,0,25,29,5,0,34,82,15,0,97,107,27,0,134
102534,168,"ŞCOALA GENERALĂ NR. 1",DĂRĂŞTI-ILFOV,IF,1216,10,0,0,10,24,4,0,28,32,4,0,36,45,5,0,50,91,23,0,114,134,34,0,168
179329,169,"ŞCOALA NR.1 DOBROEŞTI",DOBROEŞTI,IF,1839,17,1,0,18,61,14,0,75,91,31,0,122,120,31,0,151,258,53,0,311,332,84,0,416
179329,170,"ŞCOALA NR.1 DOBROEŞTI",DOBROEŞTI,IF,1637,13,0,0,13,56,1,0,57,93,15,0,108,120,16,0,136,211,31,0,242,257,43,0,300
179329,171,"ŞCOALA NR.1 DOBROEŞTI",DOBROEŞTI,IF,1403,15,0,0,15,43,0,0,43,59,5,0,64,79,5,0,84,182,13,0,195,232,18,0,250
179338,172,"ŞCOALA NR.2 FUNDENI",FUNDENI,IF,1876,13,1,0,14,55,9,0,64,86,12,0,98,113,13,0,126,173,32,0,205,219,38,0,257
179338,173,"ŞCOALA NR.2 FUNDENI",FUNDENI,IF,1823,9,0,0,9,45,6,0,51,64,14,0,78,82,18,0,100,170,43,0,213,214,61,0,275
102589,174,"CĂMINUL CULTURAL DOMNEȘTI",DOMNEŞTI,IF,1985,12,2,0,14,35,4,0,39,60,8,0,68,86,11,0,97,157,22,0,179,206,36,0,242
102589,175,"CĂMINUL CULTURAL DOMNEȘTI",DOMNEŞTI,IF,1527,14,5,0,19,48,19,0,67,71,20,0,91,83,22,0,105,147,61,0,208,199,86,0,285
102589,176,"ȘCOALA GIMNAZIALĂ NR. 1 - ȘCOALA MARE",DOMNEŞTI,IF,1434,15,10,0,25,51,28,0,79,72,37,0,109,92,43,0,135,158,93,0,251,194,131,0,325
102589,177,"ȘCOALA PRIMARĂ NR. 1 - ȘCOALA BĂLEANU",DOMNEŞTI,IF,1869,20,0,0,20,60,2,0,62,74,6,0,80,95,11,0,106,209,23,0,232,288,43,0,331
102598,178,"ȘCOALA PRIMARĂ NR. 2 - ȘCOALA ȚEGHEȘ",ŢEGHEŞ,IF,764,6,5,0,11,17,10,0,27,26,13,0,39,34,20,0,54,93,35,0,128,141,45,0,186
102623,179,"ȘCOALA GENERALĂ NR. 2",DRAGOMIREŞTI-DEAL,IF,1298,6,6,0,12,18,10,0,28,35,11,0,46,45,14,0,59,83,24,0,107,132,31,0,163
102632,180,"ȘCOALA GENERALĂ NR. 3",ZURBAUA,IF,809,7,1,0,8,28,5,0,33,42,7,0,49,61,8,0,69,107,22,0,129,130,33,0,163
102614,181,"GRUPUL ȘCOLAR ""VINTILĂ BRĂTIANU""",DRAGOMIREŞTI-VALE,IF,1285,11,5,0,16,51,19,0,70,72,26,0,98,96,29,0,125,195,46,0,241,231,53,0,284
102623,182,"ȘCOALA VECHE",DRAGOMIREŞTI-DEAL,IF,996,13,6,0,19,35,8,0,43,43,11,0,54,58,12,0,70,116,37,0,153,139,58,0,197
103149,183,"ŞCOALA GĂNEASA",GĂNEASA,IF,784,5,0,0,5,7,4,0,11,13,7,0,20,17,10,0,27,60,32,0,92,83,47,0,130
103167,184,"ŞCOALA MOARA DOMNEASCĂ","MOARA DOMNEASCĂ",IF,537,5,1,0,6,16,3,0,19,22,4,0,26,25,7,0,32,63,16,0,79,85,28,0,113
103158,185,"ŞCOALA COZIENI",COZIENI,IF,645,2,0,0,2,6,1,0,7,11,2,0,13,12,4,0,16,40,12,0,52,60,14,0,74
103185,186,"GRĂDINIŢA ŞINDRILIŢA",ŞINDRILIŢA,IF,1042,9,0,0,9,42,3,0,45,68,5,0,73,96,6,0,102,176,17,0,193,241,30,0,271
103176,187,"ŞCOALA PITEASCA",PITEASCA,IF,1026,2,1,0,3,10,2,0,12,15,5,0,20,19,5,0,24,73,7,0,80,151,13,0,164
179356,188,"ŞCOALA NR. 1",GLINA,IF,1649,7,0,0,7,27,4,0,31,40,5,0,45,53,6,0,59,201,23,0,224,337,31,0,368
179356,189,"ŞCOALA NR. 1",GLINA,IF,1350,10,5,0,15,31,7,0,38,40,9,0,49,48,9,0,57,125,29,0,154,186,42,0,228
179356,190,"ŞCOALA NR. 3",GLINA,IF,1543,4,2,0,6,16,7,0,23,31,10,0,41,33,11,0,44,70,14,0,84,317,47,0,364
179365,191,"ŞCOALA NR. 2",CĂŢELU,IF,1256,10,0,0,10,35,2,0,37,75,10,0,85,95,12,0,107,177,23,0,200,215,45,0,260
179365,192,"ŞCOALA NR. 2",CĂŢELU,IF,942,10,1,0,11,28,8,0,36,44,15,0,59,62,19,0,81,134,33,0,167,174,38,0,212
103452,193,"CĂMINUL CULTURAL MULTIFUNCŢIONAL",GRĂDIŞTEA,IF,1675,25,0,0,25,70,19,0,89,95,29,0,124,123,40,0,163,236,69,0,305,302,84,0,386
103461,194,"ŞCOALA PRIMARĂ NR. 1 SITARU",SITARU,IF,855,6,1,0,7,15,15,0,30,22,17,0,39,30,21,0,51,74,55,0,129,104,57,0,161
103531,195,"GRĂDINIŢA DE COPII",LIPIA,IF,1785,13,4,0,17,30,12,0,42,46,13,0,59,81,20,0,101,160,49,0,209,195,63,0,258
103522,196,"ŞCOALA DE 4 ANI",GRUIU,IF,1574,11,5,0,16,42,22,0,64,63,30,0,93,81,36,0,117,165,65,0,230,228,87,0,315
103540,197,"ŞCOALA DE 4 ANI","ŞANŢU FLOREŞTI",IF,572,3,4,0,7,19,13,0,32,33,20,0,53,36,23,0,59,60,32,0,92,93,37,0,130
103559,198,"ŞCOALA DE 8 ANI","SILIŞTEA SNAGOVULUI",IF,1795,22,5,0,27,78,24,0,102,114,45,0,159,139,54,0,193,250,98,0,348,335,114,0,449
179392,199,"S.C. PROGRESU S.A.",JILAVA,IF,1585,5,0,0,5,13,2,0,15,24,243,0,267,59,248,0,307,94,254,0,348,123,262,0,385
179392,200,"ȘCOALA NR.2",JILAVA,IF,1449,4,0,0,4,18,1,0,19,35,2,235,272,60,5,235,300,153,15,235,403,209,24,235,468
179392,201,"ȘCOALA NR.1",JILAVA,IF,1990,14,4,0,18,52,13,0,65,84,13,220,317,115,15,220,350,220,32,220,472,288,46,220,554
179392,202,"ȘCOALA NR.3",JILAVA,IF,2051,13,0,0,13,53,6,0,59,82,8,165,255,97,13,164,274,194,30,164,388,286,35,164,485
179392,203,"INCINTA FOSTULUI CAP",JILAVA,IF,1571,2,2,0,4,21,4,0,25,33,5,293,331,68,7,293,368,158,15,293,466,210,24,293,527
104252,204,"ŞCOALA GIMNAZIALA NR. 2 MOARA VLASIEI","MOARA VLĂSIEI",IF,1783,16,0,0,16,59,18,0,77,95,25,0,120,139,26,0,165,252,42,0,294,332,45,0,377
104252,205,"ŞCOALA GIMNAZIALA NR. 1 MOARA VLASIEI","MOARA VLĂSIEI",IF,1768,12,1,0,13,48,2,0,50,69,2,0,71,93,3,0,96,226,26,0,252,272,35,0,307
104261,206,"ŞCOALA GIMNAZIALA NR. 3""AL. DIMITRIE GHICA """,CĂCIULAŢI,IF,1548,8,2,0,10,26,5,0,31,38,8,0,46,57,11,0,68,104,36,0,140,157,52,0,209
179472,207,"ŞCOALA GENERALĂ NR. 1",MOGOŞOAIA,IF,1180,13,5,0,18,55,17,0,72,74,26,0,100,85,29,0,114,171,69,0,240,214,85,0,299
179472,208,"ŞCOALA GENERALĂ NR. 1",MOGOŞOAIA,IF,1136,19,0,0,19,41,7,0,48,55,18,0,73,68,27,0,95,128,57,0,185,183,88,0,271
179472,209,"ŞCOALA GENERALĂ NR. 1",MOGOŞOAIA,IF,918,25,3,0,28,42,10,0,52,58,15,0,73,73,17,0,90,126,35,0,161,149,39,0,188
179472,210,"SCOALA GIMNAZIALA NR.1 MOGOSOAIA",MOGOŞOAIA,IF,1537,8,0,0,8,23,1,0,24,32,2,0,34,41,4,0,45,94,11,0,105,197,13,0,210
179472,211,"SCOALA GIMNAZIALA NR.1 MOGOSOAIA",MOGOŞOAIA,IF,1792,20,0,0,20,53,0,0,53,90,0,0,90,106,0,0,106,199,7,0,206,243,17,0,260
104476,212,"ŞCOALA DIN SATUL MICŞUNEŞTII-MOARĂ",MICŞUNEŞTII-MOARĂ,IF,1322,4,0,0,4,46,13,0,59,71,30,0,101,94,46,0,140,235,69,0,304,377,87,7,471
104458,213,"ŞCOALA DIN SATUL MERII PETCHII","MERII PETCHII",IF,913,8,0,0,8,27,5,0,32,33,7,0,40,43,21,0,64,105,36,0,141,163,52,5,220
104555,214,"LICEUL PERIŞ",PERIŞ,IF,1933,28,3,0,31,67,20,0,87,108,27,0,135,124,31,0,155,224,47,0,271,294,56,0,350
104555,215,"ŞCOALA NR. 2 PERIS",PERIŞ,IF,1961,14,4,0,18,46,8,0,54,75,16,0,91,105,20,0,125,211,39,0,250,253,46,0,299
104555,216,"FOSTA ŞCOALA NR. 3 PERIS",PERIŞ,IF,615,5,4,0,9,18,8,0,26,27,12,0,39,42,18,0,60,61,27,0,88,104,34,0,138
104573,217,"ŞCOALA NR. 4 BURIAŞ",BURIAŞ,IF,1106,16,3,0,19,41,11,0,52,61,17,0,78,85,20,0,105,140,33,0,173,193,44,0,237
104564,218,"ŞCOALA NR. 5 BĂLTENI",BĂLTENI,IF,401,4,3,0,7,13,10,0,23,33,19,0,52,44,22,0,66,96,38,0,134,119,45,0,164
104591,219,"STRUCTURA CU GRUPE DE PREŞCOLARI",PETRĂCHIOAIA,IF,1645,16,5,0,21,42,15,0,57,71,27,0,98,98,29,0,127,191,73,0,264,288,102,0,390
104608,220,"STRUCTURA CU CLASELE I-IV ŞI GRUPE DE PREŞCOLARI",MĂINEASCA,IF,284,0,1,0,1,13,6,0,19,15,13,0,28,17,17,0,34,36,20,0,56,60,27,0,87
104626,221,"STRUCTURA CU CLASELE I-IV ŞI GRUPE DE PREŞCOLARI",VÎNĂTORI,IF,371,5,11,0,16,10,14,0,24,35,18,0,53,42,24,0,66,85,36,0,121,114,39,0,153
104617,222,"STRUCTURA CU CLASELE I-IV ŞI GRUPE DE PREŞCOLARI",SURLARI,IF,456,3,2,0,5,17,7,0,24,26,8,0,34,31,9,0,40,70,20,0,90,86,27,0,113
105179,223,"ŞCOALA GENERALĂ SNAGOV",SNAGOV,IF,1739,20,6,0,26,66,38,0,104,94,53,0,147,125,62,0,187,223,113,0,336,258,136,0,394
105197,224,"CASA DE CULTURĂ GHERMĂNEŞTI",GHERMĂNEŞTI,IF,1292,13,1,0,14,51,19,0,70,81,36,0,117,107,41,0,148,179,88,0,267,220,107,0,327
105197,225,"CASA DE CULTURĂ GHERMĂNEŞTI",GHERMĂNEŞTI,IF,1130,14,2,0,16,31,13,0,44,43,22,0,65,75,22,0,97,165,58,0,223,188,72,0,260
105188,226,"GRĂDINIŢA NR. 1 CIOFLICENI",CIOFLICENI,IF,1011,7,2,0,9,33,13,0,46,50,15,0,65,59,22,0,81,112,38,0,150,146,44,0,190
105204,227,"ŞCOALA GIMNAZIALĂ ""CONSTANTIN I.BĂICOIANU""",TÎNCĂBEŞTI,IF,1468,3,1,0,4,35,9,0,44,57,13,0,70,74,19,0,93,156,46,0,202,207,66,0,273
105428,228,"ŞCOALA NR.1 CU CLASELEI-VIII","ŞTEFĂNEŞTII DE JOS",IF,1200,2,0,0,2,16,2,0,18,25,3,0,28,30,3,0,33,75,12,0,87,102,18,0,120
105428,229,"ŞCOALA NR.1 CU CLASELEI-VIII","ŞTEFĂNEŞTII DE JOS",IF,1360,4,0,0,4,28,7,0,35,52,9,0,61,57,13,0,70,107,22,0,129,135,26,0,161
105437,230,"ŞCOALA NR.1 CU CLASELEI-VIII",CREŢULEASCA,IF,1781,3,2,0,5,24,8,0,32,38,10,0,48,50,11,0,61,114,21,0,135,185,22,0,207
105446,231,"ŞCOALA NR.1 CU CLASELEI-VIII","ŞTEFĂNEŞTII DE SUS",IF,810,8,0,0,8,22,2,0,24,36,3,0,39,41,4,0,45,83,11,0,94,101,15,0,116
105428,232,"COMPLEX COSMOPOLIS","ŞTEFĂNEŞTII DE JOS",IF,1090,3,5,0,8,20,32,0,52,40,60,0,100,43,63,0,106,66,126,0,192,79,174,0,253
105589,233,"SCOALA NR. 1 TUNARI - CORP A",TUNARI,IF,1496,8,2,0,10,38,14,0,52,58,23,0,81,73,33,0,106,159,76,0,235,209,107,0,316
105589,234,"ŞCOALA NR. 1 TUNARI - CORP C",TUNARI,IF,1481,8,2,0,10,36,8,0,44,48,10,0,58,59,11,0,70,97,22,0,119,157,40,0,197
105589,235,"SCOALA NR. 1 TUNARI - CORP B",TUNARI,IF,1894,15,0,0,15,47,6,0,53,62,11,0,73,73,13,0,86,166,47,0,213,214,62,0,276
105945,236,"ŞCOALA GENERALĂ NR. 304 VIDRA",VIDRA,IF,753,3,1,0,4,5,7,0,12,10,8,0,18,13,10,0,23,27,16,0,43,43,29,0,72
105945,237,"ŞCOALA GENERALĂ NR. 304 VIDRA",VIDRA,IF,1123,4,1,0,5,8,2,0,10,19,5,0,24,21,8,0,29,47,27,0,74,63,39,0,102
105945,238,"ŞCOALA GENERALĂ NR. 301 VIDRA",VIDRA,IF,1263,7,0,0,7,16,6,0,22,23,15,0,38,36,21,0,57,81,31,0,112,124,47,0,171
105954,239,"ŞCOALA GENERALĂ NR. 302 CREŢEŞTI",CREŢEŞTI,IF,1171,3,0,0,3,10,0,0,10,23,3,0,26,33,6,0,39,74,17,0,91,91,20,0,111
105954,240,"ŞCOALA GENERALĂ NR. 302 CREŢEŞTI",CREŢEŞTI,IF,840,7,1,0,8,30,3,0,33,44,5,0,49,51,7,0,58,98,7,0,105,138,12,0,150
105963,241,"ŞCOALA GENERALĂ NR. 303 SINTEŞTI",SINTEŞTI,IF,839,11,5,0,16,28,9,0,37,38,12,0,50,47,15,0,62,92,26,0,118,117,33,0,150
105963,242,"ŞCOALA GENERALĂ NR. 303 SINTEŞTI",SINTEŞTI,IF,1078,2,0,0,2,9,1,0,10,13,1,0,14,14,1,0,15,38,12,0,50,65,25,0,90
179506,243,"GRĂDINIȚA CU PROGRAM PRELUNGIT NR.2",ODĂILE,IF,975,6,3,0,9,41,8,0,49,55,10,0,65,64,11,0,75,109,26,0,135,148,38,0,186
179490,244,"GRĂDINIȚA CU PROGRAM NORMAL NR.2",OTOPENI,IF,1112,10,0,0,10,38,8,0,46,53,14,0,67,65,15,0,80,135,31,0,166,167,40,0,207
179542,245,"SC RAFFAELLO SHOES FACTORY SRL","POPEŞTI LEORDENI",IF,2021,2,8,0,10,26,24,0,50,38,25,0,63,43,28,0,71,81,47,0,128,108,57,0,165
179542,246,"DIRECȚIA IMPOZITE ȘI TAXE LOCALE","POPEŞTI LEORDENI",IF,1978,3,1,0,4,26,7,0,33,39,18,0,57,40,18,0,58,85,33,0,118,124,55,0,179
179542,247,"SERVICIUL ACHIZIȚII PUBLICE","POPEŞTI LEORDENI",IF,1848,7,2,0,9,35,9,0,44,51,13,0,64,57,14,0,71,92,22,0,114,126,34,0,160
179542,248,"ȘCOALA GIMNAZIALĂ ,,IOAN BĂDESCU""","POPEŞTI LEORDENI",IF,849,1,0,0,1,14,0,0,14,15,0,0,15,22,0,0,22,61,0,0,61,78,0,0,78
179258,249,"SCOALA GIMNAZIALA""ALEXANDRU ODOBESCU""",CHIAJNA,IF,1566,4,0,0,4,42,17,0,59,56,38,0,94,58,41,0,99,117,94,0,211,138,104,0,242
179276,250,"LICEUL TEHNOLOGIC ""DOAMNA CHIAJNA'",ROŞU,IF,1295,2,0,0,2,17,0,0,17,28,0,0,28,29,3,0,32,48,13,0,61,68,46,0,114
101154,251,"SCOALA GIMNAZIALA NR. 1",BERCENI,IF,1540,15,4,0,19,55,8,0,63,79,9,0,88,106,9,0,115,200,27,0,227,265,38,0,303
92667,1,"GRUPUL ŞCOLAR “ALEXANDRU IOAN CUZA”(LICEUL DE CONSTRUCŢII),",SLOBOZIA,IL,1543,8,1,0,9,28,2,251,281,39,3,251,293,47,5,251,303,99,6,251,356,126,9,251,386
92667,2,"GRUPUL ŞCOLAR “ALEXANDRU IOAN CUZA”(LICEUL DE CONSTRUCŢII),",SLOBOZIA,IL,1404,9,2,0,11,44,2,0,46,67,7,0,74,73,9,0,82,120,11,0,131,158,11,0,169
92667,3,"ŞCOALA GENERALÃ NR.3,",SLOBOZIA,IL,1152,18,5,0,23,60,14,0,74,85,14,0,99,102,14,0,116,152,24,0,176,175,29,0,204
92667,4,"ŞCOALA GENERALÃ NR.3,",SLOBOZIA,IL,961,18,2,0,20,66,4,0,70,81,10,0,91,103,13,0,116,153,19,0,172,179,20,0,199
92667,5,"COLEGIUL NAŢIONAL ,,MIHAI VITEAZU” (LICEUL DE MATEMATICÃ - FIZICÃ)",SLOBOZIA,IL,1209,20,0,0,20,63,2,0,65,90,3,0,93,109,3,0,112,152,3,0,155,194,11,0,205
92667,6,"LICEUL PEDAGOGIC ,,MATEI BASARAB” (ŞCOALA NORMALÃ)",SLOBOZIA,IL,1538,18,2,0,20,75,3,0,78,117,5,0,122,144,5,0,149,228,6,0,234,271,8,0,279
92667,7,"MUZEUL AGRICULTURII",SLOBOZIA,IL,1613,15,1,0,16,47,4,0,51,79,7,0,86,101,8,0,109,176,12,0,188,229,14,0,243
92667,8,"ŞCOALA GENERALÃ NR.6",SLOBOZIA,IL,1596,25,0,0,25,66,2,0,68,98,3,0,101,113,4,0,117,187,9,0,196,218,13,0,231
92667,9,"ŞCOALA GENERALÃ NR.6",SLOBOZIA,IL,1374,17,0,0,17,65,3,0,68,90,7,0,97,116,7,0,123,177,7,0,184,199,7,0,206
92667,10,"LICEU TEHNOLOGIC",SLOBOZIA,IL,1496,27,0,0,27,106,1,0,107,134,1,0,135,164,1,0,165,245,4,0,249,276,8,0,284
92667,11,"CLUBUL TINERETULUI",SLOBOZIA,IL,1061,12,0,0,12,45,2,0,47,76,5,0,81,90,5,0,95,136,7,0,143,169,9,0,178
92667,12,"SEMINARUL TEOLOGIC,",SLOBOZIA,IL,1003,11,5,0,16,57,13,0,70,80,14,0,94,96,16,0,112,160,18,6,184,186,19,6,211
92667,13,"CASA DE CULTURĂ MUNICIPALĂ (FOSTUL CINEMA “GALAX”)",SLOBOZIA,IL,1442,14,0,0,14,47,2,0,49,76,3,0,79,87,3,0,90,153,11,1,165,185,19,1,205
92667,14,"LICEUL ,,MIHAI EMINESCU” (LICEUL DE CHIMIE)",SLOBOZIA,IL,1141,9,2,0,11,36,14,0,50,60,14,0,74,64,14,0,78,105,16,0,121,135,20,0,155
92667,15,"ŞCOALA GENERALÃ NR.4",SLOBOZIA,IL,1591,19,3,0,22,72,9,0,81,93,10,0,103,108,10,0,118,183,18,0,201,242,22,0,264
92667,16,"ŞCOALA GENERALÃ NR.4",SLOBOZIA,IL,1542,9,2,10,21,42,2,26,70,68,4,26,98,75,4,26,105,132,10,26,168,179,16,26,221
92667,17,"GRĂDINIŢA CU PROGRAM PRELUNGIT",SLOBOZIA,IL,1523,13,1,0,14,52,6,0,58,92,8,0,100,106,9,0,115,178,13,0,191,246,20,0,266
92667,18,SCELIF,SLOBOZIA,IL,1475,22,3,0,25,90,11,0,101,112,11,0,123,136,12,0,148,220,19,0,239,269,26,0,295
92667,19,"ŞCOALA GENERALÃ NR.2",SLOBOZIA,IL,1592,14,0,0,14,77,3,0,80,128,6,0,134,167,9,0,176,246,11,0,257,296,17,0,313
92667,20,"ŞCOALA GENERALÃ NR.2",SLOBOZIA,IL,1479,22,0,0,22,92,1,0,93,124,5,0,129,150,5,0,155,232,12,0,244,291,12,0,303
92667,21,"S.C. DRUMURI ŞI PODURI IALOMIŢA",SLOBOZIA,IL,1695,28,2,0,30,84,3,0,87,109,3,0,112,142,3,0,145,221,3,0,224,293,11,0,304
92667,22,"PALATUL COPIILOR ŞI ELEVILOR SLOBOZIA",SLOBOZIA,IL,1500,11,0,0,11,64,0,0,64,110,1,0,111,130,1,0,131,213,1,0,214,262,1,0,263
92667,23,"PALATUL COPIILOR ŞI ELEVILOR SLOBOZIA",SLOBOZIA,IL,1264,17,0,0,17,67,2,0,69,88,9,0,97,99,9,0,108,175,15,0,190,220,16,0,236
92667,24,"ŞCOALA GENERALÃ NR.1",SLOBOZIA,IL,934,8,4,0,12,48,6,0,54,65,7,0,72,76,7,0,83,120,7,0,127,145,9,0,154
92667,25,"ŞCOALA GENERALÃ NR.1",SLOBOZIA,IL,907,12,0,0,12,35,14,0,49,51,15,0,66,63,22,0,85,112,23,0,135,145,27,0,172
92667,26,"LICEUL DE ARTÃ",SLOBOZIA,IL,1123,8,2,0,10,44,3,0,47,60,4,0,64,70,4,0,74,125,6,0,131,154,12,0,166
92667,27,"LICEUL DE ARTÃ",SLOBOZIA,IL,1518,12,0,0,12,36,3,0,39,60,4,0,64,77,4,0,81,146,5,0,151,186,8,0,194
92667,28,"GRÃDINIŢA CU PROGRAM PRELUNGIT NR.3",SLOBOZIA,IL,1420,12,3,0,15,45,5,0,50,69,6,1,76,79,6,1,86,144,11,1,156,198,16,1,215
92667,29,"ATELIERELE DE CREAŢIE ALE LICEULUI DE ARTĂ",SLOBOZIA,IL,1935,11,0,0,11,53,0,0,53,82,1,0,83,108,4,0,112,211,9,0,220,284,9,0,293
92676,30,"ŞCOALA GENERALÃ BORA",BORA,IL,734,1,0,0,1,11,0,0,11,14,2,0,16,17,2,0,19,32,2,0,34,47,3,0,50
92676,31,"ŞCOALA GENERALÃ BORA",BORA,IL,978,1,0,0,1,15,1,0,16,20,5,0,25,25,6,0,31,57,6,0,63,72,8,0,80
92685,32,"ŞCOALA GENERALÃ NR.5 SLOBOZIA NOUÃ","SLOBOZIA NOUĂ",IL,1071,5,0,0,5,18,0,0,18,31,1,0,32,68,2,0,70,127,3,0,130,174,4,0,178
92685,33,"ŞCOALA GENERALÃ NR.5 SLOBOZIA NOUÃ","SLOBOZIA NOUĂ",IL,992,7,0,0,7,19,3,0,22,38,3,0,41,48,3,0,51,80,3,0,83,102,9,0,111
92710,34,"ŞCOALA GIMNAZIALĂ "" MIHAI VITEAZUL""- LOCALUL BULIGA",FETEŞTI,IL,886,13,0,0,13,39,4,0,43,60,4,0,64,80,10,0,90,127,12,2,141,157,12,2,171
92710,35,"ŞCOALA GIMNAZIALĂ ""MIHAI VITEAZUL""- LOCALUL A",FETEŞTI,IL,1513,6,1,0,7,39,1,0,40,65,1,0,66,80,2,0,82,166,5,0,171,273,7,0,280
92710,36,"SC COCOLINO SRL",FETEŞTI,IL,1039,15,5,0,20,35,5,0,40,50,5,0,55,70,5,0,75,142,10,0,152,180,11,0,191
92710,37,"SCOALA GIMNAZIALA ""MIHAI VITEAZUL"" - LOCALUL B",FETEŞTI,IL,1031,6,0,0,6,28,6,0,34,40,6,0,46,73,8,0,81,144,10,0,154,170,11,0,181
92710,38,"SCOALA GIMNAZIALA ""MIHAI VITEAZUL"" - LOCALUL C",FETEŞTI,IL,952,4,4,0,8,31,6,0,37,39,6,0,45,57,7,0,64,116,11,0,127,145,12,0,157
92710,39,"PROTOPOPIATUL FETESTI",FETEŞTI,IL,1126,7,1,0,8,31,4,0,35,50,6,0,56,78,9,0,87,153,23,0,176,179,23,0,202
92710,40,"SCOALA GIMNAZIALA ""RADU VODA""",FETEŞTI,IL,993,5,3,0,8,26,3,0,29,41,3,0,44,54,3,0,57,104,6,0,110,136,6,0,142
92710,41,"GRADINIŢA ŞCOLII GIMNAZIALE NR.4",FETEŞTI,IL,820,8,0,0,8,23,2,0,25,34,2,0,36,50,3,0,53,93,7,0,100,114,8,0,122
92710,42,"GRADINIŢA ŞCOLII GIMNAZIALE NR.4",FETEŞTI,IL,970,11,0,0,11,20,3,0,23,32,4,0,36,40,4,0,44,87,5,0,92,114,5,0,119
92710,43,"LICEU TEHNOLOGIC ""ANGHEL SALIGNY""",FETEŞTI,IL,1060,20,1,0,21,45,4,0,49,63,7,29,99,96,10,29,135,170,16,44,230,211,22,44,277
92710,44,"LICEUL TEORETIC ""CAROL I""",FETEŞTI,IL,1333,15,5,0,20,49,5,0,54,68,5,0,73,88,5,0,93,173,11,0,184,219,13,0,232
92710,45,"ŞCOALA GIMNAZIALA ""AUREL VLAICU""",FETEŞTI,IL,1185,20,6,0,26,69,11,0,80,97,19,0,116,129,21,0,150,213,30,0,243,262,41,0,303
92710,46,"LICEUL TEHNOLOGIC DE INDUSTRIE ALIMENTARA",FETEŞTI,IL,1486,18,6,0,24,51,9,0,60,62,11,0,73,84,12,0,96,188,16,0,204,235,18,0,253
92710,47,"GRĂDINIŢA CU PROGRAM PRELUNGIT ""ALBA CA ZAPADA""",FETEŞTI,IL,1208,14,4,0,18,58,6,0,64,80,8,1,89,97,8,1,106,155,9,1,165,197,11,1,209
92710,48,"SALA DE SPORT",FETEŞTI,IL,1096,1,6,0,7,34,1,0,35,43,7,0,50,56,9,0,65,135,11,0,146,183,15,0,198
92710,49,"LICEUL TEHNOLOGIC DE INDUSTRIE ALIMENTARA (FOSTA SCOALA NR. 8)",FETEŞTI,IL,919,15,0,0,15,57,1,0,58,76,2,0,78,100,2,0,102,185,6,0,191,227,16,0,243
92710,50,"LICEUL TEHNOLOGIC DE INDUSTRIE ALIMENTARA (FOSTA SCOALA NR. 8)",FETEŞTI,IL,1000,8,2,0,10,35,5,0,40,45,9,0,54,69,10,0,79,139,11,0,150,186,14,6,206
92710,51,"GRĂDINIŢA NR.1",FETEŞTI,IL,1208,24,4,0,28,71,16,1,88,97,16,1,114,124,25,1,150,234,31,1,266,291,38,1,330
92710,52,"ŞCOALA GIMNAZIALA ""DIMITRIE CANTEMIR""",FETEŞTI,IL,1301,10,0,0,10,59,0,0,59,91,0,0,91,110,0,0,110,175,0,0,175,236,4,0,240
92710,53,"ŞCOALA GIMNAZIALA ""DIMITRIE CANTEMIR""",FETEŞTI,IL,972,2,0,0,2,40,0,0,40,65,0,0,65,89,0,0,89,154,0,0,154,189,0,0,189
92710,54,"ŞCOALA GIMNAZIALA ""DIMITRIE CANTEMIR""",FETEŞTI,IL,972,5,3,0,8,40,7,0,47,64,9,0,73,86,12,0,98,158,15,0,173,188,18,0,206
92710,55,"CENTRUL SOCIAL AL PAROHIEI FETESTI GARA II",FETEŞTI,IL,1346,10,0,0,10,37,2,0,39,63,4,0,67,127,10,0,137,234,16,1,251,286,27,1,314
92710,56,AGROSEM,FETEŞTI,IL,1325,9,2,0,11,47,2,0,49,59,3,0,62,85,4,0,89,162,4,0,166,215,5,0,220
92710,57,"LICEUL TEHNOLOGIC ""ANGHEL SALIGNY"" (FOSTA SCOALA NR. 5)",FETEŞTI,IL,1364,15,1,0,16,52,7,0,59,75,7,0,82,90,8,0,98,184,14,0,198,229,22,0,251
92710,58,"LICEUL TEHNOLOGIC ""ANGHEL SALIGNY"" (FOSTA SCOALA NR. 5)",FETEŞTI,IL,1118,12,5,0,17,37,5,0,42,54,5,0,59,64,5,0,69,136,6,0,142,168,6,0,174
100692,59,"GRĂDINIŢA CU PROGRAM PRELUNGIT",URZICENI,IL,749,14,6,2,22,30,7,2,39,38,7,2,47,50,7,2,59,102,7,2,111,129,11,2,142
100692,60,"ŞCOALA CU CLASELE I-VIII NR.3 DIN URZICENI",URZICENI,IL,1365,13,0,0,13,35,0,0,35,60,1,0,61,69,1,0,70,139,2,0,141,184,3,0,187
100692,61,"GRĂDINIŢA DE COPII",URZICENI,IL,1070,10,1,0,11,28,4,0,32,39,5,0,44,57,11,0,68,106,16,0,122,157,16,0,173
100692,62,"CASA DE CULTURĂ",URZICENI,IL,1223,10,0,0,10,33,9,0,42,63,10,0,73,78,11,0,89,154,14,0,168,198,18,0,216
100692,63,"GRUPUL ŞCOLAR ’’SF. ECATERINA’’",URZICENI,IL,1377,15,0,0,15,43,2,0,45,56,4,0,60,77,5,0,82,148,13,0,161,202,21,0,223
100692,64,"SCOALA GENERALA ALEXANDRU ODOBESCU",URZICENI,IL,1188,14,5,0,19,61,7,0,68,81,11,0,92,97,11,0,108,153,15,0,168,197,20,0,217
100692,65,"CLUBUL SINDICATELOR",URZICENI,IL,1703,19,0,0,19,73,5,0,78,109,7,0,116,131,11,0,142,218,22,0,240,275,32,0,307
100692,66,"ŞCOALA GENERALĂ ION HELIADE RADULESCU",URZICENI,IL,1546,18,1,0,19,60,6,0,66,85,8,2,95,126,11,2,139,213,24,2,239,243,27,2,272
100692,67,"ŞCOALA GENERALĂ ION HELIADE RADULESCU",URZICENI,IL,1284,14,0,0,14,60,5,0,65,78,8,0,86,95,9,0,104,165,11,0,176,229,14,0,243
100692,68,"INTERNATUL COLEGIULUI NATIONAL GRIGORE MOISIL",URZICENI,IL,1151,18,2,0,20,53,3,0,56,76,3,0,79,93,3,0,96,156,6,14,176,206,6,14,226
100692,69,"LICEUL TEHNOLOGIC URZICENI",URZICENI,IL,1609,3,3,0,6,21,4,0,25,40,5,0,45,45,5,0,50,116,9,0,125,175,16,0,191
92845,70,"GRADINITA CU PROGRAM NORMAL AMARA",AMARA,IL,1296,5,1,0,6,28,2,0,30,40,2,0,42,56,2,0,58,119,6,0,125,149,6,0,155
92845,71,"GRADINITACU PROGRAM NORMALAMARA",AMARA,IL,1073,4,0,0,4,23,2,0,25,32,4,0,36,50,4,0,54,99,15,0,114,129,15,0,144
92845,72,"SCOALA GIMNAZIALA GEORGE VALSAN",AMARA,IL,1374,9,4,0,13,39,18,0,57,47,27,0,74,62,30,0,92,133,53,0,186,161,61,0,222
92845,73,"SCOALA GIMNAZIALA GEORGE VALSAN",AMARA,IL,1415,12,5,0,17,26,18,0,44,49,19,0,68,66,21,0,87,152,71,0,223,194,78,0,272
92845,74,"CASA DE CULTURA JAN CACIULA",AMARA,IL,1429,19,5,0,24,31,30,0,61,53,38,0,91,76,46,0,122,151,79,0,230,197,91,0,288
93076,75,"LICEUL TEHNOLOGIC- CORP B",CĂZĂNEŞTI,IL,1492,20,0,0,20,57,7,11,75,86,9,11,106,134,11,11,156,213,19,16,248,277,28,16,321
93076,76,"LICEUL TEHNOLOGIC",CĂZĂNEŞTI,IL,1393,4,0,0,4,23,1,4,28,37,3,4,44,53,6,4,63,98,14,5,117,165,15,5,185
102758,77,"CĂMINUL CULTURAL",FIERBINŢI-TÂRG,IL,1342,12,0,0,12,28,11,0,39,44,16,6,66,72,23,6,101,138,41,6,185,182,51,6,239
102776,78,"ŞCOALA GENERALĂ CU CLASELE I-IV FIRBINŢI DE SUS","FIERBINŢII DE SUS",IL,1552,10,0,0,10,17,18,0,35,30,21,0,51,54,23,0,77,119,40,9,168,177,45,9,231
102767,79,"ŞCOALA GENERALĂ CU CLASELE I-IV FIRBINŢI DE JOS","FIERBINŢII DE JOS",IL,912,11,0,0,11,25,6,0,31,40,10,0,50,54,11,0,65,110,17,0,127,190,25,0,215
92774,80,"GRUPUL SCOLAR AGRICOL",ŢĂNDĂREI,IL,1428,4,0,0,4,20,0,0,20,35,0,0,35,46,0,0,46,84,8,0,92,134,10,0,144
92774,81,"LICEUL TEORETIC ’’PAUL GEORGESCU’’",ŢĂNDĂREI,IL,1148,3,2,0,5,13,5,0,18,24,7,4,35,34,9,4,47,61,10,5,76,75,13,5,93
92774,82,"LICEUL TEORETIC ’’PAUL GEORGESCU’’",ŢĂNDĂREI,IL,902,2,0,0,2,11,0,0,11,18,2,0,20,22,2,0,24,69,3,0,72,98,3,0,101
92774,83,"ŞCOALA NR. 2",ŢĂNDĂREI,IL,1616,8,0,0,8,26,6,0,32,50,8,0,58,74,8,0,82,153,11,0,164,199,11,0,210
92774,84,"ŞCOALA NR. 2",ŢĂNDĂREI,IL,1505,9,0,0,9,38,0,0,38,61,0,0,61,72,0,0,72,135,2,1,138,169,3,1,173
92774,85,"ŞCOALA NR. 1 ŢĂNDĂREI",ŢĂNDĂREI,IL,1483,6,4,0,10,44,4,0,48,63,5,0,68,93,6,0,99,151,9,0,160,184,11,0,195
92774,86,"FOST SEDIU PRIMĂRIE",ŢĂNDĂREI,IL,1536,9,1,0,10,35,7,0,42,44,7,0,51,61,7,0,68,148,14,0,162,203,17,0,220
92774,87,"ŞCOALA NR. 1",ŢĂNDĂREI,IL,1015,3,2,0,5,8,4,0,12,26,4,0,30,31,4,0,35,53,5,0,58,68,10,0,78
92774,88,"BIBLIOTECA/DOMENIUL PUBLIC AL UAT TANDAREI",ŢĂNDĂREI,IL,848,1,0,0,1,15,3,0,18,24,3,0,27,24,4,0,28,31,5,0,36,45,5,0,50
100763,89,"SALA DE SPORT DE LÂNGĂ PRIMARIA COMUNEIADÂNCATA",ADÂNCATA,IL,1394,12,1,0,13,29,9,0,38,61,14,26,101,74,19,26,119,137,43,26,206,196,59,26,281
100772,90,"ŞCOALA GENERALĂ ADÂNCATA","PATRU FRAŢI",IL,633,3,2,0,5,7,7,0,14,15,11,0,26,27,16,0,43,52,37,0,89,75,47,1,123
92792,91,"SCOALA GIMNAZIALA""CONSTANTIN STEFAN""",ALBEŞTI,IL,538,6,0,0,6,14,3,0,17,25,12,0,37,35,14,0,49,62,22,0,84,102,23,0,125
92827,92,"SCOALA PRIMARA MARSILIENI",MARSILIENI,IL,440,5,3,0,8,19,6,0,25,29,9,0,38,31,12,0,43,56,16,0,72,82,17,0,99
100861,93,"ŞCOALA VECHE",ALEXENI,IL,891,15,0,0,15,38,1,0,39,62,2,0,64,65,3,0,68,112,6,0,118,147,7,0,154
100861,94,"ŞCOALA VECHE",ALEXENI,IL,993,13,3,0,16,41,11,0,52,69,14,0,83,89,16,0,105,150,31,0,181,191,37,0,228
92881,95,"ŞCOALA GENERALA ANDRĂŞEŞTI",ANDRĂŞEŞTI,IL,1462,8,5,0,13,23,6,0,29,41,6,0,47,59,8,0,67,97,15,0,112,124,23,0,147
92890,96,"ŞCOALA ORBOEŞTI",ORBOEŞTI,IL,280,2,0,0,2,11,1,0,12,15,3,0,18,20,5,0,25,37,12,0,49,49,17,0,66
100889,97,"ȘCOALA GENERALĂ ARMĂȘEȘTI",ARMĂŞEŞTI,IL,648,8,0,0,8,18,0,0,18,34,0,5,39,46,0,5,51,90,0,15,105,127,0,21,148
100905,98,"ŞCOALA GENERALĂ MALU ROȘU","MALU ROŞU",IL,1206,7,0,0,7,21,4,0,25,36,18,0,54,66,20,0,86,118,28,0,146,205,40,0,245
100932,99,PRIMARIE,AXINTELE,IL,552,9,4,0,13,30,17,0,47,51,17,0,68,80,23,0,103,133,59,0,192,209,65,0,274
100932,100,SCOALAFRUMUȘICA,AXINTELE,IL,799,4,6,0,10,11,15,0,26,18,19,0,37,22,19,0,41,56,25,0,81,82,30,0,112
100950,101,"ȘCOALA HORIA",HORIA,IL,493,3,3,0,6,11,7,0,18,14,7,0,21,18,8,0,26,33,9,0,42,48,12,0,60
92916,102,CAMINCULTURAL,BALACIU,IL,395,8,2,0,10,20,15,0,35,29,16,0,45,37,22,0,59,70,37,0,107,85,42,14,141
92916,103,"ŞCOALA GIMNAZIALĂ ,,ARHIMANDRIT TEOFIL,, BALACIU",BALACIU,IL,359,2,5,0,7,10,5,0,15,25,7,0,32,31,10,0,41,69,19,1,89,95,25,1,121
92934,104,"SALĂ FESTIVITĂŢI","CRĂSANII DE JOS",IL,272,9,2,0,11,34,16,0,50,37,20,0,57,42,21,0,63,53,30,0,83,68,37,0,105
92925,105,"GRADINITA COPUZU",COPUZU,IL,260,1,2,0,3,10,8,0,18,14,9,0,23,20,12,0,32,43,28,0,71,63,30,0,93
100898,106,"ŞCOALA GIMNAZIALĂ BĂRBULEŞTI",BĂRBULEŞTI,IL,842,1,0,0,1,28,0,0,28,48,0,0,48,51,0,0,51,94,0,0,94,144,0,0,144
100898,107,"ŞCOALA GIMNAZIALĂ BĂRBULEŞTI",BĂRBULEŞTI,IL,955,6,0,0,6,31,0,0,31,46,0,0,46,50,0,0,50,109,0,0,109,167,0,0,167
100898,108,"ŞCOALA GIMNAZIALĂ BĂRBULEŞTI",BĂRBULEŞTI,IL,950,2,0,0,2,37,0,0,37,69,0,0,69,71,0,0,71,120,0,0,120,169,0,0,169
100898,109,"ŞCOALA GIMNAZIALĂ BĂRBULEŞTI",BĂRBULEŞTI,IL,1035,10,2,0,12,28,2,0,30,45,3,0,48,46,3,0,49,121,12,0,133,186,16,0,202
101065,110,"ŞCOALA GIMNAZIALA BĂRCĂNEŞTI",BĂRCĂNEŞTI,IL,1331,5,0,0,5,20,0,7,27,39,13,0,52,42,14,0,56,80,27,0,107,140,38,0,178
101074,111,"ŞCOALA GIMNAZIALĂ CONDEEŞTI",CONDEEŞTI,IL,1385,3,0,0,3,31,0,0,31,35,8,5,48,41,14,5,60,111,23,5,139,202,33,5,240
102268,112,"ŞCOALA GIMNAZIALĂ",BORĂNEŞTI,IL,967,6,2,0,8,8,2,0,10,14,4,0,18,27,7,0,34,70,11,0,81,187,22,0,209
102268,113,"ŞCOALA GIMNAZIALĂ",BORĂNEŞTI,IL,569,1,0,0,1,5,1,0,6,12,3,0,15,20,4,0,24,40,5,0,45,130,10,0,140
102277,114,"FOSTA ŞCOALĂ SINTEŞTI",SINTEŞTI,IL,322,1,0,0,1,9,0,2,11,24,0,8,32,27,0,15,42,63,0,20,83,93,0,24,117
92998,115,"LOCALUL ŞCOLII VECHI DIN CENTRUL SATULUI",BORDUŞANI,IL,1402,9,0,0,9,23,3,0,26,40,4,0,44,50,5,0,55,136,14,0,150,172,24,0,196
92998,116,"LOCALUL GRUPULUI ŞCOLAR BORDUŞANI (ZONA „MOARĂ”)",BORDUŞANI,IL,1452,4,1,0,5,14,7,0,21,32,7,0,39,51,7,0,58,130,8,0,138,158,8,0,166
93003,117,"LOCALUL ŞCOLII CU CLASELE I- VIII CEGANI",CEGANI,IL,1107,7,2,0,9,20,2,0,22,24,2,0,26,30,6,0,36,103,8,0,111,138,9,0,147
93030,118,"CĂMINUL CULTURAL",BUCU,IL,1017,8,2,0,10,20,5,0,25,23,5,0,28,32,5,0,37,90,9,0,99,122,13,0,135
93030,119,"CĂMINUL CULTURAL",BUCU,IL,1052,10,0,0,10,20,1,0,21,29,4,0,33,44,5,0,49,96,5,0,101,120,11,0,131
92818,120,"ŞCOALA CU CLASELE I – IV BUEŞTI",BUEŞTI,IL,862,6,1,0,7,23,8,0,31,39,8,0,47,46,8,0,54,80,14,0,94,186,27,0,213
100718,121,"ŞCOALA GENERALĂ CIOCÂRLIA",CIOCÂRLIA,IL,625,9,0,0,9,14,0,0,14,23,6,0,29,39,12,0,51,90,22,0,112,126,32,0,158
93110,122,"CĂMINUL CULTURAL DIN SATUL CIOCHINA",CIOCHINA,IL,1257,12,0,0,12,27,9,0,36,40,12,0,52,46,13,0,59,83,24,0,107,110,26,0,136
93129,123,"CĂMINUL CULTURAL DIN SATUL BORDUŞELU",BORDUŞELU,IL,603,5,0,0,5,15,5,0,20,26,14,0,40,37,16,0,53,87,27,0,114,101,40,0,141
93138,124,"CĂMINUL CULTURAL DIN SATUL OREZU",OREZU,IL,652,4,2,0,6,16,3,0,19,21,4,0,25,43,11,0,54,68,15,0,83,77,19,0,96
93165,125,"CĂMIN CULTURAL CIULNIŢA",CIULNIŢA,IL,917,9,2,0,11,35,16,0,51,56,17,0,73,79,19,0,98,129,25,0,154,177,32,0,209
93174,126,"CĂMIN CULTURAL ION GHICA","ION GHICA",IL,453,8,1,0,9,22,3,0,25,29,6,0,35,40,7,0,47,84,15,0,99,97,16,0,113
93192,127,"ŞCOALA POIANA",POIANA,IL,407,6,1,0,7,15,2,0,17,50,6,0,56,62,9,0,71,87,11,0,98,122,18,0,140
93192,128,"CĂMIN CULTURAL GHIMPAŢI",POIANA,IL,203,4,3,0,7,8,8,0,16,26,10,0,36,36,10,0,46,66,11,0,77,90,11,0,101
93218,129,"ŞCOALA VECHE",COCORA,IL,808,9,4,0,13,25,6,0,31,41,7,0,48,57,9,0,66,116,22,0,138,161,29,0,190
93218,130,"PRIMARIA COCORA",COCORA,IL,849,6,1,0,7,37,2,0,39,52,5,0,57,65,6,0,71,117,11,0,128,157,20,0,177
93227,131,"ŞCOALA CU CLASELE I-VIII COLELIA",COLELIA,IL,940,4,0,0,4,23,1,0,24,41,5,30,76,51,7,30,88,115,26,54,195,167,32,54,253
93245,132,"CAMINUL CULTURAL DIN SATUL COSÂMBEŞTI",COSÂMBEŞTI,IL,785,12,0,0,12,42,3,11,56,59,4,11,74,76,9,11,96,128,18,11,157,154,28,11,193
93254,133,"ŞCOALA GIMBĂŞANI",GIMBĂŞANI,IL,761,4,1,0,5,24,10,0,34,28,10,0,38,40,11,0,51,83,23,8,114,118,34,9,161
102259,134,"CAMINUL CULTURAL COSERENI",COŞERENI,IL,1344,11,3,0,14,31,8,0,39,52,11,0,63,70,15,0,85,140,28,0,168,199,44,0,243
102259,135,"ŞCOALA GENERALĂ COSERENI",COŞERENI,IL,1281,7,0,0,7,25,0,0,25,41,3,1,45,55,7,1,63,148,20,5,173,225,31,7,263
102259,136,"GRADINIŢA PĂTRIME",COŞERENI,IL,1045,3,1,0,4,10,3,0,13,20,3,0,23,23,5,0,28,80,10,0,90,115,12,0,127
102650,137,"CĂMINUL CULTURAL DRĂGOEŞTI",DRĂGOEŞTI,IL,754,9,10,0,19,17,23,0,40,45,25,0,70,62,33,0,95,86,61,0,147,126,87,0,213
102712,138,"ŞCOALA GIMNAZIALĂ DRIDU",DRIDU,IL,958,7,2,0,9,29,17,0,46,53,28,0,81,74,35,0,109,161,59,0,220,211,77,0,288
102712,139,"GRĂDINIŢA DRIDU – MOARĂ",DRIDU,IL,794,12,0,0,12,22,2,0,24,46,6,0,52,63,8,0,71,133,24,0,157,196,37,0,233
102712,140,"GRĂDINIŢA DRIDU – MOVILA",DRIDU,IL,620,8,6,0,14,19,18,0,37,30,24,0,54,44,30,0,74,75,58,0,133,132,72,0,204
102721,141,"GRĂDINIŢA DRIDU –SNAGOV",DRIDU-SNAGOV,IL,340,1,2,0,3,7,8,0,15,13,10,0,23,18,12,0,30,40,22,0,62,84,42,0,126
93584,142,"SAM FACAENI",FĂCĂENI,IL,1230,9,2,0,11,25,3,0,28,32,8,0,40,43,10,0,53,74,21,0,95,131,28,0,159
93584,143,"SCOALA GENERALA FACAENI - CORP B",FĂCĂENI,IL,1675,10,4,0,14,49,4,0,53,71,7,0,78,89,9,0,98,203,23,0,226,233,29,0,262
93584,144,"SCOALA GENERALA FACAENI - CORP C",FĂCĂENI,IL,991,8,0,0,8,29,0,0,29,39,7,0,46,46,8,0,54,75,10,0,85,135,16,0,151
93593,145,"SEDIUL ADMINISTRATIV PRIMARIA FACAENI",PROGRESU,IL,511,8,5,0,13,20,6,0,26,36,6,0,42,44,6,0,50,74,7,0,81,104,8,0,112
103292,146,"ŞCOALA CU CLASELE I-VIII GÂRBOVI,",GÂRBOVI,IL,1016,10,5,0,15,26,8,0,34,60,12,4,76,64,19,4,87,151,42,4,197,226,50,4,280
103292,147,"ŞCOALA CU CLASELE I-VIII GÂRBOVI,",GÂRBOVI,IL,1039,9,3,0,12,31,8,1,40,48,14,1,63,61,14,1,76,133,24,3,160,202,30,3,235
103292,148,"SCOALA CU CLASELE I-VIII GARBOVI",GÂRBOVI,IL,1102,15,1,0,16,31,1,0,32,57,2,0,59,73,3,0,76,176,10,0,186,252,19,0,271
93619,149,"ŞCOALA GIMNAZIALĂ GHEORGHE DOJASITUATĂ ÎN GHEORGHE DOJA","GHEORGHE DOJA",IL,1098,2,1,0,3,9,2,0,11,14,3,0,17,26,6,0,32,70,25,0,95,94,27,0,121
93619,150,"ŞCOALA GIMNAZIALĂ GHEORGHE DOJASITUATĂ ÎN GHEORGHE DOJA","GHEORGHE DOJA",IL,1118,4,0,0,4,14,0,0,14,17,0,0,17,32,0,0,32,79,3,0,82,112,6,0,118
93637,151,"ŞCOALA GENERALĂ GHEORGHE LAZĂR","GHEORGHE LAZĂR",IL,1088,27,3,0,30,109,18,31,158,160,20,31,211,201,21,31,253,310,29,31,370,377,35,33,445
93637,152,"ŞCOALA GENERALĂ GHEORGHE LAZĂR","GHEORGHE LAZĂR",IL,781,32,2,0,34,89,11,8,108,134,12,8,154,145,17,8,170,234,28,8,270,290,37,9,336
93655,153,"ŞCOALA GIMNAZIALĂ GIURGENI",GIURGENI,IL,1170,8,2,0,10,43,3,0,46,73,3,0,76,90,4,0,94,165,5,22,192,245,7,22,274
93726,154,"CĂMINUL CULTURAL",GRINDU,IL,827,14,1,0,15,53,8,0,61,86,9,0,95,97,11,0,108,152,20,0,172,178,22,0,200
93726,155,"CĂMINUL CULTURAL",GRINDU,IL,825,4,2,0,6,24,9,0,33,35,17,0,52,48,26,0,74,120,34,0,154,147,37,0,184
93744,156,"LICEUL TEHNOLOGIC ARETA TEODORESCU",GRIVIŢA,IL,1002,3,0,0,3,17,0,0,17,24,2,0,26,46,3,0,49,89,4,0,93,116,6,0,122
93744,157,"LICEUL TEHNOLOGIC ARETA TEODORESCU",GRIVIŢA,IL,980,4,2,0,6,10,4,0,14,17,5,0,22,26,7,0,33,83,10,0,93,91,13,0,104
93753,158,"ŞCOALA CU CLASELE I-IV",SMIRNA,IL,787,5,1,0,6,19,8,0,27,28,9,0,37,48,9,0,57,73,16,0,89,146,31,0,177
94018,159,"SCOALA GIMNAZIALA CONSTANTIN GURGU NR. 1","GURA IALOMIŢEI",IL,979,10,0,0,10,20,2,0,22,26,4,0,30,30,4,0,34,55,8,0,63,126,11,0,137
94036,160,"ŞCOALA GENERALA LUCIU",LUCIU,IL,1106,7,0,0,7,18,3,0,21,54,3,0,57,67,4,0,71,210,19,0,229,366,26,0,392
103871,161,"ŞCOALA GIMNAZIALA ION ROATA","ION ROATĂ",IL,919,10,2,0,12,42,6,0,48,52,6,0,58,58,6,0,64,143,9,0,152,178,14,0,192
103871,162,"GRADINITA ION ROATA(LOCALUL VECHI COLINELE)","ION ROATĂ",IL,777,11,1,0,12,24,7,0,31,42,9,0,51,49,9,0,58,87,23,0,110,162,31,0,193
103880,163,"ŞCOALA GIMNAZIALA ION ROATA(STRUCTURA BROSTENI)",BROŞTENI,IL,1182,2,3,0,5,12,5,0,17,27,5,0,32,38,5,0,43,87,11,0,98,206,12,0,218
103979,164,"ŞCOALA NR.1 JILAVELE",JILAVELE,IL,1205,21,0,0,21,72,0,0,72,111,0,0,111,141,0,0,141,230,44,0,274,325,54,4,383
103979,165,"ŞCOALA NR.2 JILAVELE",JILAVELE,IL,1263,16,0,0,16,46,8,0,54,81,11,0,92,142,21,0,163,260,34,4,298,385,39,4,428
103988,166,"ŞCOALA DIN SATUL SLĂTIOARELE",SLĂTIOARELE,IL,312,5,3,0,8,19,8,0,27,30,9,0,39,41,12,0,53,90,26,0,116,110,32,0,142
101261,167,"ŞCOALA CU CLASELE I-VIII, ""BARBU CATARGIU"", MAIA",MAIA,IL,1379,12,0,0,12,27,7,0,34,43,18,0,61,52,19,0,71,145,36,0,181,191,46,0,237
100745,168,"ŞCOALA NOUĂ",MANASIA,IL,1329,11,0,0,11,36,8,0,44,51,9,0,60,77,10,0,87,152,15,0,167,241,24,0,265
100745,169,"ŞCOALA NOUĂ",MANASIA,IL,1295,15,2,0,17,23,5,0,28,37,7,0,44,65,7,0,72,140,9,0,149,223,16,0,239
100745,170,"ŞCOALA NOUĂ",MANASIA,IL,1181,12,0,0,12,28,3,0,31,45,3,0,48,69,3,0,72,118,10,0,128,194,18,0,212
93263,171,"LOCALUL ŞCOLII GIMNAZIALE DIN COMUNA MĂRCULEŞTI",MĂRCULEŞTI,IL,1342,7,3,0,10,20,4,0,24,34,4,0,38,50,5,0,55,119,21,0,140,151,25,13,189
94009,172,"CĂMIN CULTURAL MIHAIL KOGĂLNICEANU","MIHAIL KOGĂLNICEANU",IL,1384,1,0,0,1,12,4,0,16,25,4,0,29,30,5,0,35,65,11,0,76,92,16,0,108
94009,173,"LICEUL TEHNOLOGIC MIHAIL KOGĂLNICEANU","MIHAIL KOGĂLNICEANU",IL,1279,8,0,0,8,14,7,0,21,19,9,0,28,24,11,0,35,59,13,0,72,92,19,0,111
94054,174,"ŞCOALA GIMNAZIALA MILOŞEŞTI",MILOŞEŞTI,IL,1472,16,1,0,17,61,6,0,67,82,8,0,90,110,10,0,120,278,20,34,332,408,32,34,474
94063,175,"ŞCOALA GENERALĂ NICOLEŞTI",NICOLEŞTI,IL,336,3,0,0,3,10,1,0,11,15,2,0,17,16,5,0,21,33,9,0,42,43,9,0,52
94072,176,"ŞCOALA GENERALA TOVĂRĂŞIA",TOVĂRĂŞIA,IL,299,4,3,0,7,13,9,0,22,16,9,0,25,35,13,0,48,52,24,0,76,69,26,0,95
102730,177,"ŞCOALA CU CLASELE I-VIII MOLDOVENI",MOLDOVENI,IL,905,10,0,0,10,30,11,0,41,54,18,0,72,71,25,0,96,167,54,0,221,289,92,0,381
94090,178,"ŞCOALA CU CLASELE I-VIII, MOVILA",MOVILA,IL,1593,24,1,0,25,75,12,0,87,114,17,45,176,187,21,45,253,324,38,45,407,397,51,45,493
104289,179,"SCOALA GIMNAZIALA MOVILITA",MOVILIŢA,IL,1151,5,1,0,6,21,4,0,25,31,9,0,40,34,10,0,44,84,48,0,132,151,70,0,221
104289,180,"SCOALA GIMNAZIALA MOVILITA",MOVILIŢA,IL,821,4,0,0,4,17,9,0,26,28,11,0,39,33,16,0,49,81,36,0,117,154,53,0,207
94116,181,"ŞCOALA GENERALĂ NR. 1",MUNTENI-BUZĂU,IL,1536,12,6,0,18,26,10,0,36,45,13,0,58,77,18,0,95,145,53,0,198,172,64,0,236
94116,182,"ŞCOALA GENERALĂ NR. 2",MUNTENI-BUZĂU,IL,1282,3,0,0,3,14,0,0,14,32,10,0,42,44,11,0,55,114,21,0,135,136,23,0,159
93058,183,"IMOBILUL ŞCOLII CU CLASELE I-VIII ,, IONEL PERLEA “",OGRADA,IL,1254,10,0,0,10,26,1,0,27,48,2,0,50,60,6,0,66,125,11,28,164,183,14,29,226
93058,184,"IMOBILUL SCOLII CU CLASELE I-VIII ,, IONEL PERLEA “",OGRADA,IL,1111,11,1,0,12,37,4,0,41,67,10,26,103,87,11,26,124,157,17,26,200,207,22,26,255
94170,185,"SCOALA GIMNAZIALA PERIETI",PERIEŢI,IL,1066,8,0,0,8,22,7,0,29,32,8,0,40,45,11,0,56,68,20,0,88,80,24,0,104
94205,186,"SCOALA PRIMARA PALTINISU",PĂLTINIŞU,IL,910,3,1,0,4,17,3,0,20,23,4,0,27,30,4,0,34,68,14,0,82,92,18,0,110
94189,187,"GRADINITA CU PROGRAM NORMAL FUNDATA",FUNDATA,IL,381,1,0,0,1,12,4,0,16,22,6,0,28,31,8,0,39,66,14,0,80,77,14,0,91
94198,188,"SCOALA PRIMARA MISLEANU",MISLEANU,IL,676,7,0,0,7,13,1,0,14,16,4,0,20,20,9,0,29,42,22,0,64,54,24,0,78
94410,189,"GRĂDINIŢA CU PROGRAM NORMAL PLATONEŞTI",PLATONEŞTI,IL,753,11,0,0,11,45,5,0,50,53,11,0,64,76,12,0,88,150,18,20,188,237,27,20,284
94401,190,"GRĂDINIŢA CU PROGRAM NORMAL",LĂCUSTENI,IL,810,5,1,0,6,17,3,0,20,96,11,0,107,131,12,1,144,195,19,1,215,274,23,1,298
101252,191,"SCOALA GIMNAZIALA RADULESTI",BRAZII,IL,734,10,3,0,13,18,5,0,23,29,6,0,35,34,8,0,42,75,20,0,95,108,29,0,137
101289,192,"ŞCOALA GENERALĂ CU CLASELE I-IV RĂSIMNICEA",RĂSIMNICEA,IL,217,3,3,0,6,13,6,0,19,21,9,0,30,26,9,0,35,42,17,0,59,55,21,0,76
94278,193,"ŞCOALA REVIGA",REVIGA,IL,1121,5,6,0,11,22,8,0,30,47,9,0,56,60,20,0,80,92,29,0,121,131,43,0,174
94303,194,"ŞCOALA ROVINE",ROVINE,IL,737,4,1,0,5,11,3,0,14,15,5,0,20,19,7,0,26,32,17,0,49,46,20,0,66
94287,195,"ŞCOALA CRUNŢI",CRUNŢI,IL,381,3,0,0,3,13,1,0,14,22,3,0,25,27,3,0,30,49,13,0,62,81,16,0,97
104314,196,"SCOALA CU CLASELE I-VIIIROŞIORI",ROŞIORI,IL,922,13,2,0,15,33,3,0,36,63,9,3,75,94,17,3,114,156,27,3,186,243,43,5,291
104314,197,"ŞCOALA CU CLASELE I-VIIIROŞIORI",ROŞIORI,IL,638,9,2,0,11,17,4,0,21,36,6,2,44,53,11,2,66,104,20,2,126,143,23,3,169
94349,198,"ŞCOALA GIMNAZIALĂ",SĂLCIOARA,IL,911,8,1,0,9,15,2,0,17,23,5,0,28,34,8,0,42,70,18,0,88,96,23,0,119
94367,199,ŞCOALAPRIMARĂ,RAŞI,IL,877,8,5,0,13,45,21,0,66,73,31,0,104,96,36,0,132,184,56,0,240,330,88,16,434
92952,200,"SCOALA PRIMARA SARATENI",SĂRĂŢENI,IL,973,10,1,0,11,21,7,0,28,39,11,0,50,51,12,0,63,86,19,0,105,121,27,0,148
94385,201,"ŞCOALA ŞĂVENI",SĂVENI,IL,1261,7,6,0,13,32,10,0,42,51,11,0,62,93,12,0,105,176,26,0,202,486,40,0,526
94385,202,"GRADINIŢA SĂVENI",SĂVENI,IL,1253,9,4,0,13,39,5,0,44,61,6,0,67,92,11,0,103,163,16,0,179,274,28,0,302
94394,203,"ŞCOALA FRĂŢILEŞTI",FRĂŢILEŞTI,IL,340,9,4,0,13,30,6,0,36,37,7,0,44,46,8,0,54,83,14,0,97,132,23,0,155
94438,204,"GRADINIŢA SCÂNTEIA",SCÂNTEIA,IL,1169,16,2,0,18,48,6,0,54,68,9,0,77,93,11,0,104,171,15,0,186,231,16,0,247
94438,205,"ŞCOALA GENERALĂ SCÂNTEIA",SCÂNTEIA,IL,1081,19,7,0,26,48,9,0,57,62,14,0,76,99,17,0,116,202,31,0,233,246,35,0,281
94447,206,"SCOALA CU CLASELEI-IV IAZU",IAZU,IL,857,9,2,0,11,37,4,21,62,50,5,21,76,67,9,21,97,108,15,21,144,142,17,21,180
94465,207,"SCOALA PRIMARASFÂNTU GHEORGHE","SFÂNTU GHEORGHE",IL,667,4,1,0,5,20,7,0,27,25,7,0,32,29,7,0,36,73,26,1,100,96,29,1,126
94483,208,"CĂMINUL CULTURAL MALU,SALONUL DE NUNŢI SITUATĂ ÎN MALU",MALU,IL,879,2,2,0,4,18,7,0,25,35,9,0,44,46,13,0,59,93,35,0,128,123,39,0,162
105035,209,"CĂMINUL CULTURAL SITUATĂ ÎN SATUL SINEŞTI, SINEŞTI",SINEŞTI,IL,1211,7,2,0,9,26,21,0,47,30,27,0,57,39,33,0,72,105,68,0,173,175,87,0,262
105071,210,"ŞCOALA CU CL.I-IVSITUATĂ ÎN SATUL LILIECI, SINEŞTI",LILIECI,IL,864,12,0,0,12,59,0,0,59,59,22,0,81,86,26,1,113,129,50,1,180,163,66,1,230
94508,211,"PRIMĂRIA STELNICA",STELNICA,IL,1526,28,3,0,31,80,9,0,89,116,12,0,128,196,13,0,209,363,22,0,385,445,31,0,476
94544,212,"SCOALA GIMNAZIALĂ “APOSTOL D CULEA”",SUDIŢI,IL,844,11,0,0,11,38,0,0,38,60,0,0,60,85,0,0,85,141,0,0,141,204,14,0,218
94544,213,"SCOALA GIMNAZIALĂ “APOSTOL D CULEA”",SUDIŢI,IL,867,7,4,0,11,35,5,0,40,54,5,0,59,79,7,0,86,139,24,0,163,198,27,0,225
93762,214,"GRĂDINIŢA CU PROGRAM NORMAL TRAIAN",TRAIAN,IL,1249,12,1,0,13,31,2,0,33,90,3,0,93,104,7,0,111,199,16,0,215,288,20,0,308
93762,215,"ŞCOLA PROFESIONALĂ TRAIAN",TRAIAN,IL,1269,8,2,0,10,28,2,0,30,73,3,0,76,97,3,0,100,183,6,0,189,248,10,0,258
94697,216,PRIMARIAVALEACIORII,"VALEA CIORII",IL,1466,13,0,0,13,40,1,0,41,53,3,31,87,76,3,31,110,154,24,33,211,279,32,33,344
105801,217,"CĂMIN CULTURAL","VALEA MĂCRIŞULUI",IL,984,11,3,0,14,35,6,0,41,76,15,0,91,98,21,0,119,181,42,3,226,271,50,3,324
105810,218,"CĂMIN CULTURAL",GRINDAŞI,IL,396,1,0,0,1,9,2,0,11,18,3,0,21,26,6,0,32,41,18,0,59,60,22,0,82
94802,219,"CĂMINUL CULTURAL",VLĂDENI,IL,886,7,0,0,7,44,0,0,44,54,0,0,54,69,0,0,69,131,0,0,131,170,0,0,170
94802,220,"CĂMINUL CULTURAL",VLĂDENI,IL,791,4,3,0,7,28,5,0,33,36,7,0,43,54,8,0,62,122,13,0,135,147,18,0,165
95079,1,"GRĂDINIŢA CU PROGRAM NORMAL NR. 15",IAŞI,IS,1562,4,4,0,8,48,8,0,56,66,12,0,78,77,12,0,89,182,23,0,205,239,31,0,270
95079,2,"GRĂDINIŢA CU PROGRAM NORMAL NR. 15",IAŞI,IS,1346,4,0,0,4,47,11,0,58,69,17,0,86,78,17,0,95,136,29,0,165,181,32,0,213
95079,3,"ŞCOALA GIMNAZIALĂ ""ELENA CUZA""",IAŞI,IS,1423,11,1,0,12,71,6,0,77,102,8,0,110,119,8,0,127,210,19,0,229,264,25,0,289
95079,4,"ŞCOALA GIMNAZIALĂ ""ELENA CUZA""",IAŞI,IS,1167,6,0,0,6,44,2,0,46,60,8,0,68,74,8,0,82,154,29,0,183,191,37,0,228
95079,5,"ŞCOALA GIMNAZIALĂ ""ELENA CUZA""",IAŞI,IS,1574,15,0,0,15,76,20,0,96,114,35,0,149,131,37,0,168,250,60,1,311,302,80,1,383
95079,6,"ŞCOALA GIMNAZIALĂ ""ELENA CUZA""",IAŞI,IS,1465,16,0,0,16,71,6,0,77,84,8,0,92,94,8,0,102,187,19,0,206,254,36,0,290
95079,7,"ŞCOALA GIMNAZIALĂ ""ELENA CUZA""",IAŞI,IS,1330,17,2,0,19,83,5,0,88,87,10,0,97,108,10,0,118,209,14,0,223,262,19,0,281
95079,8,"ŞCOALA GIMNAZIALĂ ""ELENA CUZA""",IAŞI,IS,1455,15,4,0,19,82,5,0,87,115,6,0,121,116,6,0,122,226,9,0,235,271,13,0,284
95079,9,"ŞCOALA GIMNAZIALĂ ""ELENA CUZA""",IAŞI,IS,1627,11,4,0,15,75,4,0,79,100,5,0,105,116,5,0,121,222,6,0,228,293,8,0,301
95079,10,"ŞCOALA GIMNAZIALĂ ""ELENA CUZA""",IAŞI,IS,1671,8,2,0,10,74,3,0,77,97,5,0,102,122,5,0,127,204,6,0,210,269,8,0,277
95079,11,"ŞCOALAGIMNAZIALĂ ""ION CREANGĂ""",IAŞI,IS,1620,13,1,0,14,54,1,0,55,79,2,0,81,93,5,0,98,203,8,0,211,244,11,0,255
95079,12,"ŞCOALAGIMNAZIALĂ ""ION CREANGĂ""",IAŞI,IS,1132,14,2,0,16,61,4,0,65,92,8,0,100,110,9,0,119,183,18,0,201,233,18,0,251
95079,13,"ŞCOALAGIMNAZIALĂ ""ION CREANGĂ""",IAŞI,IS,1168,12,6,0,18,43,16,0,59,72,28,0,100,82,33,0,115,163,62,0,225,229,83,1,313
95079,14,"ŞCOALAGIMNAZIALĂ ""ION CREANGĂ""",IAŞI,IS,1049,12,0,0,12,41,4,0,45,53,8,0,61,73,10,0,83,149,25,0,174,182,34,0,216
95079,15,"ŞCOALA GIMNAZIALĂ ""PETRU PONI""",IAŞI,IS,1502,16,4,0,20,68,10,0,78,91,19,0,110,107,23,0,130,202,39,0,241,261,62,0,323
95079,16,"ŞCOALA GIMNAZIALĂ ""PETRU PONI""",IAŞI,IS,1018,8,0,0,8,28,1,0,29,52,8,0,60,74,10,0,84,133,26,0,159,174,51,0,225
95079,17,"ŞCOALA GIMNAZIALĂ ""PETRU PONI""",IAŞI,IS,1401,23,2,0,25,73,4,0,77,102,8,0,110,116,9,0,125,193,19,0,212,253,32,0,285
95079,18,"ŞCOALA GIMNAZIALĂ ""PETRU PONI""",IAŞI,IS,1078,4,4,0,8,46,5,0,51,71,8,0,79,84,8,0,92,167,12,0,179,205,15,0,220
95079,19,"ŞCOALAGIMNAZIALĂ ""ŞTEFAN BÂRSĂNESCU""",IAŞI,IS,1225,11,7,0,18,68,25,0,93,108,32,0,140,124,34,0,158,219,54,0,273,263,70,0,333
95079,20,"ŞCOALAGIMNAZIALĂ ""ŞTEFAN BÂRSĂNESCU""",IAŞI,IS,1156,3,4,0,7,40,7,0,47,62,8,0,70,73,8,0,81,133,12,0,145,165,19,0,184
95079,21,"ŞCOALAGIMNAZIALĂ ""ŞTEFAN BÂRSĂNESCU""",IAŞI,IS,835,5,5,0,10,46,8,0,54,66,8,0,74,79,8,0,87,142,8,0,150,173,15,0,188
95079,22,"ŞCOALAGIMNAZIALĂ ""ŞTEFAN BÂRSĂNESCU""",IAŞI,IS,983,17,1,0,18,65,2,0,67,83,2,0,85,91,5,0,96,168,9,0,177,209,10,0,219
95079,23,"ŞCOALAGIMNAZIALĂ ""ŞTEFAN BÂRSĂNESCU""",IAŞI,IS,1287,1,4,0,5,12,15,0,27,22,19,0,41,30,20,0,50,64,29,0,93,73,52,0,125
95079,24,"BIBLIOTECA DE FILOSOFIE",IAŞI,IS,1325,4,4,0,8,62,46,0,108,81,76,0,157,101,78,0,179,204,145,0,349,245,198,0,443
95079,25,"COLEGIUL NAŢIONAL",IAŞI,IS,1007,9,3,0,12,66,6,0,72,87,7,0,94,97,7,0,104,162,40,1,203,211,99,1,311
95079,26,"COLEGIUL NAŢIONAL",IAŞI,IS,899,19,5,0,24,83,74,0,157,104,117,0,221,114,124,0,238,189,179,0,368,207,200,0,407
95079,27,"COLEGIUL NAŢIONAL",IAŞI,IS,1730,14,6,0,20,62,12,0,74,76,18,0,94,92,18,0,110,188,25,0,213,229,29,0,258
95079,28,"COLEGIUL NAŢIONAL",IAŞI,IS,1103,12,5,0,17,61,20,0,81,98,35,0,133,117,35,0,152,211,40,0,251,269,54,0,323
95079,29,"GRĂDINIŢA CU PROGRAM PRELUNGIT NR.4",IAŞI,IS,1542,10,17,0,27,49,20,0,69,90,21,0,111,103,24,0,127,202,39,0,241,275,47,1,323
95079,30,"ŞCOALAPRIMARĂ""GHEORGHE ASACHI""",IAŞI,IS,1077,7,88,0,95,32,440,0,472,52,622,0,674,74,676,0,750,123,857,0,980,164,1013,0,1177
95079,31,"COLEGIUL NATIONAL ""COSTACHE NEGRUZZI’’",IAŞI,IS,972,11,18,0,29,44,41,30,115,65,57,31,153,69,59,31,159,142,74,31,247,175,267,31,473
95079,32,"COLEGIUL NATIONAL ""COSTACHE NEGRUZZI’’",IAŞI,IS,901,15,35,0,50,87,61,0,148,88,102,0,190,101,106,0,207,157,176,0,333,206,202,295,703
95079,33,"COLEGIUL NATIONAL ""GARABET IBRĂILEANU""",IAŞI,IS,852,24,5,0,29,66,26,0,92,97,36,0,133,109,39,0,148,159,65,74,298,179,92,74,345
95079,34,"COLEGIUL NATIONAL ""GARABET IBRĂILEANU""",IAŞI,IS,973,7,0,0,7,55,7,0,62,78,15,28,121,86,16,28,130,163,27,28,218,201,38,28,267
95079,35,"COLEGIUL NATIONAL ""GARABET IBRĂILEANU""",IAŞI,IS,903,45,4,0,49,99,29,45,173,138,43,45,226,154,43,45,242,220,80,45,345,250,104,45,399
95079,36,"COLEGIUL NATIONAL ""GARABET IBRĂILEANU""",IAŞI,IS,2187,5,0,0,5,22,4,0,26,48,9,62,119,59,11,71,141,109,23,71,203,134,30,71,235
95079,37,"UNIVERSITATEA DE STIINTE AGRICOLE SI MEDICINA VETERINARĂ ""ION IONESCU DE LA BRAD""",IAŞI,IS,1797,27,14,0,41,126,48,0,174,158,62,0,220,183,62,0,245,374,130,0,504,426,225,0,651
95079,38,"LICEUL TEORETIC DE INFORMATICĂ ""GRIGORE MOISIL""",IAŞI,IS,1639,12,5,0,17,47,32,0,79,74,56,0,130,93,56,0,149,202,92,217,511,258,155,217,630
95079,39,"COLEGIUL NAŢIONAL ""MIHAI EMINESCU""",IAŞI,IS,1014,16,0,0,16,56,7,24,87,73,8,24,105,89,8,24,121,158,20,24,202,208,29,24,261
95079,40,"COLEGIUL NAŢIONAL ""MIHAI EMINESCU""",IAŞI,IS,946,14,0,0,14,40,0,35,75,63,1,35,99,69,1,35,105,125,7,40,172,160,8,40,208
95079,41,"ŞCOALA GIMNAZIALĂ""MIHAI CODREANU""",IAŞI,IS,462,2,0,0,2,17,1,80,98,22,5,138,165,30,5,138,173,73,10,138,221,81,12,281,374
95079,42,"ŞCOALA GIMNAZIALĂ""MIHAI CODREANU""",IAŞI,IS,530,9,4,0,13,34,4,0,38,43,7,0,50,47,7,0,54,83,18,0,101,119,22,0,141
95079,43,"LICEUL TEHNOLOGIC UCECOM ""SPIRU HARET""",IAŞI,IS,1320,8,0,0,8,35,3,0,38,48,5,0,53,65,6,0,71,148,9,3,160,188,14,3,205
95079,44,"LICEUL TEHNOLOGIC UCECOM ""SPIRU HARET""",IAŞI,IS,1009,7,1,0,8,26,1,0,27,38,5,2,45,54,6,2,62,138,11,2,151,171,14,2,187
95079,45,"LICEUL TEHNOLOGIC UCECOM ""SPIRU HARET""",IAŞI,IS,1161,8,4,0,12,28,9,0,37,41,13,0,54,53,13,0,66,112,18,0,130,144,19,0,163
95079,46,"COLEGIUL ECONOMIC ADMINISTRATIV",IAŞI,IS,934,9,0,0,9,40,24,0,64,48,24,0,72,61,25,0,86,130,60,0,190,178,69,0,247
95079,47,"COLEGIUL ECONOMIC ADMINISTRATIV",IAŞI,IS,930,14,0,0,14,41,0,0,41,64,0,0,64,86,1,0,87,189,3,0,192,224,4,0,228
95079,48,"LICEUL TEORETIC ‘’VASILE ALECSANDRI’’",IAŞI,IS,1138,19,3,0,22,70,26,0,96,103,46,0,149,115,50,0,165,223,99,0,322,263,136,0,399
95079,49,"LICEUL TEORETIC ‘’VASILE ALECSANDRI’’",IAŞI,IS,582,8,1,0,9,40,22,0,62,53,47,0,100,62,48,0,110,113,77,0,190,128,99,0,227
95079,50,"LICEUL TEORETIC ‘’VASILE ALECSANDRI’’",IAŞI,IS,1272,27,4,0,31,98,18,0,116,136,28,0,164,158,28,0,186,248,39,0,287,289,44,0,333
95079,51,"LICEUL TEHNOLOGIC SPECIAL ""VASILE PAVELCU""",IAŞI,IS,769,8,6,0,14,45,11,0,56,64,20,0,84,70,20,0,90,132,34,0,166,170,41,0,211
95079,52,"LICEUL TEHNOLOGIC SPECIAL ""VASILE PAVELCU""",IAŞI,IS,667,7,3,0,10,30,4,0,34,38,6,0,44,44,7,0,51,92,9,0,101,116,11,0,127
95079,53,"COLEGIUL NATIONAL DE ARTĂ ""OCTACV BĂNCILĂ""",IAŞI,IS,719,18,6,0,24,43,10,0,53,63,15,0,78,80,17,0,97,148,34,0,182,168,46,0,214
95079,54,"COLEGIUL NATIONAL DE ARTĂ ""OCTAV BĂNCILĂ""",IAŞI,IS,766,11,5,0,16,38,30,0,68,65,38,0,103,79,40,0,119,137,55,39,231,163,57,39,259
95079,55,"ŞCOALAGIMNAZIALĂ""ION SIMIONESCU""",IAŞI,IS,946,13,2,0,15,45,17,0,62,70,28,0,98,89,36,0,125,162,40,0,202,201,40,0,241
95079,56,"ŞCOALAGIMNAZIALĂ""ION SIMIONESCU""",IAŞI,IS,995,7,0,0,7,28,10,0,38,47,11,0,58,65,11,0,76,124,16,0,140,151,22,0,173
95079,57,"ŞCOALAGIMNAZIALĂ""ION SIMIONESCU""",IAŞI,IS,1222,12,3,0,15,59,10,0,69,87,13,0,100,116,13,0,129,206,15,0,221,256,16,0,272
95079,58,"ŞCOALAGIMNAZIALĂ""ION SIMIONESCU""",IAŞI,IS,1073,9,0,0,9,42,2,0,44,68,2,0,70,84,5,0,89,153,8,1,162,196,11,1,208
95079,59,"ŞCOALAGIMNAZIALĂ""ION SIMIONESCU""",IAŞI,IS,982,8,2,0,10,40,7,0,47,60,7,0,67,76,7,0,83,163,20,0,183,207,28,0,235
95079,60,"ŞCOALAGIMNAZIALĂ""ION SIMIONESCU""",IAŞI,IS,1403,21,0,0,21,48,1,0,49,78,3,0,81,109,3,0,112,224,8,0,232,298,11,0,309
95079,61,"ŞCOALAGIMNAZIALĂ""ION SIMIONESCU""",IAŞI,IS,1226,13,1,0,14,42,2,0,44,71,3,0,74,89,3,0,92,211,5,1,217,261,5,1,267
95079,62,"ŞCOALAGIMNAZIALĂ""ION SIMIONESCU""",IAŞI,IS,1992,10,1,0,11,46,3,0,49,66,3,0,69,77,5,0,82,223,15,0,238,286,19,0,305
95079,63,"ŞCOALAGIMNAZIALĂ""ION SIMIONESCU""",IAŞI,IS,2115,3,6,0,9,49,7,0,56,81,8,0,89,109,11,0,120,276,20,0,296,344,35,0,379
95079,64,"GRĂDINIŢA CU PROGRAM PRELUNGIT NR. 25",IAŞI,IS,1475,18,6,0,24,70,7,0,77,106,10,0,116,117,10,0,127,226,13,0,239,309,16,0,325
95079,65,"GRĂDINIŢA CU PROGRAM PRELUNGIT NR. 25",IAŞI,IS,1250,9,6,0,15,50,15,0,65,65,15,0,80,75,16,0,91,132,23,0,155,173,25,0,198
95079,66,"GRĂDINIŢA CU PROGRAM NORMALNR.21",IAŞI,IS,884,4,4,0,8,31,16,0,47,57,18,0,75,68,19,0,87,158,25,0,183,189,37,0,226
95079,67,"GRĂDINIŢA CU PROGRAM NORMALNR.21",IAŞI,IS,790,8,0,0,8,37,4,0,41,48,4,0,52,65,4,0,69,136,6,0,142,173,9,0,182
95079,68,"GRĂDINIŢA CU PROGRAM NORMALNR.21",IAŞI,IS,887,9,0,0,9,46,5,0,51,55,11,0,66,72,13,0,85,138,24,0,162,161,33,0,194
95079,69,"GRĂDINIŢA CU PROGRAM NORMALNR.21",IAŞI,IS,875,6,0,0,6,44,5,0,49,54,7,0,61,68,7,0,75,142,14,0,156,186,16,0,202
95079,70,"GRĂDINIŢA CU PROGRAM PRELUNGITNR.21",IAŞI,IS,998,6,5,0,11,33,9,0,42,59,14,0,73,79,14,0,93,144,14,0,158,189,18,0,207
95079,71,"GRĂDINIŢA CU PROGRAM PRELUNGITNR.21",IAŞI,IS,908,7,0,0,7,30,2,0,32,54,5,0,59,80,7,0,87,160,11,0,171,189,12,0,201
95079,72,"GRĂDINIŢA CU PROGRAM NORMAL NR. 7",IAŞI,IS,654,5,4,0,9,22,5,0,27,37,5,0,42,52,7,0,59,87,10,0,97,108,10,0,118
95079,73,"GRĂDINIŢA CU PROGRAM NORMAL NR. 7",IAŞI,IS,735,3,7,0,10,23,10,0,33,31,12,0,43,38,12,0,50,81,16,0,97,108,21,0,129
95079,74,"LICEUL TEHNOLOGICECONOMIC ""VIRGIL MADGEARU"" - CORP B",IAŞI,IS,1166,14,0,0,14,57,2,0,59,82,4,0,86,96,5,0,101,154,24,0,178,186,39,0,225
95079,75,"LICEUL TEHNOLOGICECONOMIC ""VIRGIL MADGEARU"" - CORP B",IAŞI,IS,1188,6,0,0,6,32,3,0,35,42,5,0,47,62,5,0,67,125,8,0,133,158,10,0,168
95079,76,"LICEUL TEHNOLOGICECONOMIC ""VIRGIL MADGEARU"" - CORP B",IAŞI,IS,1379,12,5,0,17,56,11,0,67,82,14,0,96,95,14,0,109,175,23,0,198,221,29,0,250
95079,77,"LICEUL TEHNOLOGICECONOMIC ""VIRGIL MADGEARU"" - CORP B",IAŞI,IS,1210,3,0,0,3,29,4,0,33,41,4,0,45,55,5,0,60,137,14,0,151,169,14,0,183
95079,78,"LICEUL TEHNOLOGICECONOMIC ""VIRGIL MADGEARU"" - CORP B",IAŞI,IS,1250,9,0,0,9,64,0,0,64,96,0,0,96,113,0,0,113,204,2,0,206,256,2,0,258
95079,79,"ŞCOALAGIMNAZIALĂ ""ALEXANDRU CEL BUN""",IAŞI,IS,1146,4,2,0,6,46,8,0,54,64,16,0,80,67,19,0,86,139,38,0,177,172,64,0,236
95079,80,"ŞCOALAGIMNAZIALĂ ""ALEXANDRU CEL BUN""",IAŞI,IS,1296,20,3,0,23,89,6,0,95,127,8,0,135,167,10,0,177,282,18,0,300,360,20,0,380
95079,81,"ŞCOALAGIMNAZIALĂ ""ALEXANDRU CEL BUN""",IAŞI,IS,1369,23,0,0,23,86,1,0,87,121,1,0,122,146,2,0,148,261,5,0,266,313,13,0,326
95079,82,"ŞCOALAGIMNAZIALĂ ""ALEXANDRU CEL BUN""",IAŞI,IS,1364,8,0,0,8,40,11,0,51,44,11,0,55,69,11,0,80,138,17,0,155,181,17,0,198
95079,83,"ŞCOALAGIMNAZIALĂ ""ALEXANDRU CEL BUN""",IAŞI,IS,1095,9,0,0,9,44,3,0,47,53,4,0,57,71,4,0,75,145,5,0,150,183,7,0,190
95079,84,"LICEUL TEHNOLOGIC ECONOMIC DE TURISM - CORP A",IAŞI,IS,1004,16,6,0,22,74,6,0,80,94,10,0,104,101,10,0,111,166,16,0,182,198,21,0,219
95079,85,"LICEUL TEHNOLOGIC ECONOMIC DE TURISM - CORP A",IAŞI,IS,1356,9,6,0,15,51,12,0,63,77,15,0,92,100,17,0,117,173,28,0,201,220,30,0,250
95079,86,"LICEUL TEHNOLOGIC ECONOMIC DE TURISM - CORP A",IAŞI,IS,1116,14,0,0,14,45,0,0,45,66,2,0,68,84,2,0,86,169,9,0,178,217,9,0,226
95079,87,"LICEUL TEHNOLOGIC ECONOMIC DE TURISM - CORP A",IAŞI,IS,1067,7,0,0,7,55,1,0,56,70,4,0,74,87,4,0,91,168,15,0,183,199,21,0,220
95079,88,"ŞCOALAGIMNAZIALĂ ""GEORGE COŞBUC""",IAŞI,IS,1107,10,0,0,10,33,3,0,36,57,9,0,66,83,9,0,92,169,15,0,184,206,23,0,229
95079,89,"ŞCOALAGIMNAZIALĂ ""GEORGE COŞBUC""",IAŞI,IS,1132,9,1,0,10,38,4,0,42,51,6,0,57,63,9,0,72,136,17,0,153,178,33,0,211
95079,90,"ŞCOALAGIMNAZIALĂ ""GEORGE COŞBUC""",IAŞI,IS,1117,10,0,0,10,49,2,0,51,58,7,0,65,66,7,0,73,123,10,0,133,154,11,0,165
95079,91,"ŞCOALAGIMNAZIALĂ ""GEORGE COŞBUC""",IAŞI,IS,1116,10,0,0,10,42,0,0,42,51,0,0,51,62,0,0,62,160,9,0,169,199,12,0,211
95079,92,"ŞCOALAGIMNAZIALĂ ""GEORGE COŞBUC""",IAŞI,IS,1139,10,2,0,12,44,3,0,47,66,3,0,69,88,3,0,91,170,3,0,173,208,6,0,214
95079,93,"ŞCOALAGIMNAZIALĂ ""GEORGE COŞBUC""",IAŞI,IS,1199,10,0,0,10,43,0,0,43,59,0,0,59,71,1,0,72,157,1,0,158,208,2,0,210
95079,94,"ŞCOALAGIMNAZIALĂ ""GEORGE COŞBUC""",IAŞI,IS,1182,7,5,0,12,33,5,0,38,54,5,0,59,64,6,0,70,150,7,0,157,193,7,0,200
95079,95,"ŞCOALAGIMNAZIALĂ ""GEORGE COŞBUC""",IAŞI,IS,1001,6,2,0,8,29,3,0,32,50,5,0,55,61,6,0,67,157,9,0,166,195,9,0,204
95079,96,"ŞCOALAGIMNAZIALĂ ""GEORGE COŞBUC""",IAŞI,IS,1035,10,0,0,10,30,0,0,30,31,0,0,31,38,0,0,38,92,0,0,92,129,2,0,131
95079,97,"ŞCOALAGIMNAZIALĂ ""ALEXANDRU VLAHUŢĂ""",IAŞI,IS,1022,11,2,0,13,56,8,0,64,81,10,0,91,95,12,0,107,196,12,0,208,227,20,0,247
95079,98,"ŞCOALAGIMNAZIALĂ ""ALEXANDRU VLAHUŢĂ""",IAŞI,IS,809,5,4,0,9,19,4,0,23,28,4,0,32,34,8,0,42,72,12,0,84,97,15,0,112
95079,99,"ŞCOALAGIMNAZIALĂ ""ALEXANDRU VLAHUŢĂ""",IAŞI,IS,886,11,1,0,12,60,3,0,63,69,5,0,74,87,5,0,92,138,8,0,146,170,11,0,181
95079,100,"ŞCOALAGIMNAZIALĂ ""ALEXANDRU VLAHUŢĂ""",IAŞI,IS,1050,8,1,0,9,39,1,0,40,51,1,0,52,66,2,0,68,123,2,0,125,160,4,0,164
95079,101,"ŞCOALAGIMNAZIALĂ ""ALEXANDRU VLAHUŢĂ""",IAŞI,IS,754,1,3,0,4,19,3,0,22,30,3,0,33,42,5,0,47,87,5,0,92,117,6,0,123
95079,102,"ŞCOALAGIMNAZIALĂ ""GEORGE CĂLINESCU""",IAŞI,IS,1108,6,0,0,6,34,0,0,34,59,0,0,59,70,0,0,70,162,6,0,168,200,12,0,212
95079,103,"ŞCOALAGIMNAZIALĂ ""GEORGE CĂLINESCU""",IAŞI,IS,1398,15,2,0,17,72,8,0,80,95,13,0,108,106,13,0,119,212,15,0,227,268,23,0,291
95079,104,"ŞCOALAGIMNAZIALĂ ""GEORGE CĂLINESCU""",IAŞI,IS,1477,15,5,0,20,70,16,0,86,87,27,0,114,110,30,0,140,200,60,0,260,262,59,0,321
95079,105,"ŞCOALAGIMNAZIALĂ ""GEORGE CĂLINESCU""",IAŞI,IS,1225,12,0,0,12,47,0,0,47,64,0,0,64,77,0,0,77,171,6,0,177,217,10,0,227
95079,106,"ŞCOALAGIMNAZIALĂ ""GEORGE CĂLINESCU""",IAŞI,IS,1355,8,1,0,9,38,1,0,39,65,1,0,66,79,4,0,83,158,9,0,167,218,10,0,228
95079,107,"ŞCOALAGIMNAZIALĂ ""GEORGE CĂLINESCU""",IAŞI,IS,1194,11,5,0,16,42,5,0,47,54,6,0,60,62,6,0,68,147,8,0,155,195,9,0,204
95079,108,"LICEUL TEHNOLOGIC ECONOMIC DE TURISM - CORP B",IAŞI,IS,1394,15,0,0,15,49,4,0,53,64,12,0,76,84,13,0,97,175,26,0,201,221,45,0,266
95079,109,"LICEUL TEHNOLOGIC ECONOMIC DE TURISM - CORP B",IAŞI,IS,1321,18,0,0,18,65,2,0,67,84,3,0,87,97,3,0,100,188,8,0,196,225,13,0,238
95079,110,"LICEUL TEHNOLOGIC ECONOMIC DE TURISM - CORP B",IAŞI,IS,1359,16,5,0,21,65,7,0,72,105,7,0,112,139,7,0,146,228,8,0,236,262,9,0,271
95079,111,"LICEUL TEHNOLOGIC ECONOMIC DE TURISM - CORP B",IAŞI,IS,1196,13,0,0,13,52,0,0,52,76,0,0,76,92,2,0,94,174,6,1,181,248,8,1,257
95079,112,"LICEUL TEHNOLOGIC ECONOMIC DE TURISM - CORP B",IAŞI,IS,1371,11,6,0,17,56,8,0,64,74,9,0,83,98,9,0,107,186,11,1,198,220,11,1,232
95079,113,"LICEUL TEHNOLOGIC ECONOMIC DE TURISM - CORP B",IAŞI,IS,1508,10,5,0,15,29,5,3,37,38,8,3,49,55,9,3,67,143,13,4,160,190,14,4,208
95079,114,"LICEUL TEHNOLOGIC ECONOMIC DE TURISM - CORP B",IAŞI,IS,1306,5,0,0,5,31,1,0,32,45,2,0,47,57,4,0,61,119,4,0,123,165,5,0,170
95079,115,"ŞCOALAGIMNAZIALĂ ""CARMEN SYLVA""",IAŞI,IS,1340,13,2,0,15,71,17,0,88,99,22,0,121,122,24,0,146,229,36,0,265,285,39,1,325
95079,116,"ŞCOALAGIMNAZIALĂ ""CARMEN SYLVA""",IAŞI,IS,1033,7,0,0,7,56,1,0,57,79,10,0,89,97,12,0,109,173,29,22,224,214,50,22,286
95079,117,"ŞCOALA GIMNAZIALĂ ""CALISTRAT HOGAŞ""",IAŞI,IS,1603,16,5,0,21,65,8,0,73,107,11,0,118,129,11,0,140,220,20,0,240,269,27,0,296
95079,118,"ŞCOALA GIMNAZIALĂ ""CALISTRAT HOGAŞ""",IAŞI,IS,2181,9,6,0,15,42,7,0,49,58,9,0,67,80,9,0,89,141,11,0,152,167,14,0,181
95079,119,"ŞCOALA GIMNAZIALĂ ""CALISTRAT HOGAŞ""",IAŞI,IS,1850,7,3,0,10,48,4,0,52,68,7,0,75,83,10,0,93,153,10,0,163,202,13,0,215
95079,120,"ŞCOALA PRIMARĂ ""COSTACHE NEGRI""",IAŞI,IS,1477,8,0,0,8,40,1,0,41,85,2,23,110,112,5,23,140,209,12,23,244,252,22,23,297
95079,121,"ŞCOALA PRIMARĂ ""COSTACHE NEGRI""",IAŞI,IS,1312,10,5,0,15,48,5,0,53,62,7,0,69,77,7,0,84,153,10,0,163,193,10,0,203
95079,122,"ŞCOALAGIMNAZIALĂ ""BOGDAN PETRICEICU HAŞDEU""",IAŞI,IS,1404,12,2,0,14,58,5,0,63,80,5,65,150,103,6,65,174,197,12,66,275,235,15,66,316
95079,123,"ŞCOALAGIMNAZIALĂ ""BOGDAN PETRICEICU HAŞDEU""",IAŞI,IS,1013,2,1,0,3,15,8,0,23,15,22,0,37,15,25,0,40,22,39,0,61,28,56,0,84
95079,124,"ŞCOALAGIMNAZIALĂ ""BOGDAN PETRICEICU HAŞDEU""",IAŞI,IS,1502,16,8,0,24,64,21,23,108,78,29,23,130,92,29,23,144,152,49,23,224,202,56,23,281
95079,125,"ŞCOALAGIMNAZIALĂ ""BOGDAN PETRICEICU HAŞDEU""",IAŞI,IS,1326,11,2,0,13,46,5,0,51,56,5,0,61,60,5,0,65,130,10,0,140,168,13,0,181
95079,126,"LICEUL TEORETIC ""ALEXANDRU IOAN CUZA""",IAŞI,IS,2233,14,0,0,14,59,3,0,62,90,16,0,106,105,19,0,124,212,28,0,240,254,50,0,304
95079,127,"LICEUL TEORETIC ""ALEXANDRU IOAN CUZA""",IAŞI,IS,2652,7,2,0,9,56,2,0,58,93,4,0,97,105,5,0,110,193,7,0,200,243,10,0,253
95079,128,"LICEUL TEORETIC ""ALEXANDRU IOAN CUZA""",IAŞI,IS,1992,16,5,0,21,51,8,0,59,67,12,0,79,83,12,0,95,159,15,0,174,198,18,0,216
95079,129,"LICEUL TEORETIC ""ALEXANDRU IOAN CUZA""",IAŞI,IS,2134,15,1,0,16,69,1,0,70,109,1,0,110,126,1,0,127,206,1,0,207,250,5,0,255
95079,130,"ŞCOALA PRIMARA ""COSTACHE CONACHI""",IAŞI,IS,1315,7,1,0,8,58,3,0,61,86,6,0,92,98,9,0,107,201,14,0,215,260,22,0,282
95079,131,"ŞCOALA PRIMARA ""COSTACHE CONACHI""",IAŞI,IS,1621,10,0,0,10,48,11,0,59,67,17,0,84,88,19,0,107,163,29,0,192,204,36,0,240
95079,132,"ŞCOALA PRIMARA ""COSTACHE CONACHI""",IAŞI,IS,1370,12,3,0,15,38,8,0,46,56,9,0,65,78,11,0,89,156,13,0,169,196,18,0,214
95079,133,"ŞCOALA PRIMARA ""COSTACHE CONACHI""",IAŞI,IS,1352,9,0,0,9,44,0,0,44,75,0,0,75,90,0,0,90,147,0,0,147,182,0,0,182
95079,134,"ŞCOALA PRIMARA ""COSTACHE CONACHI""",IAŞI,IS,1489,8,0,0,8,36,4,0,40,53,10,0,63,68,10,0,78,126,14,0,140,154,16,0,170
95079,135,"DIRECTIA JUDETEANA PENTRU SPORT SI TINERET - COMPLEX SPORTIV GRADINARI",IAŞI,IS,1088,7,2,0,9,35,18,0,53,47,25,0,72,55,27,0,82,105,42,0,147,152,62,0,214
95079,136,"DIRECTIA JUDETEANA PENTRU SPORT SI TINERET - COMPLEX SPORTIV GRADINARI",IAŞI,IS,1372,5,7,0,12,39,11,0,50,55,13,0,68,68,13,0,81,149,23,0,172,198,34,0,232
95079,137,"DIRECTIA JUDETEANA PENTRU SPORT SI TINERET - COMPLEX SPORTIV GRADINARI",IAŞI,IS,1675,3,0,0,3,25,0,0,25,45,0,0,45,45,4,0,49,130,14,0,144,165,16,0,181
95079,138,"DIRECTIA JUDETEANA PENTRU SPORT SI TINERET - COMPLEX SPORTIV GRADINARI",IAŞI,IS,1423,15,5,0,20,57,5,0,62,89,6,0,95,102,6,0,108,206,8,0,214,256,13,0,269
95079,139,"DIRECTIA JUDETEANA PENTRU SPORT SI TINERET - COMPLEX SPORTIV GRADINARI",IAŞI,IS,1467,13,2,0,15,44,2,0,46,69,2,0,71,78,4,0,82,132,4,0,136,198,5,0,203
95079,140,"DIRECTIA JUDETEANA PENTRU SPORT SI TINERET - COMPLEX SPORTIV GRADINARI",IAŞI,IS,1400,13,4,0,17,43,5,12,60,61,7,12,80,68,9,12,89,139,12,12,163,189,14,12,215
95079,141,"ŞCOALAGIMNAZIALĂ ""IONEL TEODOREANU""",IAŞI,IS,1597,15,1,0,16,67,4,0,71,88,4,0,92,99,4,0,103,174,9,0,183,211,12,0,223
95079,142,"ŞCOALAGIMNAZIALĂ ""IONEL TEODOREANU""",IAŞI,IS,1171,8,1,0,9,58,6,0,64,75,12,0,87,85,14,0,99,150,32,0,182,198,40,0,238
95079,143,"ŞCOALAGIMNAZIALĂ ""IONEL TEODOREANU""",IAŞI,IS,1344,9,0,0,9,51,7,0,58,82,9,0,91,96,9,0,105,186,19,0,205,226,28,0,254
95079,144,"ŞCOALAGIMNAZIALĂ ""IONEL TEODOREANU""",IAŞI,IS,1687,14,0,0,14,50,4,0,54,80,6,0,86,97,7,0,104,183,10,0,193,229,19,0,248
95079,145,"ŞCOALAGIMNAZIALĂ ""IONEL TEODOREANU""",IAŞI,IS,1968,10,1,0,11,51,2,0,53,71,3,0,74,82,3,0,85,146,4,0,150,174,8,0,182
95079,146,"ŞCOALAGIMNAZIALĂ ""GHEORGHE I. BRĂTIANU""",IAŞI,IS,1499,8,5,0,13,57,7,0,64,92,10,0,102,108,12,0,120,191,19,0,210,238,30,0,268
95079,147,"ŞCOALAGIMNAZIALĂ ""GHEORGHE I. BRĂTIANU""",IAŞI,IS,1314,10,1,0,11,62,6,0,68,95,6,0,101,112,6,0,118,187,13,0,200,234,18,0,252
95079,148,"ŞCOALAGIMNAZIALĂ ""GHEORGHE I. BRĂTIANU""",IAŞI,IS,2607,0,2,0,2,0,4,0,4,0,5,0,5,0,5,0,5,3,11,0,14,3,11,0,14
95079,149,"ŞCOALAGIMNAZIALĂ ""GHEORGHE I. BRĂTIANU""",IAŞI,IS,2726,0,1,0,1,1,2,0,3,2,2,0,4,2,3,0,5,2,9,0,11,3,15,0,18
95079,150,"ŞCOALAGIMNAZIALĂ ""GHEORGHE I. BRĂTIANU""",IAŞI,IS,1566,12,4,0,16,67,6,0,73,87,9,1,97,118,11,1,130,200,13,1,214,255,14,1,270
95079,151,"ŞCOALAGIMNAZIALĂ ""GHEORGHE I. BRĂTIANU""",IAŞI,IS,1719,6,3,0,9,37,5,0,42,57,6,0,63,62,7,0,69,143,8,0,151,177,10,0,187
95079,152,"ŞCOALAGIMNAZIALĂ ""GHEORGHE I. BRĂTIANU""",IAŞI,IS,1890,16,0,0,16,56,5,0,61,84,7,0,91,103,7,0,110,171,13,0,184,229,24,0,253
95079,153,"UNIVERSITATEA TEHNICĂ ""GHEORGHE ASACHI""",IAŞI,IS,1475,10,5,0,15,35,83,0,118,52,109,0,161,63,131,0,194,116,226,0,342,132,359,0,491
95079,154,"UNIVERSITATEA TEHNICĂ ""GHEORGHE ASACHI""",IAŞI,IS,776,5,5,0,10,41,7,0,48,52,9,0,61,57,9,0,66,106,14,0,120,162,19,0,181
95079,155,"UNIVERSITATEA TEHNICĂ ""GHEORGHE ASACHI""",IAŞI,IS,805,14,1,0,15,44,4,0,48,59,4,0,63,64,4,0,68,113,8,0,121,154,12,0,166
95079,156,"UNIVERSITATEA TEHNICĂ ""GHEORGHE ASACHI""",IAŞI,IS,1180,20,4,0,24,69,6,0,75,95,13,0,108,115,19,0,134,200,26,0,226,240,34,0,274
95079,157,"ŞCOALAGIMNAZIALĂ ""ION GHICA""",IAŞI,IS,1491,16,4,0,20,63,6,0,69,108,7,0,115,132,7,0,139,211,11,0,222,245,13,0,258
95079,158,"ŞCOALAGIMNAZIALĂ ""ION GHICA""",IAŞI,IS,590,8,7,0,15,34,10,0,44,45,17,0,62,52,17,0,69,82,32,0,114,92,46,0,138
95079,159,"ŞCOALAGIMNAZIALĂ ""ION GHICA""",IAŞI,IS,585,6,0,0,6,26,2,0,28,35,3,0,38,51,5,0,56,88,10,0,98,101,12,0,113
95079,160,"LICEUL TEHNOLOGIC DE MECATRONICA SI AUTOMATIZARI",IAŞI,IS,1751,2,1,0,3,9,3,0,12,18,3,0,21,23,3,0,26,53,4,0,57,59,7,0,66
95079,161,"LICEUL TEHNOLOGIC DE MECATRONICA SI AUTOMATIZARI",IAŞI,IS,2284,2,0,0,2,3,6,0,9,4,8,0,12,4,8,0,12,7,13,0,20,13,21,0,34
95079,162,"LICEUL TEHNOLOGIC DE MECATRONICA SI AUTOMATIZARI",IAŞI,IS,1113,10,6,0,16,33,12,0,45,50,13,0,63,58,14,0,72,150,17,0,167,142,21,0,163
95079,163,"LICEUL TEHNOLOGIC DE MECATRONICA SI AUTOMATIZARI",IAŞI,IS,1313,5,3,0,8,47,4,0,51,66,5,0,71,74,6,0,80,165,10,0,175,209,17,0,226
95079,164,"COLEGIUL TEHNIC ""IOAN C.ŞTEFĂNESCU""",IAŞI,IS,1445,4,6,0,10,29,6,0,35,40,6,0,46,55,6,0,61,118,10,0,128,145,12,0,157
95079,165,"COLEGIUL TEHNIC ""IOAN C.ŞTEFĂNESCU""",IAŞI,IS,1938,5,6,0,11,15,7,0,22,25,7,0,32,29,7,0,36,64,8,0,72,91,10,0,101
95079,166,"COLEGIUL TEHNIC ""IOAN C.ŞTEFĂNESCU""",IAŞI,IS,1078,2,3,0,5,15,11,0,26,36,15,0,51,41,15,0,56,85,20,0,105,118,28,0,146
95079,167,"LICEUL TEHNOLOGIC ""PETRU PONI""",IAŞI,IS,988,9,5,0,14,35,12,0,47,53,20,0,73,63,22,0,85,133,32,0,165,176,44,0,220
95079,168,"LICEUL TEHNOLOGIC ""PETRU PONI""",IAŞI,IS,979,7,0,0,7,30,2,0,32,43,5,0,48,49,5,0,54,115,10,0,125,155,28,0,183
95079,169,"LICEUL TEHNOLOGIC ""PETRU PONI""",IAŞI,IS,807,3,0,0,3,20,2,0,22,30,2,0,32,42,2,0,44,84,3,0,87,109,7,0,116
95079,170,"LICEUL TEHNOLOGIC ""PETRU PONI""",IAŞI,IS,893,7,0,0,7,24,0,0,24,36,0,0,36,43,0,0,43,89,3,0,92,116,6,0,122
95079,171,"COLEGIUL TEHNIC ELECTRONICĂ ŞI TELECOMUNICAŢII ""GHEORGHE MÂRZESCU""",IAŞI,IS,1426,12,0,0,12,47,2,0,49,73,3,0,76,82,4,0,86,212,15,0,227,256,15,0,271
95079,172,"COLEGIUL TEHNIC ELECTRONICĂ ŞI TELECOMUNICAŢII ""GHEORGHE MÂRZESCU""",IAŞI,IS,1400,7,2,0,9,24,7,0,31,36,14,0,50,44,15,0,59,87,28,0,115,121,40,0,161
95079,173,"ŞCOALAGIMNAZIALĂ ""NICOLAE IORGA""",IAŞI,IS,1867,3,7,0,10,10,9,0,19,26,12,0,38,29,12,0,41,69,29,0,98,86,44,0,130
95079,174,"ŞCOALAGIMNAZIALĂ ""NICOLAE IORGA""",IAŞI,IS,1571,9,3,0,12,45,22,0,67,68,29,0,97,76,31,0,107,178,38,0,216,242,56,0,298
95079,175,"ŞCOALAGIMNAZIALĂ ""NICOLAE IORGA""",IAŞI,IS,1656,9,1,0,10,39,2,0,41,54,4,0,58,68,4,0,72,175,10,0,185,242,13,0,255
95079,176,"ŞCOALAGIMNAZIALĂ ""NICOLAE IORGA""",IAŞI,IS,1750,5,7,0,12,33,8,0,41,61,11,0,72,81,45,0,126,201,52,0,253,276,57,0,333
95079,177,"ŞCOALAGIMNAZIALĂ ""NICOLAE IORGA""",IAŞI,IS,4126,14,2,0,16,43,7,0,50,71,10,0,81,83,10,0,93,153,19,0,172,204,25,0,229
95079,178,"ŞCOALAGIMNAZIALĂ ""NICOLAE IORGA""",IAŞI,IS,1613,14,5,0,19,56,8,0,64,86,9,0,95,105,11,0,116,192,11,0,203,266,16,0,282
95079,179,"ŞCOALAGIMNAZIALĂ ""NICOLAE IORGA""",IAŞI,IS,1922,11,4,0,15,56,5,0,61,90,5,0,95,112,5,0,117,224,8,0,232,293,11,0,304
95079,180,"ŞCOALAGIMNAZIALĂ ""VERONICA MICLE""",IAŞI,IS,2094,21,3,0,24,59,16,2,77,102,20,2,124,140,22,2,164,308,42,2,352,400,58,2,460
95079,181,"ŞCOALAGIMNAZIALĂ ""VERONICA MICLE""",IAŞI,IS,1895,16,5,0,21,71,17,0,88,113,28,0,141,140,30,0,170,283,37,10,330,362,40,10,412
95079,182,"ŞCOALAGIMNAZIALĂ ""VERONICA MICLE""",IAŞI,IS,1984,9,1,0,10,58,2,0,60,83,2,0,85,112,4,0,116,244,12,0,256,320,13,0,333
95079,183,"LICEUL TEHNOLOGIC DE MECATRONICA SI AUTOMATIZĂRI",IAŞI,IS,1235,7,3,0,10,35,7,0,42,49,7,0,56,53,8,0,61,128,20,0,148,172,22,0,194
95079,184,"LICEUL TEHNOLOGIC DE MECATRONICA SI AUTOMATIZĂRI",IAŞI,IS,939,2,3,0,5,15,5,0,20,25,6,0,31,33,6,0,39,73,9,0,82,109,9,0,118
95079,185,"LICEUL TEHNOLOGIC DE MECATRONICA SI AUTOMATIZĂRI",IAŞI,IS,920,3,0,0,3,20,1,0,21,34,1,0,35,39,1,0,40,97,3,0,100,125,3,0,128
95079,186,"LICEUL TEHNOLOGIC DE MECATRONICA SI AUTOMATIZĂRI",IAŞI,IS,759,6,0,0,6,15,1,0,16,19,1,0,20,20,1,0,21,38,2,0,40,45,4,0,49
95079,187,"LICEUL TEHNOLOGIC DE MECATRONICA SI AUTOMATIZĂRI",IAŞI,IS,1310,2,1,0,3,14,2,0,16,29,2,0,31,35,4,0,39,89,10,0,99,118,12,0,130
95079,188,"LICEUL TEHNOLOGIC DE MECATRONICA SI AUTOMATIZĂRI",IAŞI,IS,1153,1,3,0,4,5,4,0,9,12,5,0,17,20,7,0,27,53,10,0,63,80,20,0,100
95079,189,"ŞCOALA GIMNAZIALĂ""DIMITRIE A.STURDZA""",IAŞI,IS,877,4,0,0,4,27,20,0,47,45,23,0,68,52,23,0,75,97,28,0,125,130,30,0,160
95079,190,"ŞCOALA GIMNAZIALĂ""DIMITRIE A.STURDZA""",IAŞI,IS,1180,14,2,0,16,46,23,0,69,59,24,0,83,75,25,0,100,135,35,0,170,168,41,0,209
95079,191,"ŞCOALA GIMNAZIALĂ""DIMITRIE A.STURDZA""",IAŞI,IS,1263,6,5,0,11,36,17,0,53,63,18,0,81,69,18,0,87,156,22,0,178,205,25,0,230
95079,192,"ŞCOALA GIMNAZIALĂ""DIMITRIE A.STURDZA""",IAŞI,IS,1495,6,0,0,6,51,20,0,71,77,21,0,98,87,21,0,108,202,23,0,225,259,24,0,283
95079,193,"ŞCOALA GIMNAZIALĂ ""ALECU RUSSO""",IAŞI,IS,1131,5,0,0,5,30,1,0,31,40,1,0,41,53,1,0,54,105,2,0,107,155,4,0,159
95079,194,"ŞCOALA GIMNAZIALĂ ""ALECU RUSSO""",IAŞI,IS,1261,14,1,0,15,40,1,0,41,57,1,0,58,82,5,0,87,181,6,0,187,238,7,0,245
95079,195,"ŞCOALA GIMNAZIALĂ ""ALECU RUSSO""",IAŞI,IS,1363,15,0,0,15,46,1,0,47,70,6,0,76,83,6,0,89,157,7,0,164,195,12,0,207
95079,196,"ŞCOALA GIMNAZIALĂ ""ALECU RUSSO""",IAŞI,IS,1382,14,3,0,17,43,8,0,51,70,10,0,80,74,11,0,85,183,16,0,199,250,24,0,274
95079,197,"ŞCOALA GIMNAZIALĂ ""ALECU RUSSO""",IAŞI,IS,1554,12,0,0,12,27,5,0,32,47,10,0,57,64,15,0,79,107,28,0,135,129,44,0,173
95079,198,"ŞCOALA GIMNAZIALĂ "" ALECU RUSSO""",IAŞI,IS,1061,6,2,0,8,21,2,0,23,47,4,0,51,54,5,0,59,126,10,0,136,170,12,0,182
95079,199,"ŞCOALA PRIMARA""GHEORGHE GHIBANESCU""",IAŞI,IS,1167,9,5,0,14,35,20,0,55,46,26,0,72,58,28,0,86,131,42,0,173,179,50,0,229
95079,200,"ŞCOALA PRIMARA""GHEORGHE GHIBANESCU""",IAŞI,IS,1170,5,0,0,5,40,2,0,42,57,2,0,59,67,5,0,72,152,12,1,165,192,20,1,213
95079,201,"ŞCOALA PRIMARA""GHEORGHE GHIBANESCU""",IAŞI,IS,1131,8,4,0,12,51,6,0,57,76,8,0,84,85,8,0,93,162,8,0,170,203,8,0,211
95079,202,"ŞCOALA PRIMARA""GHEORGHE GHIBANESCU""",IAŞI,IS,1307,11,2,0,13,47,5,0,52,69,8,0,77,85,8,0,93,151,12,0,163,224,14,0,238
95079,203,"ŞCOALA PRIMARA""GHEORGHE GHIBANESCU""",IAŞI,IS,1210,12,0,0,12,43,1,0,44,67,2,0,69,77,2,0,79,156,3,0,159,189,9,0,198
95079,204,"GRĂDINIŢA CU PROGRAM PRELUNGIT NR.1",IAŞI,IS,823,9,1,0,10,42,10,0,52,59,19,0,78,65,22,0,87,115,48,0,163,164,78,0,242
95079,205,"GRĂDINIŢA CU PROGRAM PRELUNGIT NR.1",IAŞI,IS,1016,10,0,0,10,47,7,0,54,68,11,0,79,76,11,0,87,132,19,0,151,178,25,0,203
95079,206,"PARCUL ŞTIINŢIFIC ŞI TEHNOLOGIC ""TEHNOPOLIS""",IAŞI,IS,1193,7,1,0,8,35,1,0,36,58,3,0,61,68,5,0,73,139,7,0,146,183,11,0,194
95079,207,"PARCUL ŞTIINŢIFIC ŞI TEHNOLOGIC ""TEHNOPOLIS""",IAŞI,IS,1219,6,0,0,6,25,7,0,32,37,8,0,45,45,8,0,53,137,12,0,149,181,13,0,194
95079,208,"ŞCOALAGIMNAZIALĂ ""OTILIA CAZIMIR""",IAŞI,IS,1170,9,2,0,11,66,6,0,72,97,8,0,105,110,8,0,118,206,13,0,219,243,17,0,260
95079,209,"ŞCOALAGIMNAZIALĂ ""OTILIA CAZIMIR""",IAŞI,IS,1093,7,2,0,9,51,13,0,64,81,21,0,102,95,25,0,120,172,36,0,208,201,50,0,251
95079,210,"ŞCOALAGIMNAZIALĂ ""OTILIA CAZIMIR""",IAŞI,IS,1206,20,3,0,23,59,16,0,75,73,17,1,91,85,17,1,103,175,26,1,202,211,33,1,245
95079,211,"ŞCOALAGIMNAZIALĂ ""OTILIA CAZIMIR""",IAŞI,IS,1297,16,0,0,16,82,2,0,84,122,3,0,125,139,5,0,144,242,12,0,254,291,19,0,310
95079,212,"COLEGIULNATIONAL ""EMIL RACOVIŢĂ""",IAŞI,IS,3932,8,0,0,8,39,10,0,49,49,10,1,60,52,12,1,65,95,25,1,121,112,48,1,161
95079,213,"COLEGIULNATIONAL ""EMIL RACOVIŢĂ""",IAŞI,IS,1153,10,4,0,14,61,11,0,72,96,12,0,108,124,17,0,141,191,37,0,228,233,53,0,286
95079,214,"COLEGIULNATIONAL ""EMIL RACOVIŢĂ""",IAŞI,IS,1349,20,2,0,22,89,3,0,92,110,3,0,113,120,6,0,126,201,14,0,215,252,25,0,277
95079,215,"COLEGIULNATIONAL ""EMIL RACOVIŢĂ""",IAŞI,IS,1079,19,4,0,23,57,5,0,62,73,6,0,79,91,7,0,98,179,8,2,189,233,14,2,249
95079,216,"LICEUL TEORETIC ""DIMITRIE CANTEMIR""",IAŞI,IS,1363,8,0,0,8,63,8,0,71,89,8,0,97,108,8,0,116,194,10,0,204,238,15,0,253
95079,217,"LICEUL TEORETIC ""DIMITRIE CANTEMIR""",IAŞI,IS,1313,11,0,0,11,77,8,0,85,103,16,0,119,123,18,0,141,204,32,0,236,240,50,0,290
95079,218,"LICEUL TEORETIC ""DIMITRIE CANTEMIR""",IAŞI,IS,1257,11,0,0,11,49,3,0,52,74,4,0,78,94,4,0,98,206,6,0,212,246,6,0,252
95079,219,"LICEUL TEORETIC ""DIMITRIE CANTEMIR""",IAŞI,IS,1388,14,2,0,16,65,2,0,67,96,4,0,100,113,4,0,117,207,5,0,212,258,8,0,266
95079,220,"ŞCOALAGIMNAZIALĂ""TITU MAIORESCU""",IAŞI,IS,791,3,5,0,8,44,8,0,52,57,16,0,73,67,16,0,83,117,27,0,144,136,32,0,168
95079,221,"ŞCOALAGIMNAZIALĂ""TITU MAIORESCU""",IAŞI,IS,785,6,0,0,6,31,6,0,37,41,13,0,54,46,13,0,59,94,26,0,120,131,37,0,168
95079,222,"ŞCOALAGIMNAZIALĂ""TITU MAIORESCU""",IAŞI,IS,1223,7,4,0,11,58,8,0,66,64,8,0,72,76,9,0,85,164,15,0,179,191,20,0,211
95079,223,"GRĂDINIŢA CU PROGRAM PRELUNGIT ""CUV. PARASCHEVA""",IAŞI,IS,841,11,7,0,18,44,16,0,60,54,26,0,80,70,27,0,97,118,55,0,173,141,71,0,212
95079,224,"ŞCOALAGIMNAZIALĂ ""ION NECULCE""",IAŞI,IS,1273,14,2,0,16,59,9,0,68,88,11,0,99,95,11,0,106,189,19,0,208,210,37,0,247
95079,225,"ŞCOALAGIMNAZIALĂ ""ION NECULCE""",IAŞI,IS,1042,17,0,0,17,52,0,0,52,76,2,0,78,87,2,0,89,156,4,0,160,195,6,0,201
95079,226,"ŞCOALAGIMNAZIALĂ ""ION NECULCE""",IAŞI,IS,1117,19,6,0,25,62,6,0,68,84,7,0,91,101,9,0,110,179,11,0,190,216,11,0,227
95079,227,"ŞCOALAGIMNAZIALĂ ""ION NECULCE""",IAŞI,IS,1108,16,1,0,17,38,3,0,41,47,3,0,50,62,4,0,66,122,8,1,131,162,10,1,173
95079,228,"ŞCOALAPRIMARA NR.1 ""VASILE CONTA""",IAŞI,IS,784,5,1,0,6,14,6,0,20,32,6,0,38,39,9,0,48,86,12,0,98,111,17,0,128
95079,229,"ŞCOALAPRIMARA NR.1 ""VASILE CONTA""",IAŞI,IS,1196,6,2,0,8,41,5,0,46,71,6,0,77,77,7,0,84,176,11,0,187,229,16,0,245
95079,230,"ŞCOALAPRIMARA NR.1 ""VASILE CONTA""",IAŞI,IS,1744,12,0,0,12,58,5,0,63,88,9,0,97,110,10,0,120,202,15,0,217,267,18,0,285
95079,231,"ŞCOALAGIMNAZIALĂ ""VASILE CONTA""",IAŞI,IS,1397,13,3,0,16,57,14,0,71,87,23,0,110,96,28,0,124,184,49,0,233,245,53,0,298
95079,232,"ŞCOALAGIMNAZIALĂ ""VASILE CONTA""",IAŞI,IS,1401,14,1,0,15,52,3,0,55,82,4,0,86,88,4,0,92,183,12,0,195,232,27,0,259
95079,233,"ŞCOALAGIMNAZIALĂ ""VASILE CONTA""",IAŞI,IS,1505,10,1,0,11,47,2,0,49,76,3,0,79,88,4,0,92,189,8,0,197,246,11,0,257
95079,234,"ŞCOALAGIMNAZIALĂ ""VASILE CONTA""",IAŞI,IS,1477,21,3,0,24,66,5,0,71,93,5,0,98,114,6,0,120,215,8,0,223,278,12,0,290
95079,235,"COLEGIUL TEHNIC ""ION HOLBAN""",IAŞI,IS,1612,7,7,0,14,44,25,0,69,66,30,0,96,85,32,0,117,196,38,0,234,260,52,0,312
95079,236,"COLEGIUL TEHNIC ""ION HOLBAN""",IAŞI,IS,1285,3,3,0,6,52,17,0,69,73,17,0,90,83,20,0,103,161,29,0,190,208,31,0,239
95079,237,"COLEGIUL TEHNIC ""ION HOLBAN""",IAŞI,IS,1493,8,3,0,11,55,11,142,208,77,11,111,199,89,13,111,213,158,22,111,291,197,30,111,338
95079,238,"LICEUL TEORETIC ""MIRON COSTIN""",IAŞI,IS,1403,10,1,0,11,60,12,0,72,82,26,0,108,94,27,0,121,183,48,0,231,257,55,0,312
95079,239,"LICEUL TEORETIC ""MIRON COSTIN""",IAŞI,IS,1252,22,3,0,25,82,4,0,86,96,5,0,101,122,5,0,127,245,11,0,256,295,14,0,309
95079,240,"LICEUL TEORETIC ""MIRON COSTIN""",IAŞI,IS,1467,12,3,0,15,119,8,0,127,119,9,0,128,126,11,0,137,232,22,1,255,276,34,1,311
95079,241,"LICEUL TEORETIC ""MIRON COSTIN""",IAŞI,IS,1514,14,1,0,15,73,3,0,76,110,6,0,116,124,9,0,133,236,30,0,266,292,46,0,338
95408,242,"CASA DE CULTURAMIHAIL SADOVEANU",PAŞCANI,IS,1248,18,0,0,18,85,2,0,87,103,3,0,106,128,3,0,131,229,17,0,246,300,37,0,337
95408,243,"CASA DE CULTURAMIHAIL SADOVEANU",PAŞCANI,IS,1367,11,0,0,11,65,2,0,67,98,2,0,100,133,2,0,135,261,8,0,269,320,9,0,329
95408,244,"SCOALA ION CREANGA",PAŞCANI,IS,1389,14,1,0,15,53,6,0,59,72,6,0,78,98,8,0,106,268,14,0,282,344,20,0,364
95408,245,"GRADINITA NR. 1",PAŞCANI,IS,1183,12,0,0,12,66,8,0,74,98,8,1,107,144,8,1,153,235,8,1,244,297,8,1,306
95408,246,"SCOALANR.3 IORDACHI CANTACUZINO",PAŞCANI,IS,1503,24,5,0,29,107,13,0,120,144,13,0,157,188,14,0,202,319,21,0,340,400,23,43,466
95408,247,"SCOALA NR.3 IORDACHI CANTACUZINO",PAŞCANI,IS,1228,16,0,0,16,34,4,0,38,60,4,0,64,71,5,0,76,170,11,0,181,239,13,0,252
95408,248,"GRADINITA VATRA",PAŞCANI,IS,1375,9,0,0,9,53,2,0,55,75,4,0,79,111,5,0,116,225,17,0,242,297,21,0,318
95408,249,"COLEGIUL NATIONAL MIHAIL SADOVEANU",PAŞCANI,IS,1332,17,1,0,18,61,1,0,62,81,3,0,84,110,3,0,113,221,6,0,227,282,21,0,303
95408,250,"COLEGIUL NATIONAL MIHAIL SADOVEANU",PAŞCANI,IS,1434,11,2,0,13,68,7,0,75,91,7,0,98,109,9,0,118,250,13,0,263,314,17,0,331
95408,251,GRADINITASIIRETUL,PAŞCANI,IS,3175,14,0,0,14,61,2,0,63,97,2,0,99,143,7,0,150,266,14,0,280,331,17,0,348
95408,252,"SCOALA DE ARTE SI MESERII NICOLAE IORGA",PAŞCANI,IS,1697,22,3,0,25,65,10,0,75,102,12,0,114,150,13,0,163,315,23,0,338,403,31,0,434
95408,253,"SCOALA SPECIALA",PAŞCANI,IS,1715,18,0,0,18,69,2,0,71,120,4,0,124,172,5,0,177,312,8,0,320,388,15,0,403
95408,254,"COLEGIU TEHNIC DE CAI FERATE UNIREA",PAŞCANI,IS,1583,14,5,0,19,34,8,0,42,70,14,0,84,100,17,0,117,239,30,0,269,302,41,0,343
95408,255,"COLEGIU TEHNIC DE CAI FERATE UNIREA",PAŞCANI,IS,1136,12,4,0,16,58,4,0,62,71,4,0,75,91,4,0,95,213,7,0,220,249,11,0,260
95408,256,"GRADINITA CU PROGRAM PRELUNGIT NR. 3",PAŞCANI,IS,1094,6,0,0,6,40,2,0,42,73,5,0,78,100,5,0,105,195,8,0,203,261,13,0,274
95408,257,"GRADINITA CU PROGRAM PRELUNGIT NR. 3",PAŞCANI,IS,1345,15,1,0,16,66,2,0,68,96,4,0,100,120,4,0,124,219,6,0,225,270,9,0,279
95408,258,"LICEULMIRON COSTIN",PAŞCANI,IS,1322,23,3,0,26,80,6,0,86,98,8,0,106,116,9,0,125,211,13,0,224,287,22,0,309
95408,259,"LICEULMIRON COSTIN",PAŞCANI,IS,1271,23,2,0,25,65,7,0,72,96,7,0,103,127,9,0,136,254,23,1,278,331,30,1,362
95408,260,"GRUP SCOLAR MIHAI BUSUIOC",PAŞCANI,IS,1287,15,3,0,18,66,4,0,70,90,4,0,94,102,4,0,106,218,9,0,227,284,12,0,296
95408,261,"GRUP SCOLAR MIHAI BUSUIOC",PAŞCANI,IS,1117,12,3,0,15,50,6,0,56,69,9,0,78,100,9,0,109,194,25,0,219,242,30,0,272
95417,262,"SCOALA BLAGESTI",BLĂGEŞTI,IS,1159,16,4,0,20,78,8,0,86,106,8,0,114,131,10,0,141,299,25,0,324,402,30,0,432
95435,263,"SCOALA GISTESTI",GÂŞTEŞTI,IS,1047,6,0,0,6,16,1,0,17,26,1,0,27,35,1,0,36,167,5,0,172,245,12,0,257
95435,264,"GRADINITA GISTESTI",GÂŞTEŞTI,IS,1486,19,1,0,20,43,2,0,45,63,2,0,65,97,3,0,100,275,14,0,289,362,17,1,380
95444,265,"SCOALA LUNCA",LUNCA,IS,1118,3,4,0,7,24,6,0,30,35,9,0,44,56,10,0,66,207,22,0,229,276,27,1,304
95444,266,"SCOALA LUNCA",LUNCA,IS,1025,5,3,0,8,22,4,0,26,38,5,0,43,60,5,0,65,205,9,0,214,295,10,0,305
95453,267,"SCOALA SODOMENI",SODOMENI,IS,996,4,2,0,6,10,7,0,17,13,7,0,20,35,7,0,42,123,12,0,135,188,16,0,204
95426,268,"SCOALA BOSTENI",BOŞTENI,IS,1231,16,0,0,16,61,4,0,65,75,4,0,79,88,4,0,92,206,8,0,214,292,10,0,302
95364,269,"LICEUL TEHNOLOGIC HÎRLĂU",HÎRLĂU,IS,1350,19,3,0,22,48,4,0,52,96,9,0,105,133,17,0,150,212,25,0,237,267,34,0,301
95364,270,"COLEGIUL NAŢIONAL ŞTEFAN CEL MARE HÎRLĂU",HÎRLĂU,IS,1190,12,4,0,16,40,6,0,46,67,9,5,81,99,11,5,115,213,14,5,232,271,20,6,297
95364,271,"ŞCOALA GIMNAZIALĂ PETRU RAREŞ - CORP VECHI",HÎRLĂU,IS,1931,28,1,0,29,73,7,0,80,98,8,0,106,131,13,0,144,252,27,0,279,317,33,0,350
95364,272,"ŞCOALA GIMNAZIALĂ PETRU RAREŞ-CORP GRĂDINIŢĂ CU PROGRAM PRELUNGIT",HÎRLĂU,IS,1952,13,1,0,14,57,10,0,67,75,13,0,88,96,13,0,109,207,19,0,226,294,21,0,315
95364,273,"ŞCOALA GIMNAZIALĂ PETRU RAREŞ - CORP NOU",HÎRLĂU,IS,1501,10,0,0,10,58,5,0,63,75,7,0,82,109,8,0,117,241,15,0,256,285,25,0,310
95373,274,"ŞCOALA GIMNAZIALĂ PÎRCOVACI - CORP GRADINIŢĂ",PÎRCOVACI,IS,1477,34,0,0,34,59,2,0,61,76,2,0,78,146,5,0,151,357,10,0,367,443,11,0,454
95373,275,"ŞCOALA GIMNAZIALĂ PÎRCOVACI - CORP ŞCOALĂ",PÎRCOVACI,IS,1314,14,3,0,17,36,4,0,40,46,5,0,51,80,5,0,85,251,12,0,263,340,14,0,354
98382,276,"ŞCOALA AL. I. CUZA","PODU ILOAIEI",IS,614,12,3,0,15,19,5,0,24,24,6,0,30,42,6,0,48,85,9,0,94,115,11,0,126
98382,277,"ŞCOALA AL. I. CUZA","PODU ILOAIEI",IS,1281,12,0,0,12,33,1,0,34,50,2,0,52,81,2,0,83,190,12,0,202,233,12,0,245
98382,278,"ŞCOALA AL. I. CUZA","PODU ILOAIEI",IS,956,5,2,0,7,19,8,0,27,27,12,0,39,40,15,0,55,109,30,0,139,195,38,0,233
98382,279,"ŞCOALA AL. I. CUZA","PODU ILOAIEI",IS,894,8,0,0,8,13,0,0,13,22,0,0,22,35,2,0,37,123,4,0,127,177,4,0,181
98382,280,"ŞCOALA AL. I. CUZA","PODU ILOAIEI",IS,901,4,1,0,5,17,3,0,20,24,3,0,27,38,4,0,42,133,11,0,144,168,15,0,183
98382,281,"ŞCOALA AL. I. CUZA","PODU ILOAIEI",IS,1135,10,2,0,12,25,4,0,29,32,5,0,37,48,8,0,56,139,10,0,149,178,13,0,191
98382,282,"ŞCOALA HENCI","PODU ILOAIEI",IS,444,4,0,0,4,12,0,0,12,15,0,0,15,27,3,0,30,71,6,0,77,101,8,0,109
98417,283,"ŞCOALA HOLM",HOLM,IS,241,4,2,0,6,18,3,0,21,21,3,0,24,30,4,0,34,71,11,0,82,82,15,0,97
98426,284,"IMOBIL PRIVAT SAMSON NECULAI",SCOBÂLŢENI,IS,984,4,0,0,4,32,2,0,34,41,3,0,44,67,5,0,72,226,16,0,242,270,23,0,293
98391,285,"ŞCOALA BUDĂI",BUDĂI,IS,779,4,0,0,4,11,0,23,34,14,0,23,37,25,8,23,56,132,20,23,175,188,26,23,237
98408,286,"ŞCOALA COSIŢENI",COSIŢENI,IS,253,2,1,0,3,15,2,0,17,26,5,0,31,32,7,0,39,98,11,0,109,115,11,0,126
95480,287,"SCOALA GENERALA ION CREANGA","TÂRGU FRUMOS",IS,1669,8,0,0,8,36,2,0,38,53,6,0,59,83,8,0,91,200,15,0,215,301,23,0,324
95480,288,"SCOALA GENERALA ION CREANGA","TÂRGU FRUMOS",IS,880,5,7,0,12,13,7,0,20,23,7,0,30,36,7,0,43,97,9,0,106,127,13,0,140
95480,289,"SCOALA GENERALA GARABET IBRAILEANU","TÂRGU FRUMOS",IS,1422,11,0,0,11,40,6,0,46,61,6,0,67,76,7,0,83,163,11,0,174,204,15,0,219
95480,290,"SCOALA GENERALA GARABET IBRAILEANU","TÂRGU FRUMOS",IS,1188,8,1,0,9,39,6,0,45,50,7,0,57,73,10,0,83,175,16,0,191,227,19,0,246
95480,291,"COMPLEX SERVICII SOCIALEPENTRU COPII - TARGU FRUMOS","TÂRGU FRUMOS",IS,1580,7,2,0,9,36,3,0,39,52,3,0,55,76,4,0,80,228,12,0,240,331,13,0,344
95480,292,"CASA DE CULTURA ""GARABET IBRAILEANU""","TÂRGU FRUMOS",IS,1598,19,2,0,21,50,2,0,52,78,7,0,85,94,8,0,102,172,16,0,188,229,21,0,250
95480,293,"CASA DE CULTURA ""GARABET IBRAILEANU""","TÂRGU FRUMOS",IS,1919,12,5,0,17,40,7,0,47,61,8,0,69,84,10,0,94,195,14,0,209,243,20,0,263
95480,294,"LICEUL TEORETIC ""ION NECULCE""","TÂRGU FRUMOS",IS,1487,2,4,0,6,18,5,0,23,41,5,0,46,52,8,0,60,177,19,0,196,231,25,14,270
95621,295,"FOST SEDIU BIBLIOTECĂ COMUNALĂ","ALEXANDRU I. CUZA",IS,627,4,0,0,4,35,3,0,38,56,3,0,59,89,9,0,98,177,21,0,198,268,28,0,296
95649,296,"SCOALA GIMNAZIALA SCHEIA",SCHEIA,IS,1075,8,2,0,10,18,11,0,29,30,15,0,45,43,20,0,63,138,32,0,170,220,38,0,258
95658,297,"SCOALA PRIMARA VOLINTIRESTI",VOLINTIREŞTI,IS,602,13,2,0,15,26,5,0,31,39,5,0,44,54,5,0,59,156,19,0,175,249,26,0,275
95676,298,"SCOALAGIMNAZIALA GH. CIOBANU ANDRIESENI",ANDRIEŞENI,IS,1342,7,4,0,11,37,6,0,43,44,10,0,54,72,16,0,88,211,25,21,257,286,29,21,336
95685,299,"SCOALA PRIMARA BUHAENI",BUHĂENI,IS,523,0,0,0,0,13,4,0,17,22,4,0,26,36,6,0,42,86,22,0,108,107,27,0,134
95738,300,"SCOALA GIMNAZIALA SPINENI",SPINENI,IS,804,2,0,0,2,4,1,0,5,6,1,0,7,14,7,0,21,60,13,0,73,76,16,0,92
95710,301,"SCOALA GIMNAZIALA GLAVANESTI",GLĂVĂNEŞTI,IS,568,1,2,0,3,15,4,0,19,16,4,0,20,25,4,0,29,47,7,0,54,66,11,0,77
95756,302,"ȘCOALA GIMNAZIALĂARON-VODA DIN SAT ARONEANU",ARONEANU,IS,1363,14,7,0,21,63,21,0,84,90,25,0,115,113,27,0,140,223,60,0,283,266,73,0,339
95765,303,"ȘCOALA GIMNAZIALĂ ARON-VODĂ DIN SAT DOROBANȚ",DOROBANŢ,IS,1147,11,0,0,11,30,6,0,36,69,11,0,80,110,17,0,127,299,49,0,348,412,56,0,468
95774,304,"ȘCOALA GIMNAZIALĂARON-VODĂ DIN SAT REDIUALDEI","REDIU ALDEI",IS,346,2,1,0,3,3,8,0,11,5,12,0,17,9,14,0,23,58,20,0,78,92,24,0,116
95783,305,"BAZA SPORTIVĂ MULTIFUNCȚIONALĂ - ȘOROGARI",ŞOROGARI,IS,339,7,3,0,10,14,7,0,21,18,7,0,25,27,7,0,34,57,20,0,77,69,24,0,93
95505,306,"SCOALA GIMNAZIALA CLASELE I-VIII BALS",BALŞ,IS,1193,9,1,0,10,37,2,0,39,47,3,0,50,57,3,0,60,271,14,0,285,351,26,0,377
95514,307,"SCOALA GIMNAZIALA CLASELE I-VIII BOURENI",BOURENI,IS,1370,7,0,0,7,19,0,0,19,49,2,0,51,75,4,0,79,256,17,0,273,322,25,24,371
95532,308,"SCOALA PRIMARA CLASELE I-IV COASTA MAGURII","COASTA MĂGURII",IS,179,4,3,0,7,7,4,0,11,8,4,0,12,8,4,0,12,38,16,0,54,59,18,0,77
95809,309,"CENTRU DE ZI BĂLȚAȚI",BĂLŢAŢI,IS,1594,8,0,0,8,16,1,0,17,21,1,0,22,26,2,0,28,144,4,0,148,185,11,0,196
95836,310,"ȘCOALA PRIMARĂ - SAT MĂDÎRJEȘTI",MĂDÎRJEŞTI,IS,957,2,0,0,2,16,0,0,16,29,0,0,29,32,4,0,36,110,14,0,124,170,19,0,189
95845,311,"ȘCOALA PRIMARĂ - SAT PODIȘU",PODIŞU,IS,497,6,2,0,8,11,5,0,16,17,6,0,23,20,6,0,26,91,11,0,102,135,15,0,150
95854,312,"ȘCOALA GIMNAZIALĂ - SAT SÎRCA",SÎRCA,IS,873,7,0,0,7,12,1,0,13,17,4,0,21,29,4,0,33,107,8,0,115,144,13,0,157
95863,313,"ȘCOALA GIMNAZIALĂ - SAT VALEA OILOR","VALEA OILOR",IS,532,3,0,0,3,14,2,0,16,20,2,0,22,22,2,0,24,47,8,0,55,64,9,0,73
95881,314,"SCOALA BELCEŞTI",BELCEŞTI,IS,1145,9,1,0,10,29,9,0,38,33,11,0,44,62,13,0,75,220,24,0,244,285,30,0,315
95881,315,"SCOALA BELCEŞTI",BELCEŞTI,IS,1204,13,3,0,16,31,5,0,36,41,5,0,46,64,10,0,74,239,33,0,272,314,38,0,352
95881,316,"SCOALA RUSI",BELCEŞTI,IS,1230,7,0,0,7,22,4,0,26,38,7,0,45,58,9,0,67,180,25,0,205,293,37,0,330
95916,317,"ŞCOALA SATU – NOU","SATU NOU",IS,1562,8,4,0,12,11,5,0,16,18,5,0,23,34,5,0,39,241,19,2,262,365,30,2,397
95907,318,"ŞCOALA MUNTENI",MUNTENI,IS,855,4,0,0,4,13,1,0,14,26,5,0,31,40,5,0,45,113,14,0,127,221,20,0,241
95925,319,"MAGAZIN CONSUMCOOP",TANSA,IS,829,5,0,0,5,45,0,0,45,58,3,0,61,69,5,0,74,197,18,0,215,288,23,0,311
95890,320,"ŞCOALA LITENI",LITENI,IS,1101,1,0,0,1,15,1,0,16,22,5,0,27,30,9,0,39,202,13,0,215,354,21,0,375
95934,321,"SCOALA ULMI",ULMI,IS,499,20,5,0,25,67,6,0,73,94,7,0,101,110,8,0,118,223,17,0,240,263,25,0,288
95952,322,"ŞCOALA GIMNAZIALĂ CU CLASELE I-VIII BIVOLARI",BIVOLARI,IS,913,13,2,0,15,29,8,9,46,34,8,9,51,51,10,9,70,110,28,9,147,143,31,9,183
95952,323,"ŞCOALA GIMNAZIALĂ CU CLASELE I-VIII BIVOLARI",BIVOLARI,IS,941,12,0,0,12,35,3,3,41,36,3,3,42,61,6,3,70,103,11,3,117,133,14,3,150
95989,324,"ŞCOALA GIMNAZIALĂ CU CLASELE I-VIII TABĂRA",TABĂRA,IS,887,4,1,0,5,9,5,0,14,18,5,0,23,26,12,0,38,68,29,0,97,107,36,0,143
95970,325,"ŞCOALA CU CLASELE I - IV SOLONEŢ",SOLONEŢ,IS,603,1,1,0,2,12,4,0,16,15,5,0,20,24,6,0,30,49,11,0,60,82,14,0,96
95097,326,"CAMINCULTURAL BIRNOVA",BÎRNOVA,IS,1115,6,2,0,8,30,11,0,41,41,22,0,63,56,36,0,92,115,50,0,165,191,71,0,262
95104,327,"SCOALA PRIMARA CERCU",CERCU,IS,555,4,0,0,4,13,7,0,20,23,8,0,31,35,10,0,45,108,20,0,128,170,26,4,200
95113,328,"CAMIN CULTURAL PAUN",PĂUN,IS,1073,5,1,0,6,27,6,0,33,36,12,0,48,52,18,0,70,126,33,0,159,157,42,0,199
95122,329,"SCOALA PRIMARA PIETRARIA",PIETRĂRIA,IS,796,9,1,0,10,35,9,0,44,47,13,0,60,67,21,0,88,137,47,0,184,202,63,0,265
95131,330,"SCOALA PRIMARA TODIREL",TODIREL,IS,455,0,0,0,0,11,2,0,13,19,3,0,22,35,4,0,39,125,7,0,132,160,12,1,173
95140,331,"SCOALA PRIMARA VISAN",VIŞAN,IS,1309,4,1,0,5,17,3,0,20,26,6,0,32,43,6,0,49,90,18,0,108,115,27,0,142
96067,332,"LICEUL TEHNOLOGIC BRAESTI",BRĂEŞTI,IS,886,11,1,0,12,34,3,0,37,42,3,0,45,83,7,0,90,199,23,0,222,263,31,0,294
96085,333,"SCOALA CU CLASELE I-IV",BUDA,IS,197,5,0,0,5,17,1,0,18,20,3,0,23,23,3,0,26,43,3,0,46,54,7,0,61
96094,334,"ŞCOALA GENERALĂ CRISTEŞTI",CRISTEŞTI,IS,766,8,2,0,10,14,4,0,18,37,5,0,42,42,5,0,47,126,15,0,141,270,18,0,288
96076,335,"ŞCOALA CU CL. I-IV ALBEŞTI",ALBEŞTI,IS,561,7,4,0,11,16,6,0,22,21,7,0,28,30,9,0,39,141,16,4,161,176,22,4,202
96129,336,"CAMIN CULTURAL BUTEA",BUTEA,IS,1636,17,4,0,21,27,4,0,31,36,7,0,43,88,12,0,100,238,37,0,275,286,39,8,333
96129,337,"GRADINITA BUTEA",BUTEA,IS,1560,19,3,0,22,31,6,0,37,39,6,0,45,76,7,0,83,186,14,0,200,277,13,1,291
96138,338,"SCOALA PRIMARA MICLAUSENI",MICLĂUŞENI,IS,344,4,1,0,5,13,17,0,30,25,21,0,46,25,25,0,50,41,32,0,73,47,39,0,86
96156,339,"SCOALA GIMNAZIALA ""GRIGORE URECHE"" CEPLENITA",CEPLENIŢA,IS,1184,5,1,0,6,17,6,0,23,24,6,0,30,33,8,0,41,151,17,0,168,214,19,0,233
96165,340,"SCOALA GIMNAZIALA ""NICOLAE IORGA"" BUHALNITA",BUHALNIŢA,IS,1181,14,3,0,17,51,7,0,58,63,8,0,71,85,10,0,95,262,29,0,291,322,34,0,356
96174,341,"SCOALA GIMNAZIALA POIANA MARULUI","POIANA MĂRULUI",IS,797,6,4,0,10,10,5,0,15,14,5,0,19,22,5,0,27,206,7,0,213,266,12,0,278
96183,342,"GRADINITA CU PROGRAM NORMAL ZLODICA",ZLODICA,IS,244,3,2,0,5,10,2,0,12,16,5,0,21,22,6,0,28,61,14,0,75,72,17,0,89
98079,343,"CĂMINUL CULTURAL CIOHORĂNI",CIOHORĂNI,IS,1508,19,4,0,23,54,13,0,67,71,14,0,85,99,15,0,114,289,26,0,315,395,33,0,428
96209,344,"CAMINUL CULTURAL CIORTEŞTI",CIORTEŞTI,IS,889,8,0,0,8,18,1,0,19,29,1,0,30,43,1,0,44,144,19,0,163,190,23,0,213
96218,345,"ŞCOALAGIMNAZIALĂ COROPCENI",COROPCENI,IS,897,8,1,0,9,14,4,0,18,20,5,0,25,51,7,0,58,175,22,0,197,261,31,0,292
96227,346,ŞCOALAPRIMARĂDELENI,DELENI,IS,411,4,0,0,4,7,5,0,12,8,5,0,13,18,8,0,26,81,11,0,92,129,15,0,144
96236,347,ŞCOALAPRIMARĂROTĂRIA,ROTĂRIA,IS,307,10,5,0,15,20,6,0,26,33,7,0,40,53,8,0,61,103,10,0,113,120,10,0,130
96245,348,"ŞCOALAGIMANAZIALĂ ŞERBEŞTI",ŞERBEŞTI,IS,646,5,2,0,7,23,5,0,28,48,5,0,53,63,11,0,74,194,28,0,222,316,43,0,359
96263,349,SCOALAGIMNAZIALACIUREA,CIUREA,IS,1049,3,4,0,7,4,5,0,9,7,5,0,12,15,5,0,20,68,12,0,80,119,14,0,133
96263,350,"SCOALAGIMNAZIALA CIUREA",CIUREA,IS,1052,5,3,0,8,17,3,0,20,25,3,0,28,31,3,0,34,78,8,0,86,128,9,0,137
96272,351,"GRADINITACUPROGRAMNORMALNR. 3CURATURI",CURĂTURI,IS,210,3,2,0,5,3,4,0,7,6,5,0,11,12,5,0,17,32,16,2,50,56,20,2,78
96281,352,"CORP C SCOALAGIMNAZIALA DUMBRAVA",DUMBRAVA,IS,1186,0,0,0,0,8,0,0,8,51,12,0,63,62,12,0,74,131,32,0,163,226,32,0,258
96290,353,PROPRMACOVEI,HLINCEA,IS,652,5,0,0,5,12,4,0,16,17,7,0,24,19,9,0,28,57,21,0,78,74,30,0,104
96307,354,"SCOALAGIMNAZIALANR.1 LUNCACETATUII","LUNCA CETĂŢUII",IS,1599,15,2,0,17,28,18,0,46,74,26,0,100,99,32,0,131,205,64,0,269,235,80,0,315
96307,355,"SCOALAGIMNAZIALANR.1 LUNCACETATUII","LUNCA CETĂŢUII",IS,1802,9,1,0,10,38,2,0,40,63,2,0,65,83,3,0,86,186,7,0,193,261,12,0,273
96307,356,"SCOALAGIMNAZIALANR.1 LUNCACETATUII","LUNCA CETĂŢUII",IS,1923,18,0,0,18,50,1,0,51,98,2,1,101,123,2,1,126,212,6,1,219,271,12,1,284
96307,357,"SCOALA GIMNAZIALANR.1 LUNCACETATUII","LUNCA CETĂŢUII",IS,1760,11,3,0,14,56,4,0,60,85,5,0,90,111,7,0,118,200,10,0,210,258,16,0,274
96307,358,"SCOALAPRIMARANR.2 LUNCA CETAŢUII(ZANEA)","LUNCA CETĂŢUII",IS,470,5,1,0,6,24,2,0,26,44,2,0,46,46,2,0,48,64,2,0,66,103,7,0,110
96316,359,"CENTRUL DE ZI PENTRU COPIIIAFLAȚI ÎN SITUAȚIEDERISC,, SCUFIȚAROȘIE""","PICIORU LUPULUI",IS,501,7,1,0,8,24,4,0,28,41,6,0,47,52,7,0,59,126,16,21,163,155,21,21,197
96325,360,"SCOALAPRIMARANR. 2SLOBOZIA",SLOBOZIA,IS,368,3,4,0,7,12,9,0,21,15,11,0,26,22,12,0,34,77,17,0,94,95,17,0,112
96343,361,"SCOALA GENERALA NR.1. SAT.COARNELE CAPREI","COARNELE CAPREI",IS,905,12,1,0,13,26,2,0,28,33,2,0,35,44,4,0,48,180,17,0,197,270,23,9,302
96343,362,"SCOALA GENERALA NR. 1. SAT.COARNELE CAPREI","COARNELE CAPREI",IS,830,11,0,0,11,19,2,0,21,27,2,0,29,40,2,0,42,182,11,0,193,244,15,5,264
96352,363,"ŞCOALA GENERALA SAT. ARAMA",ARAMA,IS,403,0,0,0,0,6,0,0,6,11,0,0,11,20,0,0,20,94,8,0,102,141,8,0,149
96361,364,"ŞCOALA GENERALA SAT. PETROSICA",PETROŞICA,IS,69,1,0,0,1,3,0,0,3,6,1,0,7,14,1,0,15,19,9,0,28,23,19,0,42
96389,365,"ŞCOALA OSOI",OSOI,IS,1570,7,0,0,7,31,5,0,36,42,5,0,47,78,10,0,88,211,26,0,237,293,36,0,329
96414,366,"ŞCOALA STÂNCA",STÎNCA,IS,187,1,0,0,1,8,2,0,10,13,6,0,19,15,6,0,21,40,12,0,52,60,15,0,75
96398,367,"SCOALA CLASELE I-VII COMARNA I",COMARNA,IS,979,2,1,0,3,7,3,0,10,9,3,0,12,11,5,0,16,29,19,0,48,45,25,0,70
96398,368,"SCOALA CLASELE I-IV COMARNA II",COMARNA,IS,1168,3,0,0,3,10,3,0,13,13,3,0,16,22,5,0,27,70,11,0,81,110,12,0,122
96405,369,"ŞCOALA CURAGĂU",CURAGĂU,IS,121,3,0,0,3,4,0,0,4,10,2,0,12,20,5,0,25,42,6,0,48,55,7,0,62
96398,370,"GRĂDINIȚA CU PROGRAM NORMAL COMARNA NR.1",COMARNA,IS,1834,2,2,0,4,17,4,0,21,24,4,0,28,45,6,0,51,156,20,0,176,221,28,0,249
95541,371,"SCOALA GIMNAZIALA NR.1 COSTESTI",COSTEŞTI,IS,1050,7,3,0,10,19,3,0,22,44,4,0,48,62,7,0,69,237,33,0,270,414,46,0,460
95578,372,"CASA SOCIALA DIN PAROHIA ORTODOXA TAIEREA CAPULUI SFANTUL IOAN BOTEZATORUL",GIURGEŞTI,IS,365,3,2,0,5,10,3,0,13,21,5,0,26,33,9,0,42,82,18,0,100,189,30,0,219
96432,373,"SCOALA GIMNAZIALĂ COSTULENI",COSTULENI,IS,1314,14,0,0,14,29,1,0,30,39,2,0,41,68,2,0,70,174,13,0,187,236,22,0,258
96441,374,"SCOALA GIMNAZIALĂ COVASNA",COVASNA,IS,883,10,0,0,10,36,8,0,44,58,16,0,74,71,19,0,90,232,33,0,265,339,43,0,382
96450,375,"SCOALA GIMNAZIALĂ COZIA",COZIA,IS,1737,3,3,0,6,7,3,0,10,13,7,0,20,39,8,0,47,93,15,0,108,139,27,0,166
96469,376,"SCOALA PRIMARĂHILIȚA",HILIŢA,IS,584,3,2,0,5,13,3,0,16,23,3,0,26,36,5,0,41,102,16,0,118,121,18,0,139
96450,377,"ȘCOALA GIMNAZIALĂ COZIA",COZIA,IS,1668,4,0,0,4,15,0,0,15,24,0,0,24,36,3,0,39,71,5,0,76,122,5,0,127
96487,378,"CAMIN CULTURAL COTNARI",COTNARI,IS,1461,13,0,0,13,25,1,1,27,36,1,1,38,71,5,1,77,174,23,1,198,224,25,1,250
96496,379,"CASA DE PRAZNUIRE BAHLUI",BAHLUIU,IS,269,0,0,0,0,10,1,0,11,14,2,0,16,22,3,0,25,52,8,0,60,69,13,0,82
96539,380,"SCOALA HODORA",HODORA,IS,1303,3,0,0,3,31,1,0,32,37,4,0,41,61,5,0,66,189,8,0,197,255,13,0,268
96548,381,"SCOALA HORODISTEA",HORODIŞTEA,IS,470,3,3,0,6,5,3,0,8,7,5,0,12,12,5,0,17,35,10,0,45,56,15,0,71
96511,382,"SCOALA CIRJOAIA",CÎRJOAIA,IS,1377,4,1,0,5,10,4,0,14,14,6,0,20,23,9,0,32,139,17,0,156,228,26,0,254
96575,383,"SCOALA VALEA RACULUI","VALEA RACULUI",IS,268,4,0,0,4,11,3,0,14,16,4,0,20,22,5,0,27,79,8,0,87,95,10,0,105
96584,384,"SCOALA ZBERENI",ZBERENI,IS,631,1,0,0,1,8,3,0,11,10,7,0,17,16,9,0,25,105,12,0,117,164,19,0,183
96566,385,"SCOALA LUPARIA",LUPĂRIA,IS,277,1,3,0,4,4,3,0,7,5,3,0,8,10,3,0,13,46,8,0,54,79,15,0,94
96600,386,"GRUP ŞCOLARCOZMESTI",COZMEŞTI,IS,1189,6,0,0,6,45,6,0,51,72,12,0,84,162,23,0,185,393,42,0,435,473,57,18,548
96628,387,"SCOALA NOUĂ PODOLENII DE SUS","PODOLENII DE SUS",IS,751,1,0,0,1,12,0,0,12,23,3,0,26,39,4,0,43,124,12,0,136,186,17,0,203
96619,388,"SCOALAPODOLENII DE JOS","PODOLENII DE JOS",IS,260,4,0,0,4,11,3,0,14,12,4,0,16,14,5,0,19,67,11,0,78,95,14,0,109
96646,389,"SCOALA PROFESIONALA CRISTEŞTI",CRISTEŞTI,IS,1299,6,1,0,7,19,4,0,23,31,5,0,36,44,7,0,51,226,18,0,244,280,21,0,301
96646,390,"SCOALA PROFESIONALA CRISTEŞTI",CRISTEŞTI,IS,1046,3,1,0,4,11,2,0,13,23,4,0,27,37,6,0,43,161,9,0,170,229,10,0,239
96646,391,"ŞCOALA PRIMARA HEREŞTI",CRISTEŞTI,IS,613,13,2,0,15,39,10,0,49,48,11,0,59,69,11,0,80,166,20,0,186,212,26,0,238
96655,392,"ŞCOALA HOMIŢA",HOMIŢA,IS,282,1,3,0,4,7,5,0,12,10,7,0,17,16,7,0,23,50,12,0,62,76,16,0,92
96673,393,"GRĂDINIŢA CUCUTENI",CUCUTENI,IS,717,6,1,0,7,30,8,0,38,36,11,0,47,45,12,0,57,150,40,21,211,201,43,24,268
96708,394,"ŞCOALA SĂCĂREŞTI",SĂCĂREŞTI,IS,339,13,4,0,17,31,5,0,36,54,6,0,60,63,10,0,73,144,38,19,201,170,43,19,232
96726,395,"ȘCOALA PROFESIONALA DAGÎȚA - CORP NOU",DAGÎŢA,IS,1336,7,0,0,7,22,3,0,25,31,3,0,34,73,9,0,82,153,21,0,174,221,27,2,250
96762,396,"SCOALA GENERALĂ MĂNĂSTIREA",MĂNĂSTIREA,IS,904,5,0,0,5,11,0,0,11,15,0,0,15,34,3,0,37,145,20,0,165,203,22,0,225
96735,397,"LOCUINȚĂ PROPRIETATE MARDARE ELENA",BĂLUŞEŞTI,IS,149,1,1,0,2,3,4,0,7,5,4,0,9,8,5,0,13,22,5,0,27,25,5,0,30
96744,398,"SCOALA PRIMARĂ BOATCA",BOATCA,IS,216,4,1,0,5,6,3,0,9,11,4,0,15,16,5,0,21,50,8,0,58,68,8,0,76
96771,399,"SCOALAPRIMARĂ PISCU RUSULUI","PISCU RUSULUI",IS,397,1,4,0,5,12,4,0,16,16,4,0,20,21,6,0,27,44,9,0,53,63,11,0,74
96780,400,"CENTRU DE ORGANIZARE PENTRU INTEGRARE SI INFORMARE - C.O.P.I.I. PENTRU COMUNITATEA POIENILE",POIENILE,IS,226,1,0,0,1,2,3,0,5,7,3,0,10,11,4,0,15,41,11,0,52,71,13,0,84
96806,401,"SCOALA PRIMARĂZECE PRAJINI","ZECE PRĂJINI",IS,390,2,0,0,2,5,0,0,5,25,1,0,26,30,1,0,31,60,5,0,65,115,9,0,124
96824,402,"SCOALA GIMNAZIALADELENI",DELENI,IS,1620,11,1,0,12,39,4,0,43,48,7,0,55,76,10,0,86,292,16,0,308,357,20,0,377
96824,403,"GRADINITACU PROGRAM NORMAL DELENI( SEDIUL NOU)",DELENI,IS,1866,15,2,0,17,38,5,0,43,49,6,0,55,85,7,0,92,243,20,0,263,323,33,0,356
96851,404,"SCOALA GIMNAZIALAMAXUT",MAXUT,IS,1084,9,1,0,10,28,4,0,32,42,8,0,50,60,10,0,70,183,18,0,201,248,22,0,270
96851,405,"GRADINITA CU PROGRAM NORMALMAXUT",MAXUT,IS,790,1,7,0,8,13,8,0,21,26,8,0,34,36,8,0,44,123,17,0,140,164,21,0,185
96879,406,"SCOALA GIMNAZIALA SLOBOZIA",SLOBOZIA,IS,962,6,2,0,8,17,2,0,19,22,4,0,26,30,5,0,35,138,11,0,149,190,12,0,202
96833,407,"SCOALA GIMNAZIALA FEREDENI",FEREDENI,IS,647,2,0,0,2,10,0,0,10,16,1,0,17,28,5,0,33,140,11,0,151,200,14,0,214
96860,408,"GRADINITACU PROGRAM NORMAL POIANA",POIANA,IS,908,6,3,0,9,25,4,0,29,33,4,0,37,52,7,0,59,129,14,0,143,166,19,0,185
96897,409,"ŞCOALA GENERALĂ NR.1 MOLDOVENI",DOBROVĂŢ,IS,1090,10,1,0,11,19,3,0,22,22,3,0,25,50,13,0,63,137,36,9,182,166,42,12,220
96897,410,"CENTRU DE ZI AFTER SCHOOL RUSI",DOBROVĂŢ,IS,793,0,0,0,0,8,3,0,11,19,11,0,30,40,15,0,55,112,28,3,143,138,31,3,172
96913,411,"ŞCOALA DOLHEŞTI",DOLHEŞTI,IS,561,6,1,0,7,38,7,0,45,55,7,6,68,73,10,6,89,173,22,6,201,276,29,12,317
96922,412,"ŞCOALA BRĂDICEŞTI",BRĂDICEŞTI,IS,779,1,3,0,4,4,5,0,9,10,6,0,16,20,9,0,29,70,15,0,85,118,18,0,136
96931,413,"ŞCOALA PIETRIŞ",PIETRIŞ,IS,763,3,3,0,6,11,3,0,14,16,4,0,20,28,7,0,35,135,11,0,146,212,14,2,228
99334,414,"GRĂDINIŢĂ DRĂGUŞENI",DRĂGUŞENI,IS,754,8,2,0,10,19,4,0,23,25,5,16,46,54,6,16,76,175,21,16,212,257,27,17,301
99343,415,"ŞCOLA FRENCIUGI",FRENCIUGI,IS,416,11,3,0,14,25,5,11,41,42,7,11,60,55,12,11,78,120,33,11,164,156,37,11,204
96959,416,"LICEUL TEHNOLOGIC DUMESTI",DUMEŞTI,IS,1380,10,1,0,11,44,1,0,45,63,2,0,65,100,8,0,108,257,10,0,267,305,14,0,319
96995,417,"SCOALA GIMNAZIALA PAUSESTI",PĂUŞEŞTI,IS,1368,6,0,0,6,23,2,0,25,24,2,0,26,45,3,0,48,159,5,0,164,181,9,0,190
96977,418,"GRADINITA CU PROGRAM NORMAL CHILISOAIA",CHILIŞOAIA,IS,154,1,0,0,1,6,1,0,7,6,1,0,7,23,3,0,26,34,5,0,39,51,11,0,62
96986,419,"SCOALA PRIMARA HOISESTI",HOISEŞTI,IS,627,2,1,0,3,8,2,0,10,11,4,0,15,20,6,0,26,66,7,0,73,78,9,0,87
96968,420,"CLADIREA FOSTEI SCOLI PRIMARE BANU",BANU,IS,322,5,2,0,7,13,3,0,16,20,4,0,24,31,5,0,36,71,8,0,79,84,11,0,95
97018,421,"SCOALA GENERALA ERBICENI CORP CLADIRE",ERBICENI,IS,885,9,0,0,9,30,4,0,34,46,4,0,50,68,8,0,76,177,21,0,198,219,24,0,243
97018,422,"SCOALA GENERALA ERBICENI CORP CLADIRE",ERBICENI,IS,1054,12,3,0,15,38,4,0,42,46,5,0,51,70,6,0,76,186,14,0,200,252,16,0,268
97027,423,"SCOALA GENERALA BIRLESTI",BÎRLEŞTI,IS,571,4,4,0,8,13,5,0,18,14,9,0,23,24,17,0,41,48,32,0,80,89,42,0,131
97054,424,"SCOALA GENERALATOTOESTI",TOTOEŞTI,IS,1303,8,5,0,13,31,6,0,37,42,11,0,53,61,14,0,75,202,23,0,225,252,27,0,279
97036,425,"SCOALA GENERALA ERBICENI CLS. I-IVCONSTANTIN ERBICEANU",SPINOASA,IS,244,0,0,0,0,2,3,0,5,2,6,0,8,3,8,0,11,33,17,0,50,35,17,0,52
97045,426,"SCOALA GENERALAERBICENI CORP CLADIRE CLS. I-IV CONSTANTIN ERBICEANU",SPRÎNCEANA,IS,314,2,2,0,4,8,2,0,10,12,3,0,15,40,6,0,46,57,7,0,64,74,9,0,83
97081,427,"GRĂDINIŢA NR.1 FÂNTÂNELE",FÂNTÂNELE,IS,1528,11,1,0,12,32,5,0,37,39,5,0,44,105,7,0,112,253,14,0,267,338,18,0,356
97072,428,"CĂMINUL CULTURAL",FOCURI,IS,1547,11,0,0,11,24,3,0,27,33,3,0,36,64,7,0,71,237,27,0,264,297,40,0,337
97072,429,"GRĂDINIŢA NR. 2, PĂŞCĂNENI",FOCURI,IS,1447,11,0,0,11,19,0,0,19,28,1,0,29,68,2,0,70,221,10,0,231,285,11,0,296
97107,430,"SCOALA GIMNAZIALA GOLAIESTI",GOLĂIEŞTI,IS,1558,6,1,0,7,20,6,0,26,35,7,0,42,76,11,0,87,228,20,0,248,285,27,8,320
97143,431,"SCOALA PRIMARA GRADINARI",GRĂDINARI,IS,312,3,0,0,3,16,2,0,18,22,4,0,26,32,8,0,40,65,12,0,77,88,14,0,102
97134,432,"SCOALA PRIMARA COTU LUI IVAN","COTU LUI IVAN",IS,319,2,0,0,2,4,1,0,5,6,1,0,7,7,3,0,10,32,6,0,38,48,7,0,55
97161,433,"SCOALA PRIMARA PETRESTI",PETREŞTI,IS,239,2,1,0,3,9,3,0,12,17,6,0,23,27,7,0,34,41,9,0,50,55,11,0,66
97170,434,"SCOALA PRIMARA PODU JIJIEI","PODU JIJIEI",IS,205,2,5,0,7,14,9,0,23,18,10,0,28,20,12,0,32,60,26,0,86,83,32,0,115
97125,435,"SCOALA PRIMARA CILIBIU",CILIBIU,IS,393,1,1,0,2,7,3,0,10,13,3,0,16,17,4,0,21,34,6,0,40,45,10,0,55
97198,436,"SCOALA GIMNAZIALA",GORBAN,IS,596,4,1,0,5,12,2,0,14,20,5,0,25,34,7,0,41,110,22,0,132,135,26,0,161
97214,437,"ȘCOALA PRIMARĂ","PODU HAGIULUI",IS,502,7,0,0,7,16,1,0,17,21,2,0,23,23,2,0,25,59,8,0,67,72,8,0,80
97223,438,"ȘCOALA PRIMARĂ",SCOPOSENI,IS,599,6,0,0,6,14,0,0,14,16,0,0,16,28,1,0,29,103,14,0,117,132,17,0,149
97232,439,"ȘCOALA PRIMARĂ",ZBEROAIA,IS,286,1,0,0,1,11,0,0,11,14,0,0,14,18,3,0,21,45,6,0,51,49,7,0,56
97205,440,"ȘCOALA GIMNAZIALĂ","GURA BOHOTIN",IS,400,2,2,0,4,18,2,0,20,25,3,0,28,29,4,0,33,72,9,0,81,89,9,0,98
97250,441,"SCOALA GIMNAZIALA GRAJDURI",GRAJDURI,IS,1312,9,2,0,11,15,3,0,18,22,3,0,25,24,3,0,27,50,6,0,56,69,9,0,78
97250,442,"SCOALA GIMNAZIALA GRAJDURI",GRAJDURI,IS,1035,6,1,0,7,12,1,0,13,18,2,0,20,22,2,0,24,46,5,0,51,81,5,0,86
97312,443,"SCOALA PRIMARA VALEA SATULUI","VALEA SATULUI",IS,1611,3,3,0,6,7,3,0,10,11,3,0,14,16,4,0,20,34,9,0,43,47,11,0,58
97312,444,"SCOALA PRIMARA VALEA SATULUI","VALEA SATULUI",IS,1672,6,0,0,6,12,2,0,14,15,2,0,17,17,3,0,20,40,7,0,47,52,9,0,61
97269,445,"SCOALA PRIMARA CARBUNARI",CĂRBUNARI,IS,910,1,1,0,2,9,1,0,10,12,3,0,15,16,4,0,20,31,4,0,35,38,4,0,42
97296,446,"SCOALAPRIMARA PADURENI",PĂDURENI,IS,1201,0,2,0,2,2,3,0,5,2,4,0,6,3,6,0,9,22,13,0,35,32,14,0,46
97303,447,"SCOALA PRIMARA POIANA CU CETATE","POIANA CU CETATE",IS,136,0,0,0,0,4,3,0,7,5,4,0,9,11,4,0,15,27,11,0,38,35,12,0,47
97296,448,"SCOALA PRIMARA PADURENI",PĂDURENI,IS,818,1,3,0,4,4,3,0,7,4,3,0,7,5,3,0,8,14,7,0,21,21,8,0,29
97330,449,"ȘCOALA GROPNIŢA",GROPNIŢA,IS,334,5,0,0,5,7,1,0,8,13,3,0,16,26,6,0,32,57,8,0,65,89,9,0,98
97349,450,"SEDIUL PRIMĂRIEI",BULBUCANI,IS,532,7,3,0,10,15,4,0,19,24,4,0,28,35,5,0,40,90,13,0,103,111,17,0,128
97358,451,"CĂMIN CULTURAL FORĂŞTI",FORĂŞTI,IS,421,2,0,0,2,7,0,0,7,10,0,0,10,19,2,0,21,50,9,0,59,97,16,0,113
97367,452,GRĂDINIȚAMĂLĂEŞTI,MĂLĂEŞTI,IS,331,3,1,0,4,19,4,0,23,20,5,0,25,26,6,0,32,79,17,0,96,109,22,0,131
97376,453,"ŞCOALA SĂVENI",SĂVENI,IS,602,0,0,0,0,1,2,0,3,4,3,0,7,7,3,0,10,65,6,0,71,79,7,0,86
97385,454,"ŞCOALA SÎNGERI",SÎNGERI,IS,312,7,0,0,7,26,8,0,34,29,8,0,37,35,12,0,47,93,19,0,112,112,21,0,133
97401,455,"SC. GIMNAZIALA GROZESTI",GROZEŞTI,IS,925,10,2,0,12,16,4,0,20,19,5,0,24,26,5,0,31,83,15,0,98,146,15,21,182
97410,456,"GRADINITA COLTU-CORNII","COLŢU CORNII",IS,455,1,0,0,1,9,1,0,10,10,1,0,11,12,1,0,13,58,5,0,63,96,10,12,118
97447,457,"SCOALA GENERALA HALAUCESTI",HĂLĂUCEŞTI,IS,1446,8,0,0,8,13,0,0,13,24,2,0,26,42,2,0,44,94,6,0,100,140,10,0,150
97447,458,"CAMIN CULTURAL HALAUCESTI",HĂLĂUCEŞTI,IS,1355,7,2,0,9,14,2,0,16,19,6,0,25,43,7,0,50,88,14,0,102,110,16,1,127
97447,459,"CAMIN CULTURAL HALAUCESTI",HĂLĂUCEŞTI,IS,1215,2,0,0,2,17,1,0,18,21,2,0,23,34,5,0,39,96,7,0,103,127,11,0,138
97456,460,"SCOALA GENERALA LUNCASI",LUNCAŞI,IS,782,7,0,0,7,17,3,0,20,34,7,0,41,76,9,0,85,163,17,0,180,203,22,0,225
99584,461,"GRĂDINIȚA CU PROGRAM NORMAL HĂRMĂNEȘTII VECHI","HĂRMĂNEŞTII VECHI",IS,1288,6,2,0,8,21,3,0,24,29,4,0,33,40,5,0,45,143,21,0,164,244,30,0,274
99575,462,"ŞCOALA HĂRMĂNEŞTII NOI","HĂRMĂNEŞTII NOI",IS,703,4,2,0,6,37,5,0,42,43,7,0,50,53,11,0,64,195,20,0,215,279,27,0,306
97474,463,"SCOALA GIMNAZIALA HELESTENI",HELEŞTENI,IS,648,5,1,0,6,13,2,0,15,26,6,0,32,48,7,0,55,146,16,0,162,211,24,0,235
97483,464,"CENTRUL EDUCATIV PENTRU COPII SARACI HARMANEASA",HĂRMĂNEASA,IS,589,9,0,0,9,12,1,0,13,23,9,0,32,37,9,0,46,161,19,0,180,216,28,0,244
97508,465,"SCOALA GIMNAZIALA OBOROCENI",OBOROCENI,IS,625,9,1,0,10,16,3,0,19,22,3,0,25,34,4,0,38,128,7,0,135,170,14,1,185
97492,466,"SCOALA GENERALA MOVILENI",MOVILENI,IS,163,5,0,0,5,13,1,0,14,14,2,0,16,18,4,0,22,50,10,0,60,60,14,0,74
95211,467,"SCOALA CU CLASELE I-VIII","RUSENII VECHI",IS,534,1,6,0,7,9,6,0,15,9,6,0,15,12,7,0,19,36,10,0,46,52,14,0,66
95168,468,"SCOALA HOLBOCA",HOLBOCA,IS,1463,3,0,0,3,16,5,0,21,26,5,0,31,36,5,0,41,125,23,0,148,160,24,0,184
95168,469,"SCOALA HOLBOCA",HOLBOCA,IS,1433,4,4,0,8,21,6,0,27,32,6,0,38,45,6,0,51,127,9,0,136,148,14,0,162
95186,470,"GRADINITA CU PROGRAM NORMAL DANCU",DANCU,IS,1332,9,3,0,12,36,5,0,41,52,9,0,61,73,10,0,83,146,18,0,164,183,23,0,206
95186,471,"GRADINITA CU PROGRAM NORMAL DANCU",DANCU,IS,1442,9,6,0,15,36,7,0,43,51,10,0,61,64,13,0,77,134,23,0,157,171,27,0,198
95186,472,"SCOALA STEFAN CEL MARE",DANCU,IS,1261,7,1,0,8,43,2,0,45,62,4,0,66,79,4,0,83,155,6,0,161,199,15,0,214
95186,473,"SCOALA STEFAN CEL MARE",DANCU,IS,1507,11,0,0,11,33,2,0,35,48,6,0,54,74,8,0,82,143,15,0,158,187,23,0,210
95186,474,"SCOALA STEFAN CEL MARE",DANCU,IS,1414,6,4,0,10,37,4,0,41,52,4,0,56,65,4,0,69,136,9,0,145,185,12,0,197
95202,475,"SCOALA CU CLASELE I-IV","RUSENII NOI",IS,348,1,6,0,7,4,6,0,10,8,8,0,16,12,10,0,22,33,12,0,45,39,14,0,53
95195,476,"SPAȚIUCOMERCIAL PROPRIETATEGOLĂESCUMARIA",ORZENI,IS,629,5,1,0,6,21,1,0,22,29,2,0,31,29,2,0,31,73,8,3,84,97,17,3,117
95177,477,"SCOALA CU CLASELE I-IV",CRISTEŞTI,IS,611,7,0,0,7,20,0,0,20,34,2,0,36,35,3,0,38,65,7,0,72,76,8,0,84
95220,478,"SCAOALA VALEA LUNGA","VALEA LUNGĂ",IS,272,2,4,0,6,23,16,0,39,29,17,0,46,32,20,0,52,67,28,0,95,76,35,0,111
97526,479,"CAMIN CULTURAL SATUL HORLEŞTI",HORLEŞTI,IS,1151,9,1,0,10,26,4,0,30,39,5,0,44,63,6,0,69,215,15,0,230,305,18,0,323
97526,480,"BIBLIOTECA COMUNALA SATUL HORLEŞTI",HORLEŞTI,IS,404,4,2,0,6,14,5,0,19,17,8,0,25,23,11,0,34,52,19,0,71,98,23,0,121
97535,481,"ŞCOALA BOGDĂNEŞTI",BOGDĂNEŞTI,IS,529,10,9,0,19,31,12,0,43,36,12,0,48,42,16,0,58,77,25,0,102,97,28,0,125
97544,482,"FOSTA ŞCOALĂ SATUL SCOPOSENI",SCOPOSENI,IS,228,5,0,0,5,5,2,0,7,7,4,0,11,10,5,0,15,31,7,0,38,42,9,0,51
95603,483,"SCOALA GIMNAZIALĂ ""CONSTANTIN TEODORESCU""RAZBOIENI",RĂZBOIENI,IS,1683,19,1,0,20,43,3,0,46,57,3,0,60,78,5,0,83,281,11,0,292,434,18,0,452
95523,484,"SCOALA GIMNAZIALABUZNEA",BUZNEA,IS,1396,10,2,0,12,19,2,0,21,31,3,0,34,57,3,0,60,231,9,0,240,336,16,0,352
95550,485,"SCOALA PRIMARADADESTI",DĂDEŞTI,IS,222,1,0,0,1,4,2,0,6,9,7,0,16,9,8,0,17,33,9,0,42,64,14,0,78
95569,486,"CENTRUL DE ÎNGRIJIRE DE ZI PENTRU COPII-GĂNEŞTI",GĂNEŞTI,IS,618,5,5,0,10,5,5,0,10,9,5,0,14,29,6,0,35,124,9,0,133,219,19,0,238
95587,487,"CASA SOCIALA ION NECULCE","ION NECULCE",IS,149,0,0,0,0,3,4,0,7,3,5,0,8,8,5,0,13,35,8,0,43,55,9,0,64
95596,488,"SCOALA PRIMARA PRIGORENI",PRIGORENI,IS,530,5,6,0,11,9,8,0,17,13,8,0,21,17,8,0,25,71,8,0,79,141,11,0,152
97562,489,"SCOLA GIMNAZIALA”ION HAULICA”IPATELE",IPATELE,IS,514,8,1,0,9,12,3,0,15,16,3,0,19,24,3,0,27,79,11,0,90,99,14,0,113
97599,490,"PUNCT SANITAR CUZA-VODĂ","CUZA VODĂ",IS,378,7,2,0,9,13,3,0,16,20,6,0,26,26,9,0,35,92,19,7,118,117,22,7,146
97580,491,"CĂMIN CULTURAL BÎCU",BÎCU,IS,434,1,0,0,1,6,0,0,6,10,4,0,14,27,7,0,34,125,14,0,139,145,15,10,170
97615,492,"LICEUL TEHNOLOGIC LESPEZI",LESPEZI,IS,815,3,2,0,5,12,2,0,14,18,2,0,20,24,5,0,29,93,12,0,105,131,20,0,151
97660,493,"SCOALA GIMNAZIALA HECI",HECI,IS,930,3,0,0,3,12,3,0,15,16,3,0,19,29,4,0,33,89,14,0,103,136,17,0,153
97660,494,"SCOALA GIMNAZIALA HECI",HECI,IS,843,8,0,0,8,17,2,0,19,20,2,0,22,34,3,0,37,91,12,0,103,134,13,0,147
97624,495,"ȘCOALA GIMNAZIALĂ BUDA",BUDA,IS,870,4,0,0,4,10,9,0,19,13,10,0,23,30,15,0,45,181,23,0,204,256,26,0,282
97633,496,"SCOALA PRIMARĂ BERSUC DEAL",BURSUC-DEAL,IS,678,5,1,0,6,27,5,0,32,41,9,0,50,56,11,0,67,157,21,0,178,226,28,0,254
97651,497,"SCOALA PRIMARĂ DUMBRAVA",DUMBRAVA,IS,567,7,0,0,7,29,7,0,36,41,7,0,48,49,10,0,59,136,25,0,161,178,30,0,208
97688,498,"SCOALA GIMNAZIALA LETCANI",LEŢCANI,IS,1883,21,0,0,21,53,5,0,58,81,6,0,87,113,8,0,121,265,15,0,280,317,21,0,338
97688,499,"SCOALA GIMNAZIALA LETCANI",LEŢCANI,IS,1670,6,2,0,8,27,4,0,31,38,6,0,44,60,9,0,69,183,20,0,203,225,27,0,252
97697,500,"SCOALA PRIMARA BOGONOS",BOGONOS,IS,645,10,0,0,10,24,3,0,27,44,7,0,51,70,8,0,78,173,16,1,190,243,21,1,265
97704,501,"SCOALA GIMNAZIALA COGEASCA",COGEASCA,IS,1588,10,3,0,13,20,3,0,23,34,4,0,38,65,5,0,70,212,13,0,225,280,19,0,299
97713,502,"SCOALA PRIMARA CUCUTENI",CUCUTENI,IS,381,9,0,0,9,29,1,0,30,34,2,0,36,46,2,0,48,97,10,0,107,128,16,0,144
97731,503,"LICEUL TEHNOLOGIC LUNGANI",LUNGANI,IS,862,12,1,0,13,33,2,0,35,52,2,0,54,73,7,0,80,165,19,0,184,231,27,16,274
97740,504,"GRADINITA DIN CADRUL SCOLII GIMNAZIALE CRUCEA",CRUCEA,IS,1194,3,3,0,6,28,4,0,32,37,4,0,41,46,6,0,52,264,8,0,272,438,11,0,449
97759,505,"GRADINITA DIN CADRUL SCOLII GIMNAZIALE GOESTI",GOEŞTI,IS,699,8,2,0,10,20,2,0,22,24,5,0,29,27,5,0,32,120,13,0,133,172,16,0,188
97768,506,"GRADINITA DIN CADRUL SCOLII GIMNAZIALE ZMEU",ZMEU,IS,1297,8,1,0,9,184,6,0,190,315,7,0,322,328,7,0,335,538,12,0,550,711,17,0,728
97786,507,"CAMINUL CULTURAL MADIRJAC",MĂDÎRJAC,IS,1148,4,3,0,7,9,4,0,13,19,7,0,26,41,9,0,50,149,20,0,169,189,23,8,220
97820,508,"ŞCOALAGIMNAZIALA VASILE ALECSANDRI MIRCESTI",MIRCEŞTI,IS,1274,8,7,0,15,30,7,0,37,44,12,0,56,58,14,0,72,160,23,0,183,227,24,0,251
97839,509,"SCOALA GIMNAZIALA IUGANI",IUGANI,IS,1314,5,0,0,5,12,2,0,14,24,3,0,27,36,3,0,39,145,7,0,152,230,10,0,240
97839,510,"GRADINITA CU PROGRAM NORMAL IUGANI",IUGANI,IS,503,0,0,0,0,1,0,0,1,4,2,0,6,16,2,0,18,65,4,0,69,80,10,0,90
97884,511,"SCOALA GIMNAZIALA MIRONEASA",MIRONEASA,IS,1476,15,2,0,17,28,4,0,32,33,5,0,38,48,6,0,54,151,12,0,163,191,18,0,209
97884,512,"SCOALA GIMNAZIALA MIRONEASA",MIRONEASA,IS,1321,11,1,0,12,24,1,0,25,38,1,0,39,69,1,0,70,218,2,0,220,258,2,0,260
97884,513,"SCOALA GIMNAZIALA MIRONEASA",MIRONEASA,IS,1151,17,1,0,18,27,1,0,28,39,3,0,42,56,3,0,59,153,8,0,161,196,13,0,209
97900,514,"SCOALA GIMNAZIALA URSITA",URŞIŢA,IS,462,6,0,0,6,16,3,0,19,32,3,0,35,52,4,0,56,116,7,0,123,132,9,0,141
97928,515,"SCOALA GIMNAZIALA ” COLONEL CONSTANTIN LANGA ”-MIROSLAVA",MIROSLAVA,IS,1711,4,1,0,5,28,4,0,32,47,6,0,53,67,7,0,74,156,15,0,171,208,22,0,230
97928,516,"SCOALA GIMNAZIALA ”COLONEL CONSTANTIN LANGA”-MIROSLAVA",MIROSLAVA,IS,1630,6,0,0,6,29,8,0,37,45,10,0,55,63,11,0,74,164,46,0,210,216,70,0,286
97937,517,"SALA DE SPORT -MIROSLAVA",BALCIU,IS,1053,7,2,0,9,33,15,0,48,47,18,0,65,51,19,0,70,143,58,0,201,182,73,0,255
97946,518,"SCOALA CU CLASELE I-IV BRĂTULENI",BRĂTULENI,IS,322,4,0,0,4,6,0,0,6,12,0,0,12,16,0,0,16,35,7,0,42,45,10,0,55
97955,519,"SCOALA CU CLASELE I-IV CIURBESTI",CIURBEŞTI,IS,958,6,2,0,8,23,3,0,26,37,9,0,46,44,14,0,58,146,35,0,181,194,43,0,237
97964,520,"SCOALA GIMNAZIALĂ ”DIMITRIE ANGHEL”- CORNESTI",CORNEŞTI,IS,1025,10,1,0,11,26,3,0,29,36,4,0,40,48,6,0,54,125,8,0,133,141,11,0,152
97991,521,"GRADINITA CU PROGRAM NORMAL -HORPAZ",HORPAZ,IS,2077,8,0,0,8,43,3,0,46,68,16,0,84,98,20,0,118,216,59,0,275,290,80,0,370
98015,522,"SCOALA GIMNAZIALA ”MIRON BARNOVSCHI”-URICANI",URICANI,IS,935,20,3,0,23,52,3,0,55,66,9,0,75,87,10,0,97,190,25,0,215,244,32,0,276
98024,523,"GRADINITA CU PROGRAM NORMAL-VALEA ADINCA","VALEA ADÎNCĂ",IS,2001,16,1,0,17,51,3,0,54,71,3,0,74,78,5,0,83,196,20,0,216,284,28,0,312
98024,524,"MAGAZIN MOBILA TOFAN","VALEA ADÎNCĂ",IS,2651,29,3,0,32,97,21,0,118,132,40,0,172,171,48,0,219,332,80,0,412,443,101,0,544
98042,525,"SCOALA PRIMARA-VOROVESTI",VOROVEŞTI,IS,762,2,0,0,2,28,1,0,29,37,3,0,40,48,3,0,51,122,10,0,132,153,15,0,168
98060,526,"SCOALA GIMNAZIALAMIROSLOVESTI",MIROSLOVEŞTI,IS,1533,10,0,0,10,28,5,0,33,54,8,0,62,163,9,0,172,390,45,0,435,576,49,0,625
98097,527,"SCOALA GIMNAZIALASOCI",SOCI,IS,1073,23,2,0,25,40,3,0,43,84,6,0,90,105,6,0,111,325,10,0,335,426,12,0,438
98104,528,"SCOALA GIMNAZIALA VERSENI",VERŞENI,IS,968,3,1,0,4,17,4,0,21,32,6,0,38,47,9,0,56,157,38,0,195,310,52,0,362
98122,529,"LICEUL TEHNOLOGIC DUMITRU POPA - MOGOȘEȘTI",MOGOŞEŞTI,IS,1322,4,0,0,4,29,0,0,29,35,3,0,38,60,6,0,66,152,24,0,176,194,28,0,222
98122,530,"LICEUL TEHNOLOGIC DUMITRU POPA - MOGOȘEȘTI",MOGOŞEŞTI,IS,1025,7,3,0,10,28,9,0,37,38,13,0,51,49,14,0,63,140,21,0,161,170,26,0,196
98159,531,"ŞCOALA GIMNAZIALĂ MÎNJEȘTI, CORP CLĂDIRE NR. 2",MÎNJEŞTI,IS,494,5,3,0,8,20,6,0,26,34,7,0,41,44,7,0,51,82,9,0,91,125,11,0,136
98140,532,"CENTRUL DE ZI AFTER SCHOOL SAT HADÎMBU",HADÎMBU,IS,818,1,0,0,1,6,9,0,15,8,11,0,19,20,11,0,31,64,56,0,120,87,63,0,150
98131,533,"CASA SOCIALA BISERICA SF.PARASCHEVA BUDESTI",BUDEŞTI,IS,296,8,1,0,9,20,4,0,24,22,6,0,28,32,6,0,38,49,7,0,56,69,8,0,77
98177,534,"SCOALA GIMNAZIALAMOGOSESTI-SIRET",MOGOŞEŞTI-SIRET,IS,1379,16,4,0,20,58,5,0,63,84,8,0,92,100,12,0,112,301,34,0,335,393,44,0,437
98186,535,"SCOALA GIMNAZIALA MUNCELU DE SUS","MUNCELU DE SUS",IS,911,6,2,0,8,29,2,0,31,35,4,0,39,55,6,0,61,211,17,0,228,281,21,0,302
98186,536,"SCOALA GIMNAZIALA MUNCELU DE SUS","MUNCELU DE SUS",IS,851,5,1,0,6,21,1,0,22,29,2,0,31,51,2,0,53,177,6,0,183,250,11,0,261
98211,537,"ŞCOALA GIMNAZIALĂ MOŞNA",MOŞNA,IS,1285,3,0,0,3,9,1,0,10,20,1,0,21,22,1,0,23,75,7,0,82,97,11,0,108
98211,538,"ȘCOALA GIMNAZIALĂ MOȘNA",MOŞNA,IS,1732,5,0,0,5,13,0,0,13,35,1,0,36,49,3,0,52,185,3,0,188,261,3,0,264
98211,539,"ȘCOALA GIMNAZIALĂ MOȘNA",MOŞNA,IS,1558,10,1,0,11,15,1,0,16,25,2,0,27,47,2,0,49,120,3,0,123,157,4,0,161
98211,540,"ȘCOALA GIMNAZIALĂ MOȘNA",MOŞNA,IS,1555,0,0,0,0,0,0,0,0,0,0,0,0,0,0,0,0,1,11,0,12,2,12,0,14
98211,541,"ȘCOALA GIMNAZIALĂ MOȘNA",MOŞNA,IS,1809,0,0,0,0,0,1,0,1,0,1,0,1,0,1,0,1,0,15,0,15,0,20,0,20
98239,542,"CĂMIN CULTURAL",MOŢCA,IS,1586,22,0,0,22,59,4,0,63,83,6,0,89,112,7,0,119,312,11,0,323,454,23,1,478
98239,543,"CĂMIN CULTURAL",MOŢCA,IS,1456,6,0,0,6,23,1,0,24,54,3,0,57,83,3,0,86,292,7,0,299,376,11,0,387
98248,544,"GRADINITA CU PROGRAM NORMAL BOURENI",BOURENI,IS,1178,5,1,0,6,21,4,0,25,36,4,0,40,51,7,0,58,191,14,0,205,298,19,0,317
98266,545,"GRADINITA CUPROGRAM NORMALMOVILENI",MOVILENI,IS,433,6,2,0,8,12,4,0,16,23,6,0,29,27,7,0,34,83,10,0,93,106,13,0,119
98275,546,"SCOALA PRIMARA IEPURENI",IEPURENI,IS,695,4,3,0,7,14,6,0,20,21,6,0,27,30,8,0,38,78,15,0,93,104,20,0,124
98284,547,"SCOALA GIMNAZIALA LARGA JIJIA",LARGA-JIJIA,IS,613,3,0,0,3,7,0,0,7,10,0,0,10,13,1,0,14,53,7,0,60,67,8,0,75
98293,548,"SCOALA PRIMARA POTINGENI",POTÎNGENI,IS,734,3,0,0,3,14,0,0,14,19,0,0,19,25,0,0,25,90,9,0,99,104,15,0,119
98319,549,"CĂMIN CULTURAL - SALA I OTELENI",OŢELENI,IS,1008,12,0,0,12,22,0,0,22,29,4,0,33,52,7,0,59,135,10,0,145,200,16,0,216
98319,550,"CĂMIN CULTURAL - SALA II OTELENI",OŢELENI,IS,1060,8,0,0,8,18,2,0,20,33,5,0,38,51,5,0,56,174,13,0,187,211,19,0,230
98328,551,"SCOALA GIMNAZIALA HINDRESTI",HÎNDREŞTI,IS,874,5,3,0,8,18,4,0,22,22,4,13,39,32,4,13,49,131,26,13,170,170,31,13,214
98346,552,"LICEUL TEHNOLOGIC PLUGARI",PLUGARI,IS,1497,15,1,0,16,29,3,0,32,34,3,0,37,46,5,0,51,147,13,0,160,210,24,0,234
98355,553,"SCOALA GIMNAZIALA BOROSOAIA",BOROSOAIA,IS,1214,7,5,0,12,22,7,0,29,35,8,0,43,48,9,0,57,179,17,0,196,211,18,0,229
98444,554,"SCOALA GENERALA,, DIMITRIE STURDZA ''POPESTI",POPEŞTI,IS,879,6,2,0,8,19,4,0,23,25,4,0,29,34,6,0,40,128,17,0,145,165,20,0,185
98444,555,"SCOALA GENERALA ,,DIMITRIE STURDZA''POPESTI",POPEŞTI,IS,898,10,2,0,12,25,4,0,29,40,7,0,47,56,7,0,63,137,19,0,156,167,20,0,187
98471,556,"ŞCOALA PRIMARA""NICOLAIEBUTESCU"" OBRIJENI",OBRIJENI,IS,1373,4,1,0,5,8,2,0,10,10,4,0,14,12,6,0,18,26,8,0,34,26,10,0,36
98453,557,"ŞCOALA PRIMARADOROSCANI",DOROŞCANI,IS,480,3,2,0,5,10,2,0,12,18,2,0,20,27,2,0,29,94,11,0,105,110,19,0,129
98462,558,"ŞCOALA GIMNAZIALAHARPASESTI",HĂRPĂŞEŞTI,IS,751,13,5,0,18,23,8,0,31,25,9,0,34,31,10,0,41,104,17,0,121,161,21,0,182
98471,559,"ŞCOALA PRIMARA ,,NICOLAIE BUTESCU''OBRIJENI",OBRIJENI,IS,1184,1,1,0,2,1,2,0,3,3,5,0,8,3,6,0,9,22,9,0,31,23,11,0,34
98514,560,SCOALAGIMNAZIALAPOPRICANI,POPRICANI,IS,1238,2,0,0,2,14,0,0,14,22,2,0,24,36,3,0,39,99,15,0,114,142,27,0,169
98514,561,SCOALAGIMNAZIALAPOPRICANI,POPRICANI,IS,1167,7,0,0,7,13,1,0,14,24,2,0,26,37,4,0,41,78,7,0,85,113,10,0,123
98550,562,"SCOALAGIMNAZIALA POPRICANI",MOIMEŞTI,IS,379,1,0,0,1,8,1,0,9,9,1,0,10,19,3,0,22,70,8,0,78,78,10,0,88
98578,563,"SCOALAPRIMARA TIPILESTI",ŢIPILEŞTI,IS,311,4,1,0,5,14,4,0,18,20,7,0,27,26,9,0,35,65,11,5,81,98,14,5,117
98532,564,"SCOALAPRIMARA COTU MORII","COTU MORII",IS,226,1,0,0,1,8,0,0,8,11,4,0,15,14,4,0,18,39,5,0,44,58,13,0,71
98587,565,"SCOALA GIMNAZIALA VINATORI",VÎNĂTORI,IS,1275,5,5,0,10,20,8,0,28,28,13,0,41,37,14,0,51,138,24,0,162,189,30,0,219
98596,566,"SCOALA GIMNAZIALA VINATORI",VULTURI,IS,837,5,6,0,11,20,12,0,32,41,18,0,59,55,18,0,73,104,22,0,126,127,31,0,158
98523,567,"SCOALA PRIMARACIRLIG",CÎRLIG,IS,692,5,3,0,8,13,4,0,17,24,7,0,31,37,8,0,45,95,14,0,109,153,36,0,189
98541,568,"SCOALA PRIMARACUZA- VODA","CUZA VODĂ",IS,507,6,0,0,6,13,1,0,14,22,3,0,25,38,3,0,41,79,5,0,84,94,6,0,100
98612,569,"GRADINITA CU PROGRAM NORMAL PRISĂCANI",PRISĂCANI,IS,1412,11,0,0,11,24,1,0,25,43,2,0,45,73,4,0,77,176,18,0,194,231,24,0,255
98621,570,"SCOALA GIMNAZIALA MACARESTI",MĂCĂREŞTI,IS,956,1,3,0,4,11,8,0,19,16,8,0,24,21,11,0,32,67,17,0,84,81,18,0,99
98630,571,"SCOALA PRIMARA MORENI",MORENI,IS,794,10,1,0,11,17,4,0,21,27,5,0,32,41,7,0,48,137,19,0,156,173,19,0,192
98658,572,"SCOLA GIMNAZIALA'PETRUANGHEL'PROBOTA",PROBOTA,IS,976,3,1,0,4,8,3,0,11,9,5,0,14,14,5,0,19,67,8,0,75,110,16,0,126
98667,573,"PAROHIA BĂLTENI",BĂLTENI,IS,629,2,0,0,2,8,3,0,11,11,3,0,14,33,7,0,40,73,10,0,83,94,10,0,104
98676,574,"SCOLA GIMNAZIALA PERIENI",PERIENI,IS,1259,3,0,0,3,12,0,0,12,22,0,0,22,37,0,0,37,76,16,0,92,108,23,0,131
97857,575,"SCOALA NOUA RACHITENI",RĂCHITENI,IS,1544,4,0,0,4,11,2,0,13,13,2,0,15,31,3,0,34,152,10,0,162,243,13,0,256
97848,576,"SCOALA IZVOARELE",IZVOARELE,IS,1171,8,6,0,14,16,6,0,22,25,6,0,31,71,6,0,77,165,10,0,175,233,15,0,248
98694,577,"LICEUL TEORETIC LASCAR ROSETTI",RĂDUCĂNENI,IS,1262,3,3,0,6,8,5,0,13,10,9,0,19,36,13,0,49,78,17,0,95,107,20,0,127
98694,578,"LICEUL TEORETIC LASCAR ROSETTI",RĂDUCĂNENI,IS,1228,4,2,0,6,13,3,23,39,19,4,23,46,34,5,23,62,77,8,25,110,115,9,25,149
98694,579,"ŞCOALA GENERALA RADUCANENI",RĂDUCĂNENI,IS,1203,6,1,0,7,12,1,0,13,19,2,0,21,42,3,0,45,95,5,0,100,142,10,0,152
98694,580,"ŞCOALA GENERALA BAZGA",RĂDUCĂNENI,IS,1229,16,2,0,18,42,3,0,45,71,5,0,76,99,10,0,109,265,22,5,292,349,27,5,381
98701,581,"SCOALA GENERALA BOHOTIN",BOHOTIN,IS,1306,13,7,0,20,18,7,0,25,30,10,0,40,47,12,0,59,136,16,17,169,177,19,17,213
98729,582,"ŞCOALA GENERALA ROŞU",ROŞU,IS,579,1,3,0,4,4,4,0,8,5,4,0,9,6,6,0,12,58,9,0,67,84,9,0,93
98710,583,"ŞCOALA GENERALĂ ISAIIA",ISAIIA,IS,262,2,0,0,2,3,1,0,4,10,2,0,12,16,7,0,23,64,10,0,74,84,10,0,94
95248,584,"SCOALA GIMNAZIALA REDIU",REDIU,IS,1637,8,1,0,9,21,2,0,23,43,4,0,47,61,5,0,66,149,15,0,164,191,20,0,211
95248,585,"SCOALA GIMNAZIALA REDIU",REDIU,IS,1191,6,1,0,7,13,2,0,15,26,2,0,28,34,5,0,39,51,12,0,63,101,18,0,119
95257,586,"GRADINITA CU PROGRAM NORMAL BREAZU",BREAZU,IS,1565,3,2,0,5,40,4,0,44,64,7,0,71,81,7,0,88,196,12,0,208,248,23,0,271
95266,587,"SCOALA GIMNAZIALA HORLESTI",HORLEŞTI,IS,1054,2,2,0,4,18,3,0,21,23,5,0,28,40,5,0,45,70,11,0,81,97,12,0,109
98747,588,"SCOALA GIMNAZIALA ""IOANID ROMANESCU"" ROMANESTI",ROMÂNEŞTI,IS,724,9,3,0,12,19,8,0,27,22,12,0,34,32,12,0,44,110,20,0,130,145,24,0,169
98756,589,"SCOALA PRIMARA AVINTU",AVÎNTU,IS,390,4,0,0,4,14,7,0,21,24,8,0,32,36,10,0,46,109,27,0,136,121,34,0,155
98765,590,"SCOALA GIMNAZIALA URSOAIA",URSOAIA,IS,350,0,3,0,3,15,6,0,21,15,9,0,24,25,16,0,41,60,26,0,86,81,29,0,110
99637,591,"GRĂDINITA CU PROGRAM NORMALRADENI",RĂDENI,IS,565,3,2,0,5,7,5,0,12,12,11,0,23,21,12,0,33,69,24,0,93,127,29,0,156
99646,592,"ȘCOALA PRIMARĂ ROȘCANI, NR. 1",ROŞCANI,IS,553,1,6,0,7,4,7,0,11,11,9,0,20,23,12,0,35,108,17,0,125,158,19,0,177
98783,593,"ŞCOALA GIMNAZIALĂ RUGINOASA",RUGINOASA,IS,871,5,0,0,5,9,4,0,13,15,30,0,45,30,31,0,61,102,50,0,152,131,63,0,194
98783,594,"ŞCOALA GIMNAZIALĂ RUGINOASA",RUGINOASA,IS,695,0,0,0,0,11,0,0,11,22,29,0,51,40,29,0,69,81,35,0,116,106,39,0,145
98792,595,"ŞCOALA GIMNAZIALĂ DUMBRĂVIŢA",DUMBRĂVIŢA,IS,1161,6,3,0,9,17,3,0,20,24,5,0,29,29,5,0,34,111,9,0,120,180,9,0,189
98792,596,"ŞCOALA GIMNAZIALĂ DUMBRĂVIŢA",DUMBRĂVIŢA,IS,907,3,1,0,4,9,1,0,10,12,2,0,14,22,2,0,24,74,6,0,80,113,12,0,125
98809,597,"ŞCOALA GIMNAZIALĂ REDIU",REDIU,IS,983,4,2,0,6,13,3,0,16,17,4,0,21,22,4,0,26,82,10,0,92,109,14,0,123
98818,598,"ŞCOALA VASCANI",VASCANI,IS,401,4,0,0,4,8,1,0,9,9,4,0,13,11,4,0,15,60,8,0,68,92,14,0,106
98925,599,"ŞCOALA GIMNAZIALĂ ""AXINTE URICARIUL""",SCÂNTEIA,IS,1080,11,0,0,11,25,4,0,29,40,4,0,44,45,4,0,49,167,13,0,180,238,19,3,260
98925,600,"GRĂDINIȚA CU PROGRAM NORMAL SCÂNTEIA",SCÂNTEIA,IS,2005,1,0,0,1,14,0,0,14,15,5,0,20,22,6,0,28,83,15,2,100,118,20,2,140
98934,601,"ŞCOALA GIMNAZIALĂ BODEŞTI",BODEŞTI,IS,413,1,2,0,3,22,8,0,30,33,8,0,41,42,8,0,50,122,17,1,140,163,23,2,188
98943,602,"GRĂDINIŢA CU PROGRAM NORMAL BOROSEŞTI",BOROŞEŞTI,IS,728,6,2,0,8,20,5,0,25,25,7,0,32,29,8,0,37,54,12,1,67,84,16,1,101
98952,603,"ŞCOALA PRIMARĂ CIOCÂRLEŞTI",CIOCÎRLEŞTI,IS,244,8,1,0,9,15,7,0,22,22,10,0,32,33,11,0,44,73,19,0,92,87,24,0,111
98961,604,"ŞCOALA PRIMARĂ LUNCA RATEŞ","LUNCA RATEŞ",IS,329,2,3,0,5,7,3,0,10,15,6,0,21,19,6,0,25,47,12,0,59,56,15,0,71
98970,605,"ŞCOALA PRIMARĂ REDIU",REDIU,IS,168,4,0,0,4,7,1,0,8,10,5,0,15,15,6,0,21,30,6,0,36,38,8,0,46
98989,606,"ŞCOALA PRIMARĂ TUFEŞTII DE SUS","TUFEŞTII DE SUS",IS,220,0,0,0,0,6,0,0,6,8,0,0,8,9,2,0,11,38,4,0,42,58,8,0,66
98925,607,"CĂMINUL CULTURAL SCÂNTEIA",SCÂNTEIA,IS,1733,0,0,0,0,0,7,0,7,1,7,0,8,2,7,0,9,32,13,0,45,45,21,0,66
98836,608,"SCOALA PRIMARA SCHITU DUCA","SCHITU DUCA",IS,479,1,1,0,2,5,3,0,8,6,7,0,13,9,9,0,18,59,24,0,83,84,31,0,115
98872,609,"SCOALA GIMNAZIALA POIENI",POIENI,IS,661,0,0,0,0,4,1,0,5,29,1,0,30,49,3,0,52,127,15,0,142,152,20,0,172
98854,610,"SCOALA GIMNAZIALA DUMITRESTII GALATII","DUMITREŞTII GĂLĂŢII",IS,542,9,0,0,9,13,0,0,13,30,4,0,34,35,4,0,39,95,10,0,105,126,20,0,146
98863,611,"SCOALA GIMNAZIALA POCREACA",POCREACA,IS,331,3,1,0,4,21,5,0,26,37,12,0,49,48,16,0,64,106,25,0,131,122,29,0,151
98881,612,"SCOALA PRIMARA POIANA",POIANA,IS,364,5,0,0,5,11,0,0,11,28,7,0,35,39,13,0,52,70,22,0,92,91,27,0,118
98890,613,"SCOALA GIMNAZIALA SATU NOU","SATU NOU",IS,439,8,2,0,10,13,3,0,16,26,3,0,29,38,3,0,41,101,12,0,113,140,21,0,161
98907,614,"SCOALA PRIMARA SLOBOZIA",SLOBOZIA,IS,334,7,2,0,9,31,9,0,40,47,9,0,56,71,10,0,81,146,18,0,164,215,20,0,235
99003,615,"SAT SCOBINTI, SEDIU SCOALA VECHE SCOBINTI",SCOBINŢI,IS,1221,10,2,0,12,45,10,0,55,62,10,0,72,85,12,0,97,248,26,0,274,323,31,0,354
99003,616,"SAT SCOBINTI, SEDIU SCOALA ZVARICI- SCOBINTI",SCOBINŢI,IS,283,5,5,0,10,15,11,0,26,21,11,0,32,30,13,0,43,82,17,0,99,99,20,0,119
99012,617,"SAT BADENI, SEDIU SCOALA BADENI",BĂDENI,IS,1038,6,0,0,6,29,4,0,33,39,6,0,45,54,8,0,62,194,18,0,212,254,26,0,280
99021,618,"SAT FETESTI, SEDIU SCOALA COORD.",FETEŞTI,IS,1052,2,0,0,2,14,1,0,15,23,2,0,25,46,6,0,52,179,33,0,212,272,44,0,316
99030,619,"SAT STICLARIA, SEDIU SCOALA STICLARIA",STICLĂRIA,IS,1183,5,2,0,7,15,3,0,18,18,3,0,21,36,3,0,39,190,18,1,209,273,30,1,304
99030,620,"SAT STICLARIA, SEDIU SCOALA REDIU",STICLĂRIA,IS,257,4,7,0,11,18,21,0,39,22,23,0,45,26,28,0,54,82,41,0,123,100,46,0,146
99049,621,"SAT .ZAGAVIA ,CU SEDIUL LA SCOALA ZAGAVIA",ZAGAVIA,IS,945,5,7,0,12,21,9,0,30,27,11,0,38,47,17,0,64,143,32,0,175,191,39,0,230
99085,622,"ŞCOALA GIMNAZIALA OSOI",OSOI,IS,810,2,0,0,2,20,0,0,20,27,4,0,31,44,4,0,48,146,12,0,158,211,16,7,234
99067,623,"SALA DE SPORT SINEŞTI",SINEŞTI,IS,1295,5,1,0,6,29,4,0,33,51,4,0,55,73,6,0,79,271,29,0,300,466,35,53,554
99076,624,"ŞCOALA PRIMARA BOCNIŢA",BOCNIŢA,IS,263,5,0,0,5,8,3,0,11,12,4,0,16,25,8,0,33,64,14,14,92,87,14,14,115
99094,625,"ŞCOALAGIMNAZIALA STORNEŞTI",STORNEŞTI,IS,803,6,3,0,9,25,8,0,33,48,11,0,59,82,13,0,95,252,23,0,275,330,29,35,394
99110,626,"ŞCOALA GENERALĂ",SIREŢEL,IS,898,9,0,0,9,28,0,0,28,34,0,0,34,48,0,0,48,159,0,0,159,222,0,0,222
99110,627,"ŞCOALA GENERALĂ",SIREŢEL,IS,987,11,2,0,13,27,3,0,30,33,4,0,37,46,4,0,50,163,11,0,174,222,19,0,241
99156,628,"ŞCOALA GENERALĂ SLOBOZIA",SLOBOZIA,IS,653,8,1,0,9,18,2,0,20,23,2,0,25,34,3,0,37,155,10,0,165,192,15,0,207
99138,629,"ŞCOALA GENERALĂ HUMOSU",HUMOSU,IS,588,4,1,0,5,16,1,0,17,19,2,0,21,26,4,0,30,105,11,0,116,306,16,0,322
99174,630,"BIBLIOTECA MATEIMILLO",STOLNICENI-PRĂJESCU,IS,1267,25,0,0,25,37,0,0,37,59,1,0,60,73,4,0,77,261,13,0,274,393,22,0,415
99183,631,"SCOALA CU CLASELE I-IV SALA 1",BRĂTEŞTI,IS,835,6,3,0,9,11,3,0,14,13,3,0,16,19,3,0,22,87,5,0,92,180,11,0,191
99183,632,"SCOALA CU CLASELE I-VIII SALANR.1",BRĂTEŞTI,IS,550,6,1,0,7,11,1,0,12,18,2,0,20,31,2,0,33,81,3,0,84,131,8,0,139
99192,633,SCOALAGIMNAZIALACOZMESTI,COZMEŞTI,IS,943,6,0,0,6,16,3,0,19,43,3,0,46,62,4,0,66,192,20,0,212,286,22,0,308
99192,634,SCOALAGIMNAZIALACOZMESTI,COZMEŞTI,IS,784,7,0,0,7,31,0,0,31,46,0,0,46,59,1,0,60,156,9,0,165,217,10,0,227
99218,635,"SCOALA GIMNAZIALA STRUNGA",STRUNGA,IS,509,7,1,0,8,21,2,0,23,42,3,0,45,59,7,0,66,138,18,0,156,162,19,0,181
99227,636,"SCOALA PRIMARA BRATULESTI",BRĂTULEŞTI,IS,580,7,2,0,9,11,6,0,17,21,10,0,31,34,12,0,46,90,17,0,107,117,25,0,142
99236,637,"MAGAZIN CRIVESTI",CRIVEŞTI,IS,259,5,3,0,8,12,3,0,15,15,4,0,19,21,5,0,26,40,12,0,52,60,18,0,78
99281,638,"GRADINITA CU PROGRAM NORMAL HABASESTI",HĂBĂŞEŞTI,IS,325,1,2,0,3,5,2,0,7,11,3,0,14,34,4,0,38,75,16,0,91,92,21,0,113
99245,639,"SCOALA CUCOVA",CUCOVA,IS,123,3,6,0,9,3,6,0,9,6,6,0,12,8,6,0,14,26,9,0,35,32,15,0,47
99254,640,"SCOALA GIMNAZIALAFARCASENI",FĂRCĂŞENI,IS,811,3,0,0,3,5,0,0,5,12,2,0,14,16,2,0,18,82,4,0,86,124,5,0,129
99254,641,"SCOALA GIMNAZIALAFARCASENI",FĂRCĂŞENI,IS,821,1,0,0,1,8,2,0,10,13,5,0,18,21,6,0,27,94,6,0,100,121,7,0,128
99307,642,"GRUP SCOLAR SCHEIA",ŞCHEIA,IS,913,11,3,0,14,39,7,0,46,46,7,0,53,53,10,0,63,128,19,0,147,175,24,0,199
99316,643,"SCOALA GENERALĂ CĂUESTI",CĂUEŞTI,IS,432,5,0,0,5,8,4,0,12,13,6,0,19,17,8,0,25,56,24,0,80,73,27,0,100
99325,644,"SCOALA GENERALĂ CIOCA-BOCA",CIOCA-BOCA,IS,374,3,3,0,6,12,3,0,15,15,3,0,18,19,3,0,22,75,3,0,78,103,4,0,107
99352,645,"SCOALA GENERALĂ POIANA-SCHEII","POIANA ŞCHEII",IS,393,0,0,0,0,3,0,0,3,8,4,0,12,16,6,0,22,97,11,0,108,111,14,0,125
99361,646,"SCOALA GENERALĂ SATU-NOU","SATU NOU",IS,292,3,5,0,8,8,13,0,21,15,7,0,22,26,9,0,35,89,19,0,108,105,19,0,124
99389,647,"SCOALA GIMNAZIALA SIPOTE",ŞIPOTE,IS,727,2,0,0,2,8,1,0,9,11,3,0,14,23,3,0,26,76,10,0,86,97,12,0,109
99414,648,"SCOALA GIMNAZIALA IAZU NOU","IAZU NOU",IS,815,1,0,0,1,13,0,0,13,16,1,0,17,35,3,0,38,143,9,0,152,239,12,0,251
99398,649,"SCOALAGIMNAZIALA CHISCARENI",CHIŞCĂRENI,IS,1242,4,0,0,4,27,5,0,32,32,7,0,39,59,8,0,67,153,19,0,172,234,21,0,255
99405,650,"SCOALAGIMNAZIALA HALCENI",HĂLCENI,IS,1186,3,0,0,3,9,2,0,11,21,8,0,29,37,12,0,49,138,14,0,152,173,18,0,191
99450,651,"GRĂDINIŢA CU PROGRAM NORMALTANSA",TANSA,IS,1385,3,1,0,4,17,3,0,20,37,7,0,44,58,10,0,68,182,31,0,213,253,41,0,294
99469,652,"ŞCOALA GIMNAZIALĂ CL.I-VIII SUHULEŢ",SUHULEŢ,IS,927,2,0,0,2,7,1,0,8,19,5,0,24,35,8,0,43,139,25,0,164,187,30,0,217
99487,653,"LICEUL TEHNOLOGIC TATARUSI",TĂTĂRUŞI,IS,1384,7,2,0,9,25,5,0,30,42,10,0,52,121,18,0,139,411,59,0,470,508,70,9,587
99511,654,"PAROHIA ORTODOXA ''SF. MARIA'' - UDA",UDA,IS,1265,7,3,0,10,38,6,0,44,47,10,0,57,85,14,0,99,219,38,0,257,357,45,8,410
99502,655,"SCOALA GIMNAZIALAPIETROSU",PIETROSU,IS,1143,7,4,0,11,32,5,0,37,39,5,0,44,62,8,0,70,255,26,0,281,336,29,2,367
99496,656,"SCOALA PRIMARA IORCANI",IORCANI,IS,690,14,5,0,19,29,5,0,34,35,5,0,40,41,5,0,46,208,20,7,235,296,35,7,338
99548,657,"SCOALA CU CLASELE I-VIIINR.1 TODIRESTI CORP A",TODIREŞTI,IS,1868,13,2,0,15,26,4,0,30,44,4,0,48,81,4,0,85,400,16,0,416,503,20,0,523
99548,658,"SCOALA CU CLASELE I-VIII NR.1 TODIRESTI CORP A",TODIREŞTI,IS,1291,4,1,0,5,16,7,0,23,27,7,0,34,56,7,0,63,275,11,0,286,356,11,0,367
99557,659,"SCOALA PRIMARA BAICENI",BĂICENI,IS,279,4,7,0,11,11,9,0,20,17,10,0,27,22,10,0,32,104,16,0,120,134,17,0,151
99593,660,"CAMIN CULTURAL STROESTI",STROEŞTI,IS,354,7,2,0,9,21,2,0,23,27,3,0,30,36,5,0,41,79,10,0,89,116,17,0,133
95300,661,"PRIMARIA COMUNEI TOMESTI",TOMEŞTI,IS,1133,4,4,0,8,26,8,0,34,38,8,0,46,55,29,0,84,127,43,0,170,171,55,0,226
95300,662,"SEDIUL SC.D.D.PATRASCANU",TOMEŞTI,IS,1680,8,3,0,11,30,6,5,41,45,8,5,58,70,11,5,86,184,23,5,212,222,33,5,260
95300,663,"SEDIUL SC.D.D.PATRASCANU",TOMEŞTI,IS,1585,7,0,0,7,34,2,0,36,49,5,0,54,61,7,0,68,146,13,0,159,191,19,0,210
95300,664,"SEDIUL SC.D.D.PATRASCANU",TOMEŞTI,IS,1253,5,0,0,5,25,0,0,25,46,0,0,46,57,0,0,57,121,0,0,121,177,0,0,177
95300,665,"SEDIUL SC.D.D.PATRASCANU",TOMEŞTI,IS,1714,15,1,0,16,39,3,0,42,67,4,0,71,84,4,0,88,157,8,0,165,212,14,0,226
95300,666,"SEDIUL SC.D.D.PATRASCANU",TOMEŞTI,IS,1347,10,0,0,10,34,1,0,35,58,1,0,59,77,1,0,78,164,4,0,168,207,4,0,211
95319,667,"SEDIUL SCOALA GIMNAZIALA CHICEREA, SAT.CHICEREA, COM.TOMEŞTI",CHICEREA,IS,1169,6,1,0,7,17,1,0,18,25,5,0,30,50,6,0,56,143,18,0,161,177,23,0,200
95328,668,"SEDIUL SCOALA GIMNAZIALAGORUNI, SATUL GORUNI, COM.TOMEŞTI",GORUNI,IS,1024,3,0,0,3,17,0,0,17,31,3,0,34,66,8,0,74,151,16,0,167,182,21,0,203
95337,669,"SEDIUL SCOALAPRIMARA VLĂDICENI, SAT. VLĂDICENI, COM.TOMEŞTI",VLĂDICENI,IS,580,16,2,0,18,46,23,0,69,60,29,0,89,71,31,0,102,121,44,0,165,145,52,0,197
99619,670,"GRĂDINIȚA CU PROGRAM NORMAL TRIFEȘTI",TRIFEŞTI,IS,1369,3,1,0,4,10,6,0,16,12,6,0,18,21,6,0,27,90,17,0,107,120,19,0,139
99664,671,"ȘCOALA PRIMARĂ ZABOLOTENI",ZABOLOTENI,IS,592,3,0,0,3,8,0,0,8,10,0,0,10,14,0,0,14,46,3,0,49,79,4,0,83
99628,672,"ŞCOALA GIMNAZIALĂHERMEZIU",HERMEZIU,IS,746,4,1,0,5,15,2,0,17,23,4,0,27,50,5,0,55,111,17,0,128,123,22,0,145
99655,673,"ŞCOALA PRIMARĂ VLADOMIRA",VLADOMIRA,IS,192,2,2,0,4,7,2,0,9,22,3,0,25,26,3,0,29,48,11,0,59,70,13,0,83
99682,674,"LICEUL TEHNOLOGIC DE INDUSTRIE ALIMENTARĂ ŢIBANA",ŢIBANA,IS,719,9,0,0,9,28,0,0,28,37,4,0,41,52,6,0,58,117,10,0,127,164,14,0,178
99753,675,"SCOALA GIMNAZIALĂ POIANA MĂNĂSTIRII","POIANA MĂNĂSTIRII",IS,367,2,0,0,2,5,0,0,5,8,3,0,11,18,3,0,21,62,13,0,75,77,14,0,91
99691,676,"ŞCOALA GIMNAZIALĂALEXENI",ALEXENI,IS,614,3,0,0,3,12,0,0,12,13,4,0,17,17,4,0,21,94,11,0,105,126,14,0,140
99744,677,"ŞCOALA PRIMARĂPOIANA DE SUS","POIANA DE SUS",IS,447,5,0,0,5,17,1,0,18,21,2,0,23,26,3,0,29,93,9,0,102,114,11,0,125
99708,678,"ŞCOALA GIMNAZIALĂDOMNIŢA",DOMNIŢA,IS,1052,7,0,0,7,19,4,0,23,21,4,0,25,33,4,0,37,159,12,0,171,250,18,0,268
99762,679,"ŞCOALA GIMNAZIALĂRUNCU",RUNCU,IS,407,2,2,0,4,8,3,0,11,9,3,0,12,15,5,0,20,63,7,0,70,88,11,0,99
99717,680,"ŞCOALA GIMNAZIALĂGÎRBEŞTI",GÎRBEŞTI,IS,931,8,0,0,8,11,5,0,16,12,6,0,18,18,6,0,24,96,11,0,107,125,15,0,140
99717,681,"ŞCOALA PRIMARĂGÎRBEŞTI",GÎRBEŞTI,IS,841,2,3,0,5,7,3,0,10,10,3,0,13,27,5,0,32,91,14,0,105,113,24,0,137
99771,682,"ŞCOALA PRIMARĂVADU VEJEI","VADU VEJEI",IS,267,3,0,0,3,7,1,0,8,9,2,0,11,14,6,0,20,39,10,0,49,51,10,0,61
99799,683,"GRĂDINIȚA CU PROGRAM NORMAL ȚIBĂNEȘTI",ŢIBĂNEŞTI,IS,903,7,2,0,9,17,2,0,19,19,3,0,22,46,7,0,53,109,15,0,124,142,17,0,159
99799,684,"GRĂDINIȚA CU PROGRAM NORMAL ȚIBĂNEȘTI",ŢIBĂNEŞTI,IS,959,8,0,0,8,12,0,0,12,18,0,0,18,26,3,0,29,101,5,0,106,140,5,0,145
99833,685,"ȘCOALA GIMNAZIALĂ RĂSBOIENI",RĂSBOIENI,IS,753,1,0,0,1,7,0,0,7,18,0,0,18,28,0,0,28,91,6,0,97,133,7,0,140
99806,686,"ȘCOALA GIMNAZIALĂ GLODENII GÎNDULUI","GLODENII GÎNDULUI",IS,1042,1,0,0,1,7,0,0,7,8,0,0,8,24,1,0,25,130,7,0,137,180,10,0,190
99806,687,"ȘCOALA GIMNAZIALĂ GLODENII GÎNDULUI","GLODENII GÎNDULUI",IS,1006,4,1,0,5,12,1,0,13,17,2,0,19,24,2,0,26,106,7,0,113,161,7,0,168
99824,688,"ȘCOALA GIMNAZIALĂ ,,DR. PETRU BRÂNZEI,, JIGORENI",JIGORENI,IS,569,4,0,0,4,8,0,0,8,10,2,0,12,18,2,0,20,62,5,0,67,88,5,0,93
99860,689,"GRĂDINIȚA CU PROGRAM NORMAL VĂLENII",VĂLENII,IS,223,3,1,0,4,5,1,0,6,5,1,0,6,5,1,0,6,32,6,0,38,45,7,0,52
99851,690,"GRĂDINIȚA CU PROGRAM NORMAL TUNGUJEI",TUNGUJEI,IS,468,11,3,0,14,17,4,0,21,25,5,0,30,37,5,0,42,90,6,0,96,120,9,2,131
99842,691,"GRĂDINIȚA CU PROGRAM NORMAL RECEA",RECEA,IS,119,0,0,0,0,0,0,0,0,0,0,0,0,1,3,0,4,20,7,0,27,25,10,0,35
99815,692,"GRĂDINIȚA CU PROGRAM NORMALGRIEȘTI",GRIEŞTI,IS,198,3,0,0,3,10,2,0,12,12,2,0,14,16,3,0,19,39,8,0,47,46,9,0,55
99897,693,"SCOALA GENERALA CIRNICENI",CÎRNICENI,IS,1243,2,0,0,2,16,0,0,16,25,2,0,27,37,4,0,41,117,13,0,130,142,14,0,156
99904,694,"SCOALA GENERALAMIHAIL KOGALNICEANU","MIHAIL KOGĂLNICEANU",IS,1085,4,0,0,4,24,1,0,25,51,2,0,53,56,2,0,58,146,6,0,152,232,16,0,248
99913,695,"SCOALA PRIMARA STEJARII",STEJARII,IS,241,2,1,0,3,6,4,0,10,13,5,0,18,17,5,0,22,58,16,0,74,65,16,0,81
99888,696,"SCOALA GIMNAZIALA ""COSTACHE ANTONIU""TIGANASI",ŢIGĂNĂŞI,IS,1151,6,0,0,6,26,0,0,26,43,2,0,45,52,5,0,57,133,9,0,142,188,17,0,205
99931,697,"SCOALA GIMNAZIALĂ ȚUȚORA",ŢUŢORA,IS,959,13,1,0,14,47,11,0,58,70,19,0,89,125,20,0,145,293,42,46,381,344,50,50,444
99932,698,"SCOALA GIMNAZIALA CHIPEREȘTI",CHIPEREŞTI,IS,301,6,4,0,10,25,18,0,43,34,20,0,54,59,25,0,84,103,48,0,151,121,55,2,178
99933,699,"ȘCOALA GIMNAZIALĂ OPRIȘENI",OPRIŞENI,IS,544,4,6,0,10,7,8,0,15,12,8,0,20,22,8,0,30,125,24,0,149,194,27,7,228
96012,700,"SCOALA GIMNAZIALA BOSIA",BOSIA,IS,854,5,0,0,5,13,1,0,14,19,1,0,20,27,2,0,29,60,4,0,64,88,8,0,96
96012,701,"SCOALA GIMNAZIALA BOSIA",BOSIA,IS,713,4,0,0,4,8,1,0,9,13,1,0,14,24,2,0,26,71,8,0,79,95,11,0,106
96021,702,"SCOALA PRIMARA COADA STÎNCII","COADA STÎNCII",IS,544,6,2,0,8,23,3,0,26,37,4,0,41,43,4,0,47,99,12,0,111,123,15,0,138
96030,703,"SCOALA PRIMARA MÎNZĂTEŞTI",MÎNZĂTEŞTI,IS,837,8,3,0,11,16,4,0,20,24,4,0,28,42,6,0,48,117,16,1,134,152,19,1,172
96049,704,"SCOALA PRIMARA UNGHENI",UNGHENI,IS,527,4,2,0,6,8,2,0,10,15,5,0,20,20,8,0,28,54,13,0,67,82,18,0,100
95284,705,"ȘCOALA GIMNAZIALĂ”PROF.MIHAI DUMITRIU”","VALEA LUPULUI",IS,1734,12,1,0,13,48,6,0,54,88,10,0,98,105,11,0,116,228,22,0,250,312,31,0,343
95284,706,"ȘCOALA GIMNAZIALĂ”PROF.MIHAI DUMITRIU”","VALEA LUPULUI",IS,1722,13,2,0,15,49,9,0,58,81,10,0,91,98,10,0,108,224,34,0,258,281,57,0,338
95284,707,"ȘCOALA GIMNAZIALĂ”PROF.MIHAI DUMITRIU”","VALEA LUPULUI",IS,1698,4,1,0,5,72,9,0,81,99,11,0,110,108,11,0,119,247,23,0,270,298,42,0,340
99977,708,"SCOALA GIMNAZIALAVALEA SEACA","VALEA SEACĂ",IS,1648,5,1,0,6,23,2,0,25,36,2,0,38,53,2,0,55,318,16,0,334,356,24,0,380
99986,709,"SCOALA GIMNAZIALA CONTESTI",CONŢEŞTI,IS,1476,8,0,0,8,24,1,0,25,35,3,0,38,54,4,0,58,266,19,0,285,444,23,0,467
99995,710,"SCOALA GIMNAZIALATOPILE",TOPILE,IS,1834,17,1,0,18,48,2,0,50,71,2,0,73,111,3,0,114,308,17,0,325,451,31,0,482
100068,711,"ŞCOALA STÂNCA",STÎNCA,IS,439,4,0,0,4,13,2,0,15,27,2,0,29,30,2,0,32,60,3,0,63,77,4,0,81
100013,712,"ȘCOALA VICTORIA",VICTORIA,IS,1268,6,0,0,6,15,2,0,17,29,5,0,34,53,7,0,60,113,13,0,126,145,22,0,167
100022,713,"ŞCOALA FRĂSULENI",FRĂSULENI,IS,315,0,0,0,0,1,1,0,2,2,1,0,3,6,5,0,11,44,9,0,53,65,14,0,79
100031,714,"ŞCOALA ICUŞENI",ICUŞENI,IS,396,3,0,0,3,5,0,0,5,7,1,0,8,7,1,0,8,20,3,0,23,29,6,0,35
100031,715,"ŞCOALA ICUȘENI",ICUŞENI,IS,431,1,0,0,1,1,0,0,1,3,0,0,3,4,1,0,5,16,8,0,24,20,12,0,32
100059,716,"ŞCOALA SCULENI",SCULENI,IS,327,1,0,0,1,18,1,0,19,26,3,0,29,41,4,0,45,59,14,0,73,74,17,0,91
100077,717,"ŞCOALA ŞENDRENI",ŞENDRENI,IS,248,5,5,0,10,16,7,0,23,24,8,0,32,38,9,0,47,67,15,0,82,74,19,0,93
100095,718,"CAMINUL CULTURAL VINATORI",VÎNĂTORI,IS,1016,7,2,0,9,16,2,0,18,19,2,0,21,32,4,0,36,140,23,0,163,256,41,0,297
100102,719,"GRADINIȚACU PROGRAM NORMAL",CRIVEŞTI,IS,1205,5,1,0,6,9,1,0,10,20,1,0,21,24,2,0,26,120,21,0,141,217,28,0,245
100111,720,"SCOALA CU CLASELE I-IVGURA-BIDILITEI","GURA BÎDILIŢEI",IS,507,14,2,0,16,42,13,0,55,56,14,0,70,68,14,0,82,165,37,0,202,231,45,0,276
100120,721,"ȘCOALA GIMNAZIALĂ HÎRTOAPE",HÎRTOAPE,IS,923,3,1,0,4,13,4,0,17,35,11,0,46,36,13,0,49,209,34,0,243,327,46,0,373
100157,722,"LICEUL TEHNOLOGIC VLADENI",VLĂDENI,IS,1427,11,2,0,13,25,2,0,27,44,2,0,46,70,5,0,75,196,20,0,216,251,21,0,272
100175,723,"SCOALA CU CLASELE I-VIII BORSA",BORŞA,IS,673,4,2,0,6,16,4,0,20,18,4,0,22,26,4,0,30,74,8,0,82,113,10,0,123
100193,724,"SCOALA CU CLASELE I-IV IACOBENI",IACOBENI,IS,179,1,6,0,7,6,6,0,12,10,7,0,17,14,8,0,22,33,18,0,51,43,18,0,61
100166,725,"SCOALA CU CLASELE I-IV ALEXANDRU CEL BUN","ALEXANDRU CEL BUN",IS,405,6,0,0,6,29,5,0,34,40,5,0,45,53,7,0,60,96,14,0,110,114,19,0,133
100184,726,"SCOALA CU CLASELE I-IV BROSTENI",BROŞTENI,IS,333,6,0,0,6,9,0,0,9,11,0,0,11,19,0,0,19,37,0,0,37,54,0,0,54
100200,727,"SCOALA PRIMARA VILCELELE",VÎLCELELE,IS,339,7,1,0,8,20,1,0,21,28,2,0,30,45,3,0,48,94,8,0,102,115,11,0,126
100228,728,"ŞCOALA GIMNAZIALĂ ""IOANID ROAMANESCU"" VOINEŞTI",VOINEŞTI,IS,1125,11,0,0,11,27,1,0,28,30,5,0,35,47,8,0,55,114,19,0,133,160,20,0,180
100228,729,"ŞCOALA GIMNAZIALĂ ""IOANID ROAMANESCU"" VOINEŞTI",VOINEŞTI,IS,796,6,0,0,6,14,1,0,15,19,3,0,22,32,4,0,36,86,9,0,95,109,12,0,121
100228,730,"ŞCOALA GIMNAZIALĂ ""IOANID ROAMANESCU"" VOINEŞTI",VOINEŞTI,IS,957,3,0,0,3,12,1,0,13,18,1,0,19,42,1,0,43,107,3,0,110,132,10,0,142
100255,731,"ŞCOALA GIMNAZIALĂ SLOBOZIA DEAL",SLOBOZIA,IS,791,7,0,0,7,17,0,0,17,22,0,0,22,26,6,0,32,124,11,0,135,158,13,0,171
100255,732,"ŞCOALA GIMNAZIALĂ SLOBOZIA DEAL",SLOBOZIA,IS,777,5,0,0,5,19,6,0,25,36,6,0,42,43,6,0,49,114,8,0,122,156,9,0,165
100237,733,"ŞCOALA PRIMARĂ LUNGANI",LUNGANI,IS,472,3,2,0,5,7,5,0,12,10,5,0,15,20,9,0,29,52,13,0,65,82,18,0,100
100246,734,"ŞCOALA PRIMARĂ SCHITU-STAVNIC","SCHITU STAVNIC",IS,433,5,1,0,6,10,6,0,16,14,8,0,22,19,10,0,29,115,20,0,135,171,23,0,194
100264,735,"A.F. GHEORGHIŢĂ",VOCOTEŞTI,IS,106,4,1,0,5,15,10,0,25,18,16,0,34,31,24,0,55,45,32,0,77,45,32,0,77
95284,736,"ȘCOALA GIMNAZIALA ""PROF.MIHAI DUMITRIU""","VALEA LUPULUI",IS,1666,4,0,0,4,29,7,0,36,48,10,0,58,68,13,0,81,219,22,0,241,281,37,0,318
109782,1,"CONSILIUL LOCAL DROBETA-TURNU SEVERIN - PALATUL CULTURII ""TEODOR COSTESCU""","DROBETA-TURNU SEVERIN",MH,1411,15,6,0,21,83,16,0,99,109,17,0,126,127,19,0,146,204,29,0,233,261,38,0,299
109782,2,"COLEGIUL NAȚIONAL ”TRAIAN”","DROBETA-TURNU SEVERIN",MH,1420,12,0,0,12,50,8,3,61,73,9,3,85,89,9,3,101,156,17,3,176,217,21,3,241
109782,3,"ȘCOALA GIMNAZIALĂ ”DUMITRU I.TOTIR” (ȘCOALA GENERALĂ NR.10)","DROBETA-TURNU SEVERIN",MH,1453,15,0,0,15,65,2,0,67,108,5,0,113,134,5,0,139,229,10,0,239,271,11,0,282
109782,4,"ȘCOALA GIMNAZIALĂ ”DUMITRU I.TOTIR”(ȘCOALA GENERALĂ NR.10)","DROBETA-TURNU SEVERIN",MH,1356,11,0,0,11,48,3,0,51,73,9,0,82,85,9,0,94,142,10,0,152,196,11,0,207
109782,5,"ASOCIAȚIA DE PROPRIETARI NR.90","DROBETA-TURNU SEVERIN",MH,992,17,0,0,17,45,3,0,48,62,9,0,71,73,10,0,83,126,17,0,143,159,17,0,176
109782,6,"LICEUL TEHNOLOGIC SPECIAL ”DROBETA” (ȘCOALA ENERGETICĂ)","DROBETA-TURNU SEVERIN",MH,1413,18,5,0,23,48,8,0,56,79,8,0,87,90,8,0,98,150,10,0,160,191,11,0,202
109782,7,"LICEUL TEHNOLOGIC SPECIAL ”DROBETA” (ȘCOALA ENERGETICĂ)","DROBETA-TURNU SEVERIN",MH,1033,12,4,0,16,29,5,0,34,41,6,0,47,52,6,0,58,99,8,0,107,141,9,0,150
109782,8,"S.C. TRANSPORT PUBLIC URBAN ''DROBETA'' S.A. (AUTOGARĂ)","DROBETA-TURNU SEVERIN",MH,1427,7,3,0,10,29,6,0,35,48,7,0,55,56,8,0,64,100,10,0,110,147,13,0,160
109782,9,"ȘCOALA GIMNAZIALĂ ”CONSTANTIN NEGREANU” (ȘCOALA GENERALĂ NR.9)","DROBETA-TURNU SEVERIN",MH,1467,13,3,0,16,45,5,0,50,86,7,0,93,104,8,0,112,146,18,0,164,200,20,0,220
109782,10,"ȘCOALA GIMNAZIALĂ ”CONSTANTIN NEGREANU” (ȘCOALA GENERALĂ NR.9)","DROBETA-TURNU SEVERIN",MH,1357,11,0,0,11,50,1,0,51,73,4,0,77,90,8,0,98,139,11,0,150,169,11,0,180
109782,11,"ȘCOALA GIMNAZIALĂ ”CONSTANTIN NEGREANU” (ȘCOALA GENERALĂ NR.9)","DROBETA-TURNU SEVERIN",MH,1716,10,4,0,14,35,4,0,39,53,5,0,58,65,5,0,70,96,9,0,105,124,11,0,135
109782,12,"OFICIUL JUDEȚEAN PENTRU FINANȚAREA INVESTIȚIILOR RURALE","DROBETA-TURNU SEVERIN",MH,1671,12,1,0,13,27,12,0,39,47,17,0,64,54,17,0,71,109,20,0,129,135,27,0,162
109782,13,"OFICIUL JUDEȚEAN PENTRU FINANȚAREA INVESTIȚIILOR RURALE MEHEDINȚI","DROBETA-TURNU SEVERIN",MH,1559,6,0,0,6,32,1,0,33,56,3,0,59,63,9,0,72,107,11,0,118,142,13,0,155
109782,14,"COLEGIUL NAȚIONAL ”GHEORGHE ȚIȚEICA”","DROBETA-TURNU SEVERIN",MH,1256,9,0,0,9,60,1,0,61,79,1,0,80,98,2,0,100,167,8,0,175,199,12,0,211
109782,15,"COLEGIUL NAȚIONAL ”GHEORGHE ȚIȚEICA”","DROBETA-TURNU SEVERIN",MH,1201,11,0,0,11,56,0,0,56,75,1,0,76,85,1,0,86,137,2,0,139,175,8,0,183
109782,16,"COLEGIUL NAȚIONAL ECONOMIC ”THEODOR COSTESCU”","DROBETA-TURNU SEVERIN",MH,1085,13,0,0,13,52,2,0,54,81,8,0,89,97,8,0,105,165,9,0,174,194,16,0,210
109782,17,"GRĂDINIȚA CU PROGRAM PRELUNGIT NR. 22","DROBETA-TURNU SEVERIN",MH,1121,11,0,0,11,30,2,0,32,48,4,0,52,62,7,0,69,116,8,0,124,166,17,0,183
109782,18,"ȘCOALA GIMNAZIALĂ NR. 14","DROBETA-TURNU SEVERIN",MH,1064,10,1,0,11,38,1,0,39,45,2,0,47,56,2,0,58,97,9,0,106,127,20,0,147
109782,19,"ȘCOALA GIMNAZIALĂ NR. 14","DROBETA-TURNU SEVERIN",MH,1395,14,2,0,16,44,4,0,48,65,6,0,71,77,7,0,84,119,7,0,126,159,9,0,168
109782,20,"ASOCIATIA LIGA ''SOLIDARITATEA'' A PENSIONARILOR","DROBETA-TURNU SEVERIN",MH,1197,15,0,0,15,44,0,0,44,63,3,0,66,89,4,0,93,156,11,0,167,190,14,0,204
109782,21,"ȘCOALA GIMNAZIALĂ NR. 11","DROBETA-TURNU SEVERIN",MH,1646,16,0,0,16,62,4,0,66,89,6,0,95,104,7,0,111,167,14,0,181,211,18,0,229
109782,22,"ȘCOALA GIMNAZIALĂ NR. 11","DROBETA-TURNU SEVERIN",MH,1325,21,4,0,25,57,5,0,62,96,10,0,106,121,11,0,132,179,11,0,190,223,11,0,234
109782,23,"MINISTERUL SĂNĂTĂȚII - SERVICIUL JUDEȚEAN DE AMBULANȚĂ - SPAȚIU ADMINISTRATIV","DROBETA-TURNU SEVERIN",MH,1530,16,0,0,16,51,0,0,51,66,9,0,75,80,10,0,90,133,10,0,143,184,13,0,197
109782,24,"DIRECȚIA DE SĂNĂTATE PUBLICĂ MEHEDINȚI - SPITALUL JUDEŢEAN DE URGENŢĂ - SPAȚIU ADMINISTRATIV","DROBETA-TURNU SEVERIN",MH,1710,19,4,0,23,55,14,42,111,65,15,42,122,78,18,42,138,144,25,66,235,181,29,66,276
109782,25,"DIRECȚIA DE SĂNĂTATE PUBLICĂ MEHEDINȚI - SPITALUL JUDEŢEAN DE URGENŢĂ - SPAȚIU ADMINISTRATIV","DROBETA-TURNU SEVERIN",MH,1490,15,2,0,17,46,10,0,56,68,14,41,123,77,14,41,132,118,14,41,173,161,18,41,220
109782,26,"GRĂDINIȚA CU PROGRAM PRELUNGIT NR.20","DROBETA-TURNU SEVERIN",MH,1656,13,2,0,15,46,4,0,50,59,5,0,64,73,6,0,79,134,9,0,143,179,16,0,195
109782,27,"COLEGIUL TEHNIC ”DOMNUL TUDOR”","DROBETA-TURNU SEVERIN",MH,905,8,2,0,10,39,14,0,53,54,15,0,69,67,15,0,82,99,23,0,122,124,28,0,152
109782,28,"COLEGIUL TEHNIC ”DOMNUL TUDOR”","DROBETA-TURNU SEVERIN",MH,1183,15,5,0,20,46,14,0,60,73,19,0,92,87,23,0,110,135,25,0,160,179,29,0,208
109782,29,"COLEGIUL TEHNIC ”DOMNUL TUDOR”","DROBETA-TURNU SEVERIN",MH,1295,13,6,0,19,34,7,0,41,50,7,0,57,63,7,0,70,104,9,0,113,153,9,0,162
109782,30,"COLEGIUL TEHNIC ”DOMNUL TUDOR”","DROBETA-TURNU SEVERIN",MH,1321,11,0,0,11,29,0,0,29,46,0,0,46,54,0,0,54,96,0,0,96,135,4,0,139
109782,31,"PRIMĂRIA MUNICIPIULUI DROBETA-TURNU SEVERIN (STADIONUL MUNICIPAL)","DROBETA-TURNU SEVERIN",MH,1482,11,0,0,11,59,0,0,59,78,0,0,78,111,0,0,111,174,0,0,174,212,6,0,218
109782,32,"COLEGIUL TEHNIC ”LORIN SĂLĂGEAN” (LICEUL INDUSTRIAL NR.4)","DROBETA-TURNU SEVERIN",MH,1131,11,0,0,11,31,0,0,31,47,0,0,47,60,0,0,60,117,5,0,122,152,6,0,158
109782,33,"GRĂDINIȚA CU PROGRAM PRELUNGIT NR. 3","DROBETA-TURNU SEVERIN",MH,1350,6,5,0,11,31,5,0,36,60,6,0,66,73,6,0,79,147,9,0,156,196,11,0,207
109782,34,"ȘCOALA GIMNAZIALĂ NR. 6","DROBETA-TURNU SEVERIN",MH,1279,14,2,0,16,45,5,0,50,73,5,0,78,83,5,0,88,164,6,0,170,186,11,0,197
109782,35,"ȘCOALA GIMNAZIALĂ NR. 6","DROBETA-TURNU SEVERIN",MH,1574,9,0,0,9,34,0,0,34,71,0,0,71,80,4,0,84,157,11,0,168,211,14,0,225
109782,36,"ȘCOALA GIMNAZIALĂ NR. 6","DROBETA-TURNU SEVERIN",MH,1266,8,0,0,8,30,0,0,30,53,0,0,53,67,0,0,67,130,0,0,130,167,3,0,170
109782,37,"ȘCOALA GIMNAZIALĂ NR. 6","DROBETA-TURNU SEVERIN",MH,1267,13,0,0,13,55,6,0,61,66,6,0,72,78,6,0,84,135,8,0,143,192,8,0,200
109782,38,"DIRECȚIA REGIONALĂ DE DRUMURI ȘI PODURI CRAIOVA","DROBETA-TURNU SEVERIN",MH,1400,7,2,0,9,30,6,0,36,42,8,0,50,45,8,0,53,87,9,0,96,121,11,0,132
109782,39,"ȘCOALA GIMNAZIALĂ ”PETRE SERGESCU”","DROBETA-TURNU SEVERIN",MH,1222,8,4,0,12,31,5,0,36,51,7,0,58,61,7,0,68,107,8,0,115,137,10,0,147
109782,40,"PRIMARIA MUNICIPIULUI DROBETA-TURNU SEVERIN - SPATIU ADMINISTRATIV","DROBETA-TURNU SEVERIN",MH,1022,9,0,0,9,43,1,0,44,51,2,0,53,61,3,0,64,100,6,0,106,125,8,0,133
109782,41,"GRĂDINIȚA CU PROGRAM PRELUNGIT NR. 21","DROBETA-TURNU SEVERIN",MH,1343,7,6,0,13,26,6,0,32,39,6,0,45,46,6,0,52,97,8,0,105,125,10,1,136
109782,42,"ȘCOALA GIMNAZIALĂ ”PETRE SERGESCU” (ȘCOALA GENERALĂ NR.4)","DROBETA-TURNU SEVERIN",MH,1263,13,8,0,21,31,20,0,51,48,25,0,73,59,27,0,86,119,32,0,151,145,33,0,178
109782,43,"ȘCOALA GIMNAZIALĂ ”PETRE SERGESCU” (ȘCOALA GENERALĂ NR.4)","DROBETA-TURNU SEVERIN",MH,1281,0,5,0,5,15,8,0,23,39,10,0,49,49,10,0,59,80,13,0,93,117,13,0,130
109782,44,"ȘCOALA GIMNAZIALĂ ”PETRE SERGESCU” (ȘCOALA GENERALĂ NR.4)","DROBETA-TURNU SEVERIN",MH,1306,10,0,0,10,32,7,0,39,48,8,0,56,58,8,0,66,90,11,0,101,129,12,0,141
109782,45,"PRIMĂRIA MUNICIPIULUI DROBETA-TURNU SEVERIN (SALA POLIVALENTĂ)","DROBETA-TURNU SEVERIN",MH,1963,14,0,0,14,63,4,0,67,84,4,0,88,107,4,0,111,197,11,0,208,254,19,0,273
109782,46,"PRIMĂRIA MUNICIPIULUI DROBETA-TURNU SEVERIN (SALA POLIVALENTĂ)","DROBETA-TURNU SEVERIN",MH,1604,11,0,0,11,59,0,0,59,80,1,0,81,100,2,0,102,179,7,0,186,234,9,0,243
109782,47,"ȘCOALA GIMNAZIALĂ ”DIMITRIE GRECESCU” (ȘCOALA GENERALĂ NR.1)","DROBETA-TURNU SEVERIN",MH,1531,17,0,0,17,91,8,175,274,135,9,175,319,151,12,175,338,228,19,175,422,294,25,175,494
109782,48,"COLEGIUL TEHNIC ”DECEBAL”","DROBETA-TURNU SEVERIN",MH,1382,15,1,0,16,65,4,0,69,81,6,0,87,112,6,0,118,181,14,0,195,239,21,0,260
109782,49,"ȘCOALA GIMNAZIALĂ NR.3","DROBETA-TURNU SEVERIN",MH,1414,10,2,0,12,59,5,0,64,94,15,0,109,113,19,0,132,179,33,0,212,224,38,2,264
109782,50,"ȘCOALA GIMNAZIALĂ ”ALICE VOINESCU” (ȘCOALA GENERALĂ NR.2)","DROBETA-TURNU SEVERIN",MH,1349,10,0,0,10,47,1,0,48,77,3,0,80,100,6,0,106,199,9,0,208,247,17,0,264
109782,51,"ȘCOALA GIMNAZIALĂ NR.15 (FOSTA ȘCOALĂ GENERALĂ NR.8)","DROBETA-TURNU SEVERIN",MH,1059,14,1,0,15,36,4,0,40,49,5,0,54,75,8,0,83,126,12,0,138,160,13,0,173
109782,52,"ȘCOALA GIMNAZIALĂ NR.15 (FOSTA ȘCOALĂ GENERALĂ NR.8)","DROBETA-TURNU SEVERIN",MH,1789,20,0,0,20,81,1,0,82,116,3,0,119,155,4,0,159,257,8,0,265,318,10,0,328
109782,53,"ȘCOALA GIMNAZIALĂ ”TEODOR COSTESCU” ( ȘCOALA GENERALĂ NR.7)","DROBETA-TURNU SEVERIN",MH,1892,16,2,0,18,41,6,0,47,66,7,0,73,85,7,0,92,139,8,0,147,196,10,0,206
109782,54,"ȘCOALA GIMNAZIALĂ ”TEODOR COSTESCU” ( ȘCOALA GENERALĂ NR.7)","DROBETA-TURNU SEVERIN",MH,1542,12,0,0,12,40,0,0,40,56,0,0,56,58,0,0,58,113,0,0,113,137,0,0,137
109782,55,"ȘCOALA GIMNAZIALĂ ”TEODOR COSTESCU” ( ȘCOALA GENERALĂ NR.7)","DROBETA-TURNU SEVERIN",MH,1854,7,0,0,7,47,0,0,47,63,0,0,63,78,0,0,78,132,5,0,137,176,6,0,182
109782,56,"ȘCOALA GIMNAZIALĂ ”TEODOR COSTESCU” (ȘCOALA GENERALĂ NR.7)","DROBETA-TURNU SEVERIN",MH,1707,11,4,0,15,35,4,0,39,58,5,0,63,73,5,0,78,134,5,0,139,183,5,0,188
109782,57,"ȘCOALA GIMNAZIALĂ NR.15","DROBETA-TURNU SEVERIN",MH,1380,12,5,0,17,28,5,0,33,47,7,0,54,54,7,0,61,99,12,0,111,129,20,0,149
109782,58,"ȘCOALA GIMNAZIALĂ NR.15","DROBETA-TURNU SEVERIN",MH,1026,13,4,0,17,49,5,0,54,77,6,0,83,91,7,0,98,127,7,0,134,151,8,0,159
109782,59,"ȘCOALA GIMNAZIALĂ NR.15","DROBETA-TURNU SEVERIN",MH,1354,7,0,0,7,42,4,0,46,57,4,0,61,72,4,0,76,121,4,0,125,159,7,0,166
109782,60,"ȘCOALA GIMNAZIALĂ NR.15","DROBETA-TURNU SEVERIN",MH,1818,11,4,0,15,45,5,0,50,72,5,0,77,81,5,0,86,168,5,0,173,221,13,0,234
109782,61,"GRĂDINIȚA CU PROGRAM PRELUNGIT NR.15","DROBETA-TURNU SEVERIN",MH,1164,11,3,0,14,44,5,0,49,67,5,0,72,85,5,0,90,145,8,0,153,203,11,0,214
109782,62,"GRĂDINIȚA CU PROGRAM PRELUNGIT NR.15","DROBETA-TURNU SEVERIN",MH,1422,5,0,0,5,34,2,0,36,51,9,0,60,78,9,0,87,136,19,0,155,157,22,0,179
109782,63,"GRĂDINIȚA CU PROGRAM PRELUNGIT NR.15","DROBETA-TURNU SEVERIN",MH,1760,3,0,0,3,12,0,0,12,19,0,0,19,34,0,0,34,54,1,0,55,88,2,0,90
109782,64,"ȘCOALA GIMNAZIALĂ NR.5","DROBETA-TURNU SEVERIN",MH,1552,16,2,0,18,42,6,1,49,87,7,1,95,104,7,1,112,241,8,2,251,280,8,2,290
109782,65,"ȘCOALA GIMNAZIALĂ ”DIMITRIE GRECESCU” (ȘCOALA GENERALĂ NR.15 GURA VĂII)","DROBETA-TURNU SEVERIN",MH,1543,12,0,0,12,64,34,0,98,115,47,0,162,130,47,0,177,221,124,14,359,332,151,14,497
110072,66,"ȘCOALA CU CLASELE I-VIII PETRU DUMITRIU SUD",ORŞOVA,MH,1543,12,8,0,20,37,8,0,45,64,16,0,80,76,16,0,92,170,23,1,194,220,26,1,247
110072,67,"LICEUL TRAIAN LALESCU",ORŞOVA,MH,1050,7,4,0,11,40,5,0,45,47,6,0,53,52,6,0,58,71,11,0,82,93,12,0,105
110072,68,"LICEUL TRAIAN LALESCU",ORŞOVA,MH,1308,10,6,0,16,43,8,0,51,54,10,8,72,67,11,8,86,145,18,8,171,171,21,8,200
110072,69,"CLUBUL COPIILOR",ORŞOVA,MH,968,13,0,0,13,52,12,0,64,69,12,0,81,76,12,0,88,127,15,0,142,151,17,0,168
110072,70,"CLUBUL COPIILOR",ORŞOVA,MH,1236,9,1,0,10,31,10,0,41,40,11,0,51,73,13,0,86,124,13,0,137,172,16,0,188
110072,71,"COLEGIUL TEHNIC DIERNA",ORŞOVA,MH,1446,11,0,0,11,42,6,0,48,60,9,0,69,68,9,0,77,113,23,0,136,158,32,0,190
110072,72,"ȘCOALA GENERALĂ I-VIII NUMĂRUL 1 NORD",ORŞOVA,MH,1325,8,0,0,8,37,17,0,54,68,21,0,89,79,21,0,100,150,37,0,187,174,60,0,234
110072,73,"GRĂDINIŢA NUMĂRUL 3",ORŞOVA,MH,1484,15,2,0,17,61,5,0,66,78,12,0,90,97,12,0,109,172,16,0,188,215,19,0,234
110072,74,"GRĂDINIŢA CORAMNIC",ORŞOVA,MH,332,3,4,0,7,13,5,0,18,17,5,0,22,19,5,0,24,36,11,0,47,40,28,0,68
109933,75,"ȘCOALA GENERALĂ BAIA DE ARAMĂ","BAIA DE ARAMĂ",MH,1213,11,0,0,11,24,7,0,31,44,7,0,51,93,21,0,114,187,67,0,254,348,80,0,428
109933,76,"GRUPUL ŞCOLAR CONSTANTIN BRÂNCOVEANU","BAIA DE ARAMĂ",MH,1168,6,0,0,6,24,17,0,41,36,21,0,57,84,34,0,118,186,68,8,262,297,104,18,419
109979,77,"ŞCOALA GENERALĂ MĂRĂŞEŞTI",MĂRĂŞEŞTI,MH,1098,7,0,0,7,21,2,0,23,27,2,0,29,60,4,0,64,178,13,0,191,234,18,0,252
110018,78,"ŞCOALA GENERALĂ TITERLEŞTI",TITERLEŞTI,MH,410,1,0,0,1,2,0,0,2,5,3,0,8,12,4,0,16,66,8,0,74,99,15,0,114
109988,79,"ŞCOALA GENERALĂ NEGOEŞTI",NEGOEŞTI,MH,694,0,0,0,0,2,3,0,5,5,7,0,12,14,8,0,22,56,19,0,75,94,30,0,124
110125,80,"LICEUL TEHNOLOGIC MATEI BASARAB",STREHAIA,MH,1669,12,5,0,17,49,13,0,62,80,15,0,95,96,19,0,115,211,24,1,236,333,33,1,367
110125,81,"GRĂDINIŢA 2",STREHAIA,MH,1518,37,2,0,39,87,2,0,89,106,4,0,110,114,5,0,119,165,10,0,175,246,23,0,269
110125,82,"ŞCOALA GENERALĂ STREHAIA",STREHAIA,MH,1387,18,8,0,26,59,14,0,73,79,18,0,97,102,21,0,123,205,35,5,245,265,42,5,312
110125,83,"GRĂDINIŢA VEST STREHAIA",STREHAIA,MH,1414,30,3,0,33,100,5,0,105,120,6,19,145,170,6,19,195,290,8,19,317,357,21,22,400
110134,84,"ŞCOALA GENERALĂ CIOCHIUŢA",CIOCHIUŢA,MH,789,8,4,0,12,25,8,0,33,42,8,0,50,48,8,0,56,96,9,0,105,147,15,0,162
110170,85,"ŞCOALA GENERALĂ SLĂTINICUL MARE","SLĂTINICU MARE",MH,288,1,0,0,1,8,0,0,8,14,3,0,17,14,3,0,17,26,4,0,30,58,8,0,66
110143,86,"ŞCOALA GENERALĂ COMANDA",COMANDA,MH,1275,11,0,0,11,40,5,0,45,71,7,2,80,92,13,2,107,177,18,10,205,532,30,10,572
110161,87,"ŞCOALA GENERALĂ LUNCA BANULUI","LUNCA BANULUI",MH,380,4,2,0,6,11,5,0,16,23,12,0,35,29,12,0,41,79,14,0,93,105,18,0,123
110152,88,"ŞCOALA GENERALĂ HURDUCEŞTI",HURDUCEŞTI,MH,216,4,3,0,7,13,4,0,17,18,10,0,28,19,10,0,29,50,20,0,70,90,20,0,110
110214,89,"ŞCOALA GENERALĂ STĂNCEŞTI",STĂNCEŞTI,MH,153,1,3,0,4,6,3,0,9,9,6,0,15,10,7,0,17,14,8,0,22,21,9,0,30
110241,90,"LICEUL TEORETICVÎNJU MARE","VÎNJU MARE",MH,1236,6,0,0,6,23,4,0,27,40,9,0,49,66,11,0,77,145,22,0,167,223,27,0,250
110241,91,"ŞCOALA GENERALĂ I-VIII VÎNJU MARE","VÎNJU MARE",MH,1670,9,2,0,11,42,8,0,50,65,8,0,73,90,10,0,100,203,13,0,216,303,17,0,320
110250,92,"GRADINIŢA BUCURA",BUCURA,MH,280,7,0,0,7,10,6,0,16,14,6,0,20,19,7,0,26,54,10,0,64,95,21,0,116
110269,93,"ŞCOALA GENERALĂ I-IV NICOLAE BĂLCESCU","NICOLAE BĂLCESCU",MH,643,5,0,0,5,10,1,0,11,12,1,0,13,18,2,0,20,62,14,0,76,100,18,0,118
110278,94,"ŞCOALA GENERALĂ I-IV OREVIŢA MARE","OREVIŢA MARE",MH,626,0,0,0,0,7,0,0,7,10,5,0,15,23,5,0,28,74,15,0,89,121,19,0,140
110287,95,"ŞCOALA GENERALĂ I-IV TRAIAN",TRAIAN,MH,493,1,0,0,1,12,4,0,16,20,5,0,25,23,5,0,28,59,13,0,72,77,17,0,94
110367,96,"ŞCOALA GENERALĂ I-IV COMĂNEŞTI",COMĂNEŞTI,MH,325,3,0,0,3,11,0,0,11,13,0,0,13,16,4,0,20,66,19,0,85,106,32,0,138
110376,97,"ȘCOALA GENERALĂ I-VIII CRAINICI",CRAINICI,MH,272,2,0,0,2,3,0,0,3,15,5,0,20,22,10,0,32,47,16,0,63,53,20,0,73
110438,98,"ȘCOALA GENERALĂ I-IV SĂRDĂNEŞTI",SĂRDĂNEŞTI,MH,208,4,3,0,7,7,5,0,12,14,7,0,21,14,8,0,22,31,13,0,44,40,15,0,55
110394,99,"ȘCOALA GENERALĂ I-IV IUPCA",IUPCA,MH,180,4,4,0,8,4,29,0,33,4,29,0,33,9,29,0,38,20,31,0,51,28,31,0,59
110303,100,"CĂMINUL CULTURAL BALA",BALA,MH,686,8,6,0,14,19,23,0,42,32,38,0,70,45,42,0,87,115,47,0,162,172,60,0,232
110321,101,"ȘCOALA GENERALĂ I-IV BRATEŞUL",BRATEŞUL,MH,105,2,0,0,2,8,4,0,12,14,5,0,19,19,5,0,24,28,5,0,33,28,6,0,34
110312,102,"ȘCOALA GENERALĂ I-IV BALA DE SUS","BALA DE SUS",MH,499,6,0,0,6,17,3,0,20,24,4,0,28,34,14,0,48,103,30,0,133,139,37,0,176
110410,103,"ȘCOALA GENERALĂ I-IV RUDINA",RUDINA,MH,392,6,3,0,9,7,5,0,12,7,5,0,12,14,7,0,21,30,13,0,43,48,16,0,64
110447,104,"ȘCOALA GENERALĂ I-IV VIDIMIREŞTI",VIDIMIREŞTI,MH,127,2,1,0,3,3,3,0,6,6,9,0,15,6,9,0,15,15,11,0,26,22,13,0,35
110385,105,"ȘCOALA GENERALĂ I-VIII DÎLMA",DÎLMA,MH,332,1,1,0,2,4,1,0,5,8,5,0,13,14,5,0,19,40,16,0,56,73,19,0,92
110465,106,"CĂMINUL CULTURAL BALTA",BALTA,MH,335,11,3,0,14,33,16,0,49,52,28,0,80,58,29,0,87,116,49,0,165,157,63,0,220
110517,107,"CĂMINUL CULTURAL PREJNA",PREJNA,MH,233,5,0,0,5,18,4,1,23,30,11,1,42,44,13,1,58,77,30,1,108,97,33,1,131
110483,108,"CĂMINUL CULTURAL COSTEŞTI",COSTEŞTI,MH,138,8,4,0,12,13,7,0,20,24,7,0,31,33,10,0,43,49,19,0,68,66,22,0,88
110492,109,"CĂMINUL CULTURAL GORNOVIŢA",GORNOVIŢA,MH,166,1,0,0,1,8,0,6,14,11,0,8,19,13,0,8,21,29,0,15,44,64,0,19,83
110544,110,"ŞCOALA GIMNAZIALĂ BĂLĂCIŢA",BĂLĂCIŢA,MH,990,3,2,0,5,44,11,0,55,56,19,0,75,87,23,0,110,184,42,0,226,257,52,23,332
110562,111,"ŞCOALA GIMNAZIALĂ GVARDINIŢA",GVARDINIŢA,MH,822,1,1,0,2,11,5,0,16,37,6,0,43,64,9,0,73,139,20,0,159,183,36,14,233
110553,112,"ŞCOALA PRIMARĂ DOBRA",DOBRA,MH,370,2,2,0,4,27,9,0,36,69,17,0,86,86,18,0,104,136,32,0,168,173,55,4,232
110580,113,"ȘCOALA GENERALĂ I-VIII BÎCLEȘ",BÎCLEŞ,MH,495,7,5,0,12,66,48,0,114,96,53,0,149,112,71,0,183,207,128,42,377,320,157,42,519
110642,114,"ȘCOALA GENERALĂ I-IV PODU GROSULUI","PODU GROSULUI",MH,168,8,3,0,11,51,8,0,59,68,11,0,79,70,13,0,83,88,15,0,103,92,20,0,112
110633,115,"ȘCOALA GENERALĂ I-IV PETRA",PETRA,MH,139,19,2,0,21,56,20,0,76,68,25,0,93,70,29,0,99,89,44,0,133,95,48,0,143
110615,116,"ȘCOALA GENERALĂ I-IV CORZU",CORZU,MH,348,18,2,0,20,87,18,0,105,103,25,0,128,110,28,0,138,181,36,8,225,225,50,8,283
110660,117,"ȘCOALA GENERALĂ I-IV SMADOVIŢA",SMADOVIŢA,MH,380,19,4,0,23,122,24,0,146,168,36,0,204,187,43,0,230,224,55,0,279,246,58,0,304
110697,118,"PRIMĂRIA BÎLVĂNEŞTI",BÎLVĂNEŞTI,MH,749,24,1,0,25,65,10,0,75,77,13,0,90,99,21,0,120,169,45,0,214,229,64,0,293
113867,119,"ȘCOALA GIMNAZIALĂ BRANIȘTEA",BRANIŞTEA,MH,1119,20,3,0,23,65,14,0,79,115,25,73,213,130,27,73,230,310,53,87,450,516,72,87,675
113876,120,"ȘCOALA GENERALĂ I-IV GOANŢA",GOANŢA,MH,404,10,4,0,14,34,4,0,38,54,8,19,81,67,14,19,100,107,22,20,149,147,30,20,197
110759,121,"ŞCOALA GENERALA I-VIII BREZNIŢA MOTRU",BREZNIŢA-MOTRU,MH,871,14,1,0,15,42,2,0,44,57,3,0,60,86,4,0,90,189,23,0,212,327,43,0,370
110786,122,"ŞCOALAGENERALĂ I-VIII FĂUROAIA",FĂUROAIA,MH,285,10,0,0,10,18,4,0,22,25,8,0,33,25,15,0,40,44,16,0,60,82,26,0,108
110839,123,"ŞCOALA GENERALĂ I-VIII BREZNIŢA OCOL",BREZNIŢA-OCOL,MH,1488,8,2,0,10,25,4,0,29,39,10,0,49,72,11,0,83,121,15,0,136,193,23,0,216
110857,124,"ŞCOALA GENERALĂ I-IV MAGHERU",MAGHERU,MH,898,0,0,0,0,6,2,0,8,18,4,0,22,36,4,0,40,145,15,0,160,190,19,0,209
110848,125,"ŞCOALA GENERALĂ I-IV JIDOŞTIŢA",JIDOŞTIŢA,MH,917,10,0,0,10,28,4,0,32,47,5,0,52,70,13,0,83,157,52,0,209,230,70,0,300
110884,126,"CĂMIN CULTURAL BROŞTENI",BROŞTENI,MH,1223,6,0,0,6,27,9,0,36,36,11,0,47,68,16,0,84,157,62,0,219,196,70,0,266
110919,127,"CĂMIN CULTURAL LUPŞA DE JOS","LUPŞA DE JOS",MH,1091,16,1,0,17,53,5,0,58,69,9,0,78,96,11,0,107,244,37,0,281,358,46,0,404
110955,128,"ȘCOALA GENERALĂ BURILA MARE","BURILA MARE",MH,598,40,3,0,43,49,8,0,57,70,14,0,84,94,20,0,114,181,34,8,223,286,43,8,337
110964,129,"ȘCOALA GENERALĂ CRIVINA",CRIVINA,MH,535,1,1,0,2,13,10,0,23,22,16,0,38,27,17,0,44,53,44,0,97,141,61,2,204
110982,130,"ȘCOALA GENERALĂ ŢIGĂNAŞI",ŢIGĂNAŞI,MH,255,4,4,0,8,14,13,0,27,25,18,0,43,30,21,0,51,70,44,10,124,115,55,10,180
110991,131,"ȘCOALA GENERALĂ VRANCEA",VRANCEA,MH,169,6,6,0,12,11,10,0,21,14,13,0,27,19,17,0,36,27,28,0,55,37,39,0,76
110973,132,"ȘCOALA GENERALĂ IZVORU FRUMOS","IZVORU FRUMOS",MH,182,2,1,0,3,14,4,0,18,23,18,0,41,26,19,0,45,33,21,0,54,38,27,3,68
111015,133,"PRIMĂRIA BUTOIEŞTI",BUTOIEŞTI,MH,859,7,2,0,9,14,9,0,23,17,12,0,29,22,14,0,36,67,25,0,92,88,29,0,117
111024,134,"ŞCOALA GENERALĂ I-IV ARGINEŞTI",ARGINEŞTI,MH,474,9,0,0,9,23,3,0,26,32,3,0,35,38,5,0,43,77,7,0,84,128,17,0,145
111042,135,"ŞCOALA GENERALĂ I-IV GURA MOTRULUI","GURA MOTRULUI",MH,236,3,2,0,5,10,5,0,15,17,6,0,23,24,10,0,34,40,20,0,60,68,30,0,98
111033,136,"ŞCOALA GENERALĂ I-IVBUICEŞTI",BUICEŞTI,MH,376,11,0,0,11,21,3,0,24,24,3,0,27,28,6,0,34,47,15,0,62,66,17,0,83
111060,137,"ŞCOALA GENERALĂ I-IV PLUTA",PLUTA,MH,350,2,0,0,2,9,1,0,10,11,1,0,12,15,2,0,17,58,16,0,74,95,25,0,120
111088,138,"ŞCOALA GENERALĂ I-IV ŢÎNŢARU",TÎNŢARU,MH,289,6,2,0,8,17,4,0,21,26,6,0,32,28,6,0,34,48,16,0,64,76,22,0,98
111104,139,"SCOALA GENERALĂ I-IV CĂZĂNEŞTI",CĂZĂNEŞTI,MH,721,11,9,0,20,30,25,0,55,46,40,0,86,65,54,0,119,133,96,0,229,178,122,0,300
111195,140,"SCOALA GENERALĂ I-IV SEVERINEŞTI",SEVERINEŞTI,MH,980,11,5,0,16,53,23,0,76,81,33,0,114,102,39,0,141,216,84,0,300,302,104,0,406
111239,141,"CĂMINUL CULTURAL CIREŞU",CIREŞU,MH,390,6,2,0,8,22,20,0,42,36,26,0,62,58,27,0,85,143,55,0,198,162,62,0,224
111284,142,"CĂMINUL CULTURAL CORCOVA",CORCOVA,MH,1306,11,0,0,11,35,0,0,35,47,1,0,48,61,4,0,65,228,22,0,250,344,34,0,378
111346,143,"ŞCOALA GENERALĂ IMOASA",IMOASA,MH,302,1,1,0,2,11,5,0,16,15,5,0,20,17,10,0,27,32,10,0,42,71,16,0,87
111319,144,"ŞCOALA GENERALĂ CORDUN",CORDUN,MH,596,2,0,0,2,13,4,0,17,25,4,0,29,26,6,0,32,94,8,0,102,121,11,0,132
111391,145,"ŞCOALA GENERALĂ I-IV STEJARU",STEJARU,MH,442,3,0,0,3,17,2,0,19,40,3,0,43,42,8,0,50,112,12,0,124,144,14,0,158
111355,146,"CĂMINUL CULTURAL JIROV",JIROV,MH,1207,5,0,0,5,20,3,0,23,45,6,0,51,59,7,0,66,222,11,0,233,336,20,0,356
111364,147,"ŞCOALA GENERALĂ MĂRU ROŞU","MĂRU ROŞU",MH,494,1,0,0,1,12,1,0,13,20,3,0,23,24,3,0,27,66,9,0,75,107,10,0,117
111300,148,"ŞCOALA GENERALĂ CERNAIA",CERNAIA,MH,416,3,3,0,6,22,7,0,29,36,7,0,43,41,8,0,49,62,11,0,73,84,13,0,97
111426,149,"ȘCOALA PROFESIONALĂ CORLĂŢEL",CORLĂŢEL,MH,600,9,6,0,15,41,8,0,49,79,22,0,101,93,26,0,119,198,49,4,251,292,62,4,358
111435,150,"ȘCOALA PROFESIONALĂ VALEA ANILOR","VALEA ANILOR",MH,444,5,3,0,8,31,5,0,36,37,7,0,44,40,7,0,47,112,24,3,139,193,35,3,231
111453,151,"CĂMINUL CULTURAL",CUJMIR,MH,911,1,0,0,1,10,2,0,12,19,2,0,21,54,9,0,63,139,25,0,164,230,39,0,269
111453,152,"CĂMINUL CULTURAL",CUJMIR,MH,891,2,1,0,3,7,37,5,49,27,40,5,72,67,47,5,119,115,56,5,176,168,65,5,238
111462,153,"ŞCOALA GENERALĂ AURORA",AURORA,MH,555,2,0,0,2,4,0,0,4,8,0,0,8,24,3,0,27,65,9,0,74,108,15,0,123
111471,154,"GRĂDINIŢA CUJMIRU MIC","CUJMIRU MIC",MH,391,1,0,0,1,4,0,0,4,7,0,0,7,12,5,0,17,44,9,0,53,104,13,0,117
111499,155,"CĂMINUL CULTURAL DEVESEL",DEVESEL,MH,1003,10,3,0,13,24,9,0,33,36,15,0,51,98,26,0,124,160,49,0,209,246,60,0,306
111505,156,ŞCOALAGENERALABATOŢI,BATOŢI,MH,346,6,4,0,10,20,15,0,35,27,15,0,42,32,24,0,56,53,29,0,82,69,40,0,109
111514,157,"ŞCOALA GENERALĂ BISTREŢU",BISTREŢU,MH,402,5,1,0,6,10,7,0,17,20,13,0,33,28,16,0,44,68,28,0,96,95,40,0,135
111532,158,"ŞCOALA GENERALĂ SCĂPĂU",SCĂPĂU,MH,648,5,2,0,7,22,15,0,37,28,18,0,46,41,31,0,72,90,46,0,136,138,53,0,191
111569,159,"CĂMINUL CULTURAL NOU-DÎRVARI",DÎRVARI,MH,1175,25,1,0,26,77,8,0,85,98,11,0,109,138,16,0,154,264,27,0,291,359,42,0,401
111578,160,"CĂMINUL CULTURAL VECHI-GEMENI",GEMENI,MH,913,11,0,0,11,26,0,0,26,70,0,0,70,110,5,0,115,272,25,0,297,396,35,0,431
112931,161,"PRIMĂRIA DUBOVA",DUBOVA,MH,418,0,4,0,4,6,41,0,47,18,57,0,75,32,58,0,90,65,69,0,134,77,72,0,149
112940,162,"FOSTA PRIMĂRIE EIBENTHAL",EIBENTHAL,MH,250,2,0,0,2,19,1,0,20,30,6,0,36,33,6,0,39,78,16,0,94,98,22,0,120
112922,163,"FOSTA ŞCOALĂ BAIA NOUĂ","BAIA NOUĂ",MH,142,4,0,0,4,15,5,0,20,23,7,0,30,25,9,0,34,33,9,0,42,35,13,0,48
111596,164,"CĂMINUL CULTURAL DUMBRAVA DE JOS","DUMBRAVA DE JOS",MH,390,7,3,0,10,41,18,0,59,62,46,6,114,79,50,6,135,139,79,6,224,185,107,23,315
111603,165,"ŞCOALA GENERALĂ ALBULEŞTI",ALBULEŞTI,MH,459,12,1,0,13,34,12,0,46,54,15,27,96,57,18,27,102,159,44,27,230,202,63,27,292
111667,166,"CLĂDIRE FOSTA ŞCOALĂ VALEA MARCULUI","VALEA MARCULUI",MH,104,5,1,0,6,16,5,11,32,31,9,11,51,31,11,11,53,43,24,11,78,47,35,11,93
111658,167,"CĂMINUL CULTURAL ROCŞORENI",ROCŞORENI,MH,91,2,5,0,7,19,8,0,27,24,11,2,37,25,13,2,40,38,28,2,68,45,32,2,79
110679,168,"CLĂDIRE FOSTĂ ŞCOALĂ VLĂDICA",VLĂDICA,MH,61,5,0,0,5,13,6,0,19,14,15,0,29,15,17,0,32,23,27,0,50,26,35,1,62
112254,169,"GRADINITA ESELNITA",EŞELNIŢA,MH,1162,9,0,0,9,23,1,0,24,36,1,0,37,51,5,0,56,116,6,0,122,237,17,0,254
112254,170,"GRADINITA ESELNITA",EŞELNIŢA,MH,1231,6,0,0,6,20,0,0,20,36,0,0,36,58,1,0,59,114,9,0,123,229,16,0,245
111694,171,"ŞCOALA GENERALĂ I-VIII FLOREŞTI",FLOREŞTI,MH,1367,6,1,0,7,19,2,0,21,38,2,0,40,45,3,0,48,209,26,0,235,307,40,0,347
111774,172,"ŞCOALA GENERALĂ I-VIII ZEGUJANI",ZEGUJANI,MH,800,3,5,0,8,25,8,0,33,45,14,0,59,75,19,0,94,183,47,0,230,248,64,0,312
111792,173,"CĂMINUL CULTURAL GÎRLA MARE","GÂRLA MARE",MH,1521,17,1,0,18,38,3,0,41,66,12,0,78,92,15,0,107,216,25,0,241,278,37,20,335
111792,174,"CĂMINUL CULTURAL GÎRLA MARE","GÂRLA MARE",MH,1075,14,2,0,16,34,3,0,37,50,5,0,55,68,6,0,74,174,16,0,190,220,22,16,258
111827,175,"PRIMĂRIA GODEANU",GODEANU,MH,474,2,0,0,2,13,9,0,22,37,23,0,60,61,33,0,94,136,69,0,205,171,86,0,257
111872,176,"ŞCOALA GENERALĂ CLASELE I-VIII GOGOȘU",GOGOŞU,MH,922,4,0,0,4,20,11,0,31,34,15,0,49,52,28,0,80,157,43,0,200,355,58,0,413
111881,177,"ŞCOALA GENERALĂBALTA VERDE","BALTA VERDE",MH,989,2,2,0,4,10,4,0,14,22,5,0,27,29,6,0,35,132,16,0,148,213,24,0,237
111890,178,"ŞCOALA GENERALĂ BURILA MICĂ","BURILA MICĂ",MH,749,3,0,0,3,7,0,0,7,32,1,0,33,37,1,0,38,108,16,0,124,160,26,0,186
111907,179,"ŞCOALA GENERALĂOSTROVU MARE","OSTROVU MARE",MH,527,3,0,0,3,15,5,0,20,22,12,0,34,30,14,0,44,63,22,0,85,77,29,0,106
111907,180,"GRĂDINIȚA PORŢILE DE FIER II","OSTROVU MARE",MH,68,0,4,0,4,0,13,0,13,0,16,0,16,0,18,0,18,2,41,0,43,13,54,0,67
111925,181,"CĂMINUL CULTURAL GRECI",GRECI,MH,509,11,6,0,17,33,12,0,45,45,15,0,60,51,18,0,69,96,30,0,126,137,38,24,199
111934,182,"ŞCOALA GENERALĂ BÎLTANELE",BÎLTANELE,MH,307,6,3,0,9,18,8,0,26,26,15,5,46,36,17,5,58,68,39,5,112,111,54,8,173
111952,183,"ŞCOALA GENERALĂ SĂLĂTRUC",SĂLĂTRUC,MH,173,0,0,0,0,9,3,0,12,23,3,0,26,23,3,0,26,99,8,12,119,106,23,12,141
111998,184,"ŞCOALA GENERALĂ I-VIII GROZEŞTI",GROZEŞTI,MH,388,11,3,0,14,52,7,0,59,61,7,0,68,74,9,0,83,128,14,0,142,153,18,0,171
112003,185,"ŞCOALA GENERALĂ I-IV CÎRCENI",CÎRCENI,MH,788,9,0,0,9,56,2,0,58,99,8,0,107,115,11,0,126,221,33,0,254,265,38,0,303
112021,186,"ŞCOALA GENERALĂ I-IV ŞUŞIŢA",ŞUŞIŢA,MH,388,6,0,0,6,41,13,0,54,57,23,0,80,60,23,0,83,94,35,0,129,115,43,0,158
112049,187,"CĂMINUL CULTURAL GRUIA",GRUIA,MH,685,4,0,0,4,12,2,0,14,22,3,0,25,31,3,0,34,67,10,0,77,121,12,0,133
112049,188,"STADIONUL COMUNAL GRUIA",GRUIA,MH,712,3,1,0,4,17,4,0,21,29,4,0,33,37,4,0,41,174,9,0,183,278,19,0,297
112058,189,"ŞCOALA GENERALĂ IZVOARELE",IZVOARELE,MH,720,1,0,0,1,16,3,0,19,30,5,0,35,35,8,0,43,66,18,0,84,107,24,0,131
112067,190,"ŞCOALA POIANA GRUII","POIANA GRUII",MH,132,5,4,0,9,21,6,0,27,25,8,0,33,30,9,0,39,37,15,0,52,48,18,0,66
112085,191,"ŞCOALA GENERALĂ I-VIII HINOVA",HINOVA,MH,862,3,1,0,4,34,12,0,46,49,12,0,61,66,12,0,78,172,45,0,217,224,63,0,287
112094,192,"ŞCOALA GENERALĂ I-VIII BISTRIŢA",BISTRIŢA,MH,1155,10,2,0,12,65,16,0,81,108,32,0,140,134,37,0,171,203,54,0,257,290,64,0,354
112110,193,"ŞCOALA GENERALĂ I-IV OSTROVU CORBULUI","OSTROVU CORBULUI",MH,307,4,0,0,4,10,1,0,11,17,2,0,19,21,3,0,24,42,19,0,61,59,37,0,96
112138,194,"ŞCOALA GIMNAZIALĂ HUSNICIOARA",HUSNICIOARA,MH,557,1,2,0,3,10,5,0,15,17,9,0,26,21,10,0,31,47,25,0,72,90,34,0,124
112218,195,"CĂMINUL CULTURAL PERI",PERI,MH,318,1,0,0,1,9,7,0,16,18,10,0,28,18,13,0,31,37,22,0,59,51,30,0,81
112156,196,"ŞCOALA GENERALĂ BĂDIŢEŞTI",BĂDIŢEŞTI,MH,154,0,0,0,0,1,2,0,3,8,7,0,15,8,10,0,18,14,12,0,26,19,18,0,37
112272,197,"DISPENSAR UMAN ILOVĂŢ",ILOVĂŢ,MH,1006,15,4,0,19,52,25,3,80,95,46,3,144,109,54,3,166,221,86,3,310,284,111,3,398
112343,198,"ȘCOALA GENERALĂ ILOVIŢA",ILOVIŢA,MH,655,4,0,0,4,14,0,0,14,27,5,0,32,37,5,0,42,76,8,0,84,109,14,0,123
112352,199,"CĂMINUL CULTURAL BAHNA",BAHNA,MH,421,6,0,0,6,14,6,0,20,21,7,0,28,35,7,0,42,75,13,0,88,114,21,0,135
112389,200,"CĂMIN CULTURAL ISVERNA",ISVERNA,MH,1285,7,1,0,8,16,2,0,18,25,6,0,31,35,6,0,41,117,25,0,142,212,36,0,248
112432,201,"ȘCOALA GENERALĂ NADANOVA",NADANOVA,MH,313,2,0,0,2,7,6,0,13,8,9,0,17,10,11,0,21,28,20,0,48,75,29,0,104
112398,202,"CĂMIN CULTURAL BUSEȘTI",BUSEŞTI,MH,146,0,1,0,1,6,3,0,9,8,6,0,14,9,7,0,16,37,15,0,52,48,17,0,65
112478,203,"CĂMINUL CULTURAL IZVORU BÎRZII","IZVORU BÎRZII",MH,1101,3,1,0,4,21,7,0,28,41,8,0,49,51,11,0,62,133,36,0,169,204,48,0,252
112487,204,"ȘCOALA GENERALĂ I-IV BALOTEŞTI",BALOTEŞTI,MH,498,3,1,0,4,19,18,0,37,35,24,0,59,38,24,0,62,67,49,0,116,90,68,0,158
112496,205,"ȘCOALA GENERALĂ I-VIII HALÎNGA",HALÎNGA,MH,733,2,0,0,2,11,3,0,14,22,3,0,25,32,8,0,40,63,21,0,84,78,21,0,99
112557,206,"ȘCOALA GENERALĂ I-VIII JIANA",JIANA,MH,566,21,4,0,25,87,13,0,100,129,16,0,145,153,17,0,170,220,38,0,258,348,48,4,400
112584,207,"ȘCOALA GENERALĂ I-IV JIANA MARE","JIANA MARE",MH,571,2,0,0,2,25,3,0,28,85,5,0,90,162,9,0,171,262,15,0,277,389,23,0,412
112593,208,"ȘCOALA GENERALĂ I-VIII JIANA VECHE","JIANA VECHE",MH,871,5,3,0,8,31,3,0,34,86,3,0,89,107,4,0,111,251,12,0,263,316,12,14,342
112575,209,"CĂMINUL CULTURAL DĂNCEU",DĂNCEU,MH,983,8,1,0,9,61,17,0,78,88,25,0,113,137,36,0,173,239,61,0,300,350,84,29,463
112566,210,"CĂMINUL CULTURAL CIOROBORENI",CIOROBORENI,MH,523,20,1,0,21,70,10,0,80,109,20,0,129,115,25,0,140,219,35,8,262,322,52,8,382
112619,211,"CĂMINUL CULTURAL LIVEZILE",LIVEZILE,MH,690,1,0,0,1,5,10,0,15,10,14,0,24,24,15,0,39,80,41,0,121,133,52,0,185
112637,212,"ŞCOALA PRIMARĂ IZVORU ANEŞTILOR","IZVORU ANEŞTILOR",MH,367,1,2,0,3,4,3,0,7,10,11,0,21,18,15,0,33,56,25,0,81,80,32,0,112
112628,213,"ŞCOALA PRIMARĂ IZVORĂLU DE JOS","IZVORĂLU DE JOS",MH,148,0,1,0,1,3,4,0,7,4,8,0,12,7,9,0,16,14,25,0,39,29,27,0,56
112673,214,"CĂMINUL CULTURAL MALOVĂŢ",MALOVĂŢ,MH,984,17,4,0,21,54,10,0,64,95,27,0,122,105,30,0,135,177,45,0,222,300,53,0,353
112735,215,"SCOALA GENERALĂ I-IV 23 AUGUST","23 AUGUST",MH,306,13,7,0,20,21,7,0,28,25,8,0,33,33,11,0,44,62,19,0,81,88,22,0,110
112682,216,"CĂMINUL CULTURAL BOBAIŢA",BOBAIŢA,MH,493,13,11,0,24,52,39,0,91,74,45,0,119,81,47,0,128,167,73,0,240,207,94,0,301
112736,217,"ŞCOALA GENERALĂ I-IV COLIBAŞI",COLIBAŞI,MH,363,3,0,0,3,28,7,0,35,41,13,0,54,44,14,0,58,97,24,0,121,132,33,1,166
112753,218,"CĂMINUL CULTURAL OBÂRŞIA DE CÂMP","OBÎRŞIA DE CÎMP",MH,634,10,4,0,14,47,12,0,59,63,14,0,77,87,16,0,103,170,26,16,212,228,40,16,284
112762,219,"CĂMINUL CULTURAL IZIMŞA",IZIMŞA,MH,855,14,5,0,19,44,16,0,60,75,20,0,95,97,30,0,127,173,62,0,235,277,80,36,393
110036,220,"ȘCOALA GENERALĂ I-VIII OBÎRȘIA CLOȘANI",OBÎRŞIA-CLOŞANI,MH,841,7,1,0,8,23,6,0,29,44,9,0,53,62,9,0,71,204,18,0,222,284,34,0,318
112780,221,"CĂMINULCULTURAL OPRIȘOR",OPRIŞOR,MH,765,8,0,0,8,21,3,0,24,23,3,0,26,57,10,0,67,121,26,0,147,207,44,0,251
112780,222,"ȘCOALA GENERALĂ I-VIII OPRIȘOR",OPRIŞOR,MH,761,5,1,0,6,15,2,0,17,17,2,0,19,31,2,0,33,65,10,0,75,127,20,0,147
112799,223,"ȘCOALA GENERALĂ PRISĂCEAUA",PRISĂCEAUA,MH,307,2,3,0,5,16,7,0,23,19,7,0,26,23,8,0,31,44,18,0,62,93,21,0,114
112815,224,"CĂMINUL CULTURAL PĂDINA MARE","PĂDINA MARE",MH,183,8,2,0,10,26,8,0,34,35,8,0,43,47,9,0,56,74,17,0,91,98,32,0,130
112851,225,"ŞCOALA GENERALĂ PĂDINA MICĂ","PĂDINA MICĂ",MH,202,0,0,0,0,7,0,0,7,14,6,0,20,15,8,0,23,23,14,0,37,35,17,0,52
112833,226,"ŞCOALA GENERALĂ IABLANIŢA",IABLANIŢA,MH,208,10,0,0,10,15,4,0,19,31,18,0,49,42,20,0,62,60,41,0,101,92,49,0,141
112860,227,"CĂMINUL CULTURAL SLAŞOMA",SLAŞOMA,MH,407,15,5,0,20,33,7,0,40,46,7,0,53,59,11,0,70,84,18,0,102,147,27,0,174
112888,228,"CĂMINUL CULTURAL PĂTULELE",PĂTULELE,MH,1245,11,1,0,12,67,13,0,80,100,15,0,115,110,16,0,126,242,42,0,284,462,64,0,526
112888,229,"ŞCOALA GENERALĂ I-IV PĂTULELE",PĂTULELE,MH,1046,15,0,0,15,39,2,0,41,65,3,0,68,85,3,0,88,187,10,0,197,335,18,0,353
112888,230,"GRĂDINIŢA NR. 3 RUDĂRIE",PĂTULELE,MH,377,0,0,0,0,55,2,0,57,80,2,0,82,84,2,0,86,109,3,0,112,120,6,0,126
112897,231,"CĂMINUL CULTURAL VIAŞU",VIAŞU,MH,417,3,4,0,7,22,8,0,30,42,8,0,50,53,9,0,62,95,30,0,125,155,35,0,190
112968,232,"CĂMINUL CULTURAL PODENI",PODENI,MH,565,17,0,0,17,35,4,0,39,55,9,0,64,75,10,0,85,202,24,0,226,294,38,0,332
112977,233,"CĂMINUL CULTURAL GORNENŢI",GORNENŢI,MH,140,3,1,0,4,5,2,0,7,25,14,0,39,33,18,0,51,54,21,0,75,76,27,0,103
113000,234,"CĂMINUL CULTURAL PONOARELE",PONOARELE,MH,840,1,0,0,1,9,0,0,9,20,3,0,23,24,5,0,29,70,11,0,81,113,14,0,127
113091,235,"CĂMINUL CULTURAL GHEORGHEŞTI",GHEORGHEŞTI,MH,547,0,0,0,0,5,2,0,7,11,8,0,19,14,9,0,23,60,15,0,75,91,23,0,114
113082,236,"ȘCOALA GENERALĂ I-IV GĂRDĂNEASA",GĂRDĂNEASA,MH,393,0,0,0,0,5,0,0,5,9,0,0,9,9,0,0,9,38,5,0,43,64,8,0,72
113028,237,"CĂMINUL CULTURAL BÎRÎIACU",BÎRÎIACU,MH,228,2,6,0,8,6,6,0,12,12,8,0,20,14,8,0,22,29,9,0,38,54,12,0,66
113162,238,"ŞCOALA GENERALĂ POROINA MARE","POROINA MARE",MH,319,2,1,0,3,7,1,0,8,10,7,0,17,15,7,0,22,80,21,0,101,92,31,0,123
113180,239,"ŞCOALA GENERALĂ I-IV STIGNIŢA",STIGNIŢA,MH,325,1,0,0,1,9,7,0,16,14,10,0,24,17,15,0,32,51,39,0,90,68,40,0,108
113171,240,"ŞCOALA GENERALĂ FÎNTÂNILE NEGRE","FÎNTÎNILE NEGRE",MH,132,3,2,0,5,4,7,0,11,8,8,0,16,8,8,0,16,14,15,0,29,18,16,0,34
113215,241,"CĂMINUL CULTURAL PRISTOL",PRISTOL,MH,797,20,1,0,21,84,13,0,97,115,22,0,137,142,25,0,167,239,38,0,277,333,45,0,378
113224,242,"ŞCOALA GENERALĂ COZIA",COZIA,MH,438,10,3,0,13,25,7,0,32,39,9,0,48,45,11,0,56,132,22,0,154,210,24,0,234
113242,243,"ŞCOALA GENERALĂ PRUNIŞOR",PRUNIŞOR,MH,436,9,3,0,12,24,10,0,34,42,14,0,56,56,18,0,74,94,35,0,129,144,47,0,191
113304,244,"CĂMINUL CULTURAL FÎNTÎNA DOMNEASCĂ","FÎNTÎNA DOMNEASCĂ",MH,308,12,1,0,13,24,5,0,29,33,8,0,41,39,9,0,48,82,23,0,105,125,27,0,152
113288,245,"CĂMINUL CULTURAL CERVENIŢA",CERVENIŢA,MH,305,2,1,0,3,16,9,0,25,26,12,0,38,35,20,0,55,61,39,0,100,73,48,0,121
113313,246,"IMOBIL PROPRIETATE PRIVATĂ - PERSOANĂ FIZICĂ",GHELMEGIOAIA,MH,306,3,3,0,6,7,7,0,14,8,10,0,18,10,17,0,27,54,29,0,83,78,40,0,118
113386,247,"ŞCOALA GENERALĂ ZEGAIA",ZEGAIA,MH,211,4,0,0,4,10,5,0,15,15,12,0,27,24,17,0,41,61,45,0,106,70,52,0,122
113402,248,"CĂMINUL CULTURAL PUNGHINA",PUNGHINA,MH,991,13,1,0,14,39,6,0,45,80,6,0,86,144,6,0,150,308,14,0,322,430,18,0,448
113448,249,"ŞCOALA I-IV RECEA",RECEA,MH,809,10,1,0,11,27,2,0,29,41,8,0,49,42,8,0,50,102,11,0,113,194,16,0,210
113411,250,"CĂMINUL CULTURAL CEARÎNG",CEARÎNGU,MH,123,7,0,0,7,11,1,0,12,21,4,0,25,28,5,0,33,49,7,0,56,84,11,0,95
113420,251,"CĂMINUL CULTURAL DRINCEA",DRINCEA,MH,285,7,3,0,10,30,11,0,41,62,19,0,81,76,20,0,96,118,26,0,144,173,31,0,204
113475,252,"ŞCOALA GENERALĂ I-VIII ROGOVA",ROGOVA,MH,1155,6,5,0,11,46,8,0,54,69,15,0,84,92,25,0,117,212,65,0,277,282,85,21,388
113509,253,"ŞCOALA GENERALĂ V-VIII SALCIA",SALCIA,MH,1141,5,3,0,8,16,6,0,22,19,8,0,27,26,10,0,36,78,17,29,124,135,26,29,190
113509,254,"ŞCOALA GENERALĂ V-VIII SALCIA",SALCIA,MH,1226,9,2,0,11,17,2,0,19,21,4,0,25,35,5,0,40,112,9,24,145,178,10,24,212
113527,255,"ŞCOALA GENERALĂ STÎNGĂCEAUA",STÎNGĂCEAUA,MH,709,7,1,0,8,27,6,0,33,28,13,0,41,31,19,0,50,99,33,0,132,188,50,0,238
113581,256,"ŞCOALA GENERALĂ SATU MARE","SATU MARE",MH,356,2,0,0,2,24,2,0,26,43,2,0,45,43,3,0,46,148,32,0,180,183,59,0,242
113616,257,"PRIMĂRIA SVINIŢA",SVINIŢA,MH,811,16,1,0,17,32,3,0,35,45,12,0,57,76,13,0,89,230,23,0,253,382,30,4,416
109835,258,"ŞCOALA GENERALĂ I-VIII ŞIMIAN",ŞIMIAN,MH,1640,12,1,0,13,44,12,0,56,106,29,0,135,131,31,0,162,247,63,0,310,367,107,0,474
109835,259,"ŞCOALA GENERALĂ I-VIII ŞIMIAN",ŞIMIAN,MH,1808,10,1,0,11,29,7,0,36,63,7,0,70,83,9,0,92,173,17,0,190,246,31,0,277
109844,260,"ŞCOALA GENERALĂ I-VIII CERNEŢI",CERNEŢI,MH,1442,10,3,0,13,33,4,0,37,75,8,0,83,120,8,0,128,275,15,0,290,441,29,0,470
109844,261,"ŞCOALA GENERALĂ I-VIII CERNEŢI",CERNEŢI,MH,1435,10,0,0,10,37,6,0,43,98,10,2,110,131,17,2,150,408,40,2,450,758,49,2,809
109871,262,"ŞCOALA GENERALĂ I-IV DUDAŞU",DUDAŞU,MH,1114,3,0,0,3,24,6,0,30,111,16,0,127,117,16,0,133,207,31,0,238,279,35,0,314
109853,263,"ŞCOALA GENERALĂ I-IV DEDOVIŢA NOUĂ","DEDOVIŢA NOUĂ",MH,326,3,8,0,11,11,11,0,22,18,22,0,40,28,22,0,50,103,47,0,150,139,51,0,190
109899,264,"ŞCOALA GENERALĂ I-IV POROINA",POROINA,MH,244,1,0,0,1,5,8,0,13,29,10,0,39,29,12,0,41,55,23,0,78,75,28,0,103
109880,265,"CLĂDIRE CONSUMCOOP ERGHEVIŢA",ERGHEVIŢA,MH,276,5,0,0,5,13,3,0,16,39,12,0,51,44,12,0,56,71,16,0,87,132,23,0,155
109906,266,"ŞCOALA GENERALĂ VALEA COPCII","VALEA COPCII",MH,108,0,0,0,0,6,0,0,6,11,2,0,13,11,9,0,20,21,10,0,31,40,12,0,52
113634,267,"CĂMINUL CULTURAL ŞIŞEŞTI",ŞIŞEŞTI,MH,986,53,3,0,56,96,18,0,114,131,26,0,157,149,35,0,184,288,53,28,369,428,71,28,527
113661,268,"ŞCOALA GENERALĂ I-IV COCOROVA",COCOROVA,MH,568,3,2,0,5,51,12,0,63,92,14,0,106,101,17,0,118,160,46,0,206,238,56,0,294
113689,269,"CĂMINUL CULTURAL NOAPTEȘA",NOAPTEŞA,MH,586,8,0,0,8,17,1,0,18,33,2,0,35,35,2,0,37,92,9,0,101,132,12,0,144
113705,270,"PRIMĂRIA ŞOVARNA",ŞOVARNA,MH,926,18,8,0,26,47,25,0,72,67,33,0,100,92,38,0,130,222,94,0,316,329,136,0,465
113741,271,"PRIMĂRIA TÎMNA",TÎMNA,MH,969,10,6,0,16,29,13,0,42,38,20,0,58,46,21,0,67,116,37,0,153,152,47,0,199
113741,272,"ŞCOALA GENERALĂ TÎMNA",TÎMNA,MH,540,1,0,0,1,15,7,0,22,28,16,0,44,41,18,0,59,104,41,0,145,151,49,0,200
113796,273,"CĂMIN CULTURAL IZVORĂLU",IZVORĂLU,MH,278,3,0,0,3,7,5,0,12,11,7,0,18,14,10,0,24,90,36,0,126,161,39,0,200
113821,274,"ŞCOALA GENERALĂ PLOPI",PLOPI,MH,483,5,0,0,5,13,1,0,14,38,2,0,40,64,3,0,67,102,9,0,111,161,16,0,177
113778,275,"ŞCOALA CREMENEA",CREMENEA,MH,166,3,3,0,6,12,14,0,26,15,15,0,30,15,19,0,34,27,22,0,49,52,32,0,84
113858,276,"ŞCOALA GENERALĂ I-VIII VÎNĂTORI",VÂNĂTORI,MH,918,3,0,0,3,18,1,0,19,32,3,0,35,42,9,0,51,150,34,15,199,230,49,15,294
113885,277,"ŞCOALA GENERALĂ I-IV ROŞIORI",ROŞIORI,MH,750,4,2,0,6,15,8,0,23,38,10,0,48,62,20,0,82,154,36,10,200,229,45,10,284
113901,278,"CĂMIN CULTURAL VÎNJULEŢ",VÎNJULEŢ,MH,1453,58,0,0,58,211,6,176,393,317,8,176,501,347,13,176,536,550,35,195,780,662,44,195,901
113938,279,"ŞCOALA I-VIII PREDA BUZESCU, VLĂDAIA",VLĂDAIA,MH,408,5,0,0,5,12,8,0,20,17,11,0,28,23,14,0,37,69,32,0,101,134,53,0,187
113947,280,"ŞCOALA GENERALĂ I-IV ALMĂJEL",ALMĂJEL,MH,571,11,2,0,13,41,7,0,48,69,16,0,85,95,24,0,119,169,40,0,209,235,46,0,281
113956,281,"ŞCOALA GENERALĂ I-IV SCORILA",SCORILA,MH,163,0,0,0,0,5,2,0,7,6,4,0,10,12,6,0,18,33,17,0,50,63,18,0,81
113965,282,"ŞCOALA GENERALĂ I-IV ŞTIRCOVIŢA",ŞTIRCOVIŢA,MH,162,4,3,0,7,8,5,0,13,14,5,0,19,16,5,0,21,29,14,0,43,44,21,0,65
113983,283,"ŞCOALA GENERALĂ I-VIII VOLOIAC",VOLOIAC,MH,512,8,2,0,10,36,16,0,52,60,22,0,82,75,25,0,100,150,35,0,185,230,69,0,299
113992,284,"ŞCOALA GENERALĂ I-IV COTOROAIA",COTOROAIA,MH,446,2,2,0,4,39,4,0,43,41,5,0,46,46,6,0,52,69,10,0,79,99,12,0,111
114006,285,"FOSTA ŞCOALĂ GENERALĂ I-IV LAC",LAC,MH,97,5,4,0,9,18,9,0,27,21,10,0,31,22,11,0,33,43,12,0,55,49,14,0,63
114042,286,"ŞCOALA GENERALĂ I-IV VALEA BUNĂ","VALEA BUNĂ",MH,300,12,2,0,14,28,9,0,37,33,13,0,46,33,16,0,49,63,25,0,88,104,32,0,136
111809,287,"CĂMINUL CULTURAL VRATA",VRATA,MH,1543,11,0,0,11,56,0,0,56,102,0,0,102,162,0,0,162,402,23,0,425,525,23,0,548
106327,1,"ŞCOALA GIMNAZIALĂ NR. 7","BAIA MARE",MM,1979,6,0,0,6,39,1,0,40,68,1,0,69,97,1,0,98,229,6,0,235,312,10,0,322
106327,2,"ŞCOALA GIMNAZIALĂ „DR. VICTOR BABEȘ""","BAIA MARE",MM,1997,28,6,0,34,71,6,0,77,105,8,0,113,119,9,0,128,221,13,0,234,272,14,0,286
106327,3,"ŞCOALA GIMNAZIALĂ „DR. VICTOR BABEȘ""","BAIA MARE",MM,1902,4,1,0,5,51,2,0,53,67,2,0,69,86,7,0,93,182,14,0,196,235,22,0,257
106327,4,"COLEGIUL TEHNIC„AUREL VLAICU""","BAIA MARE",MM,1397,4,4,0,8,28,8,0,36,50,10,0,60,57,10,0,67,123,12,0,135,154,12,0,166
106327,5,"COLEGIUL TEHNIC „AUREL VLAICU""","BAIA MARE",MM,1639,8,1,0,9,47,3,0,50,73,6,0,79,89,8,0,97,155,12,0,167,206,16,0,222
106327,6,"CENTRUL UNIVERSITAR NORD - „FACULTATEA TEHNICĂ""","BAIA MARE",MM,1358,7,0,0,7,26,1,0,27,43,2,0,45,51,5,0,56,113,7,0,120,155,20,0,175
106327,7,"ŞCOALA GIMNAZIALĂ „NICHITA STĂNESCU""","BAIA MARE",MM,1625,18,0,0,18,63,5,0,68,92,9,26,127,104,10,26,140,181,25,26,232,225,29,26,280
106327,8,"ŞCOALA GIMNAZIALĂ „NICHITA STĂNESCU""","BAIA MARE",MM,1551,20,0,0,20,74,10,0,84,99,12,20,131,110,12,20,142,188,14,20,222,228,21,20,269
106327,9,"ŞCOALA GIMNAZIALĂ „AVRAM IANCU""","BAIA MARE",MM,1063,6,1,0,7,29,3,0,32,38,3,0,41,42,3,0,45,88,3,0,91,115,8,0,123
106327,10,"ŞCOALA GIMNAZIALĂ „AVRAM IANCU""","BAIA MARE",MM,1102,1,2,0,3,12,2,0,14,36,2,0,38,41,2,0,43,110,4,0,114,141,5,0,146
106327,11,"ŞCOALA GIMNAZIALĂ „AVRAM IANCU""","BAIA MARE",MM,987,5,3,0,8,46,5,0,51,62,5,0,67,66,5,0,71,116,7,0,123,138,8,0,146
106327,12,"ŞCOALA GIMNAZIALĂ „AVRAM IANCU""","BAIA MARE",MM,1380,10,1,0,11,65,1,0,66,90,5,0,95,105,5,0,110,177,9,0,186,212,9,0,221
106327,13,"CENTRUL UNIVERSITAR NORD - „FACULTATEA DE LITERE""","BAIA MARE",MM,1459,10,4,0,14,48,14,0,62,57,18,0,75,65,21,0,86,149,34,0,183,185,49,0,234
106327,14,"CENTRUL UNIVERSITAR NORD - „FACULTATEA DE LITERE""","BAIA MARE",MM,910,9,3,0,12,52,3,0,55,68,4,0,72,71,6,0,77,123,7,0,130,143,9,0,152
106327,15,"ŞCOALA GIMNAZIALĂ „GEORGE COȘBUC""","BAIA MARE",MM,1234,5,2,0,7,50,5,0,55,77,7,0,84,78,7,0,85,146,8,1,155,192,10,1,203
106327,16,"ŞCOALA GIMNAZIALĂ „GEORGE COȘBUC""","BAIA MARE",MM,1103,8,0,0,8,49,3,0,52,67,4,0,71,77,5,0,82,152,12,0,164,193,14,0,207
106327,17,"ŞCOALA GIMNAZIALĂ „NICOLAE IORGA""","BAIA MARE",MM,919,12,1,0,13,42,4,0,46,49,5,0,54,62,7,0,69,123,12,0,135,151,14,0,165
106327,18,"ŞCOALA GIMNAZIALĂ „NICOLAE IORGA""","BAIA MARE",MM,1181,6,1,0,7,38,1,0,39,46,5,0,51,56,5,0,61,122,7,0,129,155,10,0,165
106327,19,"GRĂDINIȚA CU PROGRAM NORMAL NR. 20","BAIA MARE",MM,1578,16,1,0,17,63,1,0,64,88,6,0,94,98,8,0,106,203,19,0,222,265,26,0,291
106327,20,"LICEUL TEORETIC „EMIL RACOVIȚĂ""","BAIA MARE",MM,1521,13,1,0,14,54,9,0,63,73,12,0,85,76,12,0,88,188,25,0,213,239,33,0,272
106327,21,"LICEUL TEORETIC „EMIL RACOVIȚĂ""","BAIA MARE",MM,1506,8,2,0,10,51,3,0,54,92,5,0,97,116,8,0,124,201,13,0,214,255,29,0,284
106327,22,"ŞCOALA GIMNAZIALĂ „ALEXANDRU IOAN CUZA""","BAIA MARE",MM,1469,9,1,0,10,46,4,0,50,65,6,95,166,76,6,95,177,144,16,153,313,187,25,153,365
106327,23,"ŞCOALA GIMNAZIALĂ „ALEXANDRU IOAN CUZA""","BAIA MARE",MM,1587,15,0,0,15,59,7,0,66,73,8,0,81,102,8,0,110,196,15,0,211,238,15,0,253
106327,24,"GRĂDINIȚA CU PROGRAM PRELUNGIT „MICUL PRINŢ""","BAIA MARE",MM,1518,8,0,0,8,46,0,0,46,65,1,0,66,82,1,0,83,172,3,0,175,227,4,0,231
106327,25,"ŞCOALA GIMNAZIALĂ NR. 18","BAIA MARE",MM,1505,14,4,0,18,56,6,0,62,72,12,0,84,98,12,0,110,203,16,0,219,243,22,0,265
106327,26,"ŞCOALA GIMNAZIALĂ NR. 18","BAIA MARE",MM,1488,10,0,0,10,45,5,0,50,61,8,0,69,77,8,0,85,162,8,0,170,218,9,0,227
106327,27,"REGISTRU AUTO ROMÂN, REPREZENTANȚA MARAMUREȘ","BAIA MARE",MM,1440,7,0,0,7,33,0,1,34,45,4,0,49,49,4,0,53,105,6,0,111,138,8,0,146
106327,28,"GRĂDINIȚA CU PROGRAM PRELUNGIT NR. 28","BAIA MARE",MM,1512,15,5,0,20,59,7,0,66,92,7,0,99,106,7,0,113,190,12,0,202,236,19,0,255
106327,29,"GRĂDINIȚA CU PROGRAM PRELUNGIT NR. 25","BAIA MARE",MM,1474,17,0,0,17,49,1,0,50,61,1,0,62,69,1,0,70,149,4,0,153,189,10,0,199
106327,30,"GRĂDINIȚA CU PROGRAM PRELUNGIT NR. 25","BAIA MARE",MM,1296,13,0,0,13,43,0,0,43,57,0,0,57,62,0,0,62,148,7,0,155,185,8,0,193
106327,31,"ŞCOALA GIMNAZIALĂ „ION LUCA CARAGIALE""","BAIA MARE",MM,909,3,0,0,3,21,5,0,26,29,6,0,35,38,7,0,45,85,9,0,94,106,11,0,117
106327,32,"ŞCOALA GIMNAZIALĂ „ION LUCA CARAGIALE""","BAIA MARE",MM,1373,11,1,0,12,61,7,0,68,85,8,0,93,91,8,0,99,168,12,0,180,213,13,0,226
106327,33,"ŞCOALA GIMNAZIALĂ„ION LUCA CARAGIALE""","BAIA MARE",MM,1299,7,1,0,8,33,2,0,35,39,2,0,41,44,2,0,46,106,4,0,110,142,4,0,146
106327,34,"GRĂDINIȚA CU PROGRAM PRELUNGIT NR. 34","BAIA MARE",MM,1460,17,1,0,18,72,1,0,73,102,3,0,105,122,5,0,127,212,5,0,217,247,9,0,256
106327,35,"GRĂDINIȚA CU PROGRAM PRELUNGIT„FLOARE DE COLŢ""","BAIA MARE",MM,1481,9,2,0,11,43,4,0,47,64,8,0,72,76,8,0,84,158,9,0,167,211,13,0,224
106327,36,"ŞCOALA GIMNAZIALĂ„ALEXANDRU IVASIUC""","BAIA MARE",MM,1478,8,0,0,8,45,0,0,45,59,0,0,59,66,1,0,67,149,7,0,156,193,8,0,201
106327,37,"ŞCOALA GIMNAZIALĂ„ALEXANDRU IVASIUC""","BAIA MARE",MM,1456,13,0,0,13,52,1,0,53,89,3,0,92,105,3,0,108,186,8,0,194,227,13,0,240
106327,38,"ŞCOALA GIMNAZIALĂ „DIMITRIE CANTEMIR""","BAIA MARE",MM,1498,10,3,0,13,36,4,0,40,63,4,0,67,74,5,0,79,188,9,0,197,251,17,0,268
106327,39,"ŞCOALA GIMNAZIALĂ „DIMITRIE CANTEMIR""","BAIA MARE",MM,1446,14,0,0,14,48,1,0,49,79,1,0,80,90,2,0,92,187,8,0,195,231,18,0,249
106327,40,"ŞCOALA GIMNAZIALĂ „DIMITRIE CANTEMIR""","BAIA MARE",MM,1536,9,6,0,15,40,14,0,54,65,16,0,81,78,16,0,94,168,17,0,185,218,22,0,240
106327,41,"ANSAMBLUL FOLCLORIC NAȚIONAL„TRANSILVANIA""","BAIA MARE",MM,1419,7,5,0,12,56,6,0,62,97,10,0,107,108,11,0,119,192,19,0,211,250,31,0,281
106327,42,"LICEUL CU PROGRAM SPORTIV","BAIA MARE",MM,1478,7,3,0,10,50,5,0,55,83,12,0,95,97,12,0,109,153,20,0,173,212,24,0,236
106327,43,"LICEUL CU PROGRAM SPORTIV","BAIA MARE",MM,1286,7,0,0,7,48,0,0,48,69,0,0,69,80,0,0,80,186,5,0,191,185,7,0,192
106327,44,"LICEUL CU PROGRAM SPORTIV","BAIA MARE",MM,870,0,0,0,0,20,0,0,20,44,1,0,45,49,4,0,53,92,5,0,97,140,6,0,146
106327,45,"CENTRUL SOCIAL„ASSOC""","BAIA MARE",MM,1565,12,3,0,15,53,6,0,59,83,7,0,90,89,8,0,97,174,12,0,186,230,18,0,248
106327,46,"ADMINISTRAȚIA BAZELOR SPORTIVE","BAIA MARE",MM,1533,9,0,0,9,56,3,0,59,84,9,0,93,100,9,0,109,178,10,0,188,246,18,0,264
106327,47,"SALA SPORTURILOR„LASCĂR PANĂ""","BAIA MARE",MM,1383,4,8,0,12,36,24,0,60,53,42,0,95,63,45,0,108,149,53,0,202,204,71,0,275
106327,48,"SALA SPORTURILOR„LASCĂR PANĂ""","BAIA MARE",MM,1614,12,12,0,24,56,32,0,88,97,41,0,138,113,44,0,157,206,53,0,259,256,63,0,319
106327,49,"BIBLIOTECA JUDEȚEANĂ„PETRE DULFU”","BAIA MARE",MM,1275,14,0,0,14,60,3,0,63,83,3,0,86,87,4,0,91,138,7,0,145,173,12,0,185
106327,50,"LICEUL DE ARTE","BAIA MARE",MM,1128,5,4,0,9,50,7,0,57,65,9,0,74,80,10,0,90,154,16,0,170,184,19,0,203
106327,51,"LICEUL DE ARTE","BAIA MARE",MM,1163,2,2,2,6,30,7,0,37,45,8,0,53,62,8,0,70,129,14,0,143,162,18,0,180
106327,52,"LICEUL TEORETIC SANITAR","BAIA MARE",MM,1387,4,3,0,7,28,7,0,35,48,8,0,56,58,8,0,66,138,11,0,149,187,16,0,203
106327,53,"GRĂDINIȚA CU PROGRAM NORMAL NR. 12","BAIA MARE",MM,1670,8,1,0,9,23,1,0,24,38,2,0,40,65,2,0,67,156,5,0,161,199,5,0,204
106327,54,"ŞCOALA GIMNAZIALĂ„NICOLAE BĂLCESCU""","BAIA MARE",MM,1501,8,0,0,8,23,0,0,23,36,1,0,37,55,1,0,56,151,3,0,154,187,6,0,193
106327,55,"ŞCOALA GIMNAZIALĂ„NICOLAE BĂLCESCU""","BAIA MARE",MM,1332,5,0,0,5,33,0,0,33,58,0,0,58,70,0,0,70,153,6,0,159,204,6,0,210
106327,56,"ŞCOALA GIMNAZIALĂ „MIHAIL SADOVEANU""","BAIA MARE",MM,1207,8,2,0,10,29,2,0,31,61,2,0,63,65,3,0,68,162,5,0,167,204,5,0,209
106327,57,"ŞCOALA GIMNAZIALĂ„MIHAIL SADOVEANU""","BAIA MARE",MM,1177,9,0,0,9,28,0,0,28,64,0,0,64,82,0,0,82,187,0,0,187,236,3,0,239
106327,58,"ŞCOALA GIMNAZIALĂ NR. 13","BAIA MARE",MM,1350,3,0,0,3,29,7,0,36,40,10,0,50,62,11,0,73,145,13,0,158,194,15,0,209
106327,59,"ŞCOALA GIMNAZIALĂ „OCTAVIAN GOGA""","BAIA MARE",MM,1127,5,0,0,5,39,4,0,43,55,7,28,90,70,9,28,107,142,12,28,182,165,14,28,207
106327,60,"ŞCOALA GIMNAZIALĂ„OCTAVIAN GOGA""","BAIA MARE",MM,1240,5,0,0,5,22,1,0,23,45,1,17,63,53,4,17,74,120,10,17,147,152,10,17,179
106327,61,"COLEGIUL NAȚIONAL„GHEORGHE ȘINCAI""","BAIA MARE",MM,1631,7,0,0,7,53,6,0,59,77,13,0,90,108,15,0,123,189,23,0,212,260,31,0,291
106327,62,"COLEGIUL NAȚIONAL„VASILE LUCACIU""","BAIA MARE",MM,1458,14,0,0,14,64,1,0,65,83,2,0,85,87,4,0,91,149,10,0,159,177,13,0,190
106327,63,"COLEGIUL TEHNIC„GEORGE BARIȚIU""","BAIA MARE",MM,1481,13,3,0,16,63,7,0,70,81,14,0,95,99,14,0,113,220,21,0,241,250,29,0,279
106327,64,"ȘCOALA GIMNAZIALĂ„LUCIAN BLAGA""","BAIA MARE",MM,1098,7,0,0,7,35,0,0,35,49,4,0,53,53,5,0,58,99,8,0,107,139,14,0,153
106327,65,"ȘCOALA GIMNAZIALĂ„LUCIAN BLAGA""","BAIA MARE",MM,1055,10,1,0,11,30,5,0,35,48,6,0,54,55,6,0,61,129,11,0,140,170,14,0,184
106327,66,"ȘCOALA GIMNAZIALĂ„LUCIAN BLAGA""","BAIA MARE",MM,1718,11,3,0,14,44,5,0,49,74,6,0,80,96,6,0,102,208,24,0,232,294,26,0,320
106327,67,"ȘCOALA GIMNAZIALĂ „LUCIAN BLAGA""","BAIA MARE",MM,1638,3,0,0,3,19,0,0,19,30,1,0,31,35,1,0,36,111,2,0,113,164,9,0,173
106327,68,"COLEGIUL TEHNIC„ANGHEL SALIGNY""","BAIA MARE",MM,1678,9,2,0,11,37,10,0,47,61,29,0,90,80,30,0,110,165,41,0,206,227,61,0,288
106327,69,"SC DRUMURI ȘI PODURI MARAMUREȘ SA","BAIA MARE",MM,1443,7,4,0,11,24,6,0,30,32,6,0,38,34,6,0,40,89,7,0,96,122,9,0,131
106327,70,"CENTRUL „PHOENIX""","BAIA MARE",MM,1423,1,0,0,1,19,0,0,19,29,0,0,29,31,4,0,35,72,6,0,78,100,7,0,107
106327,71,"ŞCOALA GIMNAZIALĂ „VASILE ALECSANDRI""","BAIA MARE",MM,1511,7,1,0,8,26,6,0,32,44,6,0,50,49,8,0,57,104,11,0,115,140,21,0,161
106327,72,"ŞCOALA GIMNAZIALĂ „VASILE ALECSANDRI""","BAIA MARE",MM,1544,10,0,0,10,36,0,0,36,54,0,0,54,70,1,0,71,137,2,0,139,164,5,0,169
106327,73,"ŞCOALA GIMNAZIALĂ „VASILE ALECSANDRI""","BAIA MARE",MM,1469,2,0,0,2,35,0,0,35,45,1,0,46,47,2,0,49,104,6,0,110,150,6,0,156
106327,74,"ŞCOALA GIMNAZIALĂ „VASILE ALECSANDRI""","BAIA MARE",MM,1594,4,0,0,4,26,1,0,27,44,1,0,45,47,1,0,48,129,6,0,135,168,9,0,177
106327,75,"ŞCOALA GIMNAZIALĂ „VASILE ALECSANDRI""","BAIA MARE",MM,1356,2,2,0,4,25,5,0,30,43,5,0,48,55,5,0,60,107,6,0,113,145,6,0,151
106327,76,"GRĂDINIȚA CU PROGRAM PRELUNGIT „OTILIA CAZIMIR""","BAIA MARE",MM,1641,10,0,0,10,41,1,0,42,71,5,0,76,83,5,0,88,176,6,0,182,236,8,0,244
106327,77,"GRĂDINIȚA CU PROGRAM PRELUNGIT„OTILIA CAZIMIR""","BAIA MARE",MM,1354,3,0,0,3,11,6,0,17,20,6,0,26,25,6,0,31,70,11,0,81,104,18,0,122
106327,78,"CENTRUL„SFÂNTUL FRANCISC DE ASSISI""","BAIA MARE",MM,1541,4,3,0,7,9,4,0,13,24,4,0,28,30,4,0,34,96,7,0,103,134,8,0,142
106327,79,"GRĂDINIȚA CU PROGRAM PRELUNGIT NR. 27","BAIA MARE",MM,1803,4,1,0,5,28,2,0,30,49,4,0,53,55,4,0,59,130,8,0,138,186,11,0,197
106327,80,"ŞCOALA GIMNAZIALĂ „SIMION BĂRNUȚIU""","BAIA MARE",MM,1662,10,1,0,11,29,1,0,30,46,3,0,49,52,3,0,55,110,8,0,118,152,10,0,162
106327,81,"ŞCOALA GIMNAZIALĂ„SIMION BĂRNUȚIU""","BAIA MARE",MM,1983,8,0,0,8,44,0,0,44,79,9,0,88,104,11,0,115,192,16,0,208,303,18,0,321
106327,82,"CENTRUL„SALVAȚI FAMILIA”","BAIA MARE",MM,1889,5,0,0,5,34,7,0,41,49,8,0,57,60,8,0,68,119,10,1,130,195,12,1,208
106327,83,"CENTRUL COMUNITAR ROMANII","BAIA MARE",MM,1236,1,0,0,1,10,0,0,10,14,0,0,14,19,0,0,19,54,4,0,58,77,6,0,83
106327,84,"COLEGIUL TEHNIC „COSTIN D. NENIȚESCU""","BAIA MARE",MM,1530,9,0,0,9,31,1,0,32,40,1,0,41,48,3,0,51,96,4,0,100,134,4,0,138
106327,85,"COLEGIUL TEHNIC„COSTIN D. NENIȚESCU""","BAIA MARE",MM,1315,4,3,0,7,30,3,0,33,40,3,0,43,46,3,0,49,112,3,0,115,140,6,0,146
106568,86,"ȘCOALA GENERALĂ NR. 8","SIGHETU MARMAŢIEI",MM,1116,3,6,0,9,17,7,0,24,35,9,0,44,41,9,0,50,129,15,0,144,186,19,0,205
106568,87,"ȘCOALA GENERALĂ NR. 1","SIGHETU MARMAŢIEI",MM,1449,1,1,0,2,15,1,0,16,34,4,0,38,45,4,0,49,142,6,0,148,209,8,0,217
106568,88,"ȘCOALA GENERALĂ NR. 11","SIGHETU MARMAŢIEI",MM,1110,7,3,0,10,15,5,0,20,29,5,0,34,30,6,0,36,93,7,0,100,137,9,0,146
106568,89,"GRĂDINIȚA NR. 12","SIGHETU MARMAŢIEI",MM,1484,8,3,0,11,43,4,0,47,61,5,0,66,69,6,0,75,131,10,0,141,171,11,0,182
106568,90,"UNIVERSITATEA „BABEȘ-BOLYAI”","SIGHETU MARMAŢIEI",MM,1236,4,0,0,4,27,1,0,28,35,4,18,57,48,10,18,76,97,15,18,130,130,18,18,166
106568,91,"UNIVERSITATEA „BABEȘ-BOLYAI”","SIGHETU MARMAŢIEI",MM,542,1,0,0,1,13,0,0,13,20,0,0,20,25,6,0,31,58,6,16,80,69,7,16,92
106568,92,"LICEUL „REGELE FERDINAND”","SIGHETU MARMAŢIEI",MM,901,7,0,0,7,21,1,0,22,26,1,0,27,28,1,0,29,55,3,0,58,67,4,0,71
106568,93,"LICEUL „REGELE FERDINAND”","SIGHETU MARMAŢIEI",MM,1061,4,2,0,6,26,2,0,28,37,4,0,41,46,4,0,50,115,5,0,120,155,7,0,162
106568,94,"COLEGIUL NAȚIONAL „DRAGOȘ VODĂ”","SIGHETU MARMAŢIEI",MM,917,5,1,0,6,25,1,0,26,38,7,0,45,39,7,0,46,92,8,0,100,116,8,0,124
106568,95,"COLEGIUL NAȚIONAL „DRAGOȘ VODĂ”","SIGHETU MARMAŢIEI",MM,836,0,3,0,3,14,4,0,18,22,5,0,27,32,5,0,37,93,5,0,98,125,8,0,133
106568,96,"COLEGIUL NAȚIONAL „DRAGOȘ VODĂ”","SIGHETU MARMAŢIEI",MM,1510,9,2,0,11,38,3,0,41,48,3,0,51,62,4,0,66,145,5,0,150,179,7,0,186
106568,97,"LICEUL „TARAS SEVCENCO”","SIGHETU MARMAŢIEI",MM,1243,6,2,0,8,34,10,0,44,52,19,0,71,66,21,0,87,118,28,0,146,145,31,0,176
106568,98,"LICEUL „TARAS SEVCENCO”","SIGHETU MARMAŢIEI",MM,1302,12,2,0,14,57,6,0,63,71,8,0,79,85,8,0,93,162,13,0,175,195,18,0,213
106568,99,"ȘCOALA GENERALĂ NR. 2","SIGHETU MARMAŢIEI",MM,1406,20,0,0,20,31,9,0,40,41,12,0,53,62,13,0,75,103,18,0,121,167,23,0,190
106568,100,"GRĂDINIȚA NR. 9","SIGHETU MARMAŢIEI",MM,1575,7,0,0,7,30,2,0,32,37,3,0,40,51,3,0,54,138,10,0,148,206,14,0,220
106568,101,"ȘCOALA GENERALĂ NR. 9","SIGHETU MARMAŢIEI",MM,1249,7,0,0,7,32,0,0,32,60,5,0,65,74,5,0,79,139,9,0,148,185,11,0,196
106568,102,"ȘCOALA GENERALĂ NR. 9","SIGHETU MARMAŢIEI",MM,1115,11,0,0,11,29,1,0,30,41,1,0,42,49,1,0,50,109,1,0,110,144,2,0,146
106568,103,"LICEUL TEHNOLOGIC FORESTIER","SIGHETU MARMAŢIEI",MM,896,4,0,0,4,8,1,0,9,15,1,0,16,17,1,0,18,82,9,0,91,107,14,0,121
106568,104,"LICEUL TEHNOLOGIC FORESTIER","SIGHETU MARMAŢIEI",MM,1097,3,2,0,5,18,3,0,21,23,3,0,26,36,4,0,40,109,8,0,117,159,9,0,168
106568,105,"ȘCOALA GENERALĂ NR. 6","SIGHETU MARMAŢIEI",MM,1761,6,3,0,9,32,3,0,35,52,4,0,56,87,5,0,92,212,10,0,222,301,11,0,312
106568,106,"ȘCOALA GENERALĂ NR. 10","SIGHETU MARMAŢIEI",MM,1408,7,1,0,8,45,3,0,48,65,4,0,69,77,4,0,81,162,4,0,166,206,6,0,212
106568,107,"ȘCOALA GENERALĂ NR. 10","SIGHETU MARMAŢIEI",MM,820,6,1,0,7,33,3,0,36,39,9,0,48,41,10,0,51,95,13,0,108,114,13,0,127
106568,108,"ȘCOALA GENERALĂ NR. 10","SIGHETU MARMAŢIEI",MM,962,9,0,0,9,27,3,0,30,34,4,0,38,37,4,0,41,81,6,0,87,95,9,0,104
106568,109,"GRĂDINIȚA NR. 1","SIGHETU MARMAŢIEI",MM,1072,1,0,0,1,32,2,0,34,53,3,0,56,60,3,0,63,110,5,0,115,142,6,0,148
106568,110,"GRĂDINIȚA NR. 1","SIGHETU MARMAŢIEI",MM,837,4,0,0,4,8,0,0,8,9,0,0,9,12,0,0,12,61,2,0,63,73,7,0,80
106568,111,"SALA POLIVALENTĂ","SIGHETU MARMAŢIEI",MM,1070,9,0,0,9,34,2,0,36,50,2,0,52,56,2,0,58,111,4,0,115,146,9,0,155
106568,112,"SALA POLIVALENTĂ","SIGHETU MARMAŢIEI",MM,834,3,3,0,6,30,3,0,33,37,5,0,42,43,5,0,48,80,5,0,85,99,5,0,104
106568,113,"SALA POLIVALENTĂ","SIGHETU MARMAŢIEI",MM,1879,9,0,0,9,31,2,0,33,44,8,0,52,64,10,0,74,192,16,0,208,256,19,0,275
106568,114,"ȘCOALA GENERALĂ NR. 5","SIGHETU MARMAŢIEI",MM,1232,5,1,0,6,21,4,0,25,34,5,0,39,47,5,0,52,144,9,0,153,172,10,0,182
106568,115,"ȘCOALA GENERALĂ NR. 5","SIGHETU MARMAŢIEI",MM,1340,3,0,0,3,9,1,0,10,14,6,0,20,28,6,0,34,107,12,0,119,136,14,0,150
106568,116,"ȘCOALA GENERALĂ NR. 7","SIGHETU MARMAŢIEI",MM,833,2,0,0,2,2,0,0,2,6,2,0,8,16,2,0,18,47,2,0,49,63,7,0,70
106693,117,"COLEGIUL TEHNIC DE TRANSPORTURI AUTO","BAIA SPRIE",MM,1172,11,3,0,14,32,4,0,36,37,5,0,42,47,5,0,52,101,9,0,110,114,12,0,126
106693,118,"COLEGIUL TEHNIC DE TRANSPORTURI AUTO","BAIA SPRIE",MM,1252,9,2,0,11,18,3,0,21,32,3,0,35,38,3,0,41,100,8,0,108,109,8,0,117
106693,119,"COLEGIUL TEHNIC DE TRANSPORTURI AUTO","BAIA SPRIE",MM,1138,5,1,0,6,18,1,0,19,28,2,0,30,32,2,0,34,65,7,0,72,83,7,0,90
106693,120,"COLEGIUL TEHNIC DE TRANSPORTURI AUTO","BAIA SPRIE",MM,1244,10,2,0,12,24,3,0,27,34,3,0,37,40,3,0,43,102,3,0,105,121,3,0,124
106693,121,"ȘCOALA GIMNAZIALĂ","BAIA SPRIE",MM,1620,2,0,0,2,26,0,0,26,35,0,0,35,50,1,0,51,124,2,0,126,162,3,0,165
106693,122,"ȘCOALA GIMNAZIALĂ","BAIA SPRIE",MM,1554,7,0,0,7,44,0,0,44,54,0,0,54,79,1,0,80,141,4,0,145,177,4,0,181
106700,123,"ȘCOALA GIMNAZIALĂ",CHIUZBAIA,MM,538,6,4,0,10,20,4,0,24,31,5,0,36,47,5,0,52,124,19,0,143,143,26,0,169
106728,124,"ȘCOALA GIMNAZIALĂ „IOAN SLAVICI”","SATU NOU DE SUS",MM,887,2,0,0,2,12,1,0,13,18,3,0,21,38,3,0,41,124,7,0,131,166,12,0,178
106693,125,"SCOALA GIMNAZIALA","BAIA SPRIE",MM,793,0,0,0,0,5,2,0,7,5,2,0,7,8,2,0,10,57,5,0,62,74,7,0,81
106693,126,"SCOALA GIMNAZIALA","BAIA SPRIE",MM,1258,0,4,0,4,19,6,0,25,29,6,0,35,32,6,0,38,92,9,0,101,112,10,0,122
106719,127,"ȘCOALA GIMNAZIALĂ „IOAN SLAVICI”","TĂUŢII DE SUS",MM,1229,5,2,0,7,14,5,0,19,30,10,0,40,50,13,0,63,109,19,224,352,131,27,224,382
106719,128,"ȘCOALA GIMNAZIALĂ „IOAN SLAVICI”","TĂUŢII DE SUS",MM,1147,4,2,0,6,10,3,0,13,26,4,0,30,45,4,0,49,127,7,0,134,161,12,0,173
106755,129,"ŞCOALA NR. 1",BORŞA,MM,1542,2,8,0,10,10,9,0,19,15,9,0,24,19,9,0,28,87,12,0,99,106,12,0,118
106755,130,"ŞCOALA NR. 1",BORŞA,MM,1365,5,4,0,9,8,4,0,12,11,4,0,15,33,4,0,37,91,6,0,97,120,9,0,129
106755,131,"ŞCOALA NR. 8",BORŞA,MM,1308,2,6,0,8,10,6,0,16,10,6,0,16,14,6,0,20,85,11,0,96,108,12,0,120
106755,132,"ŞCOALA NR. 8",BORŞA,MM,1314,3,0,0,3,19,0,0,19,23,0,0,23,30,3,0,33,95,4,0,99,130,5,0,135
106755,133,"ŞCOALA NR. 9",BORŞA,MM,1568,5,5,0,10,18,5,0,23,19,7,0,26,28,7,0,35,69,14,0,83,84,14,0,98
106755,134,"ŞCOALA NR. 9",BORŞA,MM,1058,0,7,0,7,3,7,0,10,9,9,0,18,15,9,0,24,66,27,0,93,87,27,0,114
106755,135,"ŞCOALA NR. 9 CORP B",BORŞA,MM,1115,3,3,0,6,15,5,0,20,19,5,0,24,23,5,0,28,71,11,0,82,90,16,0,106
106755,136,"ŞCOALA NR. 9 CORP B",BORŞA,MM,828,2,0,0,2,11,1,0,12,11,5,0,16,14,6,0,20,54,7,0,61,70,7,0,77
106755,137,"ŞCOALA NR. 9 CORP B",BORŞA,MM,1086,4,5,0,9,19,6,0,25,25,6,0,31,26,6,0,32,59,6,0,65,69,7,0,76
106755,138,"ŞCOALA GÎRLEA",BORŞA,MM,1050,0,0,0,0,2,0,0,2,18,5,0,23,20,5,0,25,84,6,0,90,111,6,0,117
106755,139,"ŞCOALA REPEDEA",BORŞA,MM,851,0,4,0,4,0,5,0,5,0,5,0,5,9,5,0,14,44,7,0,51,60,7,0,67
106755,140,"ŞCOALA REPEDEA",BORŞA,MM,977,3,5,0,8,5,5,0,10,8,5,0,13,16,5,0,21,65,5,0,70,98,5,0,103
106755,141,"ŞCOALA POIANA",BORŞA,MM,948,1,0,0,1,6,4,0,10,8,4,0,12,8,5,0,13,51,5,0,56,86,5,0,91
106755,142,"ŞCOALA POIANA",BORŞA,MM,972,1,3,0,4,7,9,0,16,10,9,0,19,15,9,0,24,75,12,0,87,102,13,0,115
106755,143,"ŞCOALA BIRŢ",BORŞA,MM,1312,1,2,0,3,6,5,0,11,9,5,0,14,13,6,0,19,75,10,0,85,98,11,0,109
106755,144,"ŞCOALA FÎNTÎNA",BORŞA,MM,1148,0,0,0,0,3,0,0,3,6,0,0,6,12,4,0,16,60,7,0,67,74,8,0,82
106755,145,"ŞCOALA ROTUNDU",BORŞA,MM,1111,0,0,0,0,5,0,0,5,7,1,0,8,18,1,0,19,99,4,0,103,114,8,0,122
106755,146,"ŞCOALA ROTUNDU",BORŞA,MM,1201,1,0,0,1,9,0,0,9,9,0,0,9,11,3,0,14,82,3,0,85,116,5,0,121
106764,147,"ŞCOALA NR. 7","BĂILE BORŞA",MM,1212,1,3,0,4,8,3,0,11,10,3,0,13,11,3,0,14,89,6,0,95,119,9,0,128
106755,148,"ŞCOALA NR. 7",BORŞA,MM,1358,12,0,0,12,24,0,0,24,35,0,1,36,46,0,1,47,127,4,1,132,170,6,1,177
106791,149,"COLEGIUL ECONOMIC „PINTEA VITEAZUL”",CAVNIC,MM,1800,21,3,0,24,45,6,0,51,58,8,0,66,83,8,0,91,155,15,0,170,194,16,1,211
106791,150,"ŞCOALA GENERALĂ NR. 2",CAVNIC,MM,1706,9,6,0,15,33,11,0,44,45,13,0,58,64,15,0,79,164,20,0,184,224,25,0,249
106791,151,"ŞCOALA GENERALĂ NR. 1",CAVNIC,MM,779,4,1,0,5,6,3,0,9,9,7,0,16,14,8,0,22,31,9,0,40,40,10,0,50
108026,152,"SALA DE SPORT",DRAGOMIREŞTI,MM,1214,8,2,0,10,25,9,0,34,32,11,0,43,45,11,0,56,119,13,0,132,232,14,0,246
108026,153,"CENTRUL DE CERCETARI TEOLOGICO-FILOSOFICE",DRAGOMIREŞTI,MM,1378,4,10,0,14,23,12,0,35,28,14,0,42,43,16,0,59,133,18,0,151,269,22,0,291
108909,154,"CASA DE CULTURĂ","SĂLIŞTEA DE SUS",MM,1665,7,0,0,7,36,0,0,36,44,1,0,45,59,1,0,60,218,8,0,226,312,9,0,321
108909,155,"ŞCOALA GIMNAZIALĂ „MIHAI EMINESCU""","SĂLIŞTEA DE SUS",MM,1559,4,0,0,4,24,2,0,26,41,2,0,43,79,3,0,82,226,13,0,239,312,19,0,331
108909,156,"ŞCOALA GIMNAZIALĂ „MIHAI EMINESCU""","SĂLIŞTEA DE SUS",MM,1034,5,1,0,6,10,1,0,11,18,1,0,19,49,5,0,54,138,7,0,145,182,8,0,190
108972,157,"CASA DE CULTURĂ",SEINI,MM,1749,8,0,0,8,27,0,0,27,41,4,0,45,58,6,0,64,181,18,0,199,246,22,0,268
108972,158,"ŞCOALA GENERALĂ NR. 1",SEINI,MM,1713,12,1,0,13,41,8,0,49,60,8,0,68,88,8,0,96,251,17,0,268,305,17,0,322
108972,159,"LICEUL TEHNOLOGIC AGRICOL „ALEXIU BERINDE"", ŞCOALA GENERALĂ SEINI",SEINI,MM,1993,8,0,0,8,25,0,0,25,36,0,0,36,50,2,0,52,150,8,0,158,191,11,0,202
108972,160,"ŞCOALA MAGHIARĂ",SEINI,MM,1196,11,1,0,12,28,3,0,31,34,7,0,41,47,7,0,54,135,11,0,146,178,13,0,191
108981,161,ŞCOALA,SĂBIŞA,MM,682,4,1,0,5,9,3,0,12,21,4,0,25,23,4,0,27,79,13,0,92,114,15,0,129
108990,162,"SALA MULTIFUNCŢIONALĂ VIILE APEI","VIILE APEI",MM,541,3,2,0,5,10,2,0,12,13,4,0,17,15,7,0,22,75,15,0,90,108,19,0,127
109185,163,"CASA DE CULTURĂ","ŞOMCUTA MARE",MM,846,3,0,0,3,17,1,0,18,22,6,0,28,26,6,0,32,103,10,0,113,137,12,0,149
109185,164,"ȘCOALA GENERALĂ CU CLASELE I-IV","ŞOMCUTA MARE",MM,734,9,4,0,13,21,7,0,28,28,9,0,37,33,12,0,45,85,19,0,104,109,24,0,133
109185,165,"GRĂDINIȚA CU PROGRAM PRELUNGIT","ŞOMCUTA MARE",MM,984,7,3,0,10,24,5,0,29,34,5,0,39,40,5,0,45,126,10,0,136,166,12,0,178
109185,166,"ȘCOALA GENERALĂ NR. 2","ŞOMCUTA MARE",MM,737,1,0,0,1,7,0,0,7,14,0,0,14,17,0,0,17,31,4,0,35,66,4,0,70
109194,167,"CĂMINUL CULTURAL",BUCIUMI,MM,641,6,4,0,10,14,6,0,20,36,9,0,45,59,10,0,69,129,12,0,141,228,23,0,251
109201,168,"ȘCOALA GENERALĂ",BUTEASA,MM,320,1,1,0,2,4,3,0,7,6,4,0,10,8,4,0,12,32,4,0,36,54,7,0,61
109229,169,"ȘCOALA GENERALĂ","CODRU BUTESII",MM,203,3,3,0,6,3,4,0,7,5,5,0,10,6,5,0,11,25,6,0,31,63,7,0,70
109238,170,"ȘCOALA GENERALĂ","FINTEUŞU MARE",MM,531,8,1,0,9,16,1,0,17,25,3,0,28,30,5,0,35,87,15,0,102,132,18,0,150
109247,171,"CĂMINUL CULTURAL",HOVRILA,MM,220,0,3,0,3,3,3,0,6,5,3,0,8,9,3,0,12,37,5,0,42,64,8,0,72
109210,172,"CĂMINUL CULTURAL",CIOLT,MM,507,2,1,0,3,5,1,0,6,11,1,0,12,16,1,0,17,75,2,0,77,119,10,0,129
109256,173,"CĂMINUL CULTURAL","VĂLENII ŞOMCUTEI",MM,632,4,3,0,7,8,4,0,12,13,8,0,21,14,9,0,23,51,12,0,63,152,18,0,170
106489,174,"ȘCOALA GENERALĂ",BĂIŢA,MM,877,0,0,0,0,10,8,0,18,13,8,0,21,26,9,0,35,81,14,0,95,98,21,0,119
106498,175,"ȘCOALA GENERALĂ","BOZÂNTA MARE",MM,561,3,1,0,4,8,1,0,9,12,3,0,15,26,6,0,32,89,12,0,101,140,16,0,156
106522,176,"ȘCOALA GENERALĂ",NISTRU,MM,598,7,0,0,7,21,2,0,23,26,2,0,28,30,2,0,32,88,13,0,101,105,13,0,118
106470,177,"SALA MULTIFUNCȚIONALĂ MĂGHERĂUȘ",TĂUŢII-MĂGHERĂUŞ,MM,1123,8,2,0,10,26,2,0,28,35,4,0,39,43,5,0,48,147,18,0,165,182,25,0,207
106470,178,"LICEUL TEHNOLOGIC „TRAIAN VUIA”",TĂUŢII-MĂGHERĂUŞ,MM,1053,6,1,0,7,29,7,0,36,35,7,0,42,42,11,0,53,110,14,0,124,163,20,0,183
106470,179,"GRĂDINIȚA HOȘTEZE",TĂUŢII-MĂGHERĂUŞ,MM,774,4,0,0,4,14,0,0,14,19,0,0,19,27,2,0,29,77,10,0,87,108,14,0,122
106489,180,"CANTONUL SILVIC",BĂIŢA,MM,219,2,0,0,2,6,0,0,6,8,4,0,12,12,4,0,16,35,8,0,43,39,9,0,48
106489,181,"GRĂDINIȚA ROȘTI",BĂIŢA,MM,470,2,3,0,5,14,6,0,20,25,6,0,31,29,6,0,35,63,8,0,71,82,8,0,90
106504,182,"CĂMINUL CULTURAL",BUŞAG,MM,552,6,3,0,9,14,3,0,17,22,4,0,26,33,5,0,38,82,14,0,96,102,15,0,117
106513,183,"CĂMINUL CULTURAL",MERIŞOR,MM,246,5,4,0,9,16,4,0,20,17,5,0,22,19,6,0,25,55,10,0,65,66,12,0,78
106531,184,"CĂMINUL CULTURAL",ULMOASA,MM,154,4,0,0,4,12,2,0,14,16,2,0,18,19,2,0,21,38,5,0,43,42,5,0,47
106522,185,"GRĂDINIȚA 9 MAI",NISTRU,MM,325,12,3,0,15,26,3,0,29,43,3,0,46,47,3,0,50,61,4,0,65,96,5,0,101
106826,186,"CASA ORĂŞENEASCĂ DE CULTURĂ","TÎRGU LĂPUŞ",MM,1721,13,2,0,15,50,5,0,55,85,8,0,93,119,9,0,128,257,14,0,271,344,21,0,365
106826,187,"ŞCOALA GENERALĂ PENTRU COPII CU DEFICIENŢE","TÎRGU LĂPUŞ",MM,1876,17,3,0,20,74,5,0,79,114,8,0,122,167,8,0,175,354,17,0,371,506,24,0,530
106826,188,"PRIMĂRIA ORAŞULUI TÎRGU LĂPUŞ","TÎRGU LĂPUŞ",MM,1373,19,2,0,21,78,6,0,84,93,8,0,101,139,13,0,152,286,17,0,303,379,29,0,408
106835,189,"ŞCOALA GENERALĂ",BOIERENI,MM,304,5,3,0,8,16,12,0,28,20,13,0,33,28,17,0,45,66,22,0,88,77,28,0,105
106844,190,"ŞCOALA GENERALĂ",BORCUT,MM,412,4,4,0,8,4,4,0,8,9,4,0,13,11,4,0,15,63,6,0,69,119,6,0,125
106853,191,"ŞCOALA GENERALĂ",CUFOAIA,MM,174,2,5,0,7,4,8,0,12,5,8,1,14,8,8,1,17,25,12,1,38,50,15,1,66
106862,192,"ŞCOALA GENERALĂ",DĂMĂCUŞENI,MM,789,1,1,0,2,1,1,0,2,6,2,0,8,6,2,0,8,25,3,0,28,25,3,0,28
106871,193,"ŞCOALA GENERALĂ","DOBRICU LĂPUŞULUI",MM,319,3,4,0,7,6,4,0,10,8,4,0,12,13,6,0,19,41,12,0,53,70,16,0,86
106880,194,"ŞCOALA GENERALĂ",DUMBRAVA,MM,179,2,1,0,3,7,4,0,11,10,5,0,15,12,7,0,19,39,11,0,50,44,12,0,56
106899,195,"ŞCOALA GENERALĂ",FÎNTÎNELE,MM,207,1,0,0,1,4,0,0,4,5,0,0,5,10,0,0,10,39,0,0,39,53,0,0,53
106906,196,"ŞCOALA GENERALĂ",GROAPE,MM,59,1,3,0,4,3,4,0,7,4,4,0,8,6,5,0,11,15,6,0,21,18,7,0,25
106915,197,"ŞCOALA GENERALĂ",INĂU,MM,214,0,1,0,1,3,2,0,5,4,3,0,7,5,3,0,8,44,6,0,50,54,6,0,60
106924,198,"CĂMINUL CULTURAL",RĂZOARE,MM,658,10,0,0,10,20,0,0,20,35,0,0,35,39,0,0,39,122,10,0,132,163,12,0,175
106924,199,"ŞCOALA GENERALĂ",RĂZOARE,MM,484,4,3,0,7,31,8,0,39,41,8,0,49,43,9,0,52,125,13,0,138,174,18,0,192
106933,200,"CĂMINUL CULTURAL",ROGOZ,MM,1267,7,0,0,7,17,0,0,17,37,0,0,37,43,0,0,43,179,1,0,180,238,4,0,242
106942,201,GRĂDINIŢĂ,ROHIA,MM,597,3,3,0,6,9,3,0,12,16,7,0,23,49,10,0,59,152,17,0,169,197,26,0,223
106951,202,"ŞCOALA GENERALĂ",STOICENI,MM,216,1,0,0,1,2,0,0,2,7,1,0,8,20,1,0,21,38,2,0,40,44,4,0,48
109292,203,"ȘCOALA GIMNAZIALĂ",CHELINŢA,MM,1151,1,3,0,4,16,3,0,19,31,5,0,36,39,5,0,44,117,8,0,125,363,19,0,382
109274,204,"CENTRUL DE CULTURĂ ȘI ARTĂ",ULMENI,MM,1227,7,1,0,8,24,1,0,25,53,2,0,55,80,6,0,86,190,10,0,200,260,22,0,282
109283,205,"ȘCOALA GIMNAZIALĂ „KOS KAROLY”",ARDUZEL,MM,704,0,3,0,3,5,4,0,9,9,5,0,14,14,5,0,19,68,7,2,77,160,8,2,170
109309,206,"CĂMINUL CULTURAL",MÂNĂU,MM,893,4,1,0,5,16,2,0,18,36,3,0,39,44,3,0,47,157,5,0,162,245,10,0,255
109318,207,"CĂMINUL CULTURAL",SOMEŞ-UILEAC,MM,626,3,2,0,5,8,2,0,10,11,4,0,15,16,6,0,22,97,13,0,110,166,26,0,192
109327,208,"CĂMINUL CULTURAL",TOHAT,MM,200,1,0,0,1,4,1,0,5,5,1,0,6,8,1,0,9,40,6,0,46,60,8,0,68
109336,209,"ȘCOALA PRIMARĂ",ŢICĂU,MM,643,2,0,0,2,19,0,0,19,27,2,0,29,30,2,0,32,81,3,0,84,113,5,0,118
109345,210,"ȘCOALA PRIMARĂ",VICEA,MM,281,7,4,0,11,14,4,0,18,17,5,0,22,20,5,0,25,56,9,0,65,73,10,0,83
106988,211,"ŞCOALA GENERALĂ NR. 2","VIŞEU DE SUS",MM,1093,4,2,0,6,10,3,0,13,11,3,0,14,15,5,0,20,58,6,0,64,75,6,0,81
106988,212,"ŞCOALA GENERALĂ NR. 2","VIŞEU DE SUS",MM,1087,1,0,0,1,12,0,0,12,14,0,0,14,17,2,0,19,64,4,0,68,80,6,0,86
106988,213,"LICEUL TEORETIC BOGDAN VODĂ","VIŞEU DE SUS",MM,902,1,1,0,2,14,3,0,17,17,8,0,25,20,8,0,28,62,8,0,70,80,11,0,91
106988,214,"LICEUL TEORETIC BOGDAN VODĂ","VIŞEU DE SUS",MM,935,5,0,0,5,13,3,0,16,13,3,0,16,13,5,0,18,60,16,0,76,87,17,0,104
106988,215,"LICEUL TEHNOLOGIC","VIŞEU DE SUS",MM,1645,8,0,0,8,22,1,0,23,24,1,0,25,36,4,0,40,105,4,0,109,130,9,0,139
106988,216,"LICEUL TEHNOLOGIC","VIŞEU DE SUS",MM,1643,5,0,0,5,16,0,0,16,25,0,0,25,28,0,0,28,102,4,0,106,130,7,0,137
106988,217,"LICEUL TEHNOLOGIC NR. 4","VIŞEU DE SUS",MM,1070,1,0,0,1,10,0,0,10,13,0,0,13,16,1,0,17,59,5,0,64,101,7,0,108
106988,218,"LICEUL TEHNOLOGIC NR. 4","VIŞEU DE SUS",MM,968,1,0,0,1,3,0,0,3,6,0,0,6,9,0,0,9,48,1,0,49,64,4,0,68
106988,219,"CANTINA DE AJUTOR SOCIAL","VIŞEU DE SUS",MM,1541,7,0,0,7,38,2,0,40,54,3,0,57,82,4,0,86,175,4,0,179,231,5,0,236
106988,220,"ŞCOALA GIMNAZIALĂ NR. 7","VIŞEU DE SUS",MM,1638,4,0,0,4,12,4,0,16,16,7,0,23,19,11,0,30,104,15,0,119,134,17,0,151
106988,221,"ŞCOALA GIMNAZIALĂ NR. 7","VIŞEU DE SUS",MM,1550,7,0,0,7,24,2,0,26,32,3,0,35,39,3,0,42,108,5,0,113,131,10,0,141
106988,222,"ŞCOALA GIMNAZIALĂ NR. 3","VIŞEU DE SUS",MM,761,3,0,0,3,12,0,0,12,13,0,0,13,15,0,0,15,29,0,0,29,55,5,0,60
107010,223,"ŞCOALACU CLASELEI-VIII",ARDUSAT,MM,1550,10,0,0,10,32,3,0,35,41,5,0,46,44,6,0,50,73,12,0,85,204,34,0,238
107029,224,"ŞCOALA CU CLASELE I-IV","ARIEŞU DE CÎMP",MM,222,0,0,0,0,2,0,0,2,4,0,0,4,4,0,0,4,28,1,0,29,48,4,0,52
107038,225,"ŞCOALA CU CLASELEI-IV",COLŢIREA,MM,357,4,5,0,9,18,6,0,24,27,7,0,34,32,8,0,40,88,14,0,102,128,19,0,147
107056,226,"CĂMINUL CULTURAL",ARINIŞ,MM,684,4,4,0,8,12,5,0,17,22,5,0,27,29,5,0,34,160,19,0,179,263,29,11,303
107074,227,"CĂMIN CULTURAL TĂMĂŞEŞTI",TĂMĂŞEŞTI,MM,173,4,3,0,7,10,6,0,16,12,11,0,23,27,11,0,38,63,43,0,106,76,52,2,130
107092,228,PRIMĂRIA,"ASUAJU DE SUS",MM,770,12,3,0,15,27,6,0,33,30,10,0,40,40,11,0,51,140,30,0,170,273,41,0,314
107109,229,"CĂMINUL CULTURAL","ASUAJU DE JOS",MM,262,2,1,0,3,12,5,0,17,20,8,0,28,23,9,0,32,72,22,0,94,107,30,0,137
107127,230,"ŞCOALA GIMNAZIALĂ","BĂIŢA DE SUB CODRU",MM,1194,10,2,0,12,29,2,0,31,41,4,0,45,66,5,0,71,239,20,0,259,312,26,0,338
107145,231,"ŞCOALA CU CLASELE I-IV",URMENIŞ,MM,249,3,2,0,5,8,4,0,12,11,6,0,17,16,8,0,24,36,13,0,49,59,18,0,77
107181,232,"CĂMINUL CULTURAL",STRÎMBU-BĂIUŢ,MM,498,2,1,0,3,7,3,0,10,8,3,0,11,14,4,0,18,59,9,0,68,67,12,0,79
107163,233,"ŞCOALA DE ARTE ŞI MESERII",BĂIUŢ,MM,1288,6,0,0,6,15,0,0,15,16,1,0,17,39,2,0,41,106,11,0,117,136,12,0,148
107172,234,GRĂDINIŢA,"POIANA BOTIZII",MM,191,1,0,0,1,5,0,0,5,8,1,0,9,9,1,0,10,32,1,0,33,41,1,0,42
107207,235,PRIMĂRIA,BĂSEŞTI,MM,455,0,1,0,1,5,1,0,6,11,2,0,13,19,6,0,25,70,16,0,86,90,20,0,110
107136,236,"ŞCOALA CU CLASELE I-IV",ODEŞTI,MM,314,4,2,0,6,8,3,0,11,10,3,0,13,13,4,0,17,48,14,0,62,58,20,0,78
107216,237,"ȘCOALA CU CLASELE I-IV",SĂLIŞTE,MM,76,0,4,0,4,1,9,0,10,5,9,0,14,5,9,0,14,29,14,0,43,35,16,2,53
107225,238,"ŞCOALA CU CLASELE I-IV",STREMŢ,MM,232,3,3,0,6,4,5,0,9,4,5,0,9,7,7,0,14,46,12,0,58,52,16,0,68
107323,239,"ŞCOALA GIMNAZIALĂ „MIRCEAVULCANESCU”",BÂRSANA,MM,1492,3,0,0,3,15,20,0,35,26,20,0,46,42,23,0,65,220,34,0,254,342,42,0,384
107323,240,"ŞCOALAGIMNAZIALĂ „MIRCEAVULCĂNESCU”",BÂRSANA,MM,1168,7,1,0,8,26,29,0,55,42,29,0,71,63,29,0,92,195,35,0,230,246,36,0,282
107323,241,"ȘCOALA „VALEAMUNTELUI”",BÂRSANA,MM,628,7,1,0,8,10,1,0,11,12,1,0,13,12,4,0,16,67,5,0,72,98,7,0,105
107332,242,"ȘCOALA „NĂNEȘTI”",NĂNEŞTI,MM,531,2,2,0,4,2,3,0,5,5,3,0,8,10,4,0,14,68,8,0,76,103,12,0,115
107243,243,"CĂMINUL CULTURAL",BICAZ,MM,442,3,0,0,3,7,0,0,7,8,0,0,8,13,0,0,13,85,8,0,93,110,10,0,120
107252,244,"ŞCOALA CU CLASELE I-IV",CIUTA,MM,143,0,0,0,0,3,0,0,3,3,0,0,3,5,1,0,6,28,12,0,40,49,14,0,63
107261,245,"CĂMINUL CULTURAL",CORNI,MM,239,0,0,0,0,7,4,0,11,11,4,0,15,16,6,0,22,47,11,0,58,89,13,0,102
107289,246,"PRIMĂRIA BISTRA",BISTRA,MM,812,6,3,0,9,21,5,0,26,23,5,0,28,51,5,0,56,129,7,1,137,189,12,2,203
107298,247,"ŞCOALA GIMNAZIALĂ","CRASNA VIŞEULUI",MM,1271,5,0,0,5,14,0,0,14,24,5,0,29,35,6,0,41,180,14,0,194,221,20,0,241
107305,248,"ŞCOALA GIMNAZIALĂ","VALEA VIŞEULUI",MM,1190,6,2,0,8,14,3,0,17,29,3,0,32,36,4,0,40,111,7,0,118,178,7,0,185
107387,249,"ŞCOALA CU CLASELE I-VIII","LUNCA LA TISA",MM,701,2,1,0,3,6,1,0,7,9,1,0,10,12,2,0,14,45,5,0,50,76,9,0,85
107396,250,"ŞCOALA CU CLASELE I-VIII",TISA,MM,1196,6,1,0,7,15,3,0,18,22,3,0,25,26,3,0,29,104,3,0,107,158,9,0,167
107369,251,"GRĂDINIŢA DE COPII","BOCICOIU MARE",MM,501,1,0,0,1,6,0,0,6,8,0,0,8,12,2,0,14,36,2,0,38,43,2,0,45
107378,252,"GRĂDINIŢA DE COPII",CRĂCIUNEŞTI,MM,1277,6,2,0,8,17,2,0,19,23,2,0,25,25,3,0,28,78,8,0,86,147,14,0,161
107421,253,"ŞCOALA GENERALĂ",BOCICOEL,MM,544,4,4,0,8,14,4,0,18,17,8,0,25,35,11,0,46,116,14,0,130,138,15,0,153
107412,254,"CLUBUL DIN INCINTA PRIMĂRIEI","BOGDAN VODĂ",MM,1994,4,0,0,4,15,0,0,15,26,0,0,26,59,1,0,60,221,6,0,227,292,8,0,300
107449,255,PRIMĂRIA,"BOIU MARE",MM,470,3,0,0,3,8,0,0,8,25,4,0,29,28,4,0,32,66,10,0,76,129,14,0,143
107467,256,"ŞCOALA GENERALĂ",PRISLOP,MM,393,2,0,0,2,7,2,0,9,18,4,0,22,20,4,0,24,60,7,0,67,96,9,0,105
107458,257,"ŞCOALA GENERALĂ","FRÎNCENII BOIULUI",MM,49,2,0,0,2,8,0,0,8,9,4,0,13,11,4,0,15,18,6,0,24,25,9,0,34
107476,258,"ŞCOALA GENERALĂ",ROMĂNEŞTI,MM,58,1,1,0,2,6,3,0,9,6,5,0,11,6,5,0,11,27,8,0,35,32,8,0,40
107494,259,"SEDIUL PRIMĂRIEI BOTIZA",BOTIZA,MM,1847,10,0,0,10,54,0,0,54,72,6,0,78,95,6,0,101,330,13,0,343,451,23,0,474
107494,260,"ŞCOALA PRIMARĂ VALEA SASULUI",BOTIZA,MM,267,0,0,0,0,9,1,0,10,9,1,0,10,10,1,0,11,49,5,0,54,59,6,0,65
107537,261,"ȘCOALA CU CLASELE I-VIII",SÎRBI,MM,675,0,2,0,2,6,2,0,8,9,2,0,11,13,2,0,15,68,4,0,72,98,5,0,103
107528,262,SEDIULPRIMĂRIEI,BUDEŞTI,MM,1146,7,0,0,7,21,1,0,22,26,2,0,28,60,4,0,64,200,7,0,207,320,17,1,338
107528,263,"SEDIUL GRĂDINIȚEI",BUDEŞTI,MM,667,2,0,0,2,10,1,0,11,16,1,0,17,25,1,0,26,137,8,0,145,190,11,0,201
107564,264,"ŞCOALA GENERALĂ",CORNEŞTI,MM,354,5,0,0,5,14,0,0,14,15,0,0,15,17,4,0,21,43,4,0,47,53,4,0,57
107555,265,"CĂMINUL CULTURAL",CĂLINEŞTI,MM,1184,9,1,0,10,14,2,0,16,24,3,0,27,39,3,0,42,99,14,0,113,131,16,0,147
107573,266,"CĂMINUL CULTURAL",VĂLENI,MM,1094,6,2,0,8,10,2,0,12,18,3,0,21,27,3,0,30,113,9,0,122,188,12,0,200
107591,267,"CENTRUL CULTURAL CERNEȘTI",CERNEŞTI,MM,678,2,1,0,3,13,1,0,14,17,1,0,18,22,3,0,25,124,5,0,129,160,9,0,169
107653,268,"CĂMINUL CULTURAL TRESTIA",TRESTIA,MM,594,7,3,0,10,8,3,0,11,19,3,0,22,26,4,0,30,140,5,0,145,226,7,0,233
107608,269,"ȘCOALA PRIMARĂ BREBENI",BREBENI,MM,170,4,4,0,8,4,4,0,8,5,4,0,9,6,5,0,11,46,12,0,58,63,14,0,77
107644,270,"ȘCOALA PRIMARĂ MĂGURENI",MĂGURENI,MM,176,2,4,0,6,6,5,0,11,7,5,1,13,8,6,1,15,25,12,1,38,48,16,1,65
107626,271,"ȘCOALA PRIMARĂ FÎNAȚE",FÎNAŢE,MM,556,1,0,0,1,10,2,0,12,12,10,0,22,33,11,0,44,100,15,0,115,134,18,0,152
107617,272,"GRĂDINIȚA CIOCOTIȘ",CIOCOTIŞ,MM,812,5,5,0,10,22,8,0,30,44,10,0,54,55,10,0,65,156,20,0,176,222,27,0,249
107671,273,"CĂMIN CULTURAL",CICÎRLĂU,MM,1960,7,1,0,8,33,5,0,38,47,5,0,52,74,7,0,81,182,31,0,213,263,40,0,303
107706,274,"CĂMIN CULTURAL",ILBA,MM,1104,4,0,0,4,17,5,0,22,23,5,0,28,32,7,0,39,94,14,0,108,149,23,0,172
107699,275,"ŞCOALA GIMNAZIALĂ","HANDALU ILBEI",MM,379,1,0,0,1,6,0,0,6,12,0,0,12,20,0,0,20,73,3,0,76,99,3,0,102
107724,276,PRIMĂRIA,"CÎMPULUNG LA TISA",MM,2076,1,0,0,1,8,0,0,8,12,2,0,14,13,2,0,15,59,3,0,62,101,3,0,104
108829,277,"ŞCOALA GIMNAZIALA ,,ION POPESCU DE COAȘ""",COAŞ,MM,1109,2,0,0,2,13,0,0,13,21,1,0,22,41,4,0,45,136,7,0,143,258,15,0,273
108865,278,"ŞCOALA PRIMARĂ ÎNTRERÂURI",ÎNTRERÂURI,MM,68,1,1,0,2,3,2,0,5,6,5,0,11,8,5,0,13,19,5,0,24,28,7,0,35
108838,279,"CĂMINUL CULTURAL COLTĂU",COLTĂU,MM,2088,6,0,0,6,18,1,0,19,32,2,0,34,37,2,0,39,123,6,0,129,167,10,0,177
107751,280,"SCOALA GENERALA(CORP NOU)",BERINŢA,MM,605,2,0,0,2,11,0,0,11,13,0,0,13,17,0,0,17,54,3,0,57,75,7,0,82
107788,281,"CĂMINUL CULTURAL",COPALNIC-DEAL,MM,77,2,1,0,3,7,4,0,11,8,4,0,12,10,4,0,14,13,4,0,17,16,4,0,20
107804,282,"CĂMINUL CULTURAL",FĂUREŞTI,MM,706,4,0,0,4,10,2,0,12,18,2,0,20,24,3,0,27,88,7,0,95,134,9,0,143
107813,283,"CĂMINUL CULTURAL",LĂSCHIA,MM,414,3,1,0,4,8,3,0,11,13,3,0,16,18,4,0,22,68,5,0,73,110,7,0,117
107822,284,"CĂMINUL CULTURAL","PRELUCA NOUĂ",MM,262,0,0,0,0,1,0,0,1,4,0,0,4,11,4,0,15,35,8,0,43,54,8,0,62
107859,285,"CĂMINUL CULTURAL",VAD,MM,289,2,0,0,2,3,1,0,4,5,1,0,6,13,2,0,15,58,6,0,64,81,7,0,88
107760,286,ŞCOALA,CĂRPINIŞ,MM,282,0,0,0,0,5,0,0,5,7,0,0,7,7,1,0,8,47,5,0,52,72,11,0,83
107797,287,ŞCOALA,"CURTUIUŞU MIC",MM,210,0,0,0,0,0,0,0,0,3,0,0,3,4,0,0,4,25,4,0,29,36,10,0,46
107831,288,ŞCOALA,"PRELUCA VECHE",MM,294,0,0,0,0,2,0,0,2,5,0,0,5,5,0,0,5,19,0,0,19,28,0,0,28
107779,289,"CĂMINUL CULTURAL",COPALNIC,MM,539,0,0,0,0,6,0,0,6,11,0,0,11,12,2,0,14,38,9,0,47,60,15,0,75
107840,290,"CĂMINUL CULTURAL",RUŞOR,MM,219,3,1,0,4,7,4,0,11,10,5,0,15,12,5,0,17,35,9,0,44,55,11,0,66
107742,291,"CĂMINUL CULTURAL",COPALNIC-MĂNĂŞTUR,MM,739,8,1,0,9,14,2,0,16,18,2,1,21,27,7,1,35,89,12,1,102,108,17,1,126
107877,292,PRIMÃRIE,COROIENI,MM,338,3,0,0,3,9,1,0,10,10,5,0,15,14,5,0,19,37,9,3,49,68,15,3,86
107886,293,"ŞCOALACU CLASELE I-IV",BABA,MM,382,2,1,0,3,2,1,0,3,5,4,0,9,23,4,0,27,80,6,0,86,89,7,0,96
107902,294,"ŞCOALACU CLASELE I-IV",DRĂGHIA,MM,166,4,2,0,6,5,3,0,8,6,3,0,9,8,4,0,12,37,9,0,46,50,10,0,60
107895,295,"ŞCOALACU CLASELE I-IV","DEALU MARE",MM,177,5,2,0,7,16,4,0,20,24,4,0,28,33,9,0,42,77,19,0,96,94,20,0,114
107911,296,"ŞCOALA GENERALÃ","VĂLENII LĂPUŞULUI",MM,732,4,1,0,5,7,1,0,8,9,2,0,11,22,5,0,27,150,11,0,161,189,15,0,204
107939,297,"ŞCOALA CU CLASELE I-VIII",CUPŞENI,MM,648,2,0,0,2,8,0,0,8,13,0,0,13,30,0,0,30,110,0,0,110,143,7,0,150
107948,298,"ŞCOALA CU CLASELE I-VIII",COSTENI,MM,346,1,1,0,2,2,2,0,4,3,2,0,5,4,4,0,8,45,5,0,50,58,7,0,65
107957,299,"ŞCOALA CU CLASELE V-VIII",LIBOTIN,MM,876,5,0,0,5,18,0,0,18,27,2,0,29,35,3,0,38,119,5,0,124,177,9,0,186
107966,300,"ŞCOALA CU CLASELE V-VIII",UNGURENI,MM,989,3,2,0,5,10,2,0,12,15,4,0,19,56,4,0,60,184,9,0,193,214,13,0,227
107993,301,"CĂMINUL CULTURAL",HĂRNICEŞTI,MM,458,2,0,0,2,3,0,0,3,6,0,0,6,8,2,0,10,34,5,0,39,52,5,0,57
108008,302,ȘCOALA,MARA,MM,756,2,0,0,2,10,1,0,11,19,2,0,21,33,2,0,35,123,6,0,129,174,7,0,181
107984,303,"CĂMINUL CULTURAL",DESEŞTI,MM,761,5,5,0,10,15,6,0,21,20,9,0,29,32,12,0,44,126,14,0,140,196,14,0,210
108053,304,"ŞCOALA GENERALĂ",CĂRBUNARI,MM,525,2,2,0,4,9,2,0,11,12,2,0,14,18,2,0,20,45,4,0,49,57,7,0,64
108062,305,"ŞCOALA GENERALĂ",CHECHIŞ,MM,789,2,2,0,4,8,4,0,12,14,4,0,18,25,6,0,31,105,16,0,121,181,24,0,205
108071,306,"ŞCOALA GENERALĂ",RUS,MM,537,4,0,0,4,10,2,0,12,12,5,0,17,21,22,0,43,67,29,0,96,89,33,0,122
108080,307,"ŞCOALA GENERALĂ",ŞINDREŞTI,MM,494,4,1,0,5,8,2,0,10,8,6,0,14,12,6,0,18,55,9,0,64,97,9,0,106
108099,308,"ŞCOALA GENERALĂ",UNGURAŞ,MM,399,2,1,0,3,11,2,0,13,21,3,0,24,30,3,0,33,91,4,0,95,136,6,0,142
108044,309,"ŞCOALA NOUĂ",DUMBRĂVIŢA,MM,950,4,0,0,4,18,2,0,20,27,2,0,29,52,3,0,55,163,11,0,174,263,17,0,280
108115,310,"CĂMINUL CULTURAL",FĂRCAŞA,MM,1463,12,0,0,12,49,4,0,53,64,9,0,73,95,11,0,106,290,18,14,322,383,24,14,421
108124,311,"CĂMIN CULTURAL",BUZEŞTI,MM,531,1,0,0,1,10,1,0,11,18,8,0,26,25,8,0,33,102,17,6,125,141,27,6,174
108133,312,"CĂMIN CULTURAL",SÎRBI,MM,425,6,3,0,9,23,5,0,28,41,5,0,46,64,5,0,69,187,21,5,213,219,28,5,252
108142,313,GRĂDINIŢA,TĂMAIA,MM,849,5,0,0,5,21,4,0,25,27,6,0,33,45,11,0,56,140,21,16,177,230,25,17,272
108936,314,CĂMINULCULTURAL,GÂRDANI,MM,1111,23,1,0,24,39,4,0,43,46,6,0,52,69,6,0,75,197,20,0,217,256,25,0,281
108160,315,"CĂMINUL CULTURAL",GIULEŞTI,MM,1052,2,0,0,2,10,2,0,12,21,8,0,29,28,9,0,37,86,12,0,98,112,16,0,128
108179,316,"CĂMINUL CULTURAL",BERBEŞTI,MM,1223,7,3,0,10,17,3,0,20,31,5,0,36,40,5,0,45,140,9,0,149,199,11,0,210
108188,317,"ŞCOALA GENERALĂ",FEREŞTI,MM,393,5,2,0,7,13,4,0,17,15,5,0,20,18,5,0,23,77,7,0,84,106,9,0,115
106372,318,"SEDIUL PRIMĂRIEI GROȘI",GROŞI,MM,1181,5,1,0,6,16,2,0,18,26,2,0,28,48,3,0,51,143,17,0,160,214,29,0,243
106381,319,"ȘCOALA GENERALĂ",OCOLIŞ,MM,377,2,0,0,2,8,0,0,8,12,2,0,14,13,2,0,15,30,7,0,37,42,10,0,52
106390,320,"ȘCOALA GENERALĂ","SATU NOU DE JOS",MM,932,4,1,0,5,16,2,0,18,22,2,0,24,35,2,0,37,92,5,0,97,108,7,0,115
109069,321,"GRĂDINIŢA CU PROGRAM NORMAL GROŞII ŢIBLEŞULUI","GROŞII ŢIBLEŞULUI",MM,936,8,0,0,8,20,3,0,23,30,5,0,35,67,6,0,73,190,11,0,201,266,17,0,283
109069,322,"ŞCOALA CU CLASELE I-IV GREBLE","GROŞII ŢIBLEŞULUI",MM,778,9,0,0,9,15,3,0,18,27,5,0,32,29,5,0,34,145,13,0,158,221,18,0,239
108213,323,"ȘCOALA GIMNAZIALĂ",IEUD,MM,1540,9,1,0,10,29,4,0,33,33,4,0,37,63,5,0,68,161,10,0,171,257,19,2,278
108213,324,"ȘCOALA GIMNAZIALĂ",IEUD,MM,1607,15,3,0,18,29,6,0,35,40,6,0,46,63,6,0,69,191,9,0,200,249,15,0,264
108213,325,"ȘCOALA PLOPȘOR",IEUD,MM,347,1,2,0,3,5,4,0,9,10,8,0,18,10,8,0,18,60,12,6,78,87,17,6,110
108231,326,PRIMĂRIA,LĂPUŞ,MM,1451,6,0,0,6,20,4,0,24,29,5,0,34,61,5,0,66,243,11,0,254,292,15,0,307
108231,327,"GRĂDINIȚA CU PROGRAM NORMAL ,3 GRUPE",LĂPUŞ,MM,1562,12,0,0,12,36,0,0,36,49,4,0,53,89,4,0,93,246,10,0,256,315,11,0,326
108259,328,PRIMĂRIA,LEORDINA,MM,1444,10,0,0,10,23,7,0,30,30,7,0,37,61,7,0,68,169,16,0,185,265,24,0,289
108259,329,ŞCOALA,LEORDINA,MM,543,1,0,0,1,7,0,0,7,10,0,0,10,18,4,0,22,48,7,0,55,62,7,0,69
108295,330,"ŞCOALA GENERALĂ",IADĂRA,MM,788,2,3,0,5,14,6,0,20,28,8,0,36,43,9,0,52,121,17,0,138,218,21,0,239
108302,331,"CENTRUL MULTIFUNCŢIONAL",LUCĂCEŞTI,MM,516,4,6,0,10,12,10,0,22,17,11,0,28,24,12,0,36,95,18,0,113,145,24,0,169
108286,332,"CENTRUL SOCIAL DE ASIGURARE A SERVICIILOR SOCIALE","DĂNEŞTII CHIOARULUI",MM,405,7,3,0,10,18,4,0,22,28,5,0,33,41,8,0,49,96,11,0,107,148,11,0,159
108277,333,PRIMĂRIA,"MIREŞU MARE",MM,1140,3,1,0,4,20,3,0,23,33,10,0,43,58,12,0,70,185,35,0,220,291,48,0,339
108311,334,"ŞCOALA CU CLASELE I-IV","REMEŢI PE SOMEŞ",MM,469,4,1,0,5,14,1,0,15,17,3,0,20,20,3,0,23,101,24,0,125,175,30,0,205
108339,335,"ŞCOALA CU CLASELE I-IV",TULGHIEŞ,MM,530,9,0,0,9,26,1,0,27,47,9,0,56,72,10,0,82,190,26,0,216,255,40,0,295
108357,336,PRIMĂRIA,MOISEI,MM,1698,7,0,0,7,26,6,0,32,35,9,0,44,43,10,0,53,135,19,0,154,187,25,0,212
108357,337,"ȘCOALA NR. 4",MOISEI,MM,1062,1,0,0,1,9,1,0,10,13,2,0,15,19,2,0,21,73,3,0,76,98,5,0,103
108357,338,"ȘCOALA NR. 3",MOISEI,MM,1615,6,10,0,16,15,12,0,27,25,17,0,42,32,18,0,50,115,24,0,139,165,28,0,193
108357,339,"GOSPODĂRIE INDIVIDUALĂ",MOISEI,MM,1217,1,0,0,1,9,0,0,9,19,4,0,23,24,4,0,28,98,6,0,104,136,8,0,144
108357,340,"ȘCOALA NR. 2",MOISEI,MM,1963,5,4,0,9,16,7,0,23,29,7,0,36,38,8,0,46,137,15,0,152,211,19,0,230
108375,341,PRIMĂRIA,"OARŢA DE JOS",MM,368,1,0,0,1,3,0,0,3,6,4,0,10,18,4,0,22,63,15,0,78,82,21,0,103
108384,342,"ȘCOALA GENERALĂ","OARŢA DE SUS",MM,588,10,1,0,11,24,2,0,26,33,8,0,41,43,12,0,55,127,20,0,147,184,27,0,211
108428,343,"SCOALA CUCLASELE I-VIII",BREB,MM,884,3,0,0,3,5,2,0,7,8,3,0,11,8,5,0,13,59,8,0,67,80,12,0,92
108437,344,"SCOALA CU CLASELE I-IV",HOTENI,MM,274,1,0,0,1,1,0,0,1,3,0,0,3,3,1,0,4,20,3,0,23,32,4,2,38
108446,345,"ŞCOALA GENERALĂ",SAT-ŞUGATAG,MM,1002,2,0,0,2,3,1,0,4,8,1,0,9,17,1,0,18,109,2,0,111,148,6,0,154
108419,346,"SEDIU PRIMARIE","OCNA ŞUGATAG",MM,1366,16,2,0,18,50,28,0,78,64,37,0,101,73,43,0,116,177,62,0,239,221,69,0,290
107341,347,"CĂMINUL CULTURAL",ONCEŞTI,MM,1259,4,2,0,6,17,8,0,25,28,20,0,48,44,23,0,67,241,34,0,275,317,47,0,364
108464,348,"ŞCOALA GENERALĂ „MOCEARSCHI”",PETROVA,MM,1026,2,4,0,6,14,4,0,18,19,4,0,23,20,5,0,25,120,6,0,126,152,10,0,162
108464,349,"ŞCOALA GENERALĂ „SUSANI”",PETROVA,MM,967,9,1,0,10,32,9,0,41,37,9,0,46,42,9,0,51,148,19,0,167,184,24,0,208
108482,350,"LICEUL TEHNOLOGIC POIENILE DE SUB MUNTE","POIENILE DE SUB MUNTE",MM,1095,5,0,0,5,30,1,0,31,44,1,0,45,60,1,0,61,256,6,0,262,327,10,0,337
108482,351,"LICEUL TEHNOLOGIC POIENILE DE SUB MUNTE","POIENILE DE SUB MUNTE",MM,1097,9,0,0,9,39,0,0,39,59,0,0,59,77,3,0,80,262,5,0,267,329,7,0,336
108482,352,"INTERNATUL ȘCOLAR POIENILE DE SUB MUNTE","POIENILE DE SUB MUNTE",MM,1636,12,0,0,12,55,0,0,55,73,0,0,73,126,0,0,126,414,6,0,420,476,6,0,482
108482,353,"LICEUL TEHNOLOGIC POIENILE DE SUB MUNTE ȘCOALA NEJNEI CRAI","POIENILE DE SUB MUNTE",MM,1383,3,0,0,3,39,0,0,39,63,0,0,63,93,0,0,93,346,3,0,349,461,8,0,469
108482,354,"ȘCOALA GIMNAZIALĂ NR. 4 HORB POIENILE DE SUB MUNTE","POIENILE DE SUB MUNTE",MM,1324,4,0,0,4,28,0,0,28,58,1,0,59,76,1,0,77,315,1,0,316,430,6,0,436
108482,355,"ȘCOALA GIMNAZIALĂ NR. 4 STRUCTURA LUHEI POIENILE DE SUB MUNTE","POIENILE DE SUB MUNTE",MM,880,1,3,0,4,10,6,0,16,13,6,0,19,26,7,0,33,167,7,0,174,287,12,0,299
107500,356,PRIMĂRIA,"POIENILE IZEI",MM,761,9,0,0,9,29,0,0,29,40,10,0,50,59,10,0,69,226,21,0,247,367,34,0,401
106434,357,"ȘCOALA GIMNAZIALĂ",LĂPUŞEL,MM,1235,3,1,0,4,15,5,0,20,25,5,0,30,29,6,0,35,140,18,0,158,212,20,0,232
106452,358,"ȘCOALA GIMNAZIALĂ",SĂSAR,MM,1260,5,0,0,5,8,0,0,8,18,1,0,19,43,8,0,51,149,15,0,164,216,21,0,237
106425,359,"ȘCOALA CU CLASELE I-IV","BOZÎNTA MICĂ",MM,344,5,2,0,7,11,5,0,16,11,6,0,17,11,9,0,20,74,19,0,93,101,23,0,124
106443,360,"ȘCOALA CU CLASELE I-IV",MOCIRA,MM,933,7,0,0,7,38,0,0,38,51,4,0,55,65,5,0,70,204,12,0,216,277,20,1,298
106416,361,"ȘCOALĂ GIMNAZIALĂ",RECEA,MM,1034,9,0,0,9,37,0,0,37,56,7,0,63,107,7,0,114,247,19,4,270,332,26,5,363
106452,362,"CLĂDIREA ADMINISTRATIVĂ BISERICA ,,DUMINICA MIRONOSIȚELOR""",SĂSAR,MM,524,4,0,0,4,15,0,0,15,20,0,0,20,49,0,0,49,91,5,0,96,126,14,0,140
108516,363,"CĂMINUL CULTURAL",BERCHEZ,MM,526,7,1,0,8,9,2,0,11,12,3,0,15,21,3,0,24,51,3,0,54,69,4,0,73
108525,364,"CĂMINUL CULTURAL",BERCHEZOAIA,MM,352,1,2,0,3,1,3,0,4,2,4,0,6,4,4,0,8,16,6,0,22,34,8,0,42
108534,365,"SCOALA PRIMARA",POSTA,MM,269,2,1,0,3,5,5,0,10,8,5,0,13,13,5,0,18,54,7,0,61,68,13,0,81
108507,366,"SCOALA GIMNAZIALA","REMETEA CHIOARULUI",MM,864,6,1,0,7,10,1,0,11,18,4,0,22,29,5,0,34,138,20,0,158,229,32,0,261
108543,367,"ȘCOALA CU CLASELE I-IV",REMECIOARA,MM,220,3,0,0,3,13,0,0,13,16,0,0,16,18,0,0,18,33,3,0,36,43,10,0,53
108570,368,"CĂMIN CULTURAL",PIATRA,MM,312,2,2,0,4,4,2,0,6,7,3,0,10,9,3,0,12,27,3,0,30,28,3,0,31
108589,369,"CANTON DE EXPLOATARE ABA SOMEŞ-TISA","TECEU MIC",MM,140,1,1,0,2,2,5,0,7,2,7,0,9,2,7,0,9,6,12,0,18,10,14,0,24
108561,370,"ŞCOALA CU CLASELEI-VIII",REMEŢI,MM,1336,6,3,0,9,12,4,0,16,27,5,0,32,34,6,0,40,109,9,0,118,172,13,0,185
108561,371,GRĂDINIŢA,REMEŢI,MM,799,2,6,0,8,5,6,0,11,20,8,0,28,23,8,0,31,67,8,0,75,103,9,0,112
108605,372,"CĂMINUL CULTURAL",REPEDEA,MM,1731,19,2,0,21,124,8,0,132,164,9,0,173,195,14,0,209,472,23,0,495,597,32,0,629
108605,373,"ŞCOALA GENERALĂ CU CLASELE I-IV LUJANA",REPEDEA,MM,712,2,1,0,3,16,5,0,21,35,5,0,40,41,5,0,46,169,5,0,174,211,7,0,218
108605,374,"ŞCOALA GENERALĂ CU CLASEL I-IV LESPEDEA DE JOS",REPEDEA,MM,1180,7,5,0,12,38,5,0,43,80,8,0,88,101,9,0,110,320,9,0,329,449,12,0,461
108623,375,"ŞCOALA GIMNAZIALĂ „LAURENŢIU ULICI""","RONA DE JOS",MM,1710,1,0,0,1,7,0,0,7,20,4,0,24,30,4,0,34,145,9,0,154,224,11,0,235
108641,376,"CĂMINUL CULTURAL","RONA DE SUS",MM,1633,6,0,0,6,24,0,0,24,36,5,0,41,49,5,0,54,110,5,0,115,166,5,0,171
108641,377,"CĂMINUL CULTURAL","RONA DE SUS",MM,1518,3,0,0,3,9,4,0,13,17,6,0,23,23,7,0,30,90,10,0,100,115,15,0,130
108650,378,"GRĂDINIȚA CU PROGRAM NORMAL",COŞTIUI,MM,607,6,0,0,6,12,1,0,13,14,2,0,16,17,4,0,21,31,7,0,38,78,8,0,86
108678,379,PRIMĂRIA,ROZAVLEA,MM,1896,10,0,0,10,19,2,0,21,31,3,0,34,49,6,0,55,178,13,0,191,267,23,0,290
108678,380,"GRĂDINIȚA ȘESU MÂNĂSTIRII",ROZAVLEA,MM,759,1,0,0,1,8,0,0,8,16,0,0,16,26,0,0,26,51,0,0,51,74,12,0,86
108703,381,"CLUBUL TINERETULUI",RUSCOVA,MM,1536,13,0,0,13,41,2,0,43,67,2,0,69,92,2,0,94,264,4,0,268,335,5,0,340
108703,382,"GRĂDINIŢA NR.1",RUSCOVA,MM,1679,10,2,0,12,16,2,0,18,47,3,0,50,65,3,0,68,255,5,0,260,353,6,0,359
108703,383,"ŞCOALA GENERALĂ NR.2",RUSCOVA,MM,1117,2,0,0,2,11,3,0,14,20,7,0,27,30,9,0,39,150,11,0,161,201,13,0,214
106639,384,"CĂMINUL CULTURAL",SARASĂU,MM,1199,3,0,0,3,11,3,0,14,11,4,0,15,25,4,0,29,63,8,0,71,104,13,0,117
106639,385,"CĂMINUL CULTURAL",SARASĂU,MM,1037,1,1,0,2,5,1,0,6,13,1,0,14,17,1,0,18,52,1,0,53,115,4,0,119
108721,386,"ȘCOALA GIMNAZIALĂ",SATULUNG,MM,1258,6,0,0,6,19,4,0,23,34,4,0,38,44,5,0,49,145,23,0,168,204,30,1,235
108730,387,"CĂMINUL CULTURAL","ARIEŞU DE PĂDURE",MM,175,0,1,0,1,6,6,0,12,9,6,0,15,12,8,0,20,41,15,0,56,85,29,0,114
108749,388,"ŞCOALA PRIMARĂ",FERSIG,MM,579,6,0,0,6,20,1,0,21,26,2,0,28,41,5,0,46,109,20,0,129,179,26,5,210
108776,389,"ŞCOALA PRIMARĂ",MOGOŞEŞTI,MM,668,4,0,0,4,12,1,0,13,21,1,0,22,25,5,0,30,71,11,0,82,121,15,0,136
108758,390,"ȘCOALA GIMNAZIALĂ","FINTEUŞU MIC",MM,842,0,0,0,0,5,4,0,9,33,4,0,37,39,4,0,43,82,10,0,92,185,23,0,208
108767,391,"ȘCOALA GIMNAZIALĂ",HIDEAGA,MM,552,4,1,0,5,19,4,0,23,35,8,0,43,38,9,0,47,93,21,0,114,147,31,1,179
108785,392,"ŞCOALA GIMNAZIALĂ",PRIBILEŞTI,MM,616,6,0,0,6,10,2,0,12,15,2,0,17,19,4,0,23,92,5,0,97,143,8,0,151
108801,393,"SALA DE SPORT",SĂCĂLĂŞENI,MM,745,6,0,0,6,26,2,0,28,31,5,0,36,39,10,0,49,142,32,0,174,194,33,0,227
108847,394,"CĂMINUL CULTURAL",CORUIA,MM,664,8,1,0,9,12,2,0,14,13,2,0,15,18,4,0,22,75,9,0,84,106,10,0,116
108856,395,"CĂMINUL CULTURAL",CULCEA,MM,505,6,3,0,9,13,3,0,16,20,5,0,25,21,5,0,26,68,9,0,77,108,13,0,121
108883,396,PRIMĂRIA,SĂCEL,MM,1471,2,0,0,2,21,1,0,22,27,1,0,28,43,1,0,44,149,6,0,155,227,17,0,244
108883,397,"ŞCOALA VALEA CARELOR",SĂCEL,MM,1351,4,0,0,4,22,1,0,23,29,1,0,30,44,1,0,45,123,1,0,124,185,3,0,188
108927,398,"CĂMINUL CULTURAL",SĂLSIG,MM,1272,7,0,0,7,30,1,0,31,51,7,0,58,68,7,0,75,257,22,0,279,428,32,0,460
108954,399,"ȘCOALA GIMNAZIALĂ",SĂPÎNŢA,MM,1354,5,0,0,5,20,0,0,20,28,0,0,28,30,4,0,34,124,15,0,139,201,27,0,228
108954,400,"ȘCOALA GIMNAZIALĂ",SĂPÎNŢA,MM,1284,10,0,0,10,28,2,0,30,32,2,0,34,48,2,0,50,115,3,0,118,160,3,0,163
109014,401,"ȘCOALA GENERALĂ",STRÎMTURA,MM,1683,8,2,0,10,27,7,0,34,35,8,0,43,51,9,0,60,234,13,0,247,305,17,0,322
109014,402,"ȘCOALA GENERALĂ",STRÎMTURA,MM,423,2,1,0,3,7,7,0,14,7,8,0,15,12,9,0,21,60,12,0,72,73,15,0,88
109023,403,"ȘCOALA GENERALĂ",GLOD,MM,512,7,3,0,10,11,3,0,14,25,4,0,29,34,4,0,38,134,10,0,144,174,11,0,185
109032,404,"ȘCOALA GENERALĂ",SLĂTIOARA,MM,422,2,1,0,3,4,1,0,5,14,4,0,18,15,4,0,19,77,5,0,82,103,12,0,115
109087,405,"CĂMINUL CULTURAL","SUCIU DE JOS",MM,842,8,2,0,10,13,3,0,16,23,6,0,29,69,9,0,78,172,20,0,192,243,25,0,268
109050,406,PRIMĂRIA,"SUCIU DE SUS",MM,1366,10,1,0,11,22,2,0,24,42,2,0,44,52,3,0,55,215,7,2,224,289,13,2,304
109050,407,"ŞCOALA GENERALĂ CANDELA","SUCIU DE SUS",MM,725,3,4,0,7,12,4,0,16,22,6,0,28,23,6,0,29,78,9,0,87,120,13,0,133
109078,408,"ŞCOALA PRIMARĂ",LARGA,MM,282,4,0,0,4,8,0,0,8,13,0,0,13,37,0,0,37,70,8,0,78,96,9,0,105
108687,409,"CĂMINUL CULTURAL",ŞIEU,MM,1186,3,2,0,5,17,3,0,20,21,7,6,34,33,7,6,46,150,22,6,178,176,25,7,208
108687,410,"ȘCOALADE LA PODUL RÂTULUI",ŞIEU,MM,755,2,0,0,2,6,0,0,6,10,1,6,17,13,1,6,20,68,4,6,78,98,7,6,111
109103,411,"PRIMĂRIA COMUNEI ȘIȘEȘTI",ŞISEŞTI,MM,1289,3,1,0,4,17,3,0,20,31,4,0,35,70,6,0,76,257,12,1,270,325,16,3,344
109112,412,"ȘCOALA CU CLASELE I-IV",BONTĂIENI,MM,191,0,0,0,0,0,3,0,3,2,4,0,6,3,4,0,7,31,6,0,37,53,11,0,64
109149,413,"ŞCOALA CU CLASELE I-IV",NEGREIA,MM,385,0,0,0,0,5,1,0,6,7,3,0,10,8,5,0,13,46,9,0,55,66,14,0,80
109158,414,"ŞCOALA CU CLS I-IV",PLOPIŞ,MM,437,1,0,0,1,8,0,0,8,14,3,0,17,20,3,0,23,97,6,0,103,140,6,0,146
109121,415,"ŞCOALA GENERALĂ",CETĂŢELE,MM,515,2,4,0,6,11,7,0,18,11,7,0,18,29,8,0,37,108,9,0,117,137,11,0,148
109130,416,"ŞCOALA GENERALĂ",DĂNEŞTI,MM,519,1,1,0,2,4,1,0,5,5,4,0,9,7,4,0,11,66,7,0,73,88,19,0,107
109167,417,"SCOALA GENERALĂ",ŞURDEŞTI,MM,1197,4,0,0,4,12,0,0,12,21,1,0,22,32,1,0,33,120,3,0,123,174,7,0,181
106657,418,"SCOALA GIMNAZIALA VADU IZEI","VADU IZEI",MM,2051,5,0,0,5,35,0,0,35,45,5,0,50,55,8,0,63,180,21,0,201,280,33,0,313
106666,419,"SALA DE FESTIVITĂȚI","VALEA STEJARULUI",MM,389,0,0,0,0,7,3,0,10,12,6,0,18,15,6,0,21,82,12,0,94,95,13,0,108
109372,420,"CAMINUL CULTURAL","CURTUIUŞU MARE",MM,237,7,3,0,10,16,5,0,21,24,6,0,30,29,10,0,39,53,19,0,72,79,24,0,103
109390,421,"ȘCOALA GENERALĂ",FERICEA,MM,364,1,5,0,6,7,5,0,12,13,10,0,23,15,12,0,27,38,17,0,55,69,32,0,101
109407,422,"ȘCOALA GENERALĂ",MESTEACĂN,MM,291,2,5,0,7,15,8,0,23,34,11,0,45,37,13,0,50,54,18,0,72,67,25,0,92
109416,423,"ȘCOALA GENERALĂ",VĂRAI,MM,216,4,1,0,5,7,3,0,10,12,6,0,18,16,6,0,22,51,10,0,61,68,20,0,88
109363,424,CĂMINULCULTURAL,"VALEA CHIOARULUI",MM,532,7,0,0,7,15,3,0,18,26,4,0,30,34,5,0,39,109,13,0,122,145,24,0,169
109381,425,CĂMINULCULTURAL,DURUŞA,MM,46,1,0,0,1,4,0,0,4,5,0,0,5,7,4,0,11,17,10,0,27,19,11,0,30
109434,426,"CĂMINUL CULTURAL","VIMA MICĂ",MM,302,6,0,0,6,17,1,0,18,20,3,4,27,29,3,4,36,86,10,4,100,105,14,4,123
109452,427,"CĂMINUL CULTURAL","DEALU CORBULUI",MM,82,1,0,0,1,3,2,0,5,5,2,0,7,6,2,0,8,12,3,0,15,17,5,0,22
109470,428,"CĂMINUL CULTURAL",PETERITEA,MM,196,6,0,0,6,9,1,0,10,10,1,0,11,10,2,0,12,40,6,0,46,51,14,0,65
109489,429,"CĂMINUL CULTURAL",SĂLNIŢA,MM,206,8,1,0,9,12,4,0,16,16,4,0,20,19,4,0,23,43,10,0,53,65,10,0,75
109498,430,"CĂMINUL CULTURAL","VIMA MARE",MM,341,2,2,0,4,2,3,0,5,5,3,0,8,10,5,0,15,57,15,0,72,82,20,0,102
109443,431,"ȘCOALA PRIMARĂ",ASPRA,MM,40,1,0,0,1,1,2,0,3,2,2,0,4,2,2,0,4,9,6,0,15,11,7,0,18
109461,432,"ȘCOALA PRIMARĂ",JUGĂSTRENI,MM,41,1,0,0,1,2,2,0,4,3,2,0,5,3,2,0,5,11,6,0,17,14,6,0,20
109513,433,PRIMĂRIE,"VIŞEU DE JOS",MM,1424,5,0,0,5,23,1,0,24,35,1,0,36,39,3,0,42,106,4,0,110,153,8,0,161
109513,434,CĂMINULCULTURAL,"VIŞEU DE JOS",MM,1520,6,0,0,6,24,6,0,30,30,6,0,36,53,6,0,59,150,8,0,158,199,10,0,209
109513,435,"ȘCOALA GIMNAZIALĂNR. 2","VIŞEU DE JOS",MM,1299,3,2,0,5,12,2,0,14,16,2,0,18,27,5,0,32,84,8,0,92,101,12,0,113
114328,1,"CASA “APOLLO” (ŞCOALA DE ARTE)","TÎRGU MUREŞ",MS,1342,12,5,0,17,58,10,0,68,83,17,0,100,94,18,0,112,173,40,0,213,202,47,0,249
114328,2,"UNIVERSITATEA ""PETRU MAIOR""","TÎRGU MUREŞ",MS,1598,12,0,0,12,53,4,0,57,71,6,0,77,82,6,0,88,184,33,0,217,242,39,0,281
114328,3,"LICEUL TEORETIC “BOLYAI FARKAS”,","TÎRGU MUREŞ",MS,1414,7,3,0,10,39,13,87,139,60,22,87,169,67,24,87,178,139,48,87,274,191,65,87,343
114328,4,"INTERNAT LICEUL TEHNOLOGIC ""AVRAM IANCU""","TÎRGU MUREŞ",MS,1348,11,0,0,11,67,2,0,69,102,3,0,105,119,5,0,124,219,11,0,230,232,12,0,244
114328,5,"ŞCOALA GIMNAZIALĂ ""NICOLAE BĂLCESCU""","TÎRGU MUREŞ",MS,1657,20,3,0,23,70,4,0,74,109,4,0,113,126,4,0,130,209,7,0,216,269,10,0,279
114328,6,"ŞCOALA GIMNAZIALĂ ""NICOLAE BĂLCESCU""","TÎRGU MUREŞ",MS,1214,8,5,0,13,26,6,0,32,47,8,0,55,52,8,0,60,119,9,0,128,148,11,0,159
114328,7,"ŞCOALA GIMNAZIALĂ ""NICOLAE BĂLCESCU""","TÎRGU MUREŞ",MS,1363,6,0,0,6,44,0,0,44,63,0,0,63,73,1,0,74,157,3,0,160,176,8,0,184
114328,8,"ŞCOALA GIMNAZIALĂ ""NICOLAE BĂLCESCU""","TÎRGU MUREŞ",MS,1278,8,0,0,8,38,0,0,38,57,0,0,57,61,3,0,64,132,3,0,135,164,3,0,167
114328,9,"ŞCOALA GIMNAZIALĂ ""NICOLAE BĂLCESCU""","TÎRGU MUREŞ",MS,1635,12,3,0,15,58,4,0,62,78,4,0,82,91,4,0,95,188,5,0,193,233,12,0,245
114328,10,"LICEUL TEHNOLOGIC ""AUREL PERŞU""","TÎRGU MUREŞ",MS,1276,1,0,0,1,17,0,0,17,27,0,0,27,33,0,0,33,56,2,0,58,86,6,0,92
114328,11,"LICEUL TEHNOLOGIC ""AUREL PERŞU""","TÎRGU MUREŞ",MS,1264,6,0,0,6,25,2,0,27,41,4,0,45,49,4,0,53,96,9,0,105,148,11,0,159
114328,12,"PRIMĂRIA MUNICIPIULUI TG.MUREŞ","TÎRGU MUREŞ",MS,1368,7,3,0,10,41,23,0,64,59,38,0,97,79,39,0,118,156,71,0,227,188,91,0,279
114328,13,"COLEGIUL AGRICOL ""TRAIAN SAVULESCU""","TÎRGU MUREŞ",MS,1558,10,3,0,13,68,7,0,75,89,11,0,100,103,12,0,115,192,17,0,209,225,21,0,246
114328,14,"ŞCOALA GIMNAZIALĂ ""AL.I.CUZA""","TÎRGU MUREŞ",MS,1585,12,0,0,12,42,0,0,42,81,4,0,85,91,4,0,95,172,6,0,178,262,15,0,277
114328,15,"ŞCOALA GIMNAZIALĂ ""AL.I.CUZA""","TÎRGU MUREŞ",MS,1690,4,2,0,6,35,4,0,39,62,7,0,69,83,7,0,90,188,11,0,199,287,17,0,304
114328,16,"ŞCOALA GIMNAZIALĂ ""AL.I.CUZA""","TÎRGU MUREŞ",MS,1647,9,0,0,9,50,0,0,50,75,0,0,75,88,3,0,91,169,6,0,175,242,9,0,251
114328,17,"ŞCOALA GIMNAZIALĂ""AL.I.CUZA""","TÎRGU MUREŞ",MS,1733,15,4,0,19,55,6,0,61,83,14,0,97,92,14,0,106,206,29,0,235,271,35,0,306
114328,18,"ŞCOALA GIMNAZIALĂ""AL.I.CUZA""","TÎRGU MUREŞ",MS,1626,4,0,0,4,37,0,0,37,67,3,0,70,85,3,0,88,158,6,0,164,229,12,0,241
114328,19,"ŞCOALA GIMNAZIALĂ""AL.I.CUZA""","TÎRGU MUREŞ",MS,1897,19,1,0,20,42,4,0,46,78,5,0,83,107,7,0,114,232,8,0,240,298,15,0,313
114328,20,"ŞCOALA GEN. NR. 19 BEŞA","TÎRGU MUREŞ",MS,774,0,0,0,0,4,0,0,4,7,0,0,7,12,0,0,12,38,0,0,38,74,4,0,78
114328,21,"ŞCOALA GIMNAZIALĂ ""FRIEDERICH SCHILLER""","TÎRGU MUREŞ",MS,1280,9,2,0,11,47,5,0,52,80,8,0,88,94,8,0,102,170,11,0,181,206,15,0,221
114328,22,"ŞCOALA GIMNAZIALĂ ""FRIEDERICH SCHILLER""","TÎRGU MUREŞ",MS,1262,7,0,0,7,58,1,0,59,77,3,0,80,93,3,0,96,172,3,0,175,216,3,0,219
114328,23,"LICEUL CU PROGRAM SPORTIV ""SZASZ ADALBERT""","TÎRGU MUREŞ",MS,1553,4,0,0,4,28,1,0,29,46,7,0,53,54,9,0,63,130,21,0,151,160,22,1,183
114328,24,"ŞCOALA GIMNAZIALĂ ""EUROPA""","TÎRGU MUREŞ",MS,1493,8,1,0,9,68,38,0,106,91,55,0,146,103,58,0,161,192,88,0,280,241,121,0,362
114328,25,"GRĂDINIŢA PROGR.PREL.NR.6","TÎRGU MUREŞ",MS,1298,13,1,0,14,42,5,0,47,54,8,0,62,62,8,0,70,144,11,0,155,211,16,0,227
114328,26,"LICEUL TEHNOLOGIC ""C-TIN BRÂNCUŞI""","TÎRGU MUREŞ",MS,1398,10,2,0,12,72,5,0,77,100,17,65,182,118,17,65,200,240,42,91,373,264,56,91,411
114328,27,"ŞCOALA GIMNAZIALĂ NR. 7 CORP A","TÎRGU MUREŞ",MS,1429,12,2,0,14,76,12,0,88,105,18,0,123,132,19,0,151,211,33,0,244,250,49,0,299
114328,28,"ŞCOALA GIMNAZIALĂ NR. 7, CORPUL B","TÎRGU MUREŞ",MS,1133,6,5,0,11,35,11,0,46,56,20,0,76,60,20,0,80,123,36,0,159,153,57,0,210
114328,29,"ŞCOALA GIMNAZIALĂ NR. 7, CORPUL B","TÎRGU MUREŞ",MS,1322,7,0,0,7,49,0,0,49,63,2,0,65,78,5,0,83,133,9,0,142,169,11,0,180
114328,30,"LICEUL TEHNOLOGIC ""ION VLASIU""","TÎRGU MUREŞ",MS,1531,3,0,0,3,54,13,0,67,95,17,103,215,105,18,103,226,172,34,103,309,216,51,103,370
114328,31,"CENTRUL CULTURAL ""MIHAI EMINESCU""","TÎRGU MUREŞ",MS,831,7,6,0,13,54,30,82,166,70,51,82,203,74,54,82,210,125,85,83,293,157,114,83,354
114328,32,"COLEGIUL NAŢIONAL ""UNIREA""","TÎRGU MUREŞ",MS,1638,10,1,0,11,53,9,84,146,75,20,84,179,114,21,84,219,206,31,84,321,262,42,84,388
114328,33,"LICEUL VOCAŢIONAL ""M. EMINESCU""","TÎRGU MUREŞ",MS,1632,7,2,0,9,44,2,0,46,76,5,0,81,91,9,0,100,174,13,0,187,218,18,0,236
114328,34,"ŞCOALA GIMNAZIALĂ ""T.VLADIMIRESCU""","TÎRGU MUREŞ",MS,1532,6,0,0,6,28,4,0,32,53,13,0,66,63,14,0,77,136,25,0,161,197,33,0,230
114328,35,"ŞCOALA GIMNAZIALĂ ""T.VLADIMIRESCU""","TÎRGU MUREŞ",MS,1548,16,0,0,16,59,2,0,61,91,10,0,101,108,10,0,118,187,18,0,205,251,23,0,274
114328,36,"ŞCOALA GIMNAZIALĂ ""T.VLADIMIRESCU""","TÎRGU MUREŞ",MS,1536,17,0,0,17,45,0,0,45,86,2,0,88,98,4,0,102,193,8,0,201,264,9,0,273
114328,37,"ŞCOALA GIMNAZIALĂ ""T.VLADIMIRESCU""","TÎRGU MUREŞ",MS,1584,10,2,0,12,48,2,0,50,73,5,0,78,82,6,0,88,180,7,1,188,237,10,1,248
114328,38,"ŞCOALA GIMNAZIALĂ ""T.VLADIMIRESCU""","TÎRGU MUREŞ",MS,1418,2,0,0,2,43,0,0,43,80,0,0,80,91,3,0,94,195,7,0,202,248,16,0,264
114328,39,"LICEUL TEHNOLOGIC ELECTROMUREŞ","TÎRGU MUREŞ",MS,1667,15,6,0,21,73,7,0,80,107,9,0,116,119,13,0,132,215,22,0,237,281,31,0,312
114328,40,"LICEUL TEHNOLOGIC ELECTROMUREŞ","TÎRGU MUREŞ",MS,1663,9,0,0,9,55,0,0,55,86,6,0,92,98,6,0,104,192,7,0,199,239,14,0,253
114328,41,"LICEUL TEHNOLOGIC ELECTROMUREŞ","TÎRGU MUREŞ",MS,1526,6,5,0,11,30,30,0,60,47,30,0,77,63,30,0,93,142,30,1,173,190,33,1,224
114328,42,"LICEUL TEHNOLOGIC ELECTROMUREŞ","TÎRGU MUREŞ",MS,1506,15,3,0,18,57,5,0,62,88,6,0,94,102,6,0,108,177,10,0,187,221,11,0,232
114328,43,"PUNCT COLECTARE TAXE ŞI IMPOZITE","TÎRGU MUREŞ",MS,1094,11,5,0,16,52,7,0,59,71,11,0,82,81,15,0,96,149,26,0,175,190,30,0,220
114328,44,"ŞCOALA GIMNAZIALĂ ""MIHAI VITEAZUL""","TÎRGU MUREŞ",MS,1630,8,1,0,9,60,4,0,64,82,13,0,95,92,15,0,107,185,26,0,211,235,39,0,274
114328,45,"ŞCOALA GIMNAZIALĂ ""MIHAI VITEAZUL""","TÎRGU MUREŞ",MS,1591,21,1,0,22,61,2,0,63,94,2,0,96,121,4,0,125,227,10,1,238,292,11,1,304
114328,46,"ŞCOALA GIMNAZIALĂ ""MIHAI VITEAZUL""","TÎRGU MUREŞ",MS,1599,6,6,0,12,43,7,0,50,78,7,0,85,89,7,0,96,173,11,0,184,232,11,0,243
114328,47,"ŞCOALA GIMNAZIALĂ ""MIHAI VITEAZUL""","TÎRGU MUREŞ",MS,1570,13,4,0,17,58,5,0,63,87,5,0,92,99,5,0,104,188,8,0,196,224,8,0,232
114328,48,"ŞCOALA GIMNAZIALĂ ""ROMULUS GUGA""","TÎRGU MUREŞ",MS,1510,11,3,0,14,51,12,0,63,73,20,0,93,83,20,0,103,160,47,0,207,233,61,0,294
114328,49,"ŞCOALA GIMNAZIALĂ ""ROMULUS GUGA""","TÎRGU MUREŞ",MS,1715,16,2,0,18,61,3,0,64,92,5,0,97,104,5,0,109,210,9,0,219,276,10,0,286
114328,50,"ŞCOALA GIMNAZIALĂ ""ROMULUS GUGA""","TÎRGU MUREŞ",MS,1550,11,4,0,15,55,5,0,60,83,7,0,90,93,7,0,100,185,8,0,193,265,10,0,275
114328,51,"ŞCOALA GIMNAZIALĂ ""ROMULUS GUGA""","TÎRGU MUREŞ",MS,1455,8,0,0,8,44,0,0,44,77,0,0,77,92,0,0,92,161,0,0,161,231,5,0,236
114328,52,"GRĂDINIŢA CU PROGR.PREL.""CODRIŞOR""","TÎRGU MUREŞ",MS,1639,7,1,0,8,46,3,0,49,61,8,0,69,74,14,0,88,178,18,0,196,242,23,0,265
114328,53,"ŞCOALA GIMNAZIALĂ ""G.COŞBUC""","TÎRGU MUREŞ",MS,1446,10,0,0,10,51,1,1,53,84,2,1,87,89,2,1,92,160,2,1,163,200,7,1,208
114328,54,"ŞCOALA GIMNAZIALĂ ""G.COŞBUC""","TÎRGU MUREŞ",MS,1576,8,0,0,8,52,3,0,55,70,3,0,73,78,3,0,81,134,4,0,138,173,10,0,183
114328,55,"ŞCOALA GIMNAZIALĂ ""DACIA""/B","TÎRGU MUREŞ",MS,1509,13,0,0,13,73,0,0,73,102,0,0,102,115,6,0,121,194,11,0,205,236,12,0,248
114328,56,"ŞCOALA GIMNAZIALĂ ""DACIA""/B","TÎRGU MUREŞ",MS,1514,15,0,0,15,82,0,0,82,109,2,0,111,124,2,0,126,212,2,0,214,247,7,0,254
114328,57,"CENTRUL ŞCOLAR PENTRU EDUCAŢIE INCLUZIVĂ NR.1","TÎRGU MUREŞ",MS,1573,4,0,0,4,48,1,0,49,77,2,0,79,92,2,0,94,177,3,0,180,228,5,0,233
114328,58,"CENTRUL ŞCOLAR PENTRU EDUCAŢIE INCLUZIVĂ NR.1","TÎRGU MUREŞ",MS,1395,1,0,0,1,12,6,0,18,20,6,0,26,27,6,0,33,41,6,0,47,64,7,0,71
114328,59,"ŞCOALA GIMNAZIALĂ ""DACIA""/A","TÎRGU MUREŞ",MS,1558,8,1,0,9,64,1,0,65,93,1,0,94,116,1,0,117,207,1,0,208,246,4,0,250
114328,60,"ŞCOALA GIMNAZIALĂ ""DACIA""/A","TÎRGU MUREŞ",MS,1440,11,2,0,13,65,4,5,74,98,5,5,108,111,7,5,123,207,11,5,223,261,20,5,286
114328,61,"ŞCOALA GIMNAZIALĂ ""DACIA""/A","TÎRGU MUREŞ",MS,978,11,0,0,11,27,2,0,29,38,19,0,57,45,21,0,66,85,28,0,113,128,30,0,158
114328,62,"LICEUL TEHNOLOGIC ""AVRAM IANCU""","TÎRGU MUREŞ",MS,1331,8,0,0,8,61,3,0,64,103,4,0,107,121,4,0,125,195,10,0,205,237,14,0,251
114328,63,"LICEUL TEHNOLOGIC ""AVRAM IANCU""","TÎRGU MUREŞ",MS,1544,11,3,0,14,51,5,0,56,79,7,0,86,99,13,0,112,189,20,0,209,233,23,0,256
114328,64,"LICEUL TEHNOLOGIC ""AVRAM IANCU""","TÎRGU MUREŞ",MS,1426,5,8,0,13,50,11,0,61,91,14,15,120,91,14,15,120,130,23,16,169,179,27,16,222
114328,65,"GRĂDINIŢA PROG.PREL.""ALBINUŢA""","TÎRGU MUREŞ",MS,1333,6,1,0,7,34,1,0,35,60,4,0,64,67,4,0,71,142,7,0,149,190,11,0,201
114328,66,"ŞCOALA GIMNAZIALĂ ""LIVIU REBREANU""","TÎRGU MUREŞ",MS,1423,13,0,0,13,58,2,0,60,68,3,0,71,91,4,0,95,147,8,0,155,198,10,0,208
114328,67,"ŞCOALA GIMNAZIALĂ ""LIVIU REBREANU""","TÎRGU MUREŞ",MS,1430,12,1,0,13,55,5,0,60,94,5,0,99,117,6,0,123,229,12,1,242,277,18,1,296
114328,68,"ŞCOALA GIMNAZIALĂ ""LIVIU REBREANU""","TÎRGU MUREŞ",MS,1462,12,0,0,12,60,0,0,60,85,2,0,87,94,2,0,96,177,2,0,179,224,6,0,230
114328,69,"ŞCOALA GIMNAZIALĂ ""LIVIU REBREANU""","TÎRGU MUREŞ",MS,1463,5,5,0,10,39,8,0,47,73,9,0,82,86,9,0,95,174,13,0,187,222,13,0,235
114328,70,"GRĂDINIŢA PROG.PREL.""LICURICI""","TÎRGU MUREŞ",MS,1487,6,0,0,6,44,0,0,44,63,3,0,66,76,3,0,79,177,4,0,181,229,5,0,234
114328,71,"GRĂDINIŢA PROG.PREL.""LICURICI""","TÎRGU MUREŞ",MS,1269,10,1,0,11,48,2,0,50,58,2,1,61,74,2,1,77,166,6,1,173,193,9,1,203
114328,72,"LICEUL TEHNOLOGIC ""GH. ŞINCAI""","TÎRGU MUREŞ",MS,1519,12,0,0,12,60,5,0,65,80,5,0,85,92,5,0,97,175,7,0,182,215,11,0,226
114328,73,"LICEUL TEHNOLOGIC ""GH. ŞINCAI""","TÎRGU MUREŞ",MS,1475,16,0,0,16,69,0,0,69,106,0,0,106,128,0,0,128,243,6,0,249,272,9,0,281
114328,74,"ŞCOALA GIMNAZIALĂ LIVIU REBREANU","TÎRGU MUREŞ",MS,1367,15,0,0,15,64,5,0,69,101,5,0,106,108,5,0,113,220,10,0,230,287,12,0,299
114328,75,"ŞCOALA GIMNAZIALĂ LIVIU REBREANU","TÎRGU MUREŞ",MS,1449,7,0,0,7,54,1,0,55,76,2,0,78,87,4,0,91,144,4,0,148,184,7,0,191
114328,76,"GRĂDINIŢA CU PROG.PREL.""RÂNDUNICA""","TÎRGU MUREŞ",MS,1675,13,2,0,15,55,4,0,59,80,6,0,86,103,6,0,109,197,10,0,207,228,15,0,243
114328,77,"LICEUL TEHNOLOGIC ""GH.ŞINCAI""","TÎRGU MUREŞ",MS,1573,14,1,0,15,51,4,0,55,76,4,0,80,95,4,0,99,174,7,0,181,212,7,0,219
114328,78,"ŞCOALA GIMNAZIALĂ ""SERAFIM DUICU""","TÎRGU MUREŞ",MS,1641,13,3,0,16,43,3,0,46,62,5,0,67,77,5,0,82,190,12,0,202,234,14,0,248
114328,79,"ŞCOALA GIMNAZIALĂ ""SERAFIM DUICU""","TÎRGU MUREŞ",MS,1428,12,1,0,13,27,1,0,28,38,4,0,42,49,4,0,53,93,4,0,97,121,6,0,127
114328,80,"ŞCOALA GIMNAZIALĂ ""SERAFIM DUICU""","TÎRGU MUREŞ",MS,1623,5,0,0,5,31,4,0,35,56,5,0,61,70,7,0,77,147,11,0,158,185,19,0,204
114328,81,"LICEUL TEHNOLOGIC ""TRAIAN VUIA""","TÎRGU MUREŞ",MS,1639,4,1,0,5,42,4,0,46,57,4,0,61,64,4,0,68,138,7,14,159,196,9,14,219
114328,82,"LICEUL TEHNOLOGIC ""TRAIAN VUIA""","TÎRGU MUREŞ",MS,1608,3,0,0,3,26,0,0,26,36,0,0,36,39,0,0,39,98,0,0,98,125,2,0,127
114328,83,"LICEUL TEHNOLOGIC ""TRAIAN VUIA""","TÎRGU MUREŞ",MS,1525,16,2,0,18,43,7,0,50,61,7,0,68,71,7,0,78,139,10,0,149,186,10,0,196
114328,84,"LICEUL TEHNOLOGIC ""EMIL DANDEA""","TÎRGU MUREŞ",MS,1210,4,3,0,7,20,5,0,25,27,5,0,32,34,5,0,39,63,7,0,70,89,10,0,99
114328,85,"CĂMINUL CULTURAL","TÎRGU MUREŞ",MS,1009,5,0,0,5,12,1,0,13,27,1,0,28,43,1,0,44,97,2,0,99,118,4,0,122
114818,86,"ŞCOALA GIMNAZIALĂ""ALEXANDRU CEUŞIANU""",REGHIN,MS,1477,16,3,0,19,58,10,0,68,84,11,0,95,103,13,0,116,183,15,0,198,229,22,0,251
114818,87,"CLUBUL COPIILOR",REGHIN,MS,1384,7,1,0,8,22,7,0,29,40,7,0,47,64,8,0,72,141,11,1,153,202,16,1,219
114818,88,"LICEUL TEHNOLOGIC""LUCIAN BLAGA""",REGHIN,MS,1533,7,0,0,7,29,2,0,31,47,2,0,49,66,2,0,68,162,4,0,166,224,8,0,232
114818,89,"LICEUL TEHNOLOGIC""LUCIAN BLAGA""",REGHIN,MS,1294,3,2,0,5,21,2,0,23,35,2,0,37,44,2,0,46,106,9,0,115,152,11,0,163
114818,90,"LICEUL TEHNOLOGIC""PETRU MAIOR""",REGHIN,MS,1635,9,5,0,14,38,8,0,46,57,8,0,65,68,8,0,76,162,11,0,173,212,11,0,223
114818,91,"LICEUL TEHNOLOGIC""PETRU MAIOR""",REGHIN,MS,1569,20,0,0,20,35,0,0,35,47,0,0,47,50,0,0,50,141,2,0,143,200,11,0,211
114818,92,"LICEUL TEHNOLOGIC ""PETRU MAIOR""",REGHIN,MS,1544,3,3,0,6,28,4,0,32,48,4,0,52,61,5,0,66,133,11,0,144,195,11,0,206
114818,93,"LICEUL TEHNOLOGIC""IOAN BOJOR""",REGHIN,MS,1661,3,2,0,5,29,2,0,31,41,2,0,43,56,4,0,60,144,7,0,151,220,11,0,231
114818,94,"LICEUL TEHNOLOGIC ""IOAN BOJOR""",REGHIN,MS,1700,11,0,0,11,48,0,0,48,79,0,0,79,87,0,0,87,196,2,0,198,262,6,0,268
114818,95,"GRĂDINIŢA CU PROGRAM PRELUNGIT NR.4",REGHIN,MS,1003,6,2,0,8,21,3,0,24,28,6,0,34,35,10,0,45,89,10,0,99,115,15,0,130
114818,96,"GRĂDINIŢA CU PROGRAM PRELUNGIT NR.4",REGHIN,MS,983,3,0,0,3,21,4,0,25,32,4,0,36,43,4,0,47,103,5,0,108,144,5,0,149
114818,97,"CĂMINUL CULTURAL ""IERNUŢENI""",REGHIN,MS,1577,11,0,0,11,27,2,0,29,35,5,0,40,59,5,0,64,168,9,0,177,238,11,0,249
114818,98,"ŞCOALA GIMNAZIALĂ NR.4",REGHIN,MS,1052,1,0,0,1,11,1,0,12,20,1,0,21,23,1,0,24,117,7,0,124,332,16,0,348
114818,99,"ŞCOALA GIMNAZIALĂ NR.4",REGHIN,MS,1141,7,0,0,7,21,1,0,22,33,1,0,34,53,1,0,54,106,2,0,108,138,2,0,140
114818,100,"GRĂDINIŢA CU PROGRAM PRELUNGIT NR.3",REGHIN,MS,1424,22,2,0,24,64,2,0,66,97,5,0,102,114,8,0,122,206,10,0,216,237,12,0,249
114818,101,"ŞCOALA GIMNAZIALĂ""FLOREA BOGDAN""",REGHIN,MS,1360,6,0,0,6,31,3,0,34,53,3,0,56,70,3,0,73,133,5,0,138,169,11,0,180
114818,102,"ŞCOALA GIMNAZIALĂ ""FLOREA BOGDAN""",REGHIN,MS,1445,4,6,0,10,29,6,0,35,42,7,0,49,53,7,0,60,144,9,0,153,206,9,0,215
114818,103,"ŞCOALA GIMNAZIALĂ ""FLOREA BOGDAN""",REGHIN,MS,1376,14,3,0,17,37,3,0,40,50,3,0,53,57,4,0,61,113,7,0,120,151,8,0,159
114818,104,"GRĂDINIŢA CU PROGRAM NORMAL NR.3",REGHIN,MS,1240,9,0,0,9,41,1,0,42,60,1,0,61,79,1,0,80,162,5,0,167,206,8,0,214
114818,105,"GRĂDINIŢA CU PROGRAM NORMAL NR.3",REGHIN,MS,1043,5,0,0,5,17,3,0,20,25,3,0,28,42,5,0,47,106,10,0,116,163,10,0,173
114818,106,"CASA DE CULTURĂ A TINERETULUI ""GEORGE ENESCU""",REGHIN,MS,1180,7,2,0,9,38,5,0,43,51,5,0,56,66,5,0,71,137,9,0,146,167,13,0,180
114818,107,"ŞCOALA GIMNAZIALĂ ""AUGUSTIN MAIOR""",REGHIN,MS,1221,6,6,0,12,27,6,0,33,35,6,0,41,47,6,0,53,100,8,1,109,132,12,1,145
114818,108,"CASA DE CULTURĂ DR. ""EUGEN NICOARA""",REGHIN,MS,1246,11,4,0,15,37,5,0,42,57,6,0,63,68,6,0,74,134,18,54,206,174,20,54,248
114523,109,"ŞCOALA GIMNAZIALĂ "" OCTAVIAN GOGA """,SIGHIŞOARA,MS,1358,11,4,0,15,27,5,0,32,46,6,0,52,64,6,0,70,158,9,0,167,199,12,0,211
114523,110,"LICEUL TEHNOLOGIC NR. 2",SIGHIŞOARA,MS,1123,2,1,0,3,28,9,0,37,42,12,0,54,51,13,0,64,101,18,0,119,130,20,0,150
114523,111,"LICEUL TEHNOLOGIC NR. 2",SIGHIŞOARA,MS,960,7,1,0,8,28,2,0,30,37,3,0,40,48,3,11,62,94,5,11,110,114,5,11,130
114523,112,"ŞCOALA GIMNAZIALĂ""MIRON NEAGU""",SIGHIŞOARA,MS,1350,8,0,0,8,39,12,0,51,58,14,0,72,74,20,0,94,138,24,0,162,176,26,0,202
114523,113,"ŞCOALA GIMNAZIALĂ""MIRON NEAGU""",SIGHIŞOARA,MS,1326,5,0,0,5,40,4,0,44,45,8,0,53,52,8,0,60,114,8,0,122,150,8,0,158
114523,114,"LICEUL TEORETIC""JOSEPH HALTRICH""",SIGHIŞOARA,MS,1117,7,0,0,7,40,35,0,75,43,51,0,94,43,51,0,94,94,66,3,163,119,70,3,192
114523,115,"GRĂDINIŢA CU PROGRAM PRELUNGIT NR.2",SIGHIŞOARA,MS,1259,7,2,0,9,38,2,0,40,54,2,0,56,65,3,0,68,120,6,0,126,143,8,0,151
114523,116,"ŞCOALA GIMNAZIALĂ "" NICOLAE IORGA """,SIGHIŞOARA,MS,1010,4,3,0,7,29,5,0,34,37,6,0,43,44,7,0,51,93,7,0,100,115,9,0,124
114523,117,"ŞCOALA GIMNAZIALĂ "" NICOLAE IORGA """,SIGHIŞOARA,MS,1000,8,0,0,8,39,0,0,39,43,2,0,45,48,2,0,50,94,3,0,97,123,5,0,128
114523,118,"ŞCOALA GIMNAZIALĂ "" NICOLAE IORGA """,SIGHIŞOARA,MS,1441,3,0,0,3,43,0,0,43,58,2,0,60,69,2,0,71,144,4,0,148,170,7,0,177
114523,119,"ŞCOALA GIMNAZIALĂ "" NICOLAE IORGA """,SIGHIŞOARA,MS,1181,3,1,0,4,24,1,0,25,32,1,0,33,37,1,0,38,88,3,0,91,102,3,0,105
114523,120,"ŞCOALA GIMNAZIALĂ "" ZAHARIA BOIU """,SIGHIŞOARA,MS,1287,9,3,0,12,36,3,0,39,47,3,0,50,50,3,0,53,98,3,0,101,120,3,0,123
114523,121,"ŞCOALA GIMNAZIALĂ "" ZAHARIA BOIU """,SIGHIŞOARA,MS,1315,9,2,0,11,31,2,0,33,42,3,0,45,51,3,0,54,109,3,0,112,133,5,1,139
114523,122,"ŞCOALA GIMNAZIALĂ "" ZAHARIA BOIU """,SIGHIŞOARA,MS,1186,3,1,0,4,21,5,0,26,37,6,0,43,45,6,0,51,109,9,0,118,124,11,0,135
114523,123,"ŞCOALA GIMNAZIALĂ "" ZAHARIA BOIU """,SIGHIŞOARA,MS,1598,5,2,0,7,25,2,0,27,38,4,0,42,46,6,0,52,90,10,0,100,127,12,1,140
114523,124,"ŞCOALA GIMNAZIALĂ "" ZAHARIA BOIU """,SIGHIŞOARA,MS,1415,8,5,0,13,27,7,0,34,40,7,0,47,53,7,0,60,90,10,0,100,124,11,0,135
114523,125,"ŞCOALA PRIMARĂ ""DEALUL VIILOR""",SIGHIŞOARA,MS,1616,3,0,0,3,18,0,0,18,32,0,0,32,42,0,0,42,102,1,0,103,133,6,0,139
114523,126,"ŞCOALA GIMNAZIALĂ ""AUREL MOSORA""",SIGHIŞOARA,MS,1414,9,0,0,9,41,2,0,43,57,3,0,60,71,4,0,75,156,8,0,164,191,9,0,200
114523,127,"ŞCOALA GIMNAZIALĂ ""AUREL MOSORA""",SIGHIŞOARA,MS,1366,16,2,0,18,47,14,1,62,67,16,1,84,77,16,1,94,141,21,1,163,182,23,1,206
114523,128,"ŞCOALA GIMNAZIALĂ ""RADU POPA""",SIGHIŞOARA,MS,1170,11,1,0,12,49,5,0,54,65,21,9,95,75,21,9,105,140,27,9,176,164,27,9,200
114523,129,"ŞCOALA GIMNAZIALĂ "" VICTOR JINGA""",SIGHIŞOARA,MS,1215,17,6,0,23,55,11,0,66,76,13,0,89,96,13,0,109,165,19,0,184,220,26,0,246
114523,130,"ŞCOALA GIMNAZIALĂ "" VICTOR JINGA""",SIGHIŞOARA,MS,996,5,0,0,5,26,0,0,26,32,0,0,32,50,0,0,50,111,0,0,111,131,5,0,136
114596,131,"GRĂDINIŢA CU PROGRAM NORMALHETIUR",HETIUR,MS,846,0,0,0,0,21,3,0,24,24,3,0,27,31,3,0,34,55,4,0,59,73,7,0,80
114934,132,"GRĂDINIȚA CU PROGRAM PRELUNGIT NR. 4",TÂRNĂVENI,MS,984,4,0,0,4,40,6,0,46,63,7,0,70,70,7,0,77,127,11,0,138,162,13,0,175
114934,133,"ȘCOALA GIMNAZIALĂ NR.3",TÂRNĂVENI,MS,1096,1,0,0,1,10,0,0,10,16,0,0,16,19,0,0,19,47,5,0,52,64,7,0,71
114934,134,"ȘCOALA GIMNAZIALĂ NR.3",TÂRNĂVENI,MS,974,6,2,0,8,21,2,0,23,31,5,0,36,40,5,0,45,88,6,0,94,98,7,0,105
114934,135,"GRĂDINIȚA CU PROGRAM PRELUNGIT NR.1",TÂRNĂVENI,MS,936,13,4,0,17,50,5,0,55,66,6,0,72,81,6,0,87,149,10,0,159,171,11,0,182
114934,136,"ȘCOALA GIMNAZIALĂ TRAIAN",TÂRNĂVENI,MS,1077,8,4,0,12,30,6,0,36,43,7,0,50,59,7,0,66,121,12,0,133,150,18,0,168
114934,137,"LICEUL CONSTANTIN BRÂNCUŞI",TÂRNĂVENI,MS,1210,6,0,0,6,32,0,0,32,49,0,0,49,56,4,0,60,138,9,0,147,168,11,0,179
114934,138,"CASA DE CULTURĂ MIHAI EMINESCU",TÂRNĂVENI,MS,1194,4,0,0,4,41,1,0,42,49,1,0,50,67,4,0,71,142,5,0,147,177,5,0,182
114934,139,"COLEGIUL TEHNIC",TÂRNĂVENI,MS,964,6,3,0,9,29,4,0,33,38,4,0,42,52,4,0,56,106,8,0,114,138,8,0,146
114934,140,"ŞCOALA GIMNAZIALĂ AVRAM IANCU",TÂRNĂVENI,MS,951,4,0,0,4,32,2,0,34,38,5,0,43,48,5,0,53,78,6,16,100,93,6,16,115
114934,141,"ȘCOALA GIMNAZIALĂ AVRAM IANCU",TÂRNĂVENI,MS,891,6,3,0,9,37,3,0,40,45,4,0,49,48,4,0,52,99,5,0,104,125,7,0,132
114934,142,"LICEUL TEORETIC ANDREI BÂRSEANU",TÂRNĂVENI,MS,1302,7,0,0,7,40,0,0,40,48,1,0,49,52,1,0,53,120,2,0,122,187,4,0,191
114934,143,"LICEUL TEORETIC ANDREI BÂRSEANU",TÂRNĂVENI,MS,1364,8,0,0,8,28,0,0,28,38,0,0,38,52,0,0,52,105,7,0,112,156,7,0,163
114934,144,"GRĂDINIȚA CU PROGRAM NORMAL NR. 6",TÂRNĂVENI,MS,1195,9,1,0,10,34,1,0,35,50,3,0,53,55,3,0,58,108,8,0,116,136,9,0,145
114934,145,"CLUBUL PENSIONARILOR NR. 2",TÂRNĂVENI,MS,1180,14,0,0,14,40,0,0,40,59,6,0,65,66,7,0,73,130,8,0,138,156,10,0,166
114934,146,"CENTRUL SOCIAL VICTORIA",TÂRNĂVENI,MS,1089,7,0,0,7,28,2,0,30,34,7,0,41,44,8,0,52,114,14,0,128,156,19,0,175
114934,147,"ŞCOALA GIMNAZIALĂ VASILE MOLDOVAN",TÂRNĂVENI,MS,1111,1,0,0,1,19,0,0,19,27,4,0,31,35,4,0,39,73,9,0,82,121,15,0,136
114934,148,"ŞCOALA GIMNAZIALĂ VASILE MOLDOVAN",TÂRNĂVENI,MS,1146,1,0,0,1,15,0,0,15,25,0,0,25,38,0,0,38,137,4,0,141,232,7,0,239
114934,149,"ŞCOALA GIMNAZIALĂ VASILE MOLDOVAN",TÂRNĂVENI,MS,1180,5,0,0,5,21,0,0,21,29,0,0,29,34,1,0,35,95,7,0,102,127,8,0,135
114934,150,"ŞCOALA PRIMARĂ BOTORCA",TÂRNĂVENI,MS,295,0,0,0,0,6,3,0,9,8,4,0,12,11,4,0,15,42,5,0,47,69,7,0,76
114961,151,"CĂMINUL CULTURAL BOBOHALMA",BOBOHALMA,MS,860,24,0,0,24,36,0,0,36,51,3,0,54,76,3,0,79,135,10,0,145,179,12,0,191
116956,152,"GRĂDINIŢA CU PROGRAM NORMAL NR. 6",CUŞTELNIC,MS,456,5,3,0,8,10,3,0,13,16,3,0,19,20,3,0,23,79,3,0,82,101,3,0,104
117836,153,"CASA DE CULTURĂ IERNUT",IERNUT,MS,1339,7,0,0,7,36,2,0,38,50,3,0,53,74,4,0,78,151,7,0,158,192,9,0,201
117836,154,"GRĂDINIŢA CU PROGRAM NORMAL IERNUT",IERNUT,MS,1116,4,0,0,4,20,1,0,21,36,2,0,38,45,2,0,47,107,9,0,116,132,10,0,142
117836,155,"ŞCOALA GIMNAZIALĂ IERNUT",IERNUT,MS,1233,5,3,0,8,18,4,0,22,26,7,0,33,51,7,0,58,105,10,0,115,141,10,0,151
117836,156,"ŞCOALA GIMNAZIALĂ IERNUT",IERNUT,MS,1366,16,1,0,17,35,3,0,38,52,7,0,59,70,9,0,79,138,13,0,151,178,13,0,191
117845,157,"ŞCOALA GIMNAZIALĂ CIPĂU",CIPĂU,MS,884,3,0,0,3,14,0,0,14,20,0,0,20,39,1,0,40,69,7,0,76,94,13,0,107
117854,158,"CĂMIN CULTURAL",DEAG,MS,285,2,0,0,2,4,3,0,7,5,3,0,8,10,4,0,14,25,8,0,33,40,10,0,50
117863,159,"ŞCOALA GIMNAZIALĂ LECHINŢA",LECHINŢA,MS,721,3,3,0,6,10,5,0,15,11,5,0,16,21,5,0,26,41,13,0,54,55,14,0,69
117872,160,"CĂMIN CULTURAL OARBA DE MUREŞ","OARBA DE MUREŞ",MS,97,0,1,0,1,4,2,0,6,7,2,0,9,12,3,0,15,19,3,0,22,23,5,0,28
117907,161,"ŞCOALA PRIMARĂ SĂLCUD",SĂLCUD,MS,543,0,4,0,4,8,8,0,16,11,8,0,19,15,8,0,23,26,9,0,35,31,13,0,44
117916,162,"ŞCOALA PRIMARĂ SFÎNTU GHEORGHE","SFÎNTU GHEORGHE",MS,328,0,0,0,0,5,2,0,7,20,4,0,24,28,5,0,33,59,6,0,65,88,8,0,96
114729,163,"CĂMINUL CULTURAL GHEJA-LUDUȘ",LUDUŞ,MS,1276,5,24,0,29,36,27,0,63,70,31,0,101,105,33,0,138,210,36,0,246,293,39,0,332
114729,164,"CĂMINUL CULTURAL ROȘIORI-LUDUȘ",LUDUŞ,MS,1059,1,0,0,1,6,0,0,6,15,4,0,19,21,4,0,25,50,5,0,55,66,8,0,74
114729,165,"CASA DE CULTURĂ ""POMPEIU HĂRĂŞTEANU"" - LUDUȘ",LUDUŞ,MS,1605,11,1,0,12,36,2,0,38,66,7,0,73,75,8,0,83,143,15,0,158,207,20,0,227
114729,166,"ŞCOALA GIMNAZIALĂ ""IOAN VLĂDUŢIU"" - LUDUȘ",LUDUŞ,MS,1397,11,1,0,12,62,1,0,63,86,3,0,89,104,5,0,109,180,5,0,185,237,8,0,245
114729,167,"ŞCOALA GIMNAZIALĂ ""IOAN VLĂDUŢIU"" - LUDUȘ",LUDUŞ,MS,1603,6,5,0,11,48,9,0,57,80,10,0,90,90,11,0,101,189,15,0,204,263,20,0,283
114729,168,"LICEUL TEHNOLOGIC NR. 1 - LUDUȘ",LUDUŞ,MS,1365,16,0,0,16,55,0,0,55,97,3,0,100,109,5,0,114,193,6,0,199,248,6,0,254
114729,169,"GRĂDINIŢA ""CĂSUŢA FERMECATĂ"" - LUDUȘ",LUDUŞ,MS,1387,10,0,0,10,55,3,0,58,74,4,0,78,100,5,0,105,176,7,0,183,240,9,0,249
114729,170,"GRĂDINIȚACU PROGRAM NORMAL NR. 02 - LUDUȘ",LUDUŞ,MS,1504,10,6,0,16,55,8,0,63,85,11,0,96,126,13,0,139,227,19,0,246,287,23,0,310
114729,171,"GRĂDINIŢA CU PROGRAM PRELUNGIT NR. 01 - LUDUȘ",LUDUŞ,MS,1116,13,2,0,15,45,5,0,50,61,6,0,67,73,8,0,81,147,12,0,159,200,17,0,217
114729,172,"ŞCOALA GIMNAZIALĂNR.1 - LUDUȘ",LUDUŞ,MS,1106,3,3,0,6,28,8,14,50,33,8,14,55,44,9,14,67,107,12,15,134,146,13,15,174
114729,173,"ŞCOALA GIMNAZIALĂNR.1 - LUDUȘ",LUDUŞ,MS,1126,3,0,0,3,18,2,0,20,30,6,0,36,55,6,0,61,115,9,0,124,172,19,0,191
118290,174,"CĂMINUL CULTURAL","MIERCUREA NIRAJULUI",MS,973,1,0,0,1,5,2,0,7,13,2,0,15,16,2,0,18,69,7,0,76,97,10,0,107
118290,175,"ŞCOALA GIMNAZIALĂ DEÁK FARKAS","MIERCUREA NIRAJULUI",MS,1077,1,0,0,1,7,1,0,8,13,2,0,15,19,3,0,22,54,9,0,63,91,17,0,108
118290,176,INTERNATULŞCOLAR,"MIERCUREA NIRAJULUI",MS,1048,2,0,0,2,9,0,0,9,14,0,0,14,24,0,0,24,55,2,0,57,86,6,0,92
118316,177,"CAMINUL CULTURAL",DUMITREŞTII,MS,253,0,1,0,1,2,2,0,4,2,2,0,4,4,3,0,7,11,4,0,15,15,7,0,22
118352,178,"CAMINUL CULTURAL",TÂMPA,MS,432,0,0,0,0,2,0,0,2,4,3,0,7,5,3,0,8,10,3,0,13,13,6,0,19
118343,179,"ŞCOALA GIMNAZIALĂ","ŞARDU NIRAJULUI",MS,563,2,0,0,2,8,0,0,8,11,0,0,11,12,0,0,12,37,0,0,37,44,0,0,44
118334,180,"ŞCOALA PRIMARĂ",MOŞUNI,MS,327,1,0,0,1,3,1,0,4,4,3,0,7,7,3,0,10,11,5,0,16,21,11,0,32
119260,181,"CĂMINUL CULTURAL BALDA",BALDA,MS,914,3,1,0,4,6,3,0,9,10,3,0,13,16,4,0,20,57,4,0,61,95,7,0,102
119304,182,"CĂMINUL CULTURAL SĂRMĂŞEL GARĂ",SĂRMĂŞEL-GARĂ,MS,572,2,0,0,2,8,1,0,9,12,1,0,13,27,3,0,30,66,5,0,71,105,10,0,115
119322,183,"CĂMINUL CULTURAL VIŞINELU",VIŞINELU,MS,374,4,1,0,5,17,3,0,20,25,4,0,29,33,9,0,42,85,16,0,101,133,20,0,153
119251,184,"SALĂ SPORT SĂRMAŞU",SARMAŞU,MS,1174,10,0,0,10,30,1,0,31,61,4,0,65,78,5,0,83,192,13,0,205,246,18,0,264
119251,185,"CASĂ CULTURĂ SĂRMAŞU",SARMAŞU,MS,825,4,0,0,4,18,7,0,25,27,9,0,36,57,10,0,67,106,23,0,129,137,29,0,166
119251,186,"LICEUL TEORETIC ""SAMUIL MICU"" - ŞCOALA GIMNAZIALĂ SĂRMAŞU",SARMAŞU,MS,1005,6,1,0,7,13,1,0,14,25,1,0,26,43,2,0,45,194,14,0,208,264,17,0,281
119279,187,"ŞCOALA PRIMARĂ LARGA",LARGA,MS,154,0,0,0,0,2,0,0,2,3,3,0,6,3,4,0,7,8,4,0,12,14,5,0,19
119297,188,"CĂMINUL CULTURAL SĂRMĂŞEL",SĂRMĂŞEL,MS,618,3,0,0,3,11,1,0,12,13,2,0,15,26,3,0,29,81,6,0,87,110,9,0,119
119340,189,"CAMINUL CULTURAL SÂNGEORGIU DE PĂDURE","SÂNGEORGIU DE PĂDURE",MS,1250,6,3,0,9,11,5,0,16,18,5,0,23,27,5,0,32,60,5,0,65,81,5,0,86
119340,190,"CAMINUL CULTURAL SÂNGEORGIU DE PĂDURE","SÂNGEORGIU DE PĂDURE",MS,1299,5,0,0,5,10,0,0,10,15,0,0,15,21,1,0,22,51,1,0,52,70,1,0,71
119340,191,"LICEUL TEHNOLOGIC RHEDEY CLAUDIA SÂNGEORGIU DE PĂDURE","SÂNGEORGIU DE PĂDURE",MS,1314,2,1,0,3,13,6,0,19,20,8,0,28,28,14,0,42,93,20,0,113,122,21,0,143
119359,192,"SCOALAGIMNAZIALĂ BEZID",BEZID,MS,513,1,2,0,3,2,3,0,5,3,4,0,7,4,4,0,8,10,4,0,14,16,6,0,22
114881,193,"CĂMINUL CULTURAL SATULILIEŞI",ILIEŞI,MS,364,2,1,0,3,3,3,0,6,8,3,0,11,8,3,0,11,21,3,0,24,23,4,0,27
114890,194,"ŞCOALA PRIMARĂ SĂCĂDATU DE JOS",SĂCĂDAT,MS,1163,0,0,0,0,11,0,0,11,12,0,0,12,17,0,0,17,42,1,0,43,62,3,0,65
114863,195,"ŞCOALAGIMNAZIALĂ ""S.ILLYES LAJOS""SOVATA",SOVATA,MS,1089,4,0,0,4,25,3,0,28,30,5,0,35,41,5,0,46,76,16,0,92,87,16,0,103
114863,196,"ŞCOALA GIMNAZIALĂ""S.ILLYESLAJOS"" SOVATA",SOVATA,MS,1378,7,0,0,7,18,2,0,20,25,2,0,27,31,6,0,37,76,15,0,91,108,23,0,131
114863,197,"PRIMĂRIA ORAŞ SOVATA",SOVATA,MS,1462,11,6,0,17,29,19,0,48,39,24,0,63,54,26,0,80,96,35,0,131,129,38,0,167
114863,198,"BIBLIOTECA ORĂŞENEASCĂ SOVATA BĂI",SOVATA,MS,448,2,5,0,7,4,50,0,54,6,87,0,93,8,100,0,108,18,147,0,165,30,156,0,186
114863,199,"CENTRUL CULTURAL ""DOMOKOS KÁZMÉR"" SOVATA",SOVATA,MS,1556,7,1,0,8,25,1,0,26,40,1,0,41,55,3,0,58,132,5,0,137,165,7,0,172
114863,200,"ŞCOALA PRRIMARĂ SOVATA NR.3",SOVATA,MS,1089,1,0,0,1,7,3,0,10,9,3,0,12,11,3,0,14,41,3,0,44,57,4,0,61
119901,201,"ŞCOALA GIMNAZIALĂ ""EMIL DRĂGAN"" UNGHENI",UNGHENI,MS,913,2,5,0,7,16,8,0,24,28,8,0,36,58,8,0,66,144,11,0,155,180,14,0,194
119901,202,"ŞCOALA GIMNAZIALĂ ""EMIL DRĂGAN""UNGHENI",UNGHENI,MS,865,7,2,0,9,19,6,0,25,30,13,0,43,37,13,0,50,80,16,5,101,112,16,5,133
119901,203,"CĂMIN CULTURAL UNGHENI",UNGHENI,MS,804,9,2,0,11,34,6,0,40,83,7,0,90,98,11,0,109,154,13,0,167,199,27,0,226
119901,204,"CĂMIN CULTURAL UNGHENI",UNGHENI,MS,810,4,0,0,4,14,0,0,14,52,3,0,55,59,3,0,62,100,8,0,108,134,12,0,146
119910,205,"CĂMIN CULTURAL CERGHID",CERGHID,MS,405,2,0,0,2,13,1,0,14,23,3,0,26,43,5,0,48,79,7,0,86,118,16,0,134
119938,206,"CĂMIN CULTURAL MOREŞTI",MOREŞTI,MS,641,5,5,0,10,21,5,0,26,35,6,0,41,62,6,0,68,137,13,0,150,230,18,2,250
119929,207,"ȘCOALA PRIMARĂ CERGHIZEL",CERGHIZEL,MS,390,3,1,0,4,13,3,0,16,24,6,0,30,44,8,0,52,75,9,0,84,106,22,0,128
119956,208,"ȘCOALA PRIMARĂ ŞĂUŞA",ŞĂUŞA,MS,199,3,0,0,3,8,2,0,10,10,2,0,12,18,5,0,23,58,6,0,64,75,11,0,86
119965,209,"ȘCOALA PRIMARĂ VIDRASĂU",VIDRASĂU,MS,911,7,1,0,8,34,24,0,58,51,25,0,76,80,25,0,105,255,36,0,291,360,48,2,410
114989,210,"SALĂ DE SPORT ACĂȚARI",ACĂŢARI,MS,1002,0,0,0,0,15,1,0,16,20,3,0,23,20,3,0,23,63,7,0,70,106,10,0,116
115012,211,"ȘCOALA PRIMARĂ GRUIȘOR",GRUIŞOR,MS,343,3,1,0,4,7,3,0,10,11,4,0,15,12,4,0,16,22,4,0,26,42,8,0,50
115003,212,"CĂMIN CULTURAL GĂIEȘTI",GĂIEŞTI,MS,295,3,1,0,4,3,2,0,5,6,2,0,8,9,2,0,11,23,3,0,26,28,3,0,31
115021,213,"CĂMIN CULTURAL MURGEȘTI",MURGEŞTI,MS,420,0,0,0,0,3,0,0,3,5,0,0,5,8,0,0,8,40,10,0,50,58,13,0,71
115030,214,"CĂMINUL CULTURAL ROTENI",ROTENI,MS,645,1,0,0,1,8,2,0,10,9,3,0,12,12,3,0,15,79,8,0,87,134,9,0,143
115049,215,"CĂMIN CULTURAL STEJERIȘ",STEJERIŞ,MS,281,4,0,0,4,6,0,0,6,10,0,0,10,10,0,0,10,21,8,0,29,46,9,0,55
115058,216,"CĂMIN CULTURAL SUVEICA",SUVEICA,MS,177,1,3,0,4,5,3,0,8,9,3,0,12,9,3,0,12,15,3,0,18,23,3,0,26
115067,217,"ȘCOALA PRIMARĂ VĂLENII",VĂLENII,MS,649,0,0,0,0,4,1,0,5,10,1,0,11,10,1,0,11,18,3,0,21,58,4,0,62
115085,218,ȘCOALAGIMNAZIALĂADĂMUȘ,ADĂMUŞ,MS,676,5,3,0,8,13,3,0,16,16,5,0,21,16,5,0,21,28,5,0,33,37,7,0,44
115085,219,"CĂMINUL CULTURAL ADĂMUȘ",ADĂMUŞ,MS,1091,5,1,0,6,12,1,0,13,16,4,0,20,30,4,0,34,57,7,0,64,80,7,0,87
115101,220,"ȘCOALA PRIMARĂ CORNEȘTI",CORNEŞTI,MS,1005,7,0,0,7,27,4,0,31,65,10,0,75,92,12,0,104,158,13,0,171,211,18,0,229
115110,221,"SCOALA PRIMARĂ CRĂIEȘTI",CRĂIEŞTI,MS,876,2,0,0,2,9,2,0,11,14,2,0,16,14,2,0,16,42,4,0,46,93,5,0,98
115129,222,"GRĂDINIȚA DE COPII CU PROGRAM NORMAL DÎMBĂU",DÎMBĂU,MS,890,2,0,0,2,5,1,0,6,12,1,0,13,18,1,0,19,50,3,0,53,63,5,0,68
114667,223,"ȘCOALA GIMNAZIALĂ ȚOPA",ŢOPA,MS,289,2,0,0,2,8,0,0,8,11,5,0,16,12,5,0,17,46,8,0,54,58,13,0,71
114612,224,"ȘCOALA GIMNAZIALĂ ALBEȘTI",ALBEŞTI,MS,1664,6,0,0,6,32,1,0,33,41,2,0,43,49,3,0,52,130,10,0,140,217,16,0,233
114612,225,"ȘCOALA GIMNAZIALĂ ALBEȘTI",ALBEŞTI,MS,1762,8,2,0,10,34,4,0,38,53,8,0,61,61,8,0,69,159,11,0,170,226,13,0,239
114630,226,"ȘCOALA GIMNAZIALĂ BOIU",BOIU,MS,1205,1,0,0,1,7,0,0,7,22,4,0,26,41,4,0,45,75,11,0,86,115,20,0,135
115156,227,"CĂMINUL CULTURAL ALUNIŞ-SALA MARE",ALUNIŞ,MS,796,23,0,0,23,50,0,0,50,79,0,0,79,101,0,0,101,156,0,0,156,200,0,0,200
115156,228,"CĂMINUL CULTURAL ALUNIŞ-SALA MICĂ",ALUNIŞ,MS,819,22,2,0,24,42,6,0,48,42,7,0,49,45,8,0,53,98,12,0,110,128,22,0,150
115165,229,"ŞCOALA PRIMARĂFIŢCĂU",FIŢCĂU,MS,400,0,0,0,0,0,3,0,3,3,6,0,9,7,7,0,14,19,7,0,26,32,7,0,39
115174,230,"CĂMINUL CULTURAL LUNCA- MUREŞ - SALA MICĂ","LUNCA MUREŞULUI",MS,551,2,0,0,2,10,0,0,10,13,2,0,15,13,3,4,20,21,6,4,31,33,10,4,47
115192,231,"GRĂDINIŢA CU PROGRAM NORMAL APOLD",APOLD,MS,814,0,0,0,0,6,0,0,6,10,0,0,10,10,0,0,10,22,5,0,27,33,7,0,40
115209,232,"ŞCOALA PRIMARĂ DAIA",DAIA,MS,565,1,0,0,1,4,0,0,4,4,1,0,5,6,1,0,7,22,1,0,23,34,2,0,36
115218,233,"ŞCOALA GIMNAZIALĂ ŞAEŞ",ŞAEŞ,MS,1084,3,0,0,3,12,2,0,14,15,2,0,17,24,5,0,29,80,7,0,87,112,7,0,119
115245,234,"SEDIUL PRIMARIEIATINTIS",AŢINTIŞ,MS,611,3,0,0,3,6,2,0,8,7,2,0,9,11,5,0,16,43,14,0,57,57,19,0,76
115254,235,"SCOALA PRIMARABOTEZ",BOTEZ,MS,140,0,1,0,1,4,1,0,5,7,5,0,12,8,6,0,14,14,6,0,20,20,6,0,26
115263,236,"SCOALA PRIMARA CECALACA",CECĂLACA,MS,321,1,1,0,2,2,2,0,4,7,2,0,9,7,5,0,12,25,10,0,35,40,12,0,52
115272,237,"SCOALA PRIMARA ISTIHAZA",IŞTIHAZA,MS,164,0,2,0,2,0,2,0,2,2,2,0,4,2,4,0,6,4,5,0,9,5,10,0,15
115316,238,"ŞCOALA GIMNAZIALĂ BAHNEA",BAHNEA,MS,977,2,1,0,3,14,1,0,15,26,2,0,28,42,3,0,45,95,5,0,100,194,9,0,203
115316,239,"ŞCOALA GIMNAZIALĂ BAHNEA",BAHNEA,MS,596,2,2,0,4,5,4,0,9,7,6,0,13,10,9,0,19,37,11,0,48,60,11,0,71
115325,240,"ŞCOALA PRIMARĂ BERNADEA",BERNADEA,MS,141,0,0,0,0,0,1,0,1,0,2,0,2,1,2,0,3,18,12,0,30,21,13,0,34
115370,241,"ŞCOALA PRIMARĂ LEPINDEA",LEPINDEA,MS,145,2,0,0,2,2,0,0,2,5,6,0,11,6,7,0,13,21,16,0,37,24,22,0,46
115343,242,"ŞCOALA PRIMARĂ DAIA",DAIA,MS,138,0,0,0,0,0,0,0,0,0,1,0,1,0,1,0,1,9,1,0,10,15,6,0,21
115361,243,"ŞCOALA GIMNAZIALĂ IDICIU",IDICIU,MS,248,0,0,0,0,1,0,0,1,4,0,0,4,15,1,0,16,28,7,0,35,79,11,0,90
115352,244,"ŞCOALA GIMNAZIALĂ GOGAN",GOGAN,MS,416,1,0,0,1,3,0,0,3,4,0,0,4,5,0,0,5,12,0,0,12,17,6,0,23
115334,245,"ŞCOALA PRIMARĂ CUND",CUND,MS,174,0,0,0,0,0,0,0,0,3,3,0,6,4,3,0,7,6,4,0,10,7,9,0,16
115398,246,"SCOALA PROFESIONALA BAND",BAND,MS,664,3,0,0,3,9,0,0,9,9,1,0,10,18,1,0,19,35,1,0,36,53,2,0,55
115398,247,"SCOALA PROFESIONALA BAND",BAND,MS,797,1,0,0,1,2,0,0,2,4,0,0,4,5,2,0,7,20,6,0,26,24,8,0,32
115398,248,"SCOALA PROFESIONALA BAND",BAND,MS,875,0,3,0,3,1,3,0,4,2,3,0,5,4,3,0,7,8,4,0,12,11,8,0,19
115398,249,"GRĂDINIŢA CU PROGRAM NORMAL BAND",BAND,MS,773,1,0,0,1,2,0,0,2,4,0,0,4,5,0,0,5,20,1,0,21,35,3,0,38
115496,250,"CONSUMCOOPSOCIETATE COOPERATIVĂ",ŢIPTELNIC,MS,91,0,1,0,1,1,3,0,4,1,4,0,5,4,7,0,11,11,9,0,20,17,12,0,29
115511,251,"ŞCOALA PRIMARA VALEA RECE","VALEA RECE",MS,218,1,0,0,1,3,0,0,3,3,0,0,3,3,0,0,3,5,0,0,5,8,6,0,14
115450,252,"ŞCOALA PRIMARAMĂRĂŞEŞTI",MĂRĂŞEŞTI,MS,251,0,2,0,2,1,2,0,3,1,2,0,3,4,3,0,7,18,7,0,25,28,7,0,35
115414,253,"ŞCOALA GIMNAZIALA FÎNAŢE",FÂNAŢE,MS,353,2,2,0,4,6,3,0,9,9,3,0,12,12,4,0,16,75,9,0,84,120,14,0,134
115478,254,"ŞCOALA PRIMARA OROIU",OROIU,MS,241,3,0,0,3,5,1,0,6,8,1,0,9,9,1,0,10,27,6,0,33,38,10,0,48
115487,255,"ŞCOALA PRIMARAPETEA",PETEA,MS,155,1,0,0,1,4,0,0,4,6,2,0,8,8,6,0,14,16,6,0,22,23,6,0,29
115405,256,"ŞCOALA PRIMARA DRĂCULEA BANDULUI","DRĂCULEA BANDULUI",MS,100,0,0,0,0,1,0,0,1,3,0,0,3,5,0,0,5,27,6,0,33,28,6,0,34
115469,257,"SALA SEDINTA- PAROHIA REFORMATA NEGRENII DE CAMPIE","NEGRENII DE CÂMPIE",MS,99,1,0,0,1,5,0,0,5,5,3,0,8,5,3,0,8,11,7,0,18,15,7,0,22
115502,258,"ŞCOALA PRIMARA VALEA MARE","VALEA MARE",MS,166,3,6,0,9,10,7,0,17,10,7,0,17,14,7,0,21,29,10,0,39,45,17,0,62
115539,259,"ŞCOALA GIMNAZIALĂ BATOŞ",BATOŞ,MS,1131,3,0,0,3,10,4,0,14,11,4,0,15,29,6,0,35,96,10,0,106,116,10,0,126
115548,260,"ŞCOALA GIMNAZIALĂ DEDRAD",DEDRAD,MS,1305,6,2,0,8,16,5,0,21,22,5,0,27,41,8,1,50,97,10,1,108,145,15,1,161
115557,261,"GRĂDINIŢA CU PROGRAM NORMAL GORENI",GORENI,MS,499,2,0,0,2,7,0,0,7,9,2,0,11,16,2,0,18,51,4,0,55,120,7,0,127
115566,262,"ŞCOALA PRIMARĂ UILA",UILA,MS,482,2,0,0,2,4,0,0,4,7,0,0,7,9,4,0,13,27,4,0,31,34,4,0,38
115584,263,"CĂMINUL CULTURAL BĂGACIU",BĂGACIU,MS,1118,7,0,0,7,19,1,0,20,31,3,0,34,32,3,0,35,84,4,0,88,110,6,0,116
115593,264,"ŞCOALA GIMNAZIALĂ",DELENII,MS,903,6,2,0,8,13,5,0,18,20,7,0,27,23,8,0,31,50,9,0,59,85,9,0,94
115619,265,"CĂMIN CULTURAL",BĂLA,MS,450,2,1,0,3,6,2,0,8,14,3,0,17,27,5,0,32,70,13,0,83,97,16,0,113
115628,266,"ȘCOALA PRIMARĂ",ERCEA,MS,141,0,0,0,0,4,0,0,4,6,0,0,6,6,1,0,7,35,4,0,39,53,7,0,60
115646,267,"CĂMINUL CULTURAL BĂLĂUŞERI",BĂLĂUŞERI,MS,964,0,0,0,0,1,3,0,4,2,3,0,5,3,4,0,7,28,5,0,33,29,7,0,36
115655,268,"CĂMIN CULTURAL AGRIŞTEU",AGRIŞTEU,MS,636,5,1,0,6,8,6,0,14,11,6,0,17,11,7,0,18,19,9,0,28,80,15,0,95
115673,269,"CĂMIN CULTURAL DUMITRENI",DUMITRENI,MS,376,7,0,0,7,19,1,0,20,22,2,0,24,27,2,0,29,50,6,0,56,57,7,0,64
115682,270,"CĂMIN CULTURAL FILITELNIC",FILITELNIC,MS,184,0,0,0,0,5,0,0,5,8,5,0,13,8,6,0,14,12,6,0,18,23,6,0,29
115664,271,"SCOALĂ GIMNAZIALĂ SAMUEL JOZSEF CHENDU",CHENDU,MS,1182,2,0,0,2,4,0,0,4,6,2,0,8,7,3,0,10,30,4,0,34,44,4,0,48
115691,272,"SCOALĂ GIMNAZIALĂ SENEREUŞ",SENEREUŞ,MS,534,2,6,0,8,2,6,0,8,13,7,0,20,13,7,0,20,49,10,0,59,63,11,0,74
115717,273,"CĂMINUL CULTURAL BEICA DE JOS","BEICA DE JOS",MS,704,3,1,0,4,11,4,0,15,26,7,0,33,35,8,0,43,73,10,0,83,138,20,0,158
115726,274,"GRĂDINIȚA CU PROGRAM NORMAL BEICA DE SUS","BEICA DE SUS",MS,213,0,0,0,0,7,4,0,11,14,6,0,20,17,9,0,26,47,12,0,59,67,17,0,84
115744,275,"ȘCOALA PRIMARĂ NADĂȘA",NADĂŞA,MS,187,7,5,0,12,11,9,0,20,15,16,0,31,23,18,0,41,45,19,0,64,53,25,0,78
115735,276,"ȘCOALA PRIMARĂ CĂCUCIU",CĂCUCIU,MS,113,0,0,0,0,10,8,0,18,14,11,0,25,17,12,0,29,43,25,0,68,60,31,0,91
115762,277,"ȘCOALA PRIMARĂ ȘERBENI",ŞERBENI,MS,275,3,4,0,7,7,6,0,13,13,9,0,22,16,10,1,27,73,17,1,91,131,22,1,154
115753,278,"CĂMINUL CULTURAL SÎNMIHAI DE PĂDURE","SÎNMIHAI DE PĂDURE",MS,199,0,1,0,1,6,2,0,8,9,8,0,17,16,10,0,26,34,18,0,52,43,20,0,63
118110,279,"CĂMINUL CULTURAL BERENI",BERENI,MS,432,0,0,0,0,1,0,0,1,1,0,0,1,2,2,0,4,10,4,0,14,24,6,0,30
118156,280,"CĂMINUL CULTURAL EREMIENI",EREMIENI,MS,192,1,2,0,3,4,2,0,6,7,2,0,9,8,2,0,10,30,3,0,33,39,7,0,46
118174,281,"CĂMINUL CULTURAL MĂRCULENI",MĂRCULENI,MS,366,1,0,0,1,3,2,0,5,5,3,0,8,5,4,0,9,25,9,0,34,40,13,0,53
115780,282,"CĂMIN CULTURAL BICHIŞ",BICHIŞ,MS,162,1,0,0,1,1,0,0,1,1,0,0,1,1,0,0,1,3,5,0,8,3,6,0,9
115799,283,"ŞCOALA PRIMARĂ GÎMBUŢ",GÎMBUŢ,MS,131,0,0,0,0,0,3,0,3,2,3,0,5,2,3,0,5,16,9,0,25,26,12,0,38
115806,284,"ŞCOALA PRIMARĂ NANDRA",NANDRA,MS,121,0,0,0,0,6,2,0,8,9,3,0,12,13,4,0,17,24,6,0,30,34,6,0,40
115815,285,"CĂMINUL CULTURAL OZD",OZD,MS,253,0,1,0,1,3,3,0,6,6,4,0,10,6,4,0,10,7,4,0,11,21,6,0,27
115842,286,"ŞCOALA PRIMARĂ",RANTA,MS,243,1,1,0,2,5,1,0,6,5,1,0,6,6,1,0,7,9,2,0,11,14,7,0,21
115833,287,"PRIMARIA BOGATA",BOGATA,MS,1270,4,1,0,5,22,2,0,24,26,2,0,28,30,3,0,33,68,7,0,75,89,8,0,97
115879,288,"ȘCOALA PRIMARĂ FILPIȘU MARE","FILPIŞU MARE",MS,640,1,0,0,1,6,2,0,8,11,2,0,13,16,2,0,18,68,10,0,78,96,15,0,111
115888,289,"ȘCOALA PRIMARĂ FILPIȘU MIC","FILPIŞU MIC",MS,351,2,2,0,4,6,2,0,8,6,2,0,8,11,2,0,13,27,4,0,31,51,6,0,57
115860,290,"CAMIN CULTURAL BREAZA",BREAZA,MS,1058,5,0,0,5,16,0,0,16,16,0,0,16,26,0,0,26,81,0,0,81,109,3,0,112
115922,291,"CĂMIN CULTURAL",IDICEL-PĂDURE,MS,394,0,0,0,0,2,0,0,2,6,0,0,6,12,0,0,12,47,2,0,49,56,8,0,64
115904,292,"ȘCOALA PRIMARĂ",BRÎNCOVENEŞTI,MS,1337,1,0,0,1,8,0,0,8,15,2,0,17,21,3,0,24,57,7,0,64,77,8,0,85
115913,293,"ȘCOALA PRIMARĂ",IDICEL,MS,334,2,3,0,5,4,6,0,10,7,8,0,15,11,8,0,19,52,14,0,66,69,16,0,85
115931,294,"ȘCOALA PRIMARĂ","SĂCALU DE PĂDURE",MS,276,2,5,0,7,4,5,0,9,8,5,0,13,14,8,0,22,60,22,0,82,73,25,0,98
115940,295,"CLUB-CĂMIN CULTURAL","VĂLENII DE MUREŞ",MS,1022,5,0,0,5,35,0,0,35,38,1,0,39,41,1,0,42,64,8,0,72,71,10,0,81
115968,296,"CĂMINUL CULTURAL CEUAȘU DE CÎMPIE","CEUAŞU DE CÎMPIE",MS,1335,2,0,0,2,10,1,0,11,18,1,0,19,31,2,0,33,102,7,0,109,166,15,0,181
115977,297,"CĂMINUL CULTURAL BOZED",BOZED,MS,125,2,0,0,2,6,3,0,9,10,4,0,14,18,7,0,25,26,8,0,34,37,11,0,48
115986,298,"ŞCOALA PRIMARĂ CÎMPENIȚA",CÎMPENIŢA,MS,727,0,0,0,0,3,0,0,3,10,1,0,11,17,1,0,18,58,6,0,64,108,11,0,119
115995,299,"CĂMINUL CULTURAL CULPIU",CULPIU,MS,310,0,0,0,0,2,0,0,2,2,0,0,2,7,0,0,7,19,0,0,19,29,4,0,33
116000,300,"CĂMINUL CULTURAL HERGHELIA",HERGHELIA,MS,320,1,4,0,5,2,9,0,11,15,18,0,33,17,19,0,36,47,32,0,79,101,46,0,147
116019,301,"ȘCOALA PRIMARĂ PORUMBENI",PORUMBENI,MS,463,0,0,0,0,1,0,0,1,2,0,0,2,9,0,0,9,24,0,0,24,42,1,0,43
116028,302,"CĂMINULCULTURAL SĂBED",SĂBED,MS,620,4,1,0,5,10,1,0,11,15,1,0,16,18,1,0,19,40,5,0,45,51,7,0,58
116037,303,"CĂMINUL CULTURAL VOINICENI",VOINICENI,MS,916,4,0,0,4,27,4,0,31,37,7,0,44,55,10,0,65,126,21,0,147,196,32,0,228
116091,304,"CAMIN CULTURAL",GRINDENI,MS,467,2,0,0,2,2,0,0,2,4,1,0,5,9,3,0,12,27,10,0,37,37,10,0,47
116055,305,"SEDIUL PRIMARIEI CHETANI",CHEŢANI,MS,941,5,1,0,6,25,5,0,30,32,9,0,41,49,10,0,59,111,19,0,130,141,29,0,170
116108,306,"CAMIN CULTURAL HADARENI",HĂDĂRENI,MS,674,3,0,0,3,18,2,0,20,35,6,0,41,45,6,0,51,74,14,0,88,92,20,0,112
117088,307,"PRIMĂRIA COMUNEI CHIBED",CHIBED,MS,1357,3,0,0,3,6,5,0,11,14,6,0,20,24,6,0,30,50,7,0,57,83,10,0,93
116135,308,"SEDIUL PRIMĂRIEI COMUNEI CHIHERU DE JOS","CHIHERU DE JOS",MS,347,3,0,0,3,14,2,0,16,19,2,0,21,37,2,0,39,87,13,0,100,120,18,1,139
116144,309,"ŞCOALA PRIMARĂ CHIHERU DE SUS","CHIHERU DE SUS",MS,307,1,2,0,3,6,3,0,9,10,3,0,13,17,4,0,21,50,9,0,59,62,14,0,76
116153,310,"ŞCOALA PRIMARĂ URISIU DE JOS","URISIU DE JOS",MS,253,3,5,0,8,4,7,0,11,7,7,0,14,21,11,0,32,45,14,0,59,66,18,0,84
116162,311,"CAMINUL CULTURAL URISIU DE SUS","URISIU DE SUS",MS,349,0,0,0,0,8,4,0,12,13,7,0,20,24,7,0,31,66,11,0,77,95,21,0,116
116180,312,"ȘCOALA GIMNAZIALĂ COROISÎNMĂRTIN",COROISÎNMĂRTIN,MS,339,1,0,0,1,4,0,0,4,8,0,0,8,10,0,0,10,23,0,0,23,40,1,0,41
116215,313,"ȘCOALA PRIMARĂ ȘOIMUȘ",ŞOIMUŞ,MS,323,3,3,0,6,15,6,0,21,27,12,0,39,50,13,0,63,101,14,0,115,128,14,0,142
116206,314,"CĂMINUL CULTURAL ODRIHEI",ODRIHEI,MS,392,3,1,0,4,15,1,0,16,30,2,0,32,35,2,0,37,71,8,0,79,88,12,0,100
116199,315,"ȘCOALA PRIMARĂ COROI",COROI,MS,101,1,0,0,1,3,0,0,3,3,0,0,3,4,0,0,4,12,15,0,27,16,15,0,31
117952,316,"CĂMINUL CULTURAL CORUNCA",CORUNCA,MS,1042,1,4,0,5,10,5,0,15,14,11,0,25,27,11,0,38,55,13,0,68,73,26,0,99
117952,317,"CĂMINUL CULTURAL CORUNCA",CORUNCA,MS,1619,5,1,0,6,29,8,0,37,45,8,0,53,57,8,0,65,176,14,0,190,223,21,0,244
117943,318,"CĂMINUL CULTURAL BOZENI",BOZENI,MS,113,0,0,0,0,0,0,0,0,0,0,0,0,0,0,0,0,4,5,0,9,5,8,0,13
116251,319,"CAMIN CULTURAL","SOCOLU DE CÎMPIE",MS,108,2,0,0,2,4,0,0,4,6,0,0,6,9,0,0,9,15,2,2,19,25,3,2,30
116233,320,"PRIMARIA COZMA",COZMA,MS,320,4,0,0,4,7,0,0,7,7,2,0,9,13,3,0,16,47,13,0,60,63,22,0,85
116297,321,"CĂMIN CULTURAL CRĂCIUNEŞTI SALA MICĂ",CRĂCIUNEŞTI,MS,847,2,0,0,2,6,2,0,8,24,5,0,29,27,5,0,32,40,9,0,49,68,10,0,78
116297,322,"CĂMINUL CULTURAL CRĂCIUNEŞTI SALA MARE",CRĂCIUNEŞTI,MS,968,1,0,0,1,3,0,0,3,8,5,0,13,9,5,0,14,28,8,0,36,64,13,0,77
116322,323,"CĂMINUL CULTURAL CORNEŞTI",CORNEŞTI,MS,714,1,0,0,1,4,0,0,4,4,3,0,7,6,3,0,9,70,5,0,75,109,9,0,118
116313,324,"ŞCOALA PRIMARĂ CINTA",CINTA,MS,430,0,0,0,0,1,0,0,1,2,1,0,3,5,1,0,6,32,1,0,33,64,3,0,67
116304,325,"ŞCOALA PRIMARĂ BUDIU MIC","BUDIU MIC",MS,304,0,0,0,0,2,1,0,3,2,1,0,3,7,1,0,8,21,3,0,24,28,7,0,35
116359,326,"PRIMARIACOMUNEI CRAIESTI",CRĂIEŞTI,MS,514,8,2,0,10,15,2,0,17,24,2,0,26,34,6,0,40,89,11,26,126,141,15,26,182
116377,327,CĂMINCULTURALMILAȘEL,MILĂŞEL,MS,147,1,0,0,1,2,1,0,3,3,4,0,7,10,6,0,16,33,9,4,46,53,12,4,69
116368,328,"CĂMIN CULTURALLEFAIA",LEFAIA,MS,48,1,4,0,5,4,6,0,10,4,8,0,12,7,9,0,16,16,11,0,27,23,11,0,34
114364,329,PRIMARIA,CRISTEŞTI,MS,1434,8,0,0,8,32,4,0,36,40,6,0,46,78,12,0,90,163,16,0,179,241,24,0,265
114364,330,PRIMĂRIE,CRISTEŞTI,MS,1313,9,0,0,9,33,0,0,33,51,0,0,51,67,0,0,67,147,2,0,149,207,4,0,211
114364,331,"ŞCOALA GIMNAZIALA CRISTEŞTI",CRISTEŞTI,MS,1476,8,0,0,8,48,1,0,49,65,3,0,68,82,4,0,86,170,10,0,180,243,17,0,260
114373,332,"CĂMINUL CULTURAL",VĂLURENI,MS,815,1,0,0,1,4,0,0,4,10,0,0,10,12,4,0,16,43,4,0,47,53,7,0,60
116402,333,"PRIMARIA CUCERDEA",CUCERDEA,MS,583,1,0,0,1,6,0,0,6,12,1,0,13,24,1,0,25,54,3,0,57,61,5,0,66
116420,334,"ȘCOALA GIMNAZIALĂ ȘEULIA DE MUREȘ","ŞEULIA DE MUREŞ",MS,473,1,0,0,1,7,0,0,7,12,0,0,12,19,0,0,19,51,8,0,59,64,11,0,75
116411,335,"CĂMIN CULTURAL BORD",BORD,MS,103,1,0,0,1,2,0,0,2,3,0,0,3,4,0,0,4,10,2,0,12,16,4,0,20
116475,336,"CAMIN CULTURAL",OROSIA,MS,135,6,1,0,7,17,1,0,18,23,1,0,24,26,2,0,28,33,6,0,39,38,9,0,47
116484,337,"CĂMIN CULTURAL",PETRILACA,MS,441,4,2,0,6,10,5,0,15,23,5,0,28,40,5,0,45,92,16,0,108,113,22,0,135
116457,338,"SCOALA PRIMARĂ",DĂTĂŞENI,MS,277,1,0,0,1,4,0,0,4,10,0,0,10,23,1,0,24,43,9,0,52,52,10,0,62
116448,339,"PRIMĂRIA CUCI",CUCI,MS,673,2,3,0,5,5,6,0,11,16,6,0,22,25,9,0,34,98,20,0,118,145,21,0,166
116509,340,"CĂMINUL CULTURAL DANES",DANEŞ,MS,1005,8,1,0,9,21,1,0,22,29,2,0,31,36,2,0,38,107,17,0,124,147,21,0,168
116509,341,"CLUBUL TINERETULUI",DANEŞ,MS,988,2,0,0,2,10,0,0,10,18,0,0,18,22,0,0,22,86,0,0,86,135,0,0,135
116527,342,"SCOALA GIMNAZIALA SELEUS-DANES",SELEUŞ,MS,860,3,1,0,4,16,1,0,17,28,1,0,29,33,1,0,34,73,3,0,76,103,3,0,106
116527,343,"SCOALA GIMNAZIALA SELEUS-DANES",SELEUŞ,MS,876,4,2,0,6,14,3,0,17,15,3,0,18,15,3,0,18,72,3,0,75,91,4,0,95
116518,344,"ŞCOALA GIMNAZIALA INV.""STROIESCU IOAN ""CRIŞ",CRIŞ,MS,587,2,4,0,6,7,5,0,12,14,7,0,21,17,8,0,25,32,8,0,40,46,13,0,59
116536,345,"CĂMINUL CULTURAL STEJĂRENII",STEJĂRENII,MS,272,0,1,0,1,3,2,0,5,5,3,0,8,5,3,0,8,13,5,0,18,24,7,0,31
116563,346,"ŞCOALA GIMNAZIALĂ BISTRA-MUREŞULUI","BISTRA MUREŞULUI",MS,828,4,0,0,4,17,0,0,17,31,3,0,34,57,4,0,61,171,21,0,192,251,28,0,279
116572,347,"ŞCOALA PRIMARĂ FILEA",FILEA,MS,565,2,0,0,2,9,3,0,12,11,3,0,14,18,3,0,21,106,15,0,121,171,17,0,188
116581,348,"ŞCOALA PRIMARĂ PIETRŞ",PIETRIŞ,MS,378,1,0,0,1,8,0,0,8,10,0,0,10,16,0,0,16,65,5,0,70,92,16,0,108
116554,349,"CĂMIN CULTURAL DEDA",DEDA,MS,1524,13,0,0,13,36,2,0,38,45,3,0,48,112,6,0,118,260,32,0,292,447,45,0,492
116607,350,"ȘCOALA GIMNAZIALĂ ,,DR. NYULAS FERENC '' EREMITU",EREMITU,MS,1454,3,0,0,3,10,2,0,12,18,2,0,20,31,5,0,36,111,14,0,125,169,16,0,185
116616,351,"ȘCOALA PRIMARĂ CĂLUGĂRENI",CĂLUGĂRENI,MS,454,0,2,0,2,3,2,0,5,7,3,0,10,9,5,0,14,36,6,0,42,47,10,0,57
116625,352,"ȘCOALAPRIMARĂ CÎMPU CETĂŢII","CÎMPU CETĂŢII",MS,318,0,0,0,0,7,6,0,13,8,6,0,14,9,8,0,17,20,15,0,35,33,19,0,52
116634,353,"ȘCOALAPRIMARĂ DĂMIENI",DĂMIENI,MS,185,1,0,0,1,6,0,0,6,8,0,0,8,9,0,0,9,35,0,0,35,39,6,0,45
116643,354,"ȘCOALA GIMNAZIALĂ MĂTRICI",MĂTRICI,MS,714,2,6,0,8,6,6,0,12,7,9,0,16,14,9,0,23,52,12,0,64,84,20,0,104
116661,355,"CĂMINUL CULTURAL ERNEI",ERNEI,MS,867,6,1,0,7,12,6,0,18,17,6,0,23,21,6,0,27,44,6,0,50,60,11,0,71
116661,356,"SALA DE ŞEDINŢE - PRIMĂRIA COMUNEI ERNEI",ERNEI,MS,1052,6,0,0,6,14,3,0,17,18,4,0,22,19,4,0,23,54,6,0,60,102,8,0,110
116670,357,"CĂMINUL CULTURAL CĂLUŞERI",CĂLUŞERI,MS,472,2,2,0,4,3,2,0,5,7,2,0,9,7,2,0,9,20,3,0,23,34,9,0,43
116689,358,"CĂMINUL CULTURAL DUMBRĂVIOARA",DUMBRĂVIOARA,MS,1462,2,0,0,2,13,1,0,14,26,4,0,30,36,6,0,42,63,8,0,71,86,13,0,99
116698,359,"CĂMINUL CULTURAL ICLAND",ICLAND,MS,315,0,0,0,0,6,0,0,6,8,0,0,8,8,0,0,8,12,0,0,12,15,3,0,18
116705,360,"SCOALA PRIMARĂ SĂCĂRENI",SĂCĂRENI,MS,205,0,1,0,1,3,1,0,4,4,4,0,8,6,5,0,11,6,8,0,14,10,9,0,19
116714,361,"CĂMINUL CULTURAL SÎNGERU DE PĂDURE","SÎNGERU DE PĂDURE",MS,334,3,0,0,3,8,3,0,11,8,4,0,12,8,5,0,13,14,6,0,20,18,7,0,25
116732,362,"SEDIU PRIMARIE",FĂRĂGĂU,MS,376,4,0,0,4,14,6,0,20,26,11,0,37,42,11,0,53,103,20,0,123,181,35,0,216
116778,363,"CLADIRE FOSTUL CAP",POARTA,MS,176,5,4,0,9,12,8,0,20,17,8,0,25,24,8,0,32,28,8,0,36,46,11,0,57
116787,364,"SCOALA GIMNAZIALA TONCIU",TONCIU,MS,700,46,0,0,46,94,6,0,100,155,7,0,162,167,7,0,174,209,9,0,218,260,9,0,269
116803,365,"ŞCOALA GIMNAZIALĂ FÎNTÎNELE",FÎNTÎNELE,MS,995,0,0,0,0,4,0,0,4,8,0,0,8,11,0,0,11,37,3,0,40,50,4,0,54
116803,366,"ŞCOALA GIMNAZIALĂ FÎNTÎNELE",FÎNTÎNELE,MS,993,2,0,0,2,4,2,0,6,5,2,0,7,5,3,0,8,26,3,0,29,32,3,0,35
116821,367,"ŞCOALA GIMNAZIALĂ CĂLIMĂNEŞTI",CĂLIMĂNEŞTI,MS,705,1,0,0,1,4,0,0,4,5,2,0,7,5,4,0,9,19,6,0,25,36,7,0,43
116858,368,"ŞCOALA PRIMARĂ VIFOROASA",VIFOROASA,MS,656,1,4,0,5,3,5,0,8,3,5,0,8,3,5,0,8,23,6,0,29,41,12,0,53
116812,369,"ŞCOALA PRIMARĂ BORDOŞIU",BORDOŞIU,MS,245,1,0,0,1,2,0,0,2,3,4,0,7,3,4,0,7,15,9,0,24,17,10,0,27
116830,370,"GRĂDINIŢA CU PROGRAM NORMAL CIBU",CIBU,MS,90,0,0,0,0,1,0,0,1,2,0,0,2,2,1,0,3,11,5,0,16,13,6,0,19
116849,371,"ŞCOALA PRIMARĂ ROUA",ROUA,MS,283,0,0,0,0,3,0,0,3,4,0,0,4,4,0,0,4,9,2,0,11,9,6,0,15
116876,372,"ŞCOALA GIMNAZIALĂ „SZENTIVÁNI MIHÁLY”GĂLEŞTI",GĂLEŞTI,MS,759,1,0,0,1,3,0,0,3,5,2,0,7,5,2,0,7,22,5,0,27,35,6,0,41
116929,373,"ŞCOALA GIMNAZIALĂ TROIŢA",TROIŢA,MS,594,0,0,0,0,1,1,0,2,2,4,0,6,3,4,0,7,12,4,0,16,16,4,0,20
116910,374,"ŞCOALA PRIMARĂ MAIAD",MAIAD,MS,227,1,1,0,2,10,1,0,11,11,4,0,15,11,6,0,17,16,8,0,24,21,8,0,29
120520,375,"CĂMINUL CULTURALSÂNVĂSII",SÂNVĂSII,MS,258,1,1,0,2,3,1,0,4,9,1,0,10,11,2,0,13,27,2,0,29,33,9,0,42
116885,376,"ŞCOALA PRIMARĂ ADRIANU MARE","ADRIANU MARE",MS,107,1,0,0,1,7,0,0,7,7,0,0,7,7,0,0,7,11,0,0,11,16,6,0,22
116901,377,"CĂMINUL CULTURAL BEDENI",BEDENI,MS,118,0,0,0,0,3,0,0,3,4,0,0,4,5,0,0,5,7,0,0,7,8,0,0,8
116947,378,"GRĂDINIŢA CU PROGRAM NORMAL GĂNEŞTI",GĂNEŞTI,MS,989,5,0,0,5,13,5,0,18,17,6,0,23,25,6,0,31,64,9,0,73,109,11,0,120
116947,379,"ŞCOALA GIMNAZIALĂ FOGARASI SAMUEL GĂNEŞTI",GĂNEŞTI,MS,784,3,0,0,3,7,0,0,7,9,0,0,9,16,0,0,16,38,2,0,40,60,2,0,62
116965,380,"ŞCOALA PRIMARĂPĂUCIŞOARA",PĂUCIŞOARA,MS,219,2,0,0,2,2,0,0,2,3,0,0,3,4,1,0,5,9,2,0,11,28,4,0,32
120566,381,"ŞCOALA PRIMARĂ SEUCA",SEUCA,MS,958,7,0,0,7,12,0,0,12,12,2,0,14,17,3,0,20,35,5,0,40,48,9,0,57
116992,382,"CĂMINUL CULTURAL GHEORGHE DOJA","GHEORGHE DOJA",MS,398,0,0,0,0,2,1,0,3,6,1,0,7,6,1,0,7,7,6,0,13,13,7,0,20
117006,383,"CĂMINUL CULTURAL ILIENI",ILIENI,MS,335,1,0,0,1,4,0,0,4,16,1,0,17,18,5,0,23,26,5,0,31,36,8,0,44
117015,384,"CĂMINUL CULTURAL LEORDENI",LEORDENI,MS,310,0,0,0,0,1,1,0,2,2,4,0,6,2,4,0,6,10,5,0,15,16,10,0,26
117024,385,"ȘCOALA PRIMARĂ SATU NOU","SATU NOU",MS,610,0,0,0,0,1,0,0,1,1,2,0,3,2,2,0,4,7,3,0,10,10,9,0,19
117033,386,"ȘCOALĂ GIMNAZIALĂ TIRIMIA",TIRIMIA,MS,706,2,1,0,3,13,2,0,15,24,2,0,26,33,3,0,36,62,14,0,76,90,15,0,105
117051,387,"ȘCOALA GIMNAZIALĂ WESSELÉNYI MIKLÓS",GHINDARI,MS,1246,1,0,0,1,4,1,0,5,15,2,0,17,19,2,0,21,56,3,0,59,79,6,0,85
117104,388,"CĂMIN CULTURAL TREI SATE","TREI SATE",MS,954,0,0,0,0,2,0,0,2,3,0,0,3,9,1,0,10,45,6,0,51,54,7,0,61
117097,389,"ȘCOALĂ PRIMARĂ SOLOCMA",SOLOCMA,MS,255,1,4,0,5,2,6,0,8,10,6,0,16,17,6,0,23,28,11,0,39,39,12,0,51
117060,390,"ȘCOALĂ PRIMARĂ ABUD",ABUD,MS,110,2,0,0,2,2,0,0,2,2,0,0,2,2,0,0,2,11,3,0,14,15,4,0,19
117122,391,"ȘCOALA GIMNAZIALĂ „ADORJANI KAROLY” GLODENI",GLODENI,MS,930,0,1,0,1,0,2,0,2,5,2,0,7,7,2,0,9,11,2,0,13,14,2,0,16
117122,392,"ȘCOALA GIMNAZIALĂ „ADORJANI KAROLY” GLODENI",GLODENI,MS,1078,2,0,0,2,4,0,0,4,9,1,0,10,11,1,0,12,46,4,0,50,67,4,0,71
117131,393,"ȘCOALA PRIMARĂ MERIȘOR",MERIŞOR,MS,135,2,1,0,3,5,1,0,6,6,3,0,9,7,3,0,10,35,8,0,43,43,10,0,53
117140,394,"ŞCOALA PRIMARĂ MOIȘA",MOIŞA,MS,200,1,1,0,2,6,3,0,9,7,4,0,11,11,4,0,15,51,8,0,59,64,10,0,74
117159,395,"ŞCOALA PRIMARĂ PĂCURENI",PĂCURENI,MS,181,0,0,0,0,1,2,0,3,2,2,0,4,4,7,0,11,18,10,0,28,24,10,0,34
117168,396,"ȘCOALA PRIMARĂ PĂINGENI",PĂINGENI,MS,300,2,0,0,2,2,0,0,2,6,0,0,6,7,0,0,7,25,9,0,34,36,9,0,45
117202,397,"CAMIN CULTURAL",ILIOARA,MS,92,0,0,0,0,0,0,0,0,0,0,0,0,1,0,0,1,5,3,0,8,8,7,0,15
117239,398,"CAMIN CULTURAL",PĂDURENI,MS,356,3,0,0,3,6,0,0,6,8,0,0,8,10,0,0,10,17,3,0,20,38,8,0,46
117257,399,"CAMIN CULTURAL","PETRILACA DE MUREŞ",MS,341,0,0,0,0,4,0,0,4,5,3,0,8,5,4,0,9,26,4,0,30,38,5,0,43
117266,400,"SCOALA PRIMARĂ TELEAC",TELEAC,MS,336,2,0,0,2,2,0,0,2,5,0,0,5,22,2,0,24,48,11,0,59,80,14,0,94
117186,401,"SCOALA GIMNAZIALATELEKI DOMOKOS",GORNEŞTI,MS,803,2,0,0,2,7,1,0,8,15,2,0,17,18,4,0,22,30,5,0,35,45,6,0,51
117186,402,"GRADINITA CU PROGRAMNORMAL",GORNEŞTI,MS,805,2,0,0,2,11,3,0,14,16,3,0,19,20,3,0,23,46,9,0,55,64,12,0,76
117248,403,"CAMIN CULTURAL PERIS",PERIŞ,MS,1500,4,1,0,5,11,2,0,13,13,4,0,17,16,6,0,22,46,7,0,53,72,11,0,83
117195,404,"SCOALA PRIMARĂ IARA DE MUREŞ","IARA DE MUREŞ",MS,245,0,0,0,0,1,0,0,1,1,0,0,1,1,1,0,2,2,4,0,6,5,5,0,10
117284,405,"CĂMIN CULTURAL GREBENISU DE CIMPIE","GREBENIŞU DE CÎMPIE",MS,1319,2,5,0,7,24,5,0,29,31,5,0,36,55,6,0,61,133,10,0,143,258,18,0,276
117328,406,"CĂMINUL CULTURAL GURGHIU",GURGHIU,MS,861,5,4,0,9,12,4,0,16,15,4,0,19,26,4,0,30,90,7,0,97,130,10,0,140
117328,407,"CAMINUL CULTURAL GURGHIU",GURGHIU,MS,774,13,2,0,15,17,2,0,19,19,2,0,21,28,2,0,30,73,4,0,77,105,6,0,111
117337,408,"CĂMINUL CULTURAL ADRIAN",ADRIAN,MS,227,8,5,0,13,15,6,0,21,30,7,0,37,39,8,0,47,71,17,0,88,90,23,0,113
117346,409,"SCOALA PRIMARACASVA",CAŞVA,MS,669,0,0,0,0,5,3,0,8,12,3,0,15,32,4,0,36,89,16,0,105,119,19,1,139
117355,410,"FOSTA SCOALA PRIMARA COMORI",COMORI,MS,158,0,0,0,0,6,0,0,6,7,0,0,7,13,0,0,13,45,4,0,49,52,9,0,61
117373,411,"CAMINUL CULTURAL GLAJARIE",GLĂJĂRIE,MS,1427,12,1,0,13,24,3,0,27,36,4,0,40,147,6,0,153,267,9,0,276,288,9,0,297
117382,412,"SCOALA PRIMARA LARGA",LARGA,MS,190,0,0,0,0,1,2,0,3,4,6,0,10,4,6,0,10,13,7,0,20,25,8,0,33
117391,413,"CAMINUL CULTURAL ORSOVA",ORŞOVA,MS,662,5,0,0,5,21,0,0,21,23,0,0,23,32,0,0,32,109,11,0,120,142,15,0,157
117435,414,"CAMINUL CULTURALHODAC",HODAC,MS,995,0,0,0,0,8,1,0,9,10,2,0,12,32,2,0,34,142,5,0,147,271,15,0,286
117435,415,"SCOALA GIMNAZIALA HODAC",HODAC,MS,1059,10,1,0,11,20,2,0,22,24,2,0,26,61,7,0,68,159,10,0,169,223,13,0,236
117480,416,"GRADINITA CU PROGRAM NORMAL TOACA",TOACA,MS,666,5,0,0,5,7,1,0,8,10,1,0,11,19,1,0,20,90,5,0,95,103,7,0,110
117462,417,"SCOALA GIMNAZIALA DUBISTEA DE PADURE","DUBIŞTEA DE PĂDURE",MS,373,2,0,0,2,5,0,0,5,9,1,0,10,17,1,0,18,68,7,0,75,99,10,0,109
117480,418,"CAMINUL CULTURAL TOACA",TOACA,MS,875,3,0,0,3,7,0,0,7,23,2,0,25,58,3,0,61,145,11,0,156,203,12,0,215
117514,419,"ȘCOALA PRIMARĂ HODOȘA",HODOŞA,MS,166,0,1,0,1,3,2,0,5,3,2,0,5,3,2,0,5,24,7,0,31,44,9,0,53
117523,420,"ȘCOALA PRIMARĂ IHOD",IHOD,MS,95,1,0,0,1,1,0,0,1,1,0,0,1,5,0,0,5,25,2,0,27,28,7,0,35
117532,421,"ȘCOALA PRIMARĂ ISLA",ISLA,MS,223,0,0,0,0,2,1,0,3,2,1,0,3,5,1,0,6,16,9,0,25,17,9,0,26
117541,422,"ȘCOALA GIMNAZIALĂ ”PETREȘ KÁLMÁN „ SÎMBRIAȘ",SÎMBRIAŞ,MS,510,1,0,0,1,6,1,0,7,10,2,0,12,26,2,0,28,68,3,0,71,87,10,0,97
117569,423,"GRĂDINIŢA CU PROGRAM NORMAL IBĂNEŞTI",IBĂNEŞTI,MS,1335,5,4,0,9,34,5,0,39,58,6,0,64,81,7,0,88,245,17,0,262,334,20,0,354
117569,424,"SALĂ MANIFESTĂRI ISTICEU",IBĂNEŞTI,MS,490,3,1,0,4,14,2,0,16,15,8,0,23,19,9,0,28,90,17,0,107,125,17,0,142
117603,425,"GRĂDINIŢA CU PROGRAM PRELUNGIT IBĂNEŞTI-PĂDURE",IBĂNEŞTI-PĂDURE,MS,777,1,2,0,3,7,4,0,11,13,7,0,20,35,11,0,46,113,17,0,130,144,22,0,166
117596,426,"CĂMIN CULTURAL DULCEA",DULCEA,MS,906,3,0,0,3,18,0,0,18,28,2,0,30,44,2,0,46,140,11,0,151,212,11,0,223
117676,427,"CAMINUL CULTURAL",ICLĂNZEL,MS,1031,0,0,0,0,7,1,0,8,13,1,0,14,26,2,0,28,107,14,0,121,139,17,0,156
117685,428,"ȘCOALA GIMNAZIALĂ ”PETRU MAIOR”","CĂPUŞU DE CÎMPIE",MS,620,2,3,0,5,8,5,0,13,15,6,0,21,19,8,0,27,82,21,3,106,96,22,3,121
117792,429,"CAMINUL CULTURAL IDECIU DE JOS","IDECIU DE JOS",MS,835,3,0,0,3,6,2,0,8,10,2,0,12,19,4,0,23,59,10,0,69,92,12,0,104
117792,430,"GRADINITA CU PROGRAM NORMAL IDECIU DE SUS","IDECIU DE JOS",MS,693,11,4,0,15,38,5,0,43,53,6,0,59,59,7,0,66,160,9,0,169,186,11,0,197
117792,431,"FOSTA SCOALA PRIMARA DELENI","IDECIU DE JOS",MS,213,2,0,0,2,3,0,0,3,5,2,0,7,8,2,0,10,47,4,0,51,61,12,0,73
117961,432,"CAMIN CULTURAL",IVĂNEŞTI,MS,361,5,0,0,5,6,1,0,7,8,1,0,9,10,1,0,11,29,8,0,37,40,13,0,53
117970,433,"CAMIN CULTURAL",POIENIŢA,MS,236,4,1,0,5,4,1,0,5,5,7,0,12,8,7,0,15,13,10,0,23,18,12,0,30
117934,434,"ȘCOALA GIMNAZIALĂ BENEDEK ELEK",LIVEZENI,MS,1856,2,8,0,10,12,12,0,24,23,17,0,40,33,18,0,51,119,28,0,147,195,37,0,232
117989,435,"CĂMIN CULTURAL",SÎNIŞOR,MS,203,0,1,0,1,1,1,0,2,4,2,0,6,7,2,0,9,16,2,0,18,18,7,0,25
118003,436,"SEDIUL ADMINISTRATIV AL PRIMĂRIEI",LUNCA,MS,419,0,0,0,0,4,1,0,5,8,3,0,11,17,3,1,21,58,9,1,68,135,14,1,150
118012,437,"ŞCOALA GIMNAZIALĂ BĂIŢA",BĂIŢA,MS,624,0,0,0,0,4,1,0,5,11,3,0,14,23,6,0,29,160,8,0,168,258,18,0,276
118021,438,"ŞCOALA PRIMARĂ FRUNZENI",FRUNZENI,MS,328,1,3,0,4,10,4,0,14,11,8,0,19,20,11,0,31,69,16,0,85,90,20,0,110
118030,439,"ŞCOALA PRIMARĂ LOGIG",LOGIG,MS,324,1,0,0,1,6,0,0,6,10,1,0,11,16,2,0,18,66,11,0,77,104,11,0,115
118049,440,"ŞCOALA PRIMARĂ SÎNTU",SÎNTU,MS,265,4,0,0,4,7,0,0,7,11,0,0,11,23,0,0,23,62,6,0,68,73,14,0,87
118067,441,"CASA DE CULTURA LUNCA BRADULUI","LUNCA BRADULUI",MS,1227,15,0,0,15,32,10,0,42,38,13,0,51,44,17,0,61,97,24,5,126,123,27,5,155
118076,442,"SCOALA PRIMARA SAT NEAGRA",NEAGRA,MS,367,1,2,0,3,4,4,0,8,8,5,0,13,15,5,0,20,30,6,0,36,45,7,0,52
115441,443,"SEDIUL PRIMĂRIEI COMUNEI MĂDĂRAȘ",MĂDĂRAŞ,MS,1042,5,4,0,9,10,4,0,14,15,5,0,20,23,6,0,29,61,10,0,71,98,13,0,111
115441,444,"ȘCOALA PRIMARĂ CU CLASELE I-IV FÂNAȚTELE MĂDĂRAȘULUI",MĂDĂRAŞ,MS,230,4,1,0,5,5,1,0,6,10,2,0,12,15,2,0,17,20,2,0,22,55,6,0,61
118101,445,"ŞCOALA GIMNAZIALĂ MĂGHERANI",MĂGHERANI,MS,605,1,0,0,1,5,22,0,27,8,22,0,30,12,23,0,35,35,27,0,62,56,31,0,87
118183,446,"ŞCOALA PRIMARĂ ŞILEA NIRAJULUI","ŞILEA NIRAJULUI",MS,328,0,0,0,0,0,0,0,0,1,0,0,1,2,5,0,7,31,5,0,36,41,5,0,46
118192,447,"GRĂDINIŢA CU PROGRAM NORMAL TORBA",TORBA,MS,126,0,0,0,0,3,0,0,3,5,0,0,5,9,4,0,13,17,7,0,24,31,9,0,40
118218,448,"ȘCOALA PRIMARĂ MICA",MICA,MS,578,0,0,0,0,4,0,0,4,4,1,0,5,10,5,0,15,14,8,0,22,23,9,0,32
118245,449,"ȘCOALA GIMNAZIALĂ ”BELLE JOZSEF”",CEUAŞ,MS,707,0,0,0,0,1,0,0,1,2,0,0,2,7,4,0,11,18,4,0,22,30,5,0,35
118254,450,"ȘCOALA GIMNAZIALĂ DEAJ",DEAJ,MS,1186,0,0,0,0,5,0,0,5,7,0,0,7,9,4,0,13,33,6,0,39,68,11,0,79
118263,451,"ȘCOALA GIMNAZIALĂ HĂRĂNGLAB",HĂRĂNGLAB,MS,621,4,0,0,4,9,0,0,9,9,0,0,9,12,0,0,12,21,3,0,24,33,4,0,37
118272,452,"ȘCOALA PRIMARĂ ȘOMOȘTELNIC",ŞOMOŞTELNIC,MS,208,0,0,0,0,3,0,0,3,6,0,0,6,8,0,0,8,20,7,0,27,39,9,0,48
118227,453,"ȘCOALA PRIMARĂ",ABUŞ,MS,242,5,0,0,5,7,0,0,7,9,0,0,9,15,3,0,18,32,6,0,38,40,10,0,50
118389,454,"CĂMINUL CULTURAL MIHEȘU DE CÎMPIE","MIHEŞU DE CÎMPIE",MS,1238,5,1,0,6,11,1,0,12,13,2,0,15,21,2,0,23,76,13,0,89,104,16,0,120
118432,455,"CĂMINUL CULTURAL RĂZOARE",RĂZOARE,MS,679,3,0,0,3,25,6,0,31,27,8,0,35,34,10,0,44,77,18,0,95,93,20,0,113
118478,456,"ŞCOALAGIMNAZIALĂ CORPUL ANADEŞ",NADEŞ,MS,1181,2,0,0,2,5,0,0,5,11,0,0,11,16,0,0,16,36,3,0,39,50,3,0,53
118487,457,ŞCOALAPRIMARĂMĂGHERUŞ,MĂGHERUŞ,MS,103,1,0,0,1,4,5,0,9,4,5,0,9,4,6,0,10,7,6,0,13,9,6,0,15
118496,458,"CĂMINUL CULTURALPIPEA",PIPEA,MS,53,1,2,0,3,1,3,0,4,3,3,0,6,3,3,0,6,12,6,0,18,14,8,0,22
118502,459,"ŞCOALA GIMNAZIALĂŢIGMANDRU",ŢIGMANDRU,MS,874,0,0,0,0,6,1,0,7,7,1,0,8,10,1,0,11,29,2,0,31,47,2,0,49
118520,460,"ŞCOALA GIMNAZIALĂ NEAUA",NEAUA,MS,309,2,1,0,3,3,2,0,5,6,2,0,8,8,3,0,11,13,4,0,17,50,10,0,60
118566,461,"CĂMINUL CULTURAL VĂDAȘ",VĂDAŞ,MS,298,0,0,0,0,5,0,0,5,8,0,0,8,15,0,0,15,24,4,0,28,33,6,0,39
118539,462,"ŞCOALA PRIMARĂ GHINEȘTI",GHINEŞTI,MS,216,0,0,0,0,2,0,0,2,4,0,0,4,5,0,0,5,6,3,0,9,18,8,0,26
118557,463,"CĂMINUL CULTURAL SÎNSIMION",SÎNSIMION,MS,56,0,0,0,0,0,0,0,0,0,0,0,0,0,0,0,0,1,3,0,4,4,3,0,7
118548,464,"ŞCOALA PRIMARĂ RIGMANI",RIGMANI,MS,196,0,0,0,0,1,1,0,2,1,3,0,4,2,3,0,5,5,3,0,8,10,3,0,13
118584,465,"CLUB CĂMIN CULTURAL OGRA",OGRA,MS,1300,3,0,0,3,17,7,0,24,60,11,0,71,70,11,0,81,127,16,1,144,157,23,1,181
118584,466,"ȘCOALA GIMNAZIALĂ OGRA",OGRA,MS,135,1,1,0,2,1,3,0,4,2,3,0,5,2,5,0,7,12,11,0,23,12,12,0,24
118600,467,"FOSTA ŞCOALĂ GENERALĂ GIULUŞ",GIULUŞ,MS,112,1,1,0,2,6,3,0,9,8,3,0,11,10,3,0,13,26,8,0,34,37,11,0,48
118619,468,"ŞCOALA PRIMARĂ LĂSCUD",LĂSCUD,MS,189,2,0,0,2,7,2,0,9,12,3,0,15,20,3,0,23,28,5,0,33,33,7,0,40
118628,469,"GRĂDINIȚA CU PROGRAM NORMAL VAIDEIU",VAIDEIU,MS,100,0,0,0,0,5,2,0,7,5,2,0,7,6,3,0,9,11,4,0,15,13,7,0,20
118646,470,"CAMIN CULTURAL","PAPIU ILARIAN",MS,688,5,0,0,5,7,0,0,7,13,1,0,14,13,1,0,14,76,7,0,83,94,8,0,102
118708,471,"GRĂDINIŢA CU PROGRAM NORMAL PĂNET",PĂNET,MS,1065,2,0,0,2,27,0,0,27,36,3,0,39,44,3,0,47,97,3,0,100,154,9,0,163
118708,472,"SEDIUL PRIMĂRIEI COMUNEI PĂNET",PĂNET,MS,871,3,1,0,4,39,2,0,41,61,6,0,67,75,7,0,82,120,7,0,127,178,8,0,186
118717,473,"CĂMINUL CULTURAL BERGHIA",BERGHIA,MS,998,1,0,0,1,9,1,0,10,16,1,0,17,30,3,0,33,67,8,0,75,93,15,0,108
118726,474,"ŞCOALA PRIMARĂ CUIEŞD",CUIEŞD,MS,662,0,0,0,0,6,0,0,6,12,0,0,12,16,1,0,17,47,6,0,53,62,10,0,72
118735,475,"CĂMINUL CULTURAL HĂRŢĂU",HĂRŢĂU,MS,282,2,0,0,2,5,1,0,6,11,2,0,13,14,2,0,16,41,4,0,45,55,10,0,65
118744,476,"CĂMINUL CULTURAL SINTIOANA DE MUREŞ","SÎNTIOANA DE MUREŞ",MS,1171,6,0,0,6,15,0,0,15,34,1,0,35,41,2,0,43,127,10,0,137,206,11,0,217
118762,477,"ŞCOALA GIMNANZIALĂ ”KISS GERGELY” PĂSĂRENI",PĂSĂRENI,MS,699,0,0,0,0,9,0,0,9,11,4,0,15,12,4,0,16,52,6,0,58,78,11,0,89
118780,478,"ŞCOALA PRIMARĂ GĂLĂŢENI, SAT GĂLĂȚENI",GĂLĂŢENI,MS,552,3,0,0,3,5,2,0,7,5,2,0,7,6,2,0,8,14,4,0,18,27,4,0,31
118771,479,"CĂMIN CULTURAL BOLINTINENI, SAT BOLINTINENI",BOLINTINENI,MS,178,0,0,0,0,1,3,0,4,2,3,0,5,4,4,0,8,31,12,0,43,54,21,0,75
118806,480,"FOSTUL SEDIU AL POSTEI ROMANE",PETELEA,MS,1080,3,0,0,3,7,0,0,7,7,0,0,7,9,0,0,9,18,0,0,18,26,0,0,26
118806,481,"SEDIUL PRIMARIEI",PETELEA,MS,914,5,4,0,9,8,4,0,12,9,4,0,13,18,5,0,23,78,11,0,89,113,14,0,127
118815,482,"SCOALA PRIMARA HABIC",HABIC,MS,201,3,2,0,5,5,4,0,9,5,6,0,11,6,10,0,16,22,25,0,47,53,36,1,90
118833,483,"CĂMINUL CULTURAL POGĂCEAUA",POGĂCEAUA,MS,1069,3,0,0,3,18,0,0,18,31,1,0,32,54,1,0,55,155,6,0,161,213,9,0,222
118922,484,"CĂMINUL CULTURAL VĂLENI",VĂLENI,MS,413,6,0,0,6,16,3,0,19,30,6,0,36,32,6,0,38,102,21,0,123,121,24,0,145
118940,485,"ȘCOALA GIMNAZIALĂ RĂSTOLIȚA",RĂSTOLIŢA,MS,1468,13,0,0,13,34,0,0,34,42,2,0,44,57,2,0,59,170,11,0,181,233,19,0,252
119108,486,"CĂMINUL CULTURAL SÎNMARTINU DE CÎMPIE","SÎNMĂRTINU DE CÎMPIE",MS,731,6,0,0,6,11,0,0,11,20,2,0,22,26,2,0,28,65,5,0,70,94,10,0,104
119073,487,"CĂMINUL CULTURAL NIMA RÎCIULUI","NIMA RÎCIULUI",MS,134,2,4,0,6,2,5,0,7,3,5,0,8,9,10,0,19,31,26,0,57,31,29,0,60
119117,488,"ŞCOALA GIMNAZIALĂ ULIEŞ",ULIEŞ,MS,603,4,3,0,7,6,4,0,10,6,6,0,12,11,7,0,18,45,9,0,54,64,10,0,74
119000,489,"ŞCOALA GIMNAZIALĂ,,GHEORGHE ŞINCAI""",RÎCIU,MS,1340,8,0,0,8,29,2,0,31,37,5,0,42,64,6,0,70,150,12,0,162,224,20,0,244
119162,490,"CĂMINUL CULTURAL",RUŞII-MUNŢI,MS,1263,8,1,0,9,23,5,0,28,47,5,0,52,85,13,0,98,245,24,0,269,294,25,0,319
119171,491,"CĂMINUL CULTURAL",MAIOREŞTI,MS,195,6,0,0,6,14,1,0,15,20,2,0,22,30,3,0,33,56,9,0,65,64,11,0,75
119180,492,"FOSTA SCOALA PRIMARA",MORĂRENI,MS,319,1,0,0,1,3,2,0,5,9,3,0,12,13,3,0,16,57,8,0,65,99,16,0,115
119215,493,"ȘCOALA GIMNAZIALĂ ”ION DACIAN”",SASCHIZ,MS,1392,9,2,0,11,21,6,0,27,34,8,0,42,42,8,0,50,110,16,0,126,153,21,0,174
119233,494,"CĂMIN CULTURAL MIHAI VITEAZU","MIHAI VITEAZU",MS,242,2,0,0,2,8,0,0,8,12,1,0,13,14,1,0,15,30,8,0,38,49,12,0,61
119224,495,"CĂMIN CULTURAL CLOAȘTERF",CLOAŞTERF,MS,156,1,0,0,1,3,3,0,6,5,3,0,8,7,3,0,10,8,4,0,12,14,9,0,23
114907,496,"PRIMĂRIA COMUNEI SĂRĂȚENI",SĂRĂŢENI,MS,1234,5,0,0,5,10,0,0,10,11,0,0,11,13,0,0,13,46,3,0,49,56,6,0,62
119395,497,"GRADINITA CU PROGRAM NORMAL SANGER",SÂNGER,MS,1280,2,1,0,3,14,1,0,15,16,1,0,17,34,2,0,36,92,10,0,102,119,14,0,133
119411,498,"CAMINUL CULTURAL CIPAIENI",CIPĂIENI,MS,593,3,0,0,3,13,0,0,13,15,0,0,15,32,0,0,32,73,7,0,80,79,8,0,87
114391,499,"CĂMINUL CULTURAL SÎNCRAIU DE MUREŞ","SÎNCRAIU DE MUREŞ",MS,1519,11,3,0,14,35,7,0,42,66,12,0,78,78,15,0,93,183,27,0,210,234,35,0,269
114391,500,"PRIMĂRIA SÎNCRAIU DE MUREŞ","SÎNCRAIU DE MUREŞ",MS,1802,4,3,0,7,43,9,0,52,69,17,0,86,92,18,0,110,207,30,0,237,267,39,0,306
114391,501,"FOSTUL CĂMIN CULTURAL SÎNCRAIU DE MUREŞ","SÎNCRAIU DE MUREŞ",MS,1861,10,6,0,16,32,7,0,39,52,9,0,61,101,10,0,111,201,19,0,220,255,24,0,279
114408,502,"CĂMINULCULTURAL NAZNA",NAZNA,MS,1144,14,1,0,15,41,2,0,43,73,3,0,76,104,4,0,108,199,20,0,219,260,24,0,284
114408,503,"ŞCOALA GIMNAZIALĂ NAZNA",NAZNA,MS,965,9,0,0,9,35,1,0,36,49,2,0,51,75,5,0,80,127,16,0,143,189,23,0,212
114426,504,"CĂMINUL CULTURAL SÎNGEORGIU DE MUREȘ","SÎNGEORGIU DE MUREŞ",MS,1162,8,1,0,9,40,3,0,43,64,7,0,71,72,7,0,79,145,15,2,162,200,18,2,220
114426,505,"CĂMINUL CULTURAL SÎNGEORGIU DE MUREȘ","SÎNGEORGIU DE MUREŞ",MS,1582,12,0,0,12,55,5,0,60,86,8,0,94,112,10,0,122,185,20,2,207,243,33,2,278
114435,506,"ȘCOALA GIMNAZIALĂ ”SFÂNTUL GHEORGHE” - ȘCOALA PRIMARĂ COTUȘ",COTUŞ,MS,403,1,0,0,1,1,4,0,5,11,5,0,16,16,7,0,23,42,7,0,49,75,7,0,82
114426,507,"GRĂDINIȚA CU PROGRAM PRELUNGIT ”BAMBI” SÎNGEORGIU DE MUREȘ","SÎNGEORGIU DE MUREŞ",MS,1498,6,0,0,6,30,4,0,34,56,11,0,67,146,13,0,159,196,20,9,225,259,21,9,289
114426,508,"ȘCOALA GIMNAZIALĂ ”SFÂNTUL GHEORGHE” SÎNGEORGIU DE MUREȘ","SÎNGEORGIU DE MUREŞ",MS,1208,3,1,0,4,21,2,0,23,45,3,0,48,57,5,0,62,133,18,2,153,203,24,2,229
114426,509,"ȘCOALA GIMNAZIALĂ ”SFÂNTUL GHEORGHE” SÎNGEORGIU DE MUREȘ","SÎNGEORGIU DE MUREŞ",MS,1255,3,1,0,4,31,1,0,32,50,3,0,53,61,4,0,65,130,18,6,154,166,26,6,198
114426,510,"ȘCOALA GIMNAZIALĂ ”SFÂNTUL GHEORGHE” SÎNGEORGIU DE MUREȘ","SÎNGEORGIU DE MUREŞ",MS,1178,11,0,0,11,39,0,0,39,76,3,0,79,92,3,0,95,157,14,1,172,215,18,1,234
119475,511,"CĂMINUL CULTURAL",SÎNPAUL,MS,1421,7,4,0,11,19,5,0,24,30,6,0,36,34,6,0,40,57,11,0,68,77,13,0,90
119484,512,"ŞCOALA GENERALĂ CHIRILEU",CHIRILEU,MS,686,5,0,0,5,11,3,0,14,21,7,0,28,26,8,0,34,56,15,0,71,92,18,0,110
119493,513,"CĂMINUL CULTURAL","DILEU NOU",MS,139,1,0,0,1,5,0,0,5,15,0,0,15,17,1,0,18,21,5,0,26,27,6,0,33
119509,514,"CĂMINUL CULTURAL",SÎNMĂRGHITA,MS,197,7,0,0,7,11,4,0,15,13,6,0,19,15,6,0,21,23,7,0,30,27,11,0,38
119518,515,"CĂMINUL CULTURAL","VALEA IZVOARELOR",MS,959,5,0,0,5,18,3,0,21,36,3,0,39,45,4,0,49,148,12,0,160,182,16,0,198
119536,516,"CĂMINUL CULTURAL SÎNPETRU DE CÎMPIE","SÎNPETRU DE CÎMPIE",MS,850,6,0,0,6,13,1,0,14,20,3,0,23,31,4,0,35,73,9,0,82,95,10,0,105
119545,517,"CĂMINUL CULTURAL BÎRLIBAȘ",BÎRLIBAŞ,MS,97,1,2,0,3,4,2,0,6,4,2,0,6,4,2,0,6,11,4,0,15,15,5,0,20
119554,518,"ȘCOALA GENERALĂDÎMBU",DÎMBU,MS,459,2,0,0,2,6,1,0,7,10,2,0,12,11,3,0,14,44,7,0,51,69,9,0,78
119563,519,"FOSTA ȘCOALA PRIMARASATU -NOU","SATU NOU",MS,159,3,5,0,8,5,6,0,11,7,9,0,16,9,9,0,18,19,13,0,32,32,15,0,47
119572,520,"CĂMINUL CULTURAL SÎNGEORGIU DE CÎMPIE","SÎNGEORGIU DE CÎMPIE",MS,286,2,0,0,2,7,2,0,9,13,2,0,15,20,4,0,24,50,11,0,61,61,11,0,72
119581,521,"CĂMINUL CULTURAL TUȘINU",TUŞINU,MS,400,3,3,0,6,4,7,0,11,5,9,0,14,10,14,0,24,41,24,0,65,63,27,1,91
114462,522,"ŞCOALA GIMNAZIALĂ ”ION CHINEZU"" SÎNTANA DE MUREȘ","SÎNTANA DE MUREŞ",MS,1450,9,1,0,10,24,3,0,27,36,5,0,41,51,6,0,57,154,12,0,166,206,17,0,223
114462,523,"ŞCOALA GIMNAZIALĂ ”ION CHINEZU” SÎNTANA DE MUREȘ","SÎNTANA DE MUREŞ",MS,1482,10,0,0,10,32,5,0,37,40,7,0,47,57,8,0,65,145,15,0,160,210,20,0,230
114499,524,"ȘCOALA PRIMARĂ CURTENI",CURTENI,MS,830,4,4,0,8,12,5,0,17,19,5,0,24,21,5,0,26,97,14,0,111,135,16,0,151
114480,525,"GRĂDINIȚA CU PROGRAM NORMAL CHINARI",CHINARI,MS,592,1,0,0,1,7,0,0,7,17,2,0,19,27,3,0,30,61,11,0,72,79,14,0,93
114471,526,"CĂMINUL CULTURAL BĂRDEŞTI",BĂRDEŞTI,MS,401,2,0,0,2,15,3,0,18,26,4,0,30,29,9,0,38,59,14,0,73,96,27,0,123
119607,527,"ŞCOALA GIMNAZIALĂ SOLOVĂSTRU",SOLOVĂSTRU,MS,1396,12,0,0,12,27,5,0,32,47,7,0,54,68,7,0,75,168,16,0,184,264,22,0,286
119616,528,"ŞCOALA GIMNAZIALĂ JABENIŢA",JABENIŢA,MS,977,4,3,0,7,13,5,0,18,29,6,0,35,40,8,0,48,113,12,0,125,157,16,0,173
119634,529,"CĂMIN CULTURAL STÎNCENI",STÎNCENI,MS,1208,7,1,0,8,19,3,0,22,31,3,0,34,44,6,0,50,149,13,0,162,190,17,0,207
119670,530,"ȘCOALA PRIMARĂSUPLAC",SUPLAC,MS,648,2,0,0,2,9,2,0,11,22,4,0,26,27,4,0,31,76,9,0,85,148,13,0,161
119689,531,"ȘCOALA GIMNAZIALĂ ” BORDI ANDRÁS ”IDRIFAIA",IDRIFAIA,MS,514,4,4,0,8,4,4,0,8,6,4,0,10,12,4,0,16,26,11,0,37,55,11,0,66
119698,532,"ȘCOALA GIMNAZIALĂ ” SF.NICOLAE” LASLĂU MARE","LASLĂU MARE",MS,296,2,0,0,2,5,5,0,10,6,5,0,11,9,7,0,16,57,21,0,78,89,25,0,114
119705,533,"ŞCOALA PRIMARĂ LASLĂU MIC","LASLĂU MIC",MS,413,1,0,0,1,2,0,0,2,7,1,0,8,8,1,0,9,36,10,0,46,56,11,0,67
119732,534,"ŞCOALA GIMNAZIALĂ SUSENI",SUSENI,MS,1393,4,0,0,4,17,2,0,19,28,3,0,31,40,3,0,43,82,5,0,87,118,6,0,124
119741,535,"FOSTA ŞCOALĂ GENERALĂ LUIERIU",LUIERIU,MS,541,5,2,0,7,10,2,0,12,21,3,0,24,32,6,0,38,99,15,0,114,130,21,0,151
119769,536,"CĂMINUL CULTURAL ȘĂULIA",ŞĂULIA,MS,1319,7,3,0,10,38,7,0,45,48,7,0,55,82,8,0,90,186,21,0,207,365,41,0,406
119769,537,"CLUBUL TINERETULUI ȘĂULIA",ŞĂULIA,MS,251,0,3,0,3,3,4,0,7,3,9,0,12,6,9,0,15,21,20,0,41,47,30,0,77
119812,538,"CONSILIULLOCAL ŞINCAI",ŞINCAI,MS,846,4,1,0,5,9,2,0,11,14,3,0,17,18,4,0,22,46,8,0,54,66,14,0,80
119821,539,"ŞCOALA PRIMARĂ LECHINCIOARA",LECHINCIOARA,MS,79,4,0,0,4,12,1,0,13,16,2,0,18,18,2,0,20,21,4,0,25,26,10,0,36
119830,540,"ŞCOALA PRIMARĂ PUSTA",PUSTA,MS,98,0,0,0,0,1,1,0,2,2,1,0,3,4,1,0,5,14,5,0,19,21,11,0,32
119849,541,"ŞCOALA PRIMARĂ ŞINCAI-FÎNAŢE",ŞINCAI-FÎNAŢE,MS,173,2,0,0,2,3,1,0,4,4,1,0,5,6,1,0,7,28,8,0,36,37,8,0,45
119867,542,"PRIMĂRIA TĂURENI",TĂURENI,MS,762,2,2,0,4,6,2,0,8,16,7,0,23,38,9,0,47,73,15,0,88,161,19,0,180
119983,543,"PRIMARIA COMUNEI VALEA LARGA","VALEA LARGĂ",MS,1109,2,1,0,3,12,2,0,14,18,2,0,20,25,2,0,27,57,2,0,59,85,4,0,89
119983,544,"CĂMINUL CULTURAL VALEA LARGA","VALEA LARGĂ",MS,916,11,0,0,11,17,0,0,17,24,0,0,24,37,0,0,37,68,1,0,69,85,2,0,87
120021,545,"ŞCOALA PRIMARĂ VALEA FRĂŢIEI","VALEA FRĂŢIEI",MS,496,2,4,0,6,5,4,0,9,9,4,0,13,10,5,0,15,18,5,0,23,28,5,0,33
120085,546,"ŞCOALA GIMNAZIALĂ VĂRGATA",VĂRGATA,MS,647,1,0,0,1,3,0,0,3,5,1,0,6,5,1,0,6,20,2,0,22,26,4,0,30
120094,547,"ŞCOALA PRIMARĂ GRÎUŞORUL",GRÎUŞORUL,MS,138,0,0,0,0,1,0,0,1,1,0,0,1,1,1,0,2,6,6,0,12,6,9,0,15
120110,548,"ŞCOALA GIMNAZIALĂ VADU",VADU,MS,200,2,0,0,2,2,0,0,2,2,0,0,2,5,0,0,5,10,0,0,10,14,6,0,20
120129,549,"ŞCOALA PRIMARĂ VALEA",VALEA,MS,546,1,0,0,1,6,1,0,7,9,1,0,10,11,1,0,12,41,5,0,46,53,7,0,60
120147,550,"CĂMINUL CULTURAL VĂTAVA",VĂTAVA,MS,642,6,1,0,7,12,3,0,15,23,7,0,30,33,8,0,41,103,16,0,119,152,23,0,175
120156,551,"ȘCOALA PRIMARĂ DUMBRAVA",DUMBRAVA,MS,562,3,0,0,3,7,2,0,9,14,2,0,16,22,2,0,24,76,7,0,83,118,9,0,127
120165,552,"ȘCOALA ”MIHAI TOMSA” RÎPA DE JOS","RÎPA DE JOS",MS,377,4,1,0,5,10,4,0,14,16,7,0,23,27,9,0,36,117,16,8,141,147,23,8,178
120183,553,"CĂMINUL CULTURAL VEȚCA",VEŢCA,MS,384,1,0,0,1,2,1,0,3,3,1,0,4,8,1,0,9,40,7,0,47,49,9,0,58
120192,554,"CĂMINUL CULTURAL JACODU",JACODU,MS,192,2,2,0,4,4,4,0,8,6,9,0,15,7,9,0,16,13,18,0,31,27,21,0,48
120227,555,"PRIMĂRIA VIIŞOARA",VIIŞOARA,MS,621,4,1,0,5,6,1,0,7,13,2,0,15,21,5,0,26,44,11,0,55,51,13,0,64
120245,556,"CĂMINUL CULTURAL SÎNTIOANA",SÎNTIOANA,MS,432,6,1,0,7,12,4,0,16,19,4,0,23,23,4,0,27,62,6,0,68,97,11,0,108
120236,557,"CĂMINUL CULTURAL ORMENIŞ",ORMENIŞ,MS,345,1,1,0,2,2,2,0,4,2,2,0,4,2,2,0,4,26,4,0,30,47,4,0,51
120263,558,"ŞCOALA GIMNAZIALĂ "" PETRE N. POPESCU ""VÎNĂTORI",VÎNĂTORI,MS,1429,11,2,0,13,36,4,0,40,45,4,0,49,54,4,0,58,140,5,0,145,196,9,0,205
120272,559,"GRĂDINIŢACU PROGRAMNORMAL ARCHITA",ARCHITA,MS,711,6,0,0,6,13,1,0,14,19,1,0,20,28,4,0,32,73,10,0,83,104,18,0,122
120281,560,ŞCOALAPRIMARĂFELEAG,FELEAG,MS,165,2,1,0,3,2,1,0,3,5,3,0,8,12,3,0,15,29,19,0,48,42,26,0,68
120290,561,ŞCOALAPRIMARĂMURENI,MURENI,MS,280,2,0,0,2,3,0,0,3,3,1,0,4,9,4,0,13,17,6,0,23,35,8,0,43
120307,562,ŞCOALAPRIMARĂŞOARD,ŞOARD,MS,593,0,0,0,0,5,2,0,7,7,2,0,9,10,3,0,13,59,8,0,67,100,11,0,111
120325,563,"ȘCOALA GIMNAZIALĂ VOIVODENI",VOIVODENI,MS,1302,4,0,0,4,12,0,0,12,24,1,0,25,37,2,0,39,91,10,0,101,138,17,0,155
120334,564,"CĂMINUL CULTURAL TOLDAL",TOLDAL,MS,183,2,0,0,2,5,2,0,7,13,6,0,19,15,8,0,23,20,12,0,32,33,16,0,49
120352,565,"PRIMARIA ZAGAR",ZAGĂR,MS,1002,10,1,0,11,23,1,0,24,29,1,0,30,35,3,0,38,102,8,0,110,203,15,0,218
120389,566,"ȘCOALA PRIMARĂ CLASELE 0-IV ZAU DE CÎMPIE","ZAU DE CÎMPIE",MS,963,2,0,0,2,13,2,0,15,17,2,0,19,22,3,0,25,74,10,0,84,90,16,0,106
120389,567,"ŞCOALAGIMNAZIALĂ ZAU DE CÎMPIE","ZAU DE CÎMPIE",MS,1262,4,0,0,4,22,1,0,23,36,2,0,38,46,2,0,48,93,5,0,98,122,5,0,127
120398,568,"ȘCOALA GIMNAZIALĂ BĂRBOȘI",BĂRBOŞI,MS,385,1,4,0,5,5,4,0,9,5,4,0,9,5,4,0,9,16,8,0,24,35,8,0,43
120735,1,"ŞCOALA GIMNAZIALĂ NR.3",PIATRA-NEAMŢ,NT,970,17,0,0,17,79,8,0,87,92,17,2,111,116,21,2,139,202,40,2,244,235,50,2,287
120735,2,"ŞCOALA GIMNAZIALĂ NR.3",PIATRA-NEAMŢ,NT,941,19,2,0,21,78,4,0,82,105,7,0,112,130,8,0,138,231,12,0,243,260,17,0,277
120735,3,"ȘCOALA GIMNAZIALĂ NR.3",PIATRA-NEAMŢ,NT,1135,13,5,0,18,64,7,0,71,99,7,0,106,120,9,0,129,237,11,0,248,278,13,0,291
120735,4,"GRĂDINIȚA CU PROGRAM PRELUNGIT NR.6",PIATRA-NEAMŢ,NT,972,17,1,0,18,89,5,1,95,121,7,1,129,145,7,1,153,243,11,1,255,276,13,1,290
120735,5,"COLEGIUL NAȚIONAL ”PETRU RAREȘ”",PIATRA-NEAMŢ,NT,1366,15,1,0,16,74,6,0,80,99,7,0,106,118,7,0,125,212,12,0,224,267,17,0,284
120735,6,"LICEUL DE ARTE ""VICTOR BRAUNER"" - CORPUL B",PIATRA-NEAMŢ,NT,1291,11,5,0,16,62,9,0,71,83,10,0,93,104,11,0,115,207,17,0,224,260,21,0,281
120735,7,"COLEGIUL NAȚIONAL ”CALISTRAT HOGAȘ”",PIATRA-NEAMŢ,NT,920,16,1,0,17,62,3,0,65,90,3,0,93,105,3,0,108,199,9,0,208,237,16,0,253
120735,8,"LICEUL TEHNOLOGIC ”SPIRU HARET”",PIATRA-NEAMŢ,NT,1281,22,2,0,24,76,5,0,81,99,6,0,105,116,6,0,122,225,8,0,233,290,12,0,302
120735,9,"LICEUL TEHOLOGIC ”SPIRU HARET”",PIATRA-NEAMŢ,NT,1125,12,0,0,12,68,5,0,73,94,8,0,102,105,10,0,115,207,25,0,232,267,37,0,304
120735,10,"GRĂDINIȚA CU PROGRAM PRELUNGIT NR.3 CORP B",PIATRA-NEAMŢ,NT,1079,14,4,0,18,45,5,0,50,64,5,0,69,83,5,1,89,174,8,1,183,215,8,1,224
120735,11,"LICEUL CU PROGRAM SPORTIV",PIATRA-NEAMŢ,NT,1345,15,4,0,19,77,4,0,81,107,5,0,112,121,5,0,126,220,10,0,230,276,12,0,288
120735,12,"LICEUL CU PROGRAM SPORTIV",PIATRA-NEAMŢ,NT,1156,20,6,0,26,65,11,0,76,87,15,0,102,105,16,0,121,216,24,0,240,264,30,0,294
120735,13,"ŞCOALA GIMNAZIALĂ NR.8",PIATRA-NEAMŢ,NT,1321,23,2,0,25,100,5,0,105,127,5,0,132,150,7,0,157,263,15,0,278,304,18,0,322
120735,14,"ȘCOALA GIMNAZIALĂ NR.8",PIATRA-NEAMŢ,NT,1491,29,4,0,33,91,7,0,98,115,7,0,122,137,9,0,146,295,11,0,306,358,12,0,370
120735,15,"GRĂDINIȚA CUPLATĂ CU CREŞĂ NR.5",PIATRA-NEAMŢ,NT,1411,14,1,0,15,65,1,0,66,104,3,0,107,115,3,0,118,255,4,0,259,316,7,0,323
120735,16,"GRĂDINIȚA CUPLATĂ CU CREŞĂ NR.5",PIATRA-NEAMŢ,NT,1066,6,0,0,6,32,3,0,35,55,7,0,62,57,7,0,64,120,9,0,129,166,9,0,175
120735,17,"GRĂDINIȚA CU PROGRAM PRELUNGIT NR.8",PIATRA-NEAMŢ,NT,941,15,6,0,21,49,6,0,55,61,6,0,67,72,6,0,78,137,7,0,144,176,7,0,183
120735,18,"GRĂDINIȚA CU PROGRAM NORMAL OCOL",PIATRA-NEAMŢ,NT,1853,15,9,0,24,69,19,0,88,101,22,0,123,134,29,0,163,321,34,13,368,435,40,15,490
120735,19,"ASE BUCUREȘTI",PIATRA-NEAMŢ,NT,1498,26,4,0,30,84,6,0,90,107,8,0,115,121,8,0,129,230,16,0,246,275,16,0,291
120735,20,"ȘCOALA GIMNAZIALĂ NR.11",PIATRA-NEAMŢ,NT,1455,10,2,0,12,54,5,0,59,70,6,0,76,91,7,0,98,183,10,0,193,254,11,0,265
120735,21,"COLEGIUL NAȚIONAL ”GH. ASACHI”",PIATRA-NEAMŢ,NT,962,6,0,0,6,30,8,0,38,40,8,0,48,50,9,0,59,105,9,0,114,132,9,0,141
120735,22,"COLEGIUL NAȚIONAL ”GH. ASACHI”",PIATRA-NEAMŢ,NT,1045,4,0,0,4,29,6,0,35,37,6,0,43,52,7,0,59,121,11,0,132,144,12,0,156
120735,23,"ŞCOALA GIMNAZIALĂ NR.5",PIATRA-NEAMŢ,NT,1521,17,1,0,18,88,6,0,94,111,6,0,117,130,6,0,136,242,8,0,250,285,9,1,295
120735,24,"ŞCOALA GIMNAZIALĂ NR.5",PIATRA-NEAMŢ,NT,1424,19,4,0,23,80,7,0,87,120,7,0,127,142,8,0,150,264,15,0,279,333,19,0,352
120735,25,"GRĂDINIŢA CU PROGRAM PRELUNGIT NR.12",PIATRA-NEAMŢ,NT,1341,12,8,0,20,54,9,0,63,74,9,0,83,93,9,0,102,204,12,0,216,251,13,0,264
120735,26,"GRĂDINIŢA CU PROGRAM PRELUNGIT NR.12",PIATRA-NEAMŢ,NT,1277,14,1,0,15,76,2,0,78,103,3,0,106,130,3,0,133,231,8,0,239,271,11,0,282
120735,27,"GRĂDINIŢA CU PROGRAM PRELUNGIT NR.12",PIATRA-NEAMŢ,NT,1370,10,4,0,14,53,4,0,57,82,5,0,87,98,8,0,106,188,9,0,197,240,11,0,251
120735,28,"CENTRUL SOCIAL PIETRICICA",PIATRA-NEAMŢ,NT,1578,29,5,0,34,94,6,0,100,126,7,0,133,144,7,0,151,272,10,0,282,331,15,0,346
120735,29,"COLEGIUL NAȚIONAL DE INFORMATICĂ",PIATRA-NEAMŢ,NT,859,9,1,0,10,34,1,0,35,44,1,0,45,56,1,0,57,120,5,0,125,146,5,0,151
120735,30,"COLEGIUL NAȚIONAL DE INFORMATICĂ",PIATRA-NEAMŢ,NT,2115,13,6,0,19,66,9,1,76,128,11,1,140,143,11,1,155,309,14,1,324,387,18,1,406
120735,31,"COLEGIUL NAȚIONAL DE INFORMATICĂ",PIATRA-NEAMŢ,NT,1662,15,1,0,16,67,2,0,69,90,3,0,93,109,4,0,113,238,5,0,243,322,7,0,329
120735,32,"COLEGIUL NAȚIONAL DE INFORMATICĂ",PIATRA-NEAMŢ,NT,1418,15,5,0,20,69,7,0,76,84,10,0,94,99,14,0,113,242,20,0,262,320,25,0,345
120735,33,"COLEGIUL NAȚIONAL DE INFORMATICĂ",PIATRA-NEAMŢ,NT,1065,4,0,0,4,33,0,0,33,50,0,0,50,65,0,0,65,105,7,0,112,135,10,0,145
120735,34,"COLEGIUL NAȚIONAL DE INFORMATICĂ",PIATRA-NEAMŢ,NT,925,7,0,0,7,48,1,0,49,63,4,0,67,71,5,0,76,149,9,0,158,189,12,0,201
120735,35,"ŞCOALA GIMNAZIALĂ NR.7",PIATRA-NEAMŢ,NT,1627,7,2,0,9,20,2,0,22,32,3,0,35,43,6,0,49,153,14,0,167,244,22,0,266
120735,36,"CENTRUL SOCIAL - CARTIER SPERANŢA",PIATRA-NEAMŢ,NT,919,10,0,0,10,44,6,0,50,64,7,0,71,71,10,0,81,102,15,0,117,155,20,0,175
120735,37,"CLĂDIRE ADMINISTRATIVĂ S.C. CMI URBAN S.A. (ŞTRAND MUNICIPAL)",PIATRA-NEAMŢ,NT,739,2,3,0,5,17,4,0,21,22,4,0,26,33,5,0,38,98,7,0,105,109,8,0,117
120735,38,"ȘCOALA GIMNAZIALĂ NR.2",PIATRA-NEAMŢ,NT,1057,20,0,0,20,93,4,0,97,103,4,38,145,110,4,38,152,201,10,38,249,239,13,39,291
120735,39,"ȘCOALA GIMNAZIALĂ NR.2",PIATRA-NEAMŢ,NT,924,14,0,0,14,57,3,0,60,84,7,37,128,101,8,37,146,194,12,37,243,243,12,37,292
120735,40,"ȘCOALA GIMNAZIALĂ NR.2",PIATRA-NEAMŢ,NT,901,12,3,0,15,70,5,0,75,101,7,38,146,131,7,38,176,248,11,38,297,293,17,38,348
120735,41,"ŞCOALA GIMNAZIALĂ NR.2",PIATRA-NEAMŢ,NT,1163,22,5,0,27,55,8,0,63,87,11,25,123,94,11,25,130,209,22,25,256,268,25,25,318
120735,42,"ŞCOALA GIMNAZIALĂ NR.2",PIATRA-NEAMŢ,NT,1365,15,2,0,17,99,9,0,108,123,10,28,161,142,10,28,180,264,17,28,309,305,19,28,352
120735,43,"DIRECȚIA AGRICOLĂ",PIATRA-NEAMŢ,NT,1356,25,2,0,27,96,10,0,106,135,11,0,146,161,13,0,174,292,18,0,310,360,23,0,383
120735,44,"S.C. APA SERV S.A.",PIATRA-NEAMŢ,NT,1160,10,1,0,11,57,3,0,60,86,5,1,92,98,9,1,108,171,12,1,184,219,15,1,235
120735,45,"COMPLEXUL EXPOZIȚIONAL MUNICIPAL",PIATRA-NEAMŢ,NT,1418,14,4,0,18,80,11,0,91,127,15,0,142,136,19,0,155,294,31,1,326,338,38,1,377
120735,46,"ȘCOALA GIMNAZIALĂ ""ELENA CUZA""",PIATRA-NEAMŢ,NT,1448,16,0,0,16,93,12,0,105,117,14,0,131,148,14,0,162,259,22,0,281,320,31,0,351
120735,47,"ȘCOALA GIMNAZIALĂ ""ELENA CUZA""",PIATRA-NEAMŢ,NT,1388,21,0,0,21,97,1,0,98,133,2,0,135,157,3,0,160,298,7,0,305,355,8,0,363
120735,48,"ŞCOALA GIMNAZIALĂ ""NICU ALBU""",PIATRA-NEAMŢ,NT,1220,11,3,0,14,64,3,0,67,87,7,0,94,96,7,0,103,171,11,0,182,220,15,0,235
120735,49,"ŞCOALA GIMNAZIALĂ ""NICU ALBU""",PIATRA-NEAMŢ,NT,1381,11,5,0,16,57,8,0,65,104,9,0,113,126,9,0,135,233,14,0,247,307,18,0,325
120735,50,"ŞCOALA GIMNAZIALĂ ""NICU ALBU""",PIATRA-NEAMŢ,NT,1252,11,1,0,12,50,1,0,51,67,1,0,68,73,1,0,74,165,3,0,168,214,5,0,219
120735,51,"ŞCOALA GIMNAZIALĂ ""NICU ALBU""",PIATRA-NEAMŢ,NT,1379,8,0,0,8,46,0,0,46,72,0,0,72,91,0,0,91,206,5,0,211,259,9,0,268
120735,52,"ŞCOALA GIMNAZIALĂ ""NICU ALBU""",PIATRA-NEAMŢ,NT,1395,14,6,0,20,55,7,0,62,84,12,0,96,96,13,0,109,189,21,0,210,228,27,0,255
120735,53,"ŞCOALA GIMNAZIALĂ ""NICU ALBU""",PIATRA-NEAMŢ,NT,1410,11,0,0,11,47,4,0,51,74,10,0,84,78,13,0,91,198,22,0,220,265,25,0,290
120735,54,"CASA CORPULUI DIDACTIC",PIATRA-NEAMŢ,NT,1300,9,1,0,10,36,4,0,40,62,7,0,69,88,11,0,99,201,11,0,212,239,17,0,256
120735,55,"COLEGIUL TEHNIC DE TRANSPORTURI",PIATRA-NEAMŢ,NT,1209,7,0,0,7,31,1,0,32,49,3,0,52,66,6,0,72,160,8,17,185,198,11,17,226
120735,56,"COLEGIUL TEHNIC FORESTIER",PIATRA-NEAMŢ,NT,1290,12,1,0,13,43,1,0,44,79,3,0,82,90,7,0,97,163,18,0,181,220,22,0,242
120735,57,"COLEGIUL TEHNIC FORESTIER",PIATRA-NEAMŢ,NT,1359,16,7,0,23,58,7,0,65,83,8,0,91,128,8,0,136,269,12,0,281,310,13,0,323
120735,58,"LICEUL TEHNOLOGICECONOMIC ADMINISTRATIV",PIATRA-NEAMŢ,NT,1403,16,5,0,21,62,9,0,71,87,9,0,96,105,10,0,115,217,10,0,227,285,12,0,297
120735,59,"COLEGIUL TEHNIC ""GHEORGHE CARTIANU""",PIATRA-NEAMŢ,NT,1404,15,5,0,20,59,8,0,67,95,8,0,103,116,8,0,124,237,13,0,250,333,15,0,348
120735,60,"COLEGIUL TEHNIC ""GHEORGHE CARTIANU""",PIATRA-NEAMŢ,NT,923,2,4,0,6,32,7,0,39,45,8,0,53,51,8,0,59,133,12,0,145,166,21,0,187
120735,61,"COLEGIUL TEHNIC ""GHEORGHE CARTIANU""",PIATRA-NEAMŢ,NT,1294,4,2,0,6,52,3,1,56,80,4,1,85,95,4,1,100,212,8,1,221,269,9,1,279
120735,62,"COLEGIUL TEHNIC ""GHEORGHE CARTIANU""",PIATRA-NEAMŢ,NT,1311,1,1,0,2,25,4,0,29,38,6,0,44,48,6,0,54,125,8,0,133,175,10,0,185
120735,63,"ŞCOALA GIMNAZIALĂ NR.1",PIATRA-NEAMŢ,NT,1776,14,0,0,14,62,5,0,67,81,8,0,89,91,9,0,100,229,16,0,245,314,18,0,332
120735,64,"GRĂDINIȚA CU PROGRAM NORMAL NR.19",PIATRA-NEAMŢ,NT,787,10,1,0,11,37,2,0,39,50,2,0,52,97,2,0,99,194,9,0,203,237,22,0,259
120735,65,"LICEUL TEHNOLOGIC ""DIMITRIE LEONIDA""",PIATRA-NEAMŢ,NT,1422,14,0,0,14,44,2,0,46,74,6,0,80,115,6,0,121,251,10,0,261,311,16,0,327
120735,66,"LICEUL TEHNOLOGIC ""DIMITRIE LEONIDA""",PIATRA-NEAMŢ,NT,1288,4,5,0,9,24,6,0,30,47,8,0,55,68,9,0,77,205,15,0,220,291,18,0,309
120735,67,"LICEUL TEHNOLOGIC ""DIMITRIE LEONIDA"" CORP B",PIATRA-NEAMŢ,NT,1083,13,3,0,16,28,3,0,31,51,6,0,57,69,6,0,75,173,9,0,182,214,12,0,226
120735,68,"ȘCOALA GIMNAZIALĂ ""DANIELA CUCIUC""",PIATRA-NEAMŢ,NT,1811,7,2,0,9,54,3,0,57,73,3,0,76,98,3,0,101,208,8,0,216,279,12,0,291
120735,69,"ȘCOALA GIMNAZIALĂ ""DANIELA CUCIUC""",PIATRA-NEAMŢ,NT,1009,8,0,0,8,47,4,0,51,62,5,0,67,69,6,0,75,161,17,0,178,199,20,0,219
120735,70,"ȘCOALA GIMNAZIALĂ ""DANIELA CUCIUC""",PIATRA-NEAMŢ,NT,1250,12,0,0,12,48,6,0,54,68,6,0,74,81,6,0,87,181,10,0,191,221,11,0,232
120735,71,"ȘCOALA GIMNAZIALĂ ""DANIELA CUCIUC""",PIATRA-NEAMŢ,NT,924,16,0,0,16,55,2,0,57,82,3,0,85,102,3,0,105,162,3,0,165,213,6,0,219
120735,72,"ȘCOALA GIMNAZIALĂ ""DANIELA CUCIUC""",PIATRA-NEAMŢ,NT,1725,10,0,0,10,53,2,0,55,67,4,1,72,79,4,1,84,172,8,1,181,223,8,1,232
120735,73,"GRĂDINIŢA CU PROGRAM PRELUNGIT ""FLOARE DE COLŢ""",PIATRA-NEAMŢ,NT,1547,13,2,0,15,84,3,0,87,118,8,0,126,138,11,0,149,239,14,0,253,288,16,0,304
120735,74,"GRĂDINIŢA CU PROGRAM PRELUNGIT ""FLOARE DE COLŢ""",PIATRA-NEAMŢ,NT,1290,25,1,0,26,82,1,0,83,101,1,0,102,126,1,0,127,240,4,0,244,299,13,0,312
120735,75,"GRĂDINIŢA CU PROGRAM NORMAL NR.1",PIATRA-NEAMŢ,NT,1571,20,0,0,20,110,2,0,112,152,6,2,160,179,10,2,191,344,16,2,362,422,21,2,445
120879,76,"COLEGIUL NAŢIONAL ""ROMAN VODĂ"" - CORP A",ROMAN,NT,1271,11,2,0,13,53,4,0,57,74,6,0,80,89,6,0,95,187,8,0,195,245,17,0,262
120879,77,"GRĂDINIŢA DE COPII NR. 2 CU PROGRAM PRELUNGIT",ROMAN,NT,1217,37,1,0,38,92,7,0,99,109,7,0,116,149,8,0,157,260,12,0,272,313,21,0,334
120879,78,"GRĂDINIŢA DE COPII NR. 6 CU PROGRAM PRELUNGIT",ROMAN,NT,1283,16,1,0,17,72,2,0,74,92,2,0,94,122,4,0,126,222,6,0,228,275,8,0,283
120879,79,"ŞCOALA GIMNAZIALĂ ,,CALISTRAT HOGAŞ”",ROMAN,NT,1593,23,2,0,25,56,5,0,61,61,5,0,66,88,7,0,95,191,14,0,205,230,16,0,246
120879,80,"ŞCOALA GIMNAZIALĂ ,,CALISTRAT HOGAŞ”",ROMAN,NT,1180,8,0,0,8,29,0,0,29,42,0,1,43,59,1,1,61,104,14,1,119,151,14,1,166
120879,81,"ŞCOALA GIMNAZIALĂ ,,CALISTRAT HOGAŞ”",ROMAN,NT,1445,4,1,0,5,18,2,0,20,36,4,0,40,49,10,0,59,122,17,0,139,151,18,0,169
120879,82,"CENTRUL DE PERMANENŢĂ DE LA DISPENSARUL MEDICAL NR. 6",ROMAN,NT,1291,5,2,0,7,23,2,0,25,36,2,0,38,52,3,0,55,110,4,0,114,146,5,0,151
120879,83,"AGENŢIA PENTRU PROTECŢIA MEDIULUI",ROMAN,NT,1306,8,3,0,11,31,5,0,36,39,5,0,44,59,8,0,67,134,10,0,144,162,14,0,176
120879,84,"GRĂDINIŢA DE COPII NR. 6 CU PROGRAM NORMAL",ROMAN,NT,1620,15,0,0,15,54,0,0,54,72,3,0,75,104,4,0,108,198,6,0,204,265,8,0,273
120879,85,"LICEUL TEHNOLOGIC „VASILE SAV”",ROMAN,NT,1104,13,2,0,15,36,5,0,41,65,5,0,70,73,6,0,79,133,11,0,144,178,14,0,192
120879,86,"LICEUL TEHNOLOGIC „VASILE SAV”",ROMAN,NT,1085,6,2,0,8,27,2,0,29,42,2,0,44,71,3,0,74,150,4,0,154,189,6,0,195
120879,87,"CIRCUMSCRIPTIA SANITAR VETERINARA",ROMAN,NT,1024,5,10,0,15,16,11,0,27,25,11,0,36,31,16,0,47,62,20,0,82,88,24,0,112
120879,88,"ŞCOALA GIMNAZIALĂ ,,CAROL I”",ROMAN,NT,1454,5,2,0,7,22,4,0,26,37,6,0,43,54,8,0,62,155,9,0,164,195,11,0,206
120879,89,"ŞCOALA GIMNAZIALĂ ,,CAROL I”",ROMAN,NT,1407,9,2,0,11,32,2,0,34,51,2,0,53,78,3,0,81,165,5,0,170,227,6,0,233
120879,90,"ŞCOALA DE ARTĂ ,,SERGIU CELIBIDACHE” - CORP A",ROMAN,NT,1364,9,2,0,11,49,2,0,51,67,2,0,69,86,2,0,88,181,4,0,185,219,9,0,228
120879,91,"ŞCOALA DE ARTĂ ,,SERGIU CELIBIDACHE” - CORP A",ROMAN,NT,1402,14,2,0,16,67,4,0,71,93,4,0,97,107,4,0,111,214,9,0,223,269,13,0,282
120879,92,"ŞCOALA DE ARTĂ ,,SERGIU CELIBIDACHE” - CORP B",ROMAN,NT,1457,10,5,0,15,56,7,0,63,94,8,0,102,117,9,0,126,217,11,0,228,279,13,0,292
120879,93,"GRĂDINIŢA DE COPII NR. 4 CU PROGRAM NORMAL",ROMAN,NT,1419,15,0,0,15,68,0,0,68,92,3,0,95,108,3,0,111,240,4,0,244,289,5,0,294
120879,94,"GRĂDINIŢA DE COPII NR. 5 CU PROGRAM PRELUNGIT",ROMAN,NT,1532,20,0,0,20,90,0,0,90,114,4,0,118,132,4,0,136,242,8,0,250,320,9,0,329
120879,95,"CREŞA SMIRODAVA",ROMAN,NT,1397,15,0,0,15,59,0,0,59,80,1,1,82,98,2,1,101,213,6,1,220,248,11,1,260
120879,96,"GRĂDINIŢA DE COPII NR. 1 CU PROGRAM PRELUNGIT",ROMAN,NT,1446,16,0,0,16,45,4,0,49,58,4,0,62,89,5,0,94,220,7,0,227,258,10,0,268
120879,97,"GRĂDINIŢA DE COPII NR. 1 CU PROGRAM PRELUNGIT",ROMAN,NT,1449,13,0,0,13,62,0,0,62,84,6,0,90,91,6,0,97,184,6,0,190,214,7,0,221
120879,98,"ŞCOALA GIMNAZIALĂ ,,MIHAI EMINESCU”",ROMAN,NT,1418,19,0,0,19,78,1,0,79,105,3,0,108,131,4,0,135,216,5,0,221,265,10,0,275
120879,99,"COLEGIUL TEHNIC „MIRON COSTIN”",ROMAN,NT,1316,8,3,0,11,37,5,0,42,48,6,0,54,70,6,0,76,120,8,0,128,148,9,0,157
120879,100,"LICEUL CU PROGRAM SPORTIV",ROMAN,NT,1129,6,3,0,9,33,3,0,36,47,5,3,55,61,6,3,70,155,8,3,166,194,11,3,208
120879,101,"ŞCOALA GIMNAZIALĂ ,,VASILE ALECSANDRI” - LOCAL VECHI",ROMAN,NT,1277,19,1,0,20,72,2,0,74,96,3,0,99,119,3,0,122,209,14,0,223,256,16,0,272
120879,102,"ŞCOALA GIMNAZIALĂ ,,VASILE ALECSANDRI” - LOCAL NOU",ROMAN,NT,1478,5,5,0,10,57,6,0,63,84,7,1,92,117,7,1,125,213,15,1,229,261,17,1,279
120879,103,"CENTRUL DE ÎNGRIJIRE ŞI ASISTENŢĂ BĂTRÂNI (DISPENSAR 7)",ROMAN,NT,1782,15,5,0,20,55,7,0,62,81,7,0,88,107,7,0,114,244,9,0,253,324,16,0,340
120879,104,"DIRECŢIA DE ASISTENŢĂ SOCIALĂ ROMAN",ROMAN,NT,1104,14,1,0,15,45,2,0,47,62,4,0,66,90,5,0,95,168,11,0,179,211,12,0,223
120879,105,"LICEUL TEOLOGIC „EPISCOP MELCHISEDEC”",ROMAN,NT,1352,11,8,0,19,43,10,0,53,68,14,0,82,92,16,0,108,180,29,0,209,215,35,0,250
120879,106,"ŞCOALA GIMNAZIALĂ ,,ROMAN MUŞAT”",ROMAN,NT,1363,4,6,0,10,32,6,0,38,50,7,0,57,64,8,0,72,141,11,0,152,199,11,0,210
120879,107,"ŞCOALA GIMNAZIALĂ ,,ROMAN MUŞAT”",ROMAN,NT,1273,2,6,0,8,24,7,0,31,36,7,0,43,44,7,0,51,108,8,0,116,156,9,0,165
120879,108,"COMPLEX SERVICII SOCIALE INTEGRATE",ROMAN,NT,1450,8,2,0,10,44,6,0,50,61,9,0,70,72,10,0,82,136,13,0,149,207,23,0,230
120879,109,"GRĂDINIŢA DE COPII NR. 5 CU PROGRAM NORMAL",ROMAN,NT,1543,24,5,0,29,58,7,0,65,83,7,0,90,122,9,0,131,204,14,0,218,259,14,0,273
120879,110,"ŞCOALA GIMNAZIALĂ ,,COSTACHE NEGRI” - LOCAL NOU",ROMAN,NT,973,12,5,0,17,37,6,0,43,53,6,0,59,64,9,0,73,115,12,0,127,151,13,0,164
120879,111,"ŞCOALA GIMNAZIALĂ ,,COSTACHE NEGRI” - LOCAL NOU",ROMAN,NT,1485,12,0,0,12,41,5,0,46,58,7,0,65,90,7,0,97,190,9,0,199,240,13,0,253
120879,112,"COLEGIUL TEHNIC „PETRU PONI” - CORP A",ROMAN,NT,1249,8,1,0,9,24,27,0,51,39,32,0,71,49,32,0,81,72,69,0,141,161,82,0,243
120879,113,"COLEGIUL TEHNIC „PETRU PONI” - CORP B",ROMAN,NT,1492,18,9,0,27,75,17,0,92,109,21,0,130,131,21,0,152,241,23,0,264,314,24,0,338
120879,114,"ŞCOALA GIMNAZIALĂ „ALEXANDRU IOAN CUZA”(ŞCOALA NR. 5)",ROMAN,NT,1561,14,6,0,20,64,11,0,75,82,12,0,94,119,14,0,133,209,19,0,228,272,24,0,296
120879,115,"ŞCOALA GIMNAZIALĂ „ALEXANDRU IOAN CUZA”(ŞCOALA NR. 5)",ROMAN,NT,1334,12,1,0,13,46,2,0,48,62,7,1,70,80,7,1,88,155,10,1,166,209,17,1,227
120879,116,"ŞCOALA GIMNAZIALĂ „ALEXANDRU IOAN CUZA” CORP C(GRĂDINIŢA DE COPII NR. 3 CU PROGRAM PRELUNGIT)",ROMAN,NT,1346,9,0,0,9,33,3,0,36,46,3,0,49,67,4,0,71,162,15,0,177,209,22,0,231
120879,117,"ŞCOALA GIMNAZIALĂ „ALEXANDRU IOAN CUZA” CORP B(GRĂDINIŢA DE COPII NR. 12 CU PROGRAM NORMAL)",ROMAN,NT,1286,5,0,0,5,28,1,0,29,49,5,0,54,81,5,0,86,166,9,0,175,223,9,0,232
120879,118,"COLEGIUL TEHNIC „DANUBIANA”",ROMAN,NT,1386,11,0,0,11,34,2,0,36,43,3,0,46,59,8,0,67,121,13,0,134,159,17,0,176
120977,119,"PRIMARIA ORASULUI BICAZ",BICAZ,NT,1212,32,0,0,32,114,11,0,125,147,13,0,160,177,14,0,191,299,24,0,323,366,36,0,402
120977,120,"SCOALA GENERALA NR. 1 MARCENI",BICAZ,NT,777,26,3,0,29,75,3,0,78,87,3,0,90,107,5,0,112,209,11,0,220,263,19,1,283
120977,121,"SCOALA GENERALA NR. 1 MARCENI",BICAZ,NT,1198,28,2,0,30,94,9,0,103,123,10,0,133,143,10,0,153,245,12,0,257,284,17,0,301
120986,122,"LICEUL CAROL I",CAPŞA,NT,1074,29,5,0,34,63,9,1,73,87,10,1,98,112,11,1,124,264,21,1,286,309,26,1,336
120995,123,"SCOALA GENERALA NR.2 DODENI",DODENI,NT,978,12,2,0,14,36,7,0,43,40,8,0,48,59,8,0,67,143,8,0,151,195,23,2,220
120995,124,"SCOALA GENERALA NR.2 DODENI",DODENI,NT,1045,16,0,0,16,54,0,0,54,81,0,0,81,115,2,0,117,207,4,0,211,282,6,0,288
121000,125,"CENTRUL CULTURAL IZVORU MUNTELUI","IZVORU MUNTELUI",NT,405,3,3,0,6,12,8,0,20,12,17,0,29,38,17,0,55,131,30,0,161,150,32,0,182
121019,126,"SCOALA GENERALA NR.1 MARCENI","IZVORUL ALB",NT,129,3,3,0,6,10,3,0,13,19,3,0,22,23,5,0,28,58,29,0,87,65,29,0,94
121028,127,"SCOALA GENERALA NR.1 MARCENI",POTOCI,NT,208,2,3,0,5,4,4,0,8,11,6,0,17,15,7,0,22,58,9,0,67,68,9,0,77
121037,128,"SCOALA GENERALA NR.1 MARCENI",SECU,NT,66,0,1,0,1,1,2,0,3,1,3,0,4,4,3,0,7,23,10,0,33,26,12,0,38
124126,129,"ȘCOALA GENERALĂ ROZNOV",ROZNOV,NT,1744,21,7,0,28,64,37,0,101,90,44,4,138,115,44,4,163,308,74,11,393,389,90,12,491
124126,130,"GARA ROZNOV",ROZNOV,NT,1517,44,7,0,51,79,9,0,88,103,12,0,115,119,15,3,137,261,22,3,286,324,29,3,356
124126,131,"CĂMINUL PENTRU PERSOANE VÂRSTNICE ROZNOV",ROZNOV,NT,1344,13,6,0,19,58,10,0,68,81,11,0,92,105,16,0,121,306,40,0,346,378,41,14,433
124135,132,"ȘCOALA GENERALĂ CHINTINICI",CHINTINICI,NT,967,10,1,0,11,26,2,0,28,47,2,0,49,69,2,0,71,160,13,1,174,198,19,1,218
124144,133,"DISPENSAR MEDICAL SLOBOZIA",SLOBOZIA,NT,1435,10,0,0,10,25,1,0,26,46,1,0,47,50,10,0,60,180,21,0,201,279,30,1,310
124144,134,"ȘCOALA GENERALĂ SLOBOZIA",SLOBOZIA,NT,1351,8,0,0,8,32,1,0,33,43,7,0,50,82,13,0,95,205,25,0,230,292,32,0,324
121064,135,"SALA DE SPORT PARC CETATE","TÎRGU NEAMŢ",NT,777,15,1,0,16,52,32,0,84,74,37,0,111,106,54,0,160,242,79,0,321,290,90,0,380
121064,136,"GRĂDINIŢA CU PROGRAM PRELUNGIT NR.2","TÎRGU NEAMŢ",NT,519,15,5,0,20,33,12,0,45,38,12,0,50,45,14,0,59,83,18,0,101,127,20,0,147
121064,137,"SCOALA GIMNAZIALĂ DOMNEASCĂ ""GRIGORE GHICA VODĂ""","TÎRGU NEAMŢ",NT,1731,25,5,0,30,102,47,0,149,147,56,0,203,189,57,0,246,360,70,0,430,475,90,0,565
121064,138,"LICEUL ""VASILE CONTA""","TÎRGU NEAMŢ",NT,1686,26,4,0,30,89,9,0,98,111,12,0,123,144,15,0,159,340,25,0,365,428,36,0,464
121064,139,"COLEGIUL NAŢIONAL ""ŞTEFAN CEL MARE"", CORP B, SALA 1","TÎRGU NEAMŢ",NT,1680,17,1,0,18,76,7,0,83,102,12,0,114,138,12,0,150,305,15,0,320,389,20,0,409
121064,140,"COLEGIUL NAŢIONAL ""ŞTEFAN CEL MARE"", CORP B, SALA 2 (FOSTA SECŢIE DE LA CASA CULTURII)","TÎRGU NEAMŢ",NT,1689,21,2,0,23,103,8,0,111,135,11,0,146,168,11,0,179,366,18,0,384,472,31,0,503
121064,141,"COLEGIUL NAŢIONAL ""ŞTEFAN CEL MARE"", CORP A, SALA 1","TÎRGU NEAMŢ",NT,1911,33,4,0,37,115,6,0,121,151,14,0,165,196,14,0,210,406,28,1,435,523,40,1,564
121064,142,"CLUBUL COPIILOR","TÎRGU NEAMŢ",NT,1806,29,0,0,29,90,11,0,101,131,15,0,146,179,18,0,197,392,30,0,422,508,36,1,545
121064,143,"COLEGIUL TEHNIC ""ION CREANGĂ"", CORP B","TÎRGU NEAMŢ",NT,1824,34,6,0,40,91,11,0,102,127,12,0,139,161,46,0,207,407,73,0,480,557,78,0,635
121064,144,"CĂMINUL CULTURAL LOC.BLEBEA","TÎRGU NEAMŢ",NT,685,5,3,0,8,36,5,0,41,53,8,7,68,100,9,7,116,200,14,7,221,278,17,7,302
121064,145,"ŞCOALA GIMNAZIALĂ ""ION CREANGĂ"", CORP B, LOC. HUMULEŞTI","TÎRGU NEAMŢ",NT,1582,12,3,0,15,24,5,0,29,53,8,0,61,79,9,0,88,307,19,2,328,453,28,2,483
121064,146,"ŞCOALA GIMNAZIALĂ ""ION CREANGĂ"", CORP A, LOC. HUMULEŞTI","TÎRGU NEAMŢ",NT,1704,4,1,0,5,26,6,0,32,60,11,0,71,97,14,0,111,281,20,0,301,394,31,0,425
121064,147,"ŞCOALA GIMNAZIALĂ ""ION CREANGĂ"", CORP C, LOC. HUMULEŞTII NOI","TÎRGU NEAMŢ",NT,489,0,0,5,5,19,0,5,24,35,1,5,41,51,2,5,58,124,15,5,144,169,18,5,192
121117,148,"ŞCOALAGIMNAZIALĂ NICOLAE GRIGORESCU AGAPIA",AGAPIA,NT,1463,125,5,0,130,244,28,0,272,295,45,0,340,340,55,0,395,459,73,23,555,538,81,23,642
121126,149,"ŞCOALAGIMNAZIALĂ MIHAI EMINESCU FILIOARA",FILIOARA,NT,859,13,5,0,18,47,8,0,55,63,8,28,99,92,10,28,130,222,27,28,277,308,35,28,371
121135,150,"ŞCOALA PRIMARĂSĂCĂLUŞEŞTI",SĂCĂLUŞEŞTI,NT,535,15,3,0,18,36,7,0,43,37,8,0,45,64,13,0,77,133,17,0,150,162,18,0,180
121144,151,ŞCOALANOUĂVĂRATEC,VARATEC,NT,738,44,2,0,46,164,33,0,197,181,35,73,289,197,47,73,317,309,66,73,448,329,73,73,475
124947,152,"SEDIUL S.V.S.U.",VIIŞOARA,NT,930,4,0,0,4,39,11,26,76,58,16,26,100,66,17,26,109,138,34,64,236,213,45,64,322
124992,153,"SCOALA GIMNAZIALĂ VADURI",VADURI,NT,872,2,6,0,8,24,8,0,32,34,18,0,52,49,19,0,68,127,47,0,174,146,52,0,198
124974,154,"SCOALAGIMNAZIALĂ VADURI",BISTRIŢA,NT,1854,21,4,0,25,120,24,0,144,124,39,0,163,165,48,0,213,405,71,0,476,505,94,11,610
125007,155,"SCOALAGIMNAZIALĂ VADURI",VĂDURELE,NT,1400,15,4,0,19,35,5,0,40,57,11,0,68,91,12,0,103,279,27,0,306,349,29,0,378
121162,156,"CĂMINUL CULTURAL,LOCALITATEA BAHNA",BAHNA,NT,545,7,0,0,7,14,1,0,15,15,4,0,19,25,4,0,29,80,13,0,93,100,16,0,116
121199,157,"GRĂDINIŢĂ CU PROGRAM NORMAL,LOCALITATEA BROŞTENI",BROŞTENI,NT,394,4,3,0,7,12,8,0,20,14,8,0,22,25,9,0,34,67,24,0,91,88,35,0,123
121233,158,"FOSTA ŞCOALA CU CLASELE I-IV,LOCALITATEA ŢUŢCANII DIN VALE","ŢUŢCANII DIN VALE",NT,254,0,0,0,0,1,0,0,1,6,0,0,6,14,0,0,14,53,9,0,62,81,13,0,94
121180,159,"GRĂDINIŢA CU PROGRAM NORMAL,LOCALITATEA BĂHNIŞOARA",BĂHNIŞOARA,NT,366,4,2,0,6,9,2,0,11,13,2,0,15,22,2,0,24,80,9,0,89,111,12,0,123
121206,160,"ŞCOALA GIMNAZIALĂ,LOCALITATEA IZVOARE",IZVOARE,NT,1070,1,0,0,1,10,5,0,15,12,5,0,17,21,5,0,26,95,17,0,112,120,22,0,142
121251,161,"PRIMĂRIA COMUNEI BĂLŢĂTEŞTI",BĂLŢĂTEŞTI,NT,1726,30,24,0,54,95,65,0,160,114,71,0,185,209,84,0,293,462,107,0,569,578,123,0,701
121288,162,"ŞCOALA GIMNAZIALĂ","VALEA SEACĂ",NT,1227,9,1,0,10,38,1,0,39,47,2,0,49,69,4,0,73,267,29,0,296,427,37,0,464
121279,163,"CASA DE PRĂZNUIRE A PAROHIEI VALEA ARINI","VALEA ARINI",NT,497,6,0,0,6,8,1,0,9,12,1,0,13,50,5,0,55,127,15,0,142,161,21,0,182
121304,164,"CAMIN CULTURAL",BICAZ-CHEI,NT,1134,5,1,0,6,36,4,0,40,49,5,0,54,64,6,0,70,273,10,0,283,333,17,0,350
121304,165,"SCOALA GIMNAZIALA NR. 2",BICAZ-CHEI,NT,806,10,1,0,11,18,2,0,20,40,4,0,44,51,5,0,56,240,13,4,257,298,15,4,317
121304,166,"SCOALA GIMNAZIALA NR.1",BICAZ-CHEI,NT,1034,5,0,0,5,20,0,0,20,36,0,0,36,52,3,0,55,237,4,0,241,379,8,0,387
121331,167,"SCOALA GIMNAZIALA NR.3",IVANEŞ,NT,701,11,3,0,14,26,4,8,38,54,6,8,68,96,9,8,113,332,19,17,368,413,23,17,453
121359,168,"ȘCOALA GIMNAZIALĂ NR. 1","BICAZU ARDELEAN",NT,1374,10,1,0,11,50,1,0,51,67,2,0,69,89,4,0,93,332,16,0,348,491,22,27,540
121368,169,"ŞCOALA GIMNAZIALA NR.2",TELEC,NT,1100,8,1,0,9,22,6,0,28,36,6,0,42,43,8,0,51,252,16,13,281,351,25,13,389
121368,170,"GRĂDINIȚA CU PROGRAM NORMAL NR. 1",TELEC,NT,424,3,0,0,3,9,1,0,10,16,2,0,18,19,3,0,22,74,6,0,80,127,7,0,134
121377,171,"ȘCOALA PRIMARĂ NOUĂ TICOȘ",TICOŞ,NT,258,6,2,0,8,6,2,0,8,14,3,1,18,15,6,1,22,56,12,1,69,103,24,1,128
121395,172,"CĂMINUL CULTURAL BÎRA",BIRA,NT,645,1,0,0,1,9,1,0,10,11,1,0,12,30,2,0,32,117,15,0,132,153,19,0,172
121448,173,"GRĂDINIȚA REDIU",REDIU,NT,536,2,1,0,3,7,3,0,10,13,6,0,19,31,7,0,38,125,17,0,142,190,26,0,216
121448,174,"SCOALA PRIMARA NR.2 REDIU",REDIU,NT,228,3,4,0,7,10,6,0,16,12,6,0,18,15,8,0,23,49,11,0,60,59,12,0,71
121420,175,"CLADIRE FOSTA SCOALA PRIMARA",NEGREŞTI,NT,159,4,4,0,8,14,4,0,18,15,4,0,19,16,5,0,21,33,7,0,40,43,11,0,54
121475,176,"PRIMĂRIA BÎRGĂUANI",BÎRGAUANI,NT,463,5,0,0,5,16,0,0,16,17,3,0,20,26,4,0,30,63,9,9,81,100,11,9,120
121475,177,"FOSTA GRĂDINIȚĂ DE COPII BÎRGĂUANI DEAL",BÎRGAUANI,NT,492,5,1,0,6,12,2,0,14,21,5,0,26,26,5,0,31,91,18,0,109,121,21,0,142
121518,178,"FOSTA ȘCOALĂ PRIMARĂ BREAZA",BREAZA,NT,176,0,0,0,0,2,1,0,3,8,2,0,10,9,5,0,14,26,12,0,38,54,19,0,73
121527,179,"FOSTA ȘCOALĂ PRIMARĂ CERTIENI",CERTIENI,NT,178,0,4,0,4,3,5,0,8,11,10,0,21,16,13,0,29,67,18,2,87,81,22,2,105
121563,180,"CĂMINUL CULTURAL HÎRTOP",HÎRTOP,NT,193,3,5,0,8,13,6,0,19,22,7,0,29,26,11,0,37,69,23,4,96,84,32,4,120
121509,181,"ȘCOALA PRIMARĂ BĂLĂNEȘTI",BĂLĂNEŞTI,NT,540,5,0,0,5,19,2,0,21,27,4,0,31,44,6,0,50,133,25,0,158,178,32,5,215
121581,182,"ȘCOALA PRIMARĂ TALPA",TALPA,NT,569,18,7,0,25,35,12,0,47,61,12,0,73,69,16,0,85,176,30,0,206,276,35,0,311
121590,183,"FOSTA ȘCOALĂ PRIMARĂ VLĂDICENI",VLĂDICENI,NT,487,18,5,0,23,32,13,0,45,41,17,0,58,49,26,0,75,182,54,0,236,211,62,14,287
121616,184,"ŞCOALA CU CLASELE I-IV",BODEŞTI,NT,902,4,4,0,8,13,5,0,18,29,5,0,34,46,5,0,51,167,30,0,197,238,42,4,284
121616,185,"ŞCOALA CU CLASELE I-IV",BODEŞTI,NT,888,8,2,0,10,29,4,0,33,43,4,0,47,60,4,0,64,167,16,0,183,253,22,3,278
121634,186,ŞCOALA,CORNI,NT,121,8,14,0,22,16,16,0,32,16,18,1,35,25,19,1,45,59,36,1,96,68,48,5,121
121643,187,ŞCOALA,OŞLOBENI,NT,774,8,0,0,8,17,0,0,17,25,1,0,26,34,2,0,36,149,19,22,190,217,36,22,275
121625,188,"GRĂDINIŢĂ - (CĂTUNĂ)","BODEŞTII DE JOS",NT,515,3,0,0,3,10,0,0,10,16,1,0,17,24,2,0,26,73,21,0,94,124,34,2,160
121625,189,"ŞCOALA CU CLASELE I-VIII","BODEŞTII DE JOS",NT,745,6,2,0,8,20,5,0,25,28,5,0,33,40,6,0,46,175,24,0,199,247,33,0,280
121402,190,"ȘCOALA GIMNAZIALĂ BOGHICEA",BOGHICEA,NT,1005,12,0,0,12,27,1,0,28,33,3,0,36,62,4,0,66,160,16,0,176,217,19,0,236
121457,191,"ȘCOALA GIMNAZIALĂ SLOBOZIA",SLOBOZIA,NT,595,11,4,0,15,22,6,0,28,29,7,0,36,32,10,0,42,103,18,0,121,129,25,0,154
121411,192,"ȘCOALA PRIMARĂ CĂUȘENI",CĂUŞENI,NT,137,1,1,0,2,10,3,0,13,11,8,0,19,11,8,0,19,39,11,0,50,45,13,0,58
121439,193,"ȘCOALA PRIMARĂ NISTRIA",NISTRIA,NT,207,4,4,0,8,8,5,0,13,14,5,0,19,19,5,0,24,40,5,0,45,56,5,0,61
121661,194,"LICEUL ,,MIHAIL SADOVEANU""(CORPUL B)",BORCA,NT,882,6,2,0,8,26,9,0,35,57,11,10,78,70,15,10,95,197,35,10,242,301,38,10,349
121689,195,"SALA DE FESTIVITĂŢI MADEI",MĂDEI,NT,907,8,2,0,10,18,6,0,24,25,6,3,34,46,6,3,55,225,12,3,240,330,15,3,348
121698,196,"ŞCOALA PRIMARĂ NR.3 LOCALITATEAPÎRÎUL CÎRJEI","PÎRÎUL CÎRJEI",NT,596,5,0,0,5,12,1,0,13,25,5,0,30,46,5,0,51,194,7,0,201,254,11,0,265
121714,197,"GRĂDINIŢA CU PROGRAM NORMAL - BORCA CENTRU",SABASA,NT,784,5,3,0,8,30,6,0,36,40,6,0,46,56,9,0,65,234,24,0,258,257,38,0,295
121714,198,"CĂMIN CULTURAL SABASA",SABASA,NT,939,14,1,0,15,45,5,0,50,62,7,0,69,90,7,0,97,296,16,0,312,427,22,0,449
121705,199,"ŞCOALA PRIMARĂ NR.2 LOCALITATEA PÎRÎULPÎNTEI","PÎRÎUL PÎNTEI",NT,429,6,5,0,11,21,5,0,26,21,6,12,39,33,6,12,51,116,12,12,140,144,12,12,168
121723,200,"ŞCOALA PRIMARĂ NR.1 LOCALITATEA SOCI",SOCI,NT,726,11,1,0,12,30,6,0,36,56,8,0,64,81,9,0,90,289,15,0,304,377,15,0,392
121741,201,"SCOALA GIMNAZIALĂ BORLEŞTI",BORLEŞTI,NT,1544,9,0,0,9,36,1,0,37,44,1,0,45,64,1,0,65,304,30,0,334,422,46,1,469
121741,202,"GRĂDINIŢA BORLEŞTI II",BORLEŞTI,NT,788,10,1,1,12,54,5,1,60,67,9,1,77,90,9,1,100,204,15,1,220,277,20,9,306
121769,203,"ŞCOALA GIMNAZIALĂ ""ŞTEFAN CEL MARE""",MASTACĂN,NT,1545,8,0,0,8,33,1,0,34,44,3,0,47,77,6,0,83,267,20,0,287,337,24,0,361
121778,204,"ŞCOALA GIMNAZIALA ""GRIGORE TEODORESCU""",RUSENI,NT,1808,11,1,0,12,46,7,0,53,65,7,0,72,106,8,0,114,307,17,0,324,402,23,0,425
121778,205,"ŞCOALA GIMNAZIALĂ ""IOAN GRIGORE TEODORESCU""",RUSENI,NT,1277,19,6,0,25,32,9,0,41,39,9,0,48,63,10,0,73,206,19,0,225,302,22,2,326
121787,206,GRĂDINIŢA,ŞOVOAIA,NT,423,3,2,0,5,11,4,0,15,12,7,0,19,15,7,0,22,65,14,0,79,83,16,0,99
121750,207,GRĂDINIŢA,NECHIT,NT,238,9,2,0,11,23,23,0,46,29,23,0,52,34,23,0,57,80,30,0,110,90,33,0,123
121803,208,"ŞCOALA CU CLASELEI-IV",BOTEŞTI,NT,353,9,2,0,11,16,6,0,22,18,6,0,24,29,6,0,35,73,19,0,92,107,21,0,128
121858,209,"LICEUL TEHNOLOGIC",NISIPOREŞTI,NT,979,5,1,0,6,11,4,0,15,15,5,0,20,30,6,0,36,98,20,0,118,120,26,0,146
121858,210,"LICEUL TEHNOLOGIC",NISIPOREŞTI,NT,1060,8,0,0,8,13,0,0,13,19,2,0,21,28,3,0,31,98,4,0,102,130,4,0,134
121812,211,"SCOALA CU CLASELE I-VII",BARTICEŞTI,NT,1752,21,4,0,25,42,5,0,47,52,6,0,58,114,7,0,121,313,13,0,326,398,23,0,421
121885,212,"ȘCOALA GIMNAZIALĂ BOZIENI (ȘCOALA GENERALĂ BOZIENI)",BOZIENI,NT,926,4,0,0,4,10,0,0,10,13,0,0,13,30,0,0,30,160,0,0,160,270,0,0,270
121910,213,"ȘCOALA GIMNAZIALĂ BOZIENI - ȘCOALA PRIMARĂ CUCI (ŞCOALA GENERALĂ BOZIENI)",CUCI,NT,683,5,1,0,6,7,3,0,10,10,3,0,13,17,3,0,20,81,10,0,91,158,15,0,173
121929,214,"ȘCOALA GIMNAZIALĂ BOZIENI - ȘCOALA PRIMARĂ IUCȘA (ŞCOALA GENERALĂ BOZIENI)",IUCŞA,NT,632,1,0,0,1,2,0,0,2,4,0,0,4,13,1,0,14,71,4,0,75,101,11,0,112
121947,215,"ŞCOALA GIMNAZIALĂ „IEREMIA IRIMESCU” BRUSTURI",BRUSTURI,NT,1556,12,3,0,15,49,9,0,58,75,14,20,109,97,17,20,134,407,49,20,476,490,57,20,567
121965,216,"GRADINITA CU PROGRAM NORMAL GROSI",GROŞI,NT,391,2,1,0,3,8,1,0,9,11,2,0,13,13,2,0,15,77,5,0,82,89,8,0,97
121983,217,"GRADINITA CU PROGRAM NORMAL POIANA",POIANA,NT,652,3,2,0,5,21,3,0,24,37,3,0,40,44,3,0,47,184,16,0,200,234,17,0,251
122016,218,"ŞCOALA GIMNAZIALĂ „GRIGORE STURZU” TIRZIA",TÎRZIA,NT,620,2,4,0,6,12,7,0,19,14,7,0,21,28,8,0,36,121,14,0,135,146,18,0,164
122043,219,"CĂMIN CULTURAL",BISTRICIOARA,NT,608,5,5,0,10,15,8,0,23,25,8,0,33,32,10,0,42,114,25,0,139,177,37,0,214
122034,220,"ŞCOALA GRIGORE UNGUREANU",CEAHLĂU,NT,1430,50,7,0,57,91,18,0,109,116,25,45,186,163,32,47,242,386,74,47,507,481,93,47,621
122070,221,"ȘCOALA GIMNAZIALĂ",CÎNDESTI,NT,1321,15,2,0,17,24,2,0,26,31,3,0,34,41,3,0,44,213,16,0,229,300,16,0,316
122123,222,"GRĂDINIȚA CU PROGRAM NORMAL",VĂDURELE,NT,1054,2,0,0,2,11,0,0,11,17,6,0,23,21,6,0,27,152,13,0,165,216,15,0,231
122089,223,"GRĂDINIȚA CU PROGRAM NORMAL",BĂRCĂNEŞTI,NT,704,4,5,0,9,13,6,0,19,31,7,0,38,46,8,0,54,204,10,0,214,250,11,0,261
122105,224,"ȘCOALA PRIMARĂ",PĂDURENI,NT,317,13,1,0,14,26,4,0,30,27,4,0,31,29,4,0,33,62,6,0,68,82,8,0,90
120897,225,"ȘCOALA GIMNAZIALĂ NR. 1 - GRĂDINIŢA CU PROGRAM PRELUNGIT CORDUN",CORDUN,NT,1309,1,2,0,3,19,4,0,23,23,6,0,29,47,9,0,56,133,14,0,147,174,20,0,194
120897,226,"ȘCOALA GIMNAZIALĂ NR. 1 - GRĂDINIŢA CU PROGRAM PRELUNGIT CORDUN",CORDUN,NT,1031,6,1,0,7,25,4,0,29,35,6,0,41,57,7,0,64,121,15,0,136,163,17,0,180
120913,227,"ȘCOALA GIMNAZIALĂ NR.1 - GRĂDINIȚA SIMIONEŞTI",SIMIONEŞTI,NT,720,10,1,0,11,33,3,0,36,42,6,0,48,53,6,0,59,110,8,6,124,152,8,6,166
120904,228,"ŞCOALA GIMNAZIALĂ NR.1 PILDEŞTI",PILDEŞTI,NT,1744,0,0,0,0,10,1,0,11,20,1,0,21,52,1,0,53,158,10,1,169,208,12,1,221
120904,229,"ȘCOALA GIMNAZIALĂ NR. 1 PILDEŞTI",PILDEŞTI,NT,1740,5,0,0,5,18,5,0,23,28,5,0,33,58,5,0,63,157,10,0,167,222,10,0,232
122141,230,"ŞCOALA GIMNAZIALA SAT COSTISA",COSTIŞA,NT,1430,43,6,0,49,123,13,0,136,129,15,0,144,159,20,0,179,382,38,30,450,468,43,30,541
122178,231,ŞCOALAPRIMARASATMANOAIA,MĂNOAIA,NT,771,8,2,0,10,32,5,0,37,43,8,0,51,79,10,0,89,231,21,0,252,281,25,16,322
122169,232,ŞCOALAPRIMARASATFRUNZENI,FRUNZENI,NT,541,11,1,0,12,48,4,0,52,65,8,0,73,89,11,0,100,166,21,0,187,203,22,0,225
122150,233,CLADIREŞCOALĂ,DORNEŞTI,NT,214,10,5,0,15,59,12,0,71,75,13,8,96,78,16,8,102,108,25,9,142,117,28,9,154
122196,234,"ŞCOALA GIMNAZIALĂ ""GHEORGHE SĂVINESCU""",CRĂCĂOANI,NT,898,15,2,0,17,25,8,0,33,32,14,0,46,49,14,0,63,151,32,0,183,200,54,0,254
122196,235,"ŞCOALA GIMNAZIALĂ ""GHEORGHE SĂVINESCU""",CRĂCĂOANI,NT,919,7,0,0,7,29,4,0,33,36,7,0,43,43,7,0,50,135,15,0,150,195,21,0,216
122212,236,"ŞCOALA GENERALĂ",MAGAZIA,NT,551,10,4,0,14,18,5,0,23,25,7,0,32,41,8,0,49,128,15,0,143,196,20,0,216
122203,237,"ŞCOALA GENERALĂ","CRACĂUL NEGRU",NT,884,10,0,0,10,20,3,0,23,28,4,0,32,34,4,0,38,164,9,0,173,260,11,0,271
122221,238,"ŞCOALA GENERALĂ","MITOCU BĂLAN",NT,260,7,2,0,9,10,5,0,15,21,6,0,27,23,6,0,29,76,10,0,86,102,14,0,116
122267,239,"SCOALA GENERALA",HUISUREZ,NT,632,15,1,0,16,46,8,10,64,79,8,10,97,151,9,10,170,310,15,12,337,367,23,12,402
122258,240,"CAMINUL CULTURAL DAMUC",DĂMUC,NT,1304,82,7,0,89,175,14,0,189,213,19,22,254,289,20,22,331,603,39,22,664,701,48,22,771
122258,241,"ŞCOALA GENERALĂ",DĂMUC,NT,494,7,2,0,9,16,4,0,20,24,8,0,32,34,9,0,43,202,23,0,225,287,31,0,318
122294,242,"CĂMINUL CULTURAL DOBRENI",DOBRENI,NT,1482,23,0,0,23,54,7,0,61,68,16,0,84,98,21,0,119,348,87,0,435,446,112,5,563
122720,243,"CĂMINUL CULTURAL",BĂLUŞEŞTI,NT,105,4,2,0,6,7,2,0,9,11,6,0,17,13,7,0,20,33,20,0,53,42,22,0,64
122766,244,"ŞCOALA GIMNAZIALĂ NR.1",DOCHIA,NT,802,5,2,0,7,19,3,0,22,35,5,0,40,54,7,0,61,157,19,0,176,189,31,0,220
122766,245,"ŞCOALA GIMNAZIALĂ NR.1",DOCHIA,NT,1100,9,1,0,10,27,4,0,31,42,7,0,49,68,7,0,75,210,23,0,233,274,29,0,303
122356,246,"ŞCOALA GIMNAZIALĂNR.1 DOLJEŞTI",DOLJEŞTI,NT,1012,4,0,0,4,20,3,0,23,30,3,0,33,74,5,0,79,191,12,0,203,259,14,5,278
122383,247,"ŞCOALA GIMNAZIALĂNR.2 ROTUNDA",ROTUNDA,NT,1325,14,1,0,15,62,9,0,71,89,16,0,105,95,16,0,111,201,29,0,230,231,42,0,273
122365,248,"ŞCOALA PRIMARĂNR.1 BUHONCA",BUHONCA,NT,563,6,1,0,7,7,1,0,8,11,1,0,12,29,1,0,30,96,2,0,98,126,7,1,134
122374,249,"ŞCOALA GIMNAZIALĂ ,,GHEORGHE PATRAŞCU"" BURUIENEŞTI, CORP B",BURUIENEŞTI,NT,1602,4,1,0,5,10,2,0,12,16,5,0,21,28,5,0,33,156,7,0,163,236,9,0,245
122374,250,"ŞCOALA GIMNAZIALĂ ,,GHEORGHE PATRAŞCU"" BURUIENESTI, CORP C",BURUIENEŞTI,NT,1480,7,0,0,7,19,2,0,21,22,2,0,24,36,2,0,38,172,8,0,180,239,11,0,250
122454,251,"GRĂDINIŢA CU PROGRAM NORMAL VAD",VAD,NT,698,5,1,0,6,24,8,0,32,44,11,0,55,58,18,0,76,141,43,0,184,175,54,0,229
122418,252,"SCOALA GENERALA",BORNIŞ,NT,101,2,0,0,2,5,6,0,11,6,10,0,16,10,12,0,22,25,17,0,42,31,22,0,53
122436,253,"SCOALA GENERALA",MASTACĂN,NT,161,1,8,0,9,4,9,5,18,5,11,5,21,17,11,5,33,36,25,5,66,45,26,5,76
122445,254,"SCOALA GENERALA",UNGHI,NT,94,2,1,0,3,2,5,0,7,5,5,0,10,6,5,0,11,16,11,0,27,22,11,0,33
122427,255,"ŞCOALA PRIMARĂ HLĂPEŞTI",HLĂPEŞTI,NT,676,1,0,0,1,7,1,0,8,15,1,0,16,26,1,0,27,87,21,4,112,99,23,4,126
121956,256,"SCOALA GIMNAZIALA",DRĂGĂNEŞTI,NT,579,3,3,0,6,6,5,0,11,14,6,0,20,25,7,0,32,103,26,0,129,136,33,0,169
121974,257,"SCOALA PRIMARA",ORŢĂŞTI,NT,278,4,3,0,7,14,3,0,17,18,3,0,21,20,5,0,25,67,14,0,81,91,21,0,112
122007,258,"SCOALA PRIMARA",ŞOIMĂREŞTI,NT,379,5,0,0,5,15,3,0,18,20,4,0,24,26,4,0,30,100,23,0,123,119,31,0,150
122515,259,"ŞCOALA CORHANA",CORHANA,NT,509,7,2,0,9,12,4,0,16,19,4,0,23,22,5,0,27,90,6,0,96,119,8,0,127
122506,260,"ŞCOALA CÎRLIG",CÂRLIG,NT,473,5,0,0,5,11,1,0,12,15,2,0,17,33,5,0,38,86,15,0,101,94,17,0,111
122533,261,"ŞCOALA ROŞIORI",ROŞIORI,NT,268,2,0,0,2,5,3,0,8,10,10,0,20,11,12,0,23,45,16,0,61,60,18,0,78
122472,262,"ŞCOALA GIMNAZIALADULCESTI",DULCEŞTI,NT,915,8,0,0,8,21,0,0,21,28,0,0,28,44,0,0,44,126,17,0,143,170,21,0,191
120799,263,"SCOALA GIMNAZIALA NR 4 BRASAUTI",BRĂŞĂUŢI,NT,587,5,0,0,5,12,1,0,13,20,1,0,21,36,1,0,37,135,12,0,147,236,24,0,260
120780,264,"SCOALA GIMNAZIALA NR. 1 DUMBRAVA ROSIE","DUMBRAVA ROŞIE",NT,1440,12,1,0,13,46,4,0,50,59,8,0,67,93,11,0,104,259,23,0,282,336,38,0,374
120780,265,"SCOALA GIMNAZIALA NR. 1 DUMBRAVA ROSIE","DUMBRAVA ROŞIE",NT,1727,11,1,0,12,31,2,0,33,50,3,0,53,61,4,0,65,252,8,0,260,311,11,0,322
120815,266,"SCOALA GIMNAZIALA NR. 2 IZVOARE",IZVOARE,NT,1025,3,1,0,4,12,3,0,15,18,4,0,22,60,12,0,72,191,25,0,216,257,32,0,289
120806,267,"SCOALA GIMNAZIALA NR. 3 CUT",CUT,NT,1019,8,1,0,9,26,2,0,28,38,3,0,41,60,3,0,63,193,15,0,208,244,26,0,270
120806,268,"SCOALA GIMNAZIALA NR 3 CUT",CUT,NT,1153,7,0,0,7,20,4,0,24,28,6,0,34,56,7,0,63,186,15,0,201,246,24,0,270
122560,269,"ŞCOALA GIMNAZIALA "" IOAN LUCA "" FARCASA",FARCAŞA,NT,1145,8,3,0,11,48,7,7,62,65,9,7,81,92,11,7,110,319,24,7,350,383,40,7,430
122588,270,"CĂMINUL CULTURAL",FRUMOSU,NT,766,13,1,0,14,53,7,12,72,104,19,19,142,142,23,19,184,321,36,19,376,389,44,19,452
122604,271,"CĂMINUL CULTURAL",STEJARU,NT,637,31,7,0,38,75,9,2,86,105,9,2,116,134,10,2,146,276,13,2,291,349,20,2,371
122631,272,"SCOALA PRIMARA BUDESTI",BUDEŞTI,NT,865,3,0,0,3,9,3,0,12,13,5,0,18,31,9,0,40,95,19,0,114,132,25,0,157
122622,273,"SCOALA GIMNAZIALA, COMUNA FAUREI",FĂUREI,NT,623,0,0,0,0,11,4,0,15,15,4,0,19,28,8,0,36,156,30,0,186,199,42,0,241
122640,274,"BIBLIOTECA COMUNALA FAUREI",CLIMEŞTI,NT,231,2,3,0,5,6,4,0,10,7,5,0,12,12,6,0,18,43,14,0,57,50,14,0,64
124171,275,"SCOALA GIMNAZIALA GADINTI (CORP 1)",GÂDINŢI,NT,1029,4,0,0,4,14,0,4,18,19,0,4,23,34,2,4,40,128,3,4,135,179,8,4,191
124171,276,"SCOALA GIMNAZIALA GADINTI (CORP 2)",GÂDINŢI,NT,1026,6,0,0,6,24,1,1,26,36,3,1,40,42,3,1,46,135,15,1,151,181,22,1,204
122677,277,"SCOALA GIMNAZIALA, COMUNA GHERAESTI",GHERĂEŞTI,NT,1429,8,1,0,9,32,1,0,33,43,1,0,44,79,3,0,82,233,9,0,242,312,10,0,322
122677,278,"SCOALA GIMNAZIALA, COMUNA GHERAESTI",GHERĂEŞTI,NT,1351,7,2,0,9,15,2,0,17,26,3,0,29,63,4,0,67,211,9,0,220,262,12,0,274
122677,279,"SCOALA GIMNAZIALA, COMUNA GHERAESTI",GHERĂEŞTI,NT,1437,6,1,0,7,12,4,0,16,23,5,0,28,58,5,0,63,180,9,0,189,234,10,0,244
122686,280,"SCOALA PRIMARA, GHERAESTII NOI","GHERĂEŞTII NOI",NT,489,5,0,0,5,6,0,0,6,12,1,0,13,24,1,0,25,67,6,0,73,93,11,0,104
122695,281,"SCOALA PRIMARA, TETCANI",TEŢCANI,NT,741,3,0,0,3,11,5,0,16,22,7,0,29,48,7,0,55,110,15,0,125,141,17,0,158
121260,282,"CLĂDIREA ""SALA DE NUNŢI""",GHINDĂOANI,NT,1652,26,1,0,27,75,4,1,80,88,4,1,93,180,17,1,198,525,46,3,574,599,52,3,654
122711,283,"SCOALA GIMNAZIALA ""PROF. GHEORGHE DUMITREASA"" GIROV",GIROV,NT,1401,14,1,0,15,51,3,0,54,59,4,0,63,91,8,0,99,253,39,0,292,304,44,0,348
122748,284,"SCOALA GIMNAZIALA NR. 1 CACIULESTI",CĂCIULEŞTI,NT,578,7,2,0,9,15,4,0,19,21,6,0,27,31,12,0,43,122,30,0,152,141,40,0,181
122784,285,"SCOALA PRIMARA GURA VAII","GURA VĂII",NT,630,1,0,0,1,12,2,0,14,18,4,0,22,30,5,0,35,92,13,0,105,122,14,0,136
122800,286,"PENSIUNEA ELENA",TURTUREŞTI,NT,504,8,2,0,10,33,4,0,37,47,11,0,58,50,13,0,63,125,29,0,154,160,46,0,206
122739,287,"SCOALA BOTESTI",BOŢEŞTI,NT,423,2,0,0,2,5,0,0,5,11,3,0,14,18,5,0,23,62,21,0,83,76,22,0,98
122775,288,"SCOALA DOINA",DOINA,NT,237,0,0,0,0,5,5,0,10,9,5,0,14,12,5,0,17,49,20,0,69,63,23,0,86
122757,289,"SCOALA DANESTI",DĂNEŞTI,NT,246,2,0,0,2,3,0,0,3,9,2,0,11,11,3,0,14,44,8,0,52,61,9,0,70
122819,290,"SCOALA VERSESTI",VERŞEŞTI,NT,261,2,4,0,6,15,11,0,26,19,13,0,32,20,20,0,40,63,33,0,96,83,39,0,122
122837,291,"ŞCOALA GIMNAZIALĂ ""EPISCOP MELCHISEDEC ŞTEFĂNESCU"", CORP A",GÎRCINA,NT,1191,5,1,0,6,15,2,0,17,17,2,0,19,40,2,0,42,140,12,0,152,201,15,0,216
122846,292,"ŞCOALA ALMAŞ",ALMAŞ,NT,560,5,0,0,5,18,3,0,21,27,3,0,30,50,6,0,56,133,16,0,149,171,28,0,199
122855,293,"ŞCOALA GIMNAZIALĂ ""EPISCOP MELCHISEDEC ŞTEFĂNESCU""",CUEJDIU,NT,1051,2,0,0,2,4,2,0,6,21,2,0,23,40,2,0,42,179,4,0,183,296,8,0,304
122837,294,"ŞCOALA GIMNAZIALĂ ""EPISCOP MELCHISEDEC ŞTEFĂNESCU""",GÎRCINA,NT,1112,5,0,0,5,13,2,0,15,21,7,0,28,50,7,0,57,133,17,0,150,185,25,0,210
122873,295,"CĂMINUL CULTURAL",GRINŢIEŞ,NT,1380,16,1,0,17,48,2,0,50,63,6,0,69,99,6,0,105,340,36,24,400,468,46,24,538
122882,296,"SALA DE FESTIVITĂŢI",BRADU,NT,673,6,0,0,6,18,1,0,19,38,2,0,40,56,3,0,59,172,11,11,194,223,15,11,249
122944,297,SCOALA,TOPOLIŢA,NT,1369,5,3,0,8,21,4,0,25,31,6,0,37,65,8,0,73,290,20,0,310,396,30,0,426
122926,298,"SCOALA PRIMARA",CURECHIŞTEA,NT,599,9,7,0,16,49,35,0,84,56,35,0,91,64,36,0,100,166,47,0,213,210,52,0,262
122917,299,GRADINITA,GRUMĂZEŞTI,NT,1449,10,1,0,11,29,2,0,31,36,5,0,41,58,6,0,64,310,19,0,329,420,26,0,446
122917,300,GRADINITA,GRUMĂZEŞTI,NT,988,6,0,0,6,18,1,0,19,23,3,0,26,35,5,0,40,165,14,0,179,209,18,0,227
122971,301,"ŞCOALA GIMNAZIALĂ BUHALNIŢA",BUHALNIŢA,NT,700,19,1,0,20,49,6,0,55,73,7,5,85,100,8,5,113,183,27,5,215,239,39,5,283
122962,302,"ŞCOALA GIMNAZIALĂ,COMUNA HANGU",HANGU,NT,985,10,8,0,18,48,12,13,73,102,12,13,127,132,16,13,161,335,27,15,377,403,37,16,456
122962,303,"ŞCOALA PRIMARĂ BOBOTENI",HANGU,NT,485,9,3,0,12,31,4,0,35,31,6,0,37,49,7,0,56,140,20,0,160,162,21,0,183
122980,304,"ŞCOALA PRIMARĂ CHIRIŢENI",CHIRIŢENI,NT,407,1,1,0,2,12,4,0,16,22,5,5,32,33,7,5,45,112,17,5,134,131,21,5,157
122999,305,"ŞCOALA PRIMARĂ GROZĂVEŞTI",GROZĂVEŞTI,NT,356,3,2,0,5,5,2,0,7,11,4,0,15,25,6,0,31,99,9,0,108,120,9,0,129
123004,306,"ŞCOALA PRIMARĂ RUGINEŞTI",RUGINEŞTI,NT,301,1,0,0,1,6,1,0,7,11,1,6,18,13,1,6,20,54,12,6,72,75,19,6,100
120931,307,"SCOALA GIMNAZIALA ''CARMEN SYLVA''",HORIA,NT,1687,13,1,0,14,36,6,0,42,47,7,0,54,100,8,0,108,222,15,0,237,271,20,3,294
120931,308,CAMINCULTURAL,HORIA,NT,1677,6,0,0,6,14,0,0,14,22,0,0,22,66,0,0,66,174,11,1,186,235,21,3,259
120940,309,"SCOALAGIMNAZIALA '' OTILIACAZIMIR '' COTU VAMES","COTU VAMEŞ",NT,1416,8,1,0,9,28,1,0,29,38,5,0,43,48,5,0,53,164,9,0,173,237,11,0,248
120940,310,"GRADINITA DE COPII","COTU VAMEŞ",NT,1331,5,3,0,8,19,5,0,24,30,8,0,38,67,9,0,76,170,18,0,188,228,28,0,256
123022,311,"SCOALA GIMNAZIALA ICUSESTI",ICUŞEŞTI,NT,611,4,1,0,5,10,6,0,16,14,7,0,21,33,12,0,45,150,31,0,181,181,32,0,213
123031,312,"SCOALA GIMNAZIALA BALUSESTI",BĂLUŞEŞTI,NT,992,5,3,0,8,11,4,0,15,26,4,0,30,37,4,0,41,152,10,0,162,246,16,0,262
123031,313,"SCOALA GIMNAZIALA BALUSESTI",BĂLUŞEŞTI,NT,980,6,0,0,6,11,2,0,13,19,3,0,22,37,3,0,40,155,6,0,161,233,8,0,241
123077,314,"SCOALA PRIMARA ROCNA",ROCNA,NT,453,0,0,0,0,4,4,0,8,4,4,0,8,7,4,0,11,28,11,0,39,76,15,0,91
123068,315,"SCOALA PRIMARA MESTEACAN",MESTEACĂN,NT,435,9,6,0,15,29,12,0,41,37,12,0,49,38,12,0,50,69,17,0,86,75,19,0,94
123086,316,"SCOALA PRIMARA SPIRIDONESTI",SPIRIDONEŞTI,NT,190,2,3,0,5,4,6,0,10,5,7,0,12,10,7,0,17,30,9,0,39,50,12,0,62
123139,317,ŞCOALA,IZVORU,NT,376,3,0,0,3,11,4,0,15,11,4,0,15,16,4,0,20,100,12,0,112,129,15,2,146
123157,318,ŞCOALA,RECEA,NT,663,9,5,0,14,38,7,0,45,42,9,0,51,54,10,0,64,121,13,0,134,142,17,0,159
123166,319,"CĂMIN CULTURAL",STEJARU,NT,667,3,0,0,3,25,4,0,29,27,4,0,31,42,6,0,48,112,16,0,128,163,22,0,185
123111,320,CAMINCULTURAL,"ION CREANGĂ",NT,970,4,1,0,5,10,3,0,13,13,3,0,16,24,3,0,27,159,19,0,178,213,24,3,240
123111,321,CAMINCULTURAL,"ION CREANGĂ",NT,1181,7,0,0,7,16,2,0,18,23,2,0,25,39,3,0,42,130,10,0,140,211,19,3,233
123120,322,CAMINCULTURAL,AVEREŞTI,NT,781,2,0,0,2,11,3,0,14,18,4,0,22,26,7,0,33,195,37,0,232,255,50,2,307
123184,323,"ŞCOALA GENERALĂ",MĂRGINENI,NT,862,10,0,0,10,23,2,0,25,31,3,0,34,36,5,0,41,132,9,0,141,174,18,1,193
123184,324,GRĂDINIŢA,MĂRGINENI,NT,955,5,0,0,5,22,0,0,22,28,2,0,30,42,3,0,45,172,16,0,188,236,23,6,265
123193,325,"SCOALA GENERALA",HÎRŢEŞTI,NT,184,0,6,0,6,6,8,0,14,10,9,0,19,17,10,0,27,60,17,0,77,79,20,0,99
123200,326,"ŞCOALA GENERALĂ",HOISEŞTI,NT,790,7,2,0,9,16,3,0,19,21,4,0,25,28,5,0,33,96,12,0,108,163,20,0,183
123219,327,"ŞCOALA GENERALĂ",ITRINEŞTI,NT,232,6,2,1,9,9,2,1,12,15,2,1,18,22,2,1,25,67,12,0,79,106,21,0,127
123237,328,"SCOALA GIMNAZIALA SATUL MOLDOVENI",MOLDOVENI,NT,1039,2,2,0,4,18,5,0,23,24,8,0,32,54,17,0,71,117,38,0,155,155,40,0,195
123246,329,"FOSTA SCOALA CU CLASELE I-IV SATUL HOCIUNGI",HOCIUNGI,NT,716,3,3,0,6,10,4,0,14,15,4,0,19,30,9,0,39,125,40,6,171,187,49,6,242
122310,330,"SCOALA GIMNAZIALA ""DUMITRU ALMAS"" NEGRESTI",NEGREŞTI,NT,1207,10,0,0,10,30,5,0,35,44,5,0,49,63,10,0,73,196,39,0,235,283,50,0,333
122329,331,"GRADINITA CU PROGRAM NORMAL POIANA",POIANA,NT,322,2,2,0,4,16,2,0,18,19,3,0,22,33,3,0,36,67,14,0,81,91,23,0,114
123264,332,"ŞCOALA GENERALĂ",ONICENI,NT,646,0,1,0,1,5,3,0,8,13,5,0,18,40,9,0,49,112,27,0,139,160,31,0,191
123282,333,"ŞCOALA GENERALĂ",GORUN,NT,226,4,4,0,8,13,4,0,17,24,5,0,29,43,5,0,48,86,6,0,92,113,9,0,122
123317,334,"ŞCOALA GENERALĂ",MĂRMURENI,NT,351,4,2,0,6,10,3,0,13,16,4,0,20,38,9,0,47,55,10,0,65,78,12,0,90
123353,335,"ŞCOALA GENERALĂ",SOLCA,NT,984,1,0,0,1,10,0,0,10,31,0,0,31,41,0,0,41,188,12,0,200,317,15,0,332
123362,336,"ŞCOALA GENERALĂ","VALEA ENEI",NT,297,0,1,0,1,4,2,0,6,12,6,0,18,29,6,0,35,77,9,0,86,100,10,0,110
123380,337,"ŞCOALAGIMNAZIALA, COMUNAPASTRAVENI",PĂSTRĂVENI,NT,727,7,6,0,13,15,11,0,26,25,11,0,36,29,11,0,40,155,18,0,173,185,19,0,204
123380,338,"CENTRU DE RECUPERARE SI REABILITARE A PERSOANELOR CU HANDICAP",PĂSTRĂVENI,NT,719,9,2,0,11,22,2,0,24,26,3,0,29,38,4,0,42,125,9,0,134,166,9,0,175
123406,339,"SCOALAGIMNAZIALANR. 1 RADENI",RĂDENI,NT,785,10,1,0,11,35,3,0,38,52,7,0,59,66,11,0,77,115,32,0,147,185,49,0,234
123406,340,"SCOALAPRIMARA NR. 2 RADENI",RĂDENI,NT,579,3,6,0,9,8,6,0,14,23,7,0,30,26,8,0,34,96,12,0,108,144,14,0,158
123399,341,"SCOALAPRIMARA LUNCA MOLDOVEI","LUNCA MOLDOVEI",NT,252,2,2,0,4,16,2,0,18,20,4,0,24,28,6,0,34,88,6,0,94,131,7,0,138
123763,342,"ŞCOALA GIMNAZIALA ,,VLAD DANULESCU '' PANCESTI",PÂNCEŞTI,NT,978,4,0,0,4,12,3,0,15,14,3,0,17,26,6,0,32,153,18,8,179,219,27,8,254
123736,343,"ŞCOALA PRIMARA CIUREA",CIUREA,NT,201,3,3,0,6,8,4,0,12,8,4,0,12,10,5,0,15,43,9,0,52,64,11,0,75
123433,344,"LICEUL TEHNOLOGIC",PETRICANI,NT,1443,7,0,0,7,19,7,0,26,29,8,0,37,56,10,0,66,239,17,0,256,325,32,0,357
123442,345,"SCOALA GENERALA",BOIŞTEA,NT,749,4,2,0,6,32,4,0,36,48,5,0,53,66,6,0,72,259,12,0,271,413,20,0,433
123451,346,"SCOALA GENERALA",TÎRPEŞTI,NT,1140,7,4,0,11,19,5,0,24,30,6,0,36,51,6,0,57,216,19,0,235,322,25,0,347
123460,347,"SCOALA GENERALA",ŢOLICI,NT,1351,2,0,0,2,65,5,0,70,118,6,0,124,167,7,0,174,432,20,0,452,507,26,0,533
123497,348,"SCOALA GIMNAZIALA LUMINIS,COMUNA PIATRA SOIMULUI",LUMINIŞ,NT,1144,9,1,0,10,25,3,0,28,41,11,5,57,72,12,5,89,243,25,5,273,335,28,5,368
123512,349,"SCOALA GIMNAZIALA POIENI,COMUNA PIATRA SOIMULUI",POIENI,NT,1095,3,1,0,4,9,1,0,10,14,1,0,15,26,4,0,30,165,7,0,172,256,9,0,265
123497,350,"ŞCOALA GIMNAZIALA LUMINIS,COMUNA PIATRA SOIMULUI",LUMINIŞ,NT,1014,11,0,0,11,28,0,0,28,36,0,6,42,68,4,6,78,221,8,6,235,285,14,7,306
123503,351,"GRADINITA CU PROGRAM NORMAL NEGULESTI,COMUNA PIATRA SOIMULUI",NEGULEŞTI,NT,571,3,2,0,5,16,3,0,19,19,3,0,22,37,4,0,41,152,8,0,160,190,8,0,198
123488,352,"SCOALA GIMNAZIALA,COMUNA PIATRA SOIMULUI","PIATRA ŞOIMULUI",NT,1595,5,3,0,8,30,6,0,36,43,6,0,49,59,6,0,65,240,12,0,252,334,15,0,349
123488,353,"ŞCOALA PRIMARA,COMUNA PIATRA SOIMULUI","PIATRA ŞOIMULUI",NT,1481,6,0,0,6,20,0,0,20,25,0,0,25,46,4,0,50,188,9,0,197,269,18,0,287
123558,354,"LICEUL TEHNOLOGIC ""ION CREANGA"" PIPIRIG",DOLHEŞTI,NT,1458,7,0,0,7,22,10,1,33,32,11,1,44,65,11,1,77,294,15,1,310,434,20,1,455
123530,355,"SCOALA PIPIRIG NR. 2",PIPIRIG,NT,895,7,0,0,7,44,5,0,49,66,8,0,74,76,8,0,84,254,19,0,273,396,24,3,423
123549,356,"SCOALA GIMNAZIALA NR. 1",BOBOIEŞTI,NT,1306,5,0,0,5,13,5,0,18,29,5,0,34,48,6,0,54,277,7,0,284,431,12,9,452
123567,357,"GRADINITA CU PROGRAM NORMAL",LEGHIN,NT,525,7,3,0,10,24,4,5,33,29,5,5,39,39,7,5,51,139,13,5,157,169,13,5,187
123594,358,"SCOALAGIMNAZIALA STINCA",STÎNCA,NT,1253,10,6,0,16,27,12,0,39,58,16,0,74,103,19,0,122,304,24,0,328,410,35,1,446
123558,359,"SCOALA CU CLASELE I-IV DOLHESTI",DOLHEŞTI,NT,879,4,1,0,5,12,3,0,15,29,3,0,32,41,3,0,44,199,10,0,209,290,10,0,300
123585,360,"SCOALA GIMNAZIALA PLUTON",PLUTON,NT,841,0,4,0,4,8,4,0,12,12,5,0,17,33,5,0,38,195,6,0,201,264,9,0,273
123638,361,"ŞCOALA GIMNAZIALĂ ”NICOLAE IORGA” - SAT PÎNGĂRĂCIOR",PÎNGĂRĂCIOR,NT,1726,5,1,0,6,21,5,0,26,40,10,0,50,56,12,0,68,199,29,0,228,280,46,0,326
123610,362,"ŞCOALA GIMNAZIALĂ ”NICOLAE IORGA” -SAT PÎNGĂRAȚI- PUNCT CASTEL",PÎNGARAŢI,NT,617,8,0,0,8,40,18,0,58,47,29,0,76,62,31,0,93,145,44,2,191,172,51,2,225
123665,363,"ŞCOALA GIMNAZIALĂ ”NICOLAE IORGA” - SAT STEJARU",STEJARU,NT,881,14,1,0,15,29,5,0,34,51,8,0,59,79,11,0,90,138,22,0,160,173,25,0,198
123629,364,"ŞCOALA GIMNAZIALĂ ”NICOLAE IORGA” - SAT OANȚU",OANŢU,NT,1287,2,0,0,2,11,1,0,12,21,1,0,22,39,1,0,40,189,5,0,194,255,11,0,266
123683,365,"GRĂDINIŢA CU PROGRAM NORMAL NR. 2",PODOLENI,NT,1210,10,4,0,14,44,5,0,49,58,7,0,65,101,11,0,112,300,30,0,330,382,37,21,440
123683,366,"ŞCOALA GIMNAZIALĂ ""ALEXANDRU PODOLEANU""",PODOLENI,NT,1065,10,3,0,13,35,6,0,41,54,10,0,64,84,12,0,96,242,32,0,274,296,35,0,331
123683,367,"ŞCOALA GIMNAZIALĂ ""ALEXANDRU PODOLEANU""",PODOLENI,NT,1190,12,3,0,15,30,8,0,38,45,10,0,55,71,12,0,83,243,22,0,265,344,36,9,389
123683,368,"GRĂDINIŢA CU PROGRAM NORMAL NR. 3",PODOLENI,NT,897,6,0,0,6,31,4,0,35,41,4,0,45,67,4,0,71,211,9,0,220,294,13,1,308
123692,369,"ŞCOALA PRIMARĂ NEGRITEŞTI",NEGRITEŞTI,NT,295,4,1,0,5,13,3,0,16,18,3,0,21,38,6,0,44,116,10,0,126,129,11,0,140
123825,370,"ŞCOALA GIMNAZIALA ""CONSTANTIN ROMANESCU"" DREPTU",DREPTU,NT,960,9,2,0,11,36,4,0,40,46,5,9,60,118,11,9,138,277,27,9,313,372,32,9,413
123861,371,"SOCIETATEA COMERCIALǍ TCEPETROFORESTSRL","POIANA LARGULUI",NT,765,35,3,0,38,84,8,0,92,100,52,0,152,134,104,0,238,326,116,0,442,391,126,10,527
123843,372,"ŞCOALA GIMNAZIALA PETRU VODA","PETRU VODĂ",NT,1084,12,4,0,16,167,38,0,205,249,54,37,340,285,57,37,379,534,71,38,643,615,82,38,735
123807,373,"ȘCOALA GIMNAZIALǍ ""IUSTIN PÎRVU""","POIANA TEIULUI",NT,1321,8,0,0,8,55,8,0,63,91,18,0,109,120,19,0,139,293,39,0,332,386,48,2,436
123718,374,"SCOALA GIMNAZIALA NR. 1",POIENARI,NT,970,3,1,0,4,19,7,0,26,26,10,0,36,42,11,0,53,163,46,0,209,199,59,3,261
123772,375,"SCOALA GIMNAZIALA STRUCTURA SACALENI",SĂCĂLENI,NT,279,0,0,0,0,6,1,0,7,6,2,0,8,8,3,0,11,33,10,0,43,45,19,0,64
123932,376,"LICEUL TEHNOLOGIC OGLINZI",OGLINZI,NT,1672,14,10,0,24,44,12,0,56,58,15,0,73,101,22,0,123,298,37,0,335,408,52,0,460
123932,377,"ŞCOALA PRIMARĂ NR. 2 OGLINZI",OGLINZI,NT,813,4,3,0,7,12,5,0,17,23,8,0,31,33,10,0,43,128,29,0,157,215,53,0,268
123950,378,"ŞCOALA UNGHENI",UNGHENI,NT,427,2,4,0,6,14,8,0,22,20,8,0,28,20,8,0,28,142,12,0,154,163,15,0,178
123923,379,"ŞCOALA GIMNAZIALĂ NR. 1 RĂUCEŞTI",RĂUCEŞTI,NT,1316,14,4,0,18,42,7,0,49,59,7,0,66,72,8,0,80,299,35,0,334,452,49,0,501
123923,380,"ŞCOALA GIMNAZIALĂ NR. 2 ""MIHAIL KOGĂLNICEANU"" RĂUCEŞTI",RĂUCEŞTI,NT,676,6,2,2,10,21,4,0,25,25,9,0,34,34,12,0,46,172,32,0,204,265,57,0,322
123923,381,"GRĂDINIŢA CU PROGRAM NORMAL NR. 2 RĂUCEŞTI",RĂUCEŞTI,NT,595,5,5,0,10,12,7,0,19,22,10,0,32,31,10,0,41,128,22,0,150,210,30,0,240
123932,382,"LICEUL TEHNOLOGIC OGLINZI(GRĂDINIŢA NR. 1- CORP C)",OGLINZI,NT,811,1,3,0,4,2,3,0,5,7,4,0,11,15,13,0,28,132,46,0,178,222,52,0,274
123941,383,"ŞCOALA SĂVEŞTI",SĂVEŞTI,NT,366,4,6,0,10,10,9,0,19,12,9,0,21,14,9,0,23,68,20,0,88,93,25,0,118
123987,384,"SCOALA GENERALA",BORŞENI,NT,295,4,0,0,4,19,0,0,19,20,5,0,25,23,9,0,32,89,20,0,109,95,22,0,117
124000,385,"SCOALA GENERALA","VALEA ALBĂ",NT,341,2,0,0,2,7,2,0,9,13,5,0,18,17,5,0,22,75,14,0,89,104,15,0,119
123978,386,"SCOALA GENERALA CU CLASELE I-VIII","RĂZBOIENII DE JOS",NT,627,5,5,0,10,18,17,0,35,22,23,0,45,35,29,0,64,195,57,0,252,260,68,0,328
123996,387,"SCOALA GENERALA CU CLASELE I-IV NR. 3",RĂZBOIENI,NT,495,10,1,0,11,30,6,0,36,50,12,0,62,56,12,0,68,130,28,0,158,171,35,0,206
124046,388,"ŞCOALA CU CLASELE I-IV BETESTI",BEŢEŞTI,NT,635,1,2,0,3,9,2,0,11,16,3,0,19,26,6,0,32,156,13,0,169,179,15,0,194
124037,389,"SCOALA CU CLASELE I-VIII REDIU",REDIU,NT,693,1,0,0,1,4,0,0,4,7,0,0,7,10,0,0,10,62,9,0,71,106,12,2,120
124055,390,"ŞCOALA CU CLASELE I-VIII POLOBOC",POLOBOC,NT,1217,8,1,0,9,32,4,0,36,45,5,0,50,67,7,0,74,284,22,0,306,379,29,0,408
124064,391,"GRADINITA SOCEA",SOCEA,NT,637,4,1,0,5,7,2,0,9,9,2,0,11,24,3,0,27,128,10,0,138,203,11,0,214
124037,392,"ŞCOALA CU CLASELE I-VIII REDIU",REDIU,NT,1221,4,0,0,4,10,0,0,10,17,1,0,18,23,2,0,25,143,15,1,159,184,21,1,206
124082,393,"ŞCOALA CU CLASELE I-VIII",ROMÂNI,NT,781,11,1,0,12,35,1,0,36,43,1,0,44,74,6,0,80,235,19,2,256,276,21,2,299
124108,394,"ŞCOALA CU CLASELE I-VIII",SILIŞTEA,NT,1041,10,0,0,10,28,2,0,30,50,7,0,57,65,7,0,72,294,23,1,318,369,27,1,397
124091,395,"ŞCOALA CU CLASELE I-VIII",GOŞMANI,NT,811,5,1,0,6,16,2,0,18,24,6,0,30,54,6,0,60,174,15,0,189,228,21,0,249
124108,396,"SCOALA CU CLASELE I-VIII SILISTEAII",SILIŞTEA,NT,842,3,1,0,4,17,3,0,20,21,3,0,24,41,5,0,46,126,14,0,140,165,16,0,181
122481,397,"FOSTA SCOALĂ BOZIENII DE SUS","BOZIENII DE SUS",NT,304,0,0,0,0,4,0,0,4,7,1,0,8,13,3,0,16,34,23,19,76,42,25,19,86
122542,398,"ȘCOALA GIMNAZIALĂ "" NICOLAE APOSTOL"" RUGINOASA",RUGINOASA,NT,625,2,0,0,2,10,1,0,11,16,2,0,18,22,3,0,25,78,8,0,86,126,18,12,156
122542,399,"ȘCOALA GIMNAZIALĂ "" NICOLAE APOSTOL "" RUGINOASA",RUGINOASA,NT,679,5,2,0,7,10,3,0,13,14,3,0,17,21,4,0,25,82,12,0,94,126,19,16,161
124162,400,"ŞCOALA GIMNAZIALĂ, COMUNA SAGNA",SAGNA,NT,1673,19,1,0,20,56,4,0,60,68,6,0,74,112,8,0,120,319,19,0,338,423,26,0,449
124162,401,"ŞCOALA GIMNAZIALĂ, COMUNA SAGNA",SAGNA,NT,1518,8,1,0,9,38,2,0,40,64,6,0,70,100,9,0,109,285,20,0,305,391,24,0,415
124180,402,"GRĂDINIŢA CU PROGRAM NORMAL LUŢCA",LUŢCA,NT,394,4,3,0,7,20,5,0,25,35,8,0,43,40,9,0,49,100,20,0,120,144,26,0,170
124199,403,"ŞCOALA PRIMARĂ VULPĂŞEŞTI",VULPĂŞEŞTI,NT,685,1,0,0,1,6,0,0,6,13,3,0,16,23,5,0,28,75,25,9,109,113,29,9,151
124224,404,"ŞCOALA GIMNAZIALĂ TRAIAN-SĂBĂOANI",TRAIAN,NT,1017,7,1,0,8,21,26,0,47,39,27,0,66,56,30,0,86,169,33,0,202,220,35,0,255
124215,405,"LICEUL TEORETIC ""VASILE ALECSANDRI"" COMUNA SĂBĂOANI",SĂBĂOANI,NT,1091,15,0,0,15,27,1,0,28,31,2,0,33,56,3,0,59,95,4,1,100,149,18,1,168
124215,406,"LICEUL TEORETIC ""VASILE ALECSANDRI"" COMUNA SĂBĂOANI",SĂBĂOANI,NT,1870,13,1,0,14,30,1,0,31,41,3,0,44,83,3,0,86,202,8,0,210,282,11,0,293
124215,407,"LICEUL TEORETIC ""VASILE ALECSANDRI"" COMUNA SĂBĂOANI",SĂBĂOANI,NT,1139,13,2,0,15,26,3,0,29,31,3,0,34,50,3,0,53,119,3,0,122,156,4,0,160
124215,408,"LICEUL TEORETIC ""VASILE ALECSANDRI"" COMUNA SĂBĂOANI",SĂBĂOANI,NT,1032,10,0,0,10,22,0,0,22,23,0,0,23,47,0,0,47,120,6,0,126,151,6,0,157
124215,409,"LICEUL TEORETIC ""VASILE ALECSANDRI"" COMUNA SĂBĂOANI",SĂBĂOANI,NT,885,9,0,0,9,17,0,0,17,22,0,0,22,46,0,0,46,86,2,0,88,138,3,0,141
124215,410,"LICEUL TEORETIC ""VASILE ALECSANDRI"" COMUNA SĂBĂOANI",SĂBĂOANI,NT,1452,12,7,0,19,18,9,0,27,25,11,0,36,46,11,0,57,133,16,0,149,192,17,0,209
124215,411,"LICEUL TEORETIC ""VASILE ALECSANDRI"" COMUNA SĂBĂOANI",SĂBĂOANI,NT,1105,10,0,0,10,14,0,0,14,25,0,0,25,38,0,0,38,113,0,0,113,163,0,0,163
120833,412,"SCOALA GIMNAZIALA I.GERVESCU SAVINESTI",SĂVINEŞTI,NT,1920,6,0,0,6,47,4,0,51,75,9,7,91,96,9,7,112,202,13,7,222,258,19,7,284
120842,413,"SCOALA PRIMARA DUMBRAVA DEAL","DUMBRAVA DEAL",NT,352,4,2,0,6,13,3,0,16,20,3,0,23,26,3,0,29,102,7,0,109,133,15,3,151
120833,414,"GRADINITA CU PROGRAM NORMAL SAVINESTI",SĂVINEŞTI,NT,444,4,0,0,4,21,2,0,23,25,2,0,27,31,6,0,37,80,6,0,86,93,6,0,99
120833,415,"GRADINIŢA CU PROGRAM PRELUNGIT SAVINESTI",SĂVINEŞTI,NT,551,9,3,0,12,25,4,0,29,36,4,0,40,46,6,0,52,105,7,0,112,130,7,3,140
120833,416,"ŞCOALA GIMNAZIALA SĂVINESTI",SĂVINEŞTI,NT,1455,14,3,0,17,52,8,0,60,66,11,0,77,95,11,0,106,277,23,0,300,342,29,14,385
120833,417,"SCOALA PRIMARA SAVINESTI",SĂVINEŞTI,NT,1209,8,1,0,9,26,4,0,30,42,5,0,47,64,5,0,69,264,21,0,285,371,34,0,405
124242,418,"CĂMINUL CULTURAL",SECUIENI,NT,975,2,3,0,5,11,5,5,21,16,5,5,26,36,6,5,47,118,19,5,142,151,22,5,178
124251,419,"CĂMINUL CULTURAL",BAŞTA,NT,537,13,0,0,13,30,12,0,42,38,17,0,55,53,22,0,75,103,31,0,134,127,33,0,160
124288,420,"CĂMINUL CULTURAL",BUTNĂREŞTI,NT,940,9,1,0,10,21,5,0,26,26,5,7,38,43,8,7,58,161,16,7,184,200,21,7,228
124297,421,CLĂDIRE,GIULEŞTI,NT,214,0,0,0,0,0,0,0,0,2,1,0,3,7,2,0,9,25,8,0,33,27,16,0,43
124340,422,"SCOALA GIMNAZIALACOMUNASTANITA",STĂNIŢA,NT,398,2,1,0,3,9,3,0,12,12,4,0,16,15,7,0,22,37,23,0,60,65,23,1,89
124359,423,"SCOALA PRIMARA NR. 5 CHICEREA",CHICEREA,NT,213,48,12,3,63,48,12,3,63,48,12,3,63,49,12,3,64,49,16,3,68,58,20,3,81
124368,424,"SCOALA PRIMARA NR.2 GHIDION",GHIDION,NT,310,1,4,0,5,4,4,0,8,11,6,0,17,26,7,0,33,59,16,0,75,79,19,0,98
124377,425,"SCOALAPRIMARA NR.4 POIENILE OANCEI","POIENILE OANCEI",NT,190,0,0,0,0,2,0,0,2,2,0,0,2,7,0,0,7,38,5,0,43,46,13,0,59
124386,426,"SCOALA PRIMARA NR.1TODIRENI",TODIRENI,NT,244,4,0,0,4,19,5,0,24,25,5,0,30,35,6,0,41,66,12,0,78,77,14,0,91
124395,427,"SCOALA PRIMARA NR.3VEJA",VEJA,NT,246,1,0,0,1,7,1,0,8,7,1,0,8,8,4,0,12,36,12,0,48,51,13,0,64
124484,428,ŞCOALA,SOCI,NT,271,3,4,0,7,14,4,0,18,15,10,0,25,21,14,0,35,68,28,0,96,95,32,0,127
124475,429,"SCOALA PRIMARA",GHIGOIEŞTI,NT,474,5,2,0,7,9,3,0,12,13,9,0,22,31,13,0,44,82,26,0,108,107,35,0,142
124448,430,"GRĂDINIŢA CU PROGRAM NORMAL",CÎRLIGI,NT,426,5,2,0,7,33,13,0,46,43,13,0,56,55,16,0,71,160,32,0,192,180,39,0,219
124420,431,"SCOALA GIMNAZIALA DR. EMANUIEL RIGLER","ŞTEFAN CEL MARE",NT,697,9,0,0,9,19,0,0,19,36,1,0,37,47,2,0,49,105,13,0,118,136,19,0,155
124420,432,"SCOALA GIMNAZIALA DR. EMANUIEL RIGLER","ŞTEFAN CEL MARE",NT,723,8,0,0,8,14,0,0,14,43,5,0,48,61,6,0,67,125,30,0,155,160,42,0,202
124509,433,"ŞCOLA GIMNAZIALĂ ""IULIA HĂLĂUCESCU"", COMUNA TARCĂU, JUDEŢUL NEAMŢ",TARCĂU,NT,812,3,0,0,3,20,6,0,26,31,8,0,39,41,9,0,50,136,32,0,168,196,36,0,232
124509,434,"ŞCOLA GIMNAZIALĂ ""IULIA HĂLĂUCESCU"", COMUNA TARCĂU, JUDEŢUL NEAMŢ",TARCĂU,NT,838,8,0,0,8,24,5,0,29,29,6,0,35,37,6,0,43,150,11,0,161,186,16,0,202
124554,435,GRĂDINIŢA,STRAJA,NT,534,4,1,0,5,15,7,0,22,17,12,0,29,27,13,0,40,112,20,0,132,146,29,0,175
124536,436,GRĂDINIŢA,CAZACI,NT,426,6,1,0,7,16,3,0,19,16,6,0,22,27,6,0,33,110,10,0,120,135,16,0,151
124527,437,GRĂDINIŢA,BRATEŞ,NT,276,2,3,0,5,26,13,5,44,36,17,5,58,42,18,5,65,98,39,5,142,117,40,5,162
124572,438,"CAMIN CULTURAL",TAŞCA,NT,1407,13,0,0,13,42,0,0,42,80,4,0,84,117,7,0,124,305,31,0,336,578,34,2,614
124590,439,"SCOALA NEAGRA",NEAGRA,NT,793,0,0,0,0,37,8,0,45,52,11,1,64,116,14,1,131,287,33,1,321,373,46,4,423
124625,440,"SCOALA GIMNAZIALA ""I.I. MIRONESCU""",TAZLĂU,NT,1077,1,0,0,1,20,2,0,22,29,2,0,31,50,4,0,54,109,6,0,115,147,11,0,158
124625,441,"CAMINUL CULTURAL",TAZLĂU,NT,1216,14,0,0,14,27,3,1,31,28,3,1,32,47,3,1,51,139,15,1,155,171,19,1,191
124652,442,"LICEUL TEHNOLOGIC ADJUDENI",ADJUDENI,NT,1517,5,0,0,5,13,0,0,13,18,5,0,23,38,5,0,43,175,7,0,182,238,11,0,249
124643,443,GRADINITA,TĂMĂŞENI,NT,1291,3,0,0,3,12,0,0,12,28,3,0,31,59,4,0,63,167,8,0,175,227,10,0,237
124652,444,GRADINITA,ADJUDENI,NT,1403,4,2,0,6,11,2,0,13,19,5,0,24,27,5,0,32,107,13,0,120,158,21,0,179
124643,445,"SCOALA GIMNAZIALA COMUNA TAMASENI",TĂMĂŞENI,NT,1380,4,3,0,7,11,3,0,14,17,3,0,20,55,5,0,60,145,9,0,154,200,11,0,211
124643,446,"CAMINUL CULTURAL",TĂMĂŞENI,NT,1051,4,0,0,4,10,0,0,10,13,0,0,13,45,6,0,51,123,9,0,132,184,11,0,195
124652,447,"CENTRUL MEDICAL ADJUDENI",ADJUDENI,NT,1198,8,3,0,11,18,6,0,24,27,7,0,34,37,10,0,47,162,21,0,183,225,27,0,252
124670,448,"ŞCOALA GIMNAZIALĂ",TIMIŞEŞTI,NT,1043,15,1,0,16,48,9,0,57,68,9,0,77,96,11,0,107,323,35,0,358,394,41,0,435
124689,449,"ŞCOALA GIMNAZIALĂ",DUMBRAVA,NT,1003,4,2,0,6,21,9,0,30,33,11,0,44,46,11,0,57,150,29,0,179,212,39,0,251
124698,450,"ŞCOALA PRIMARĂ",PLĂIEŞU,NT,638,13,1,0,14,28,2,0,30,38,2,0,40,56,4,0,60,177,11,0,188,203,13,0,216
124705,451,"ŞCOALA PRIMARĂ",PREUTEŞTI,NT,443,7,0,0,7,37,12,0,49,48,12,0,60,69,14,0,83,134,18,0,152,179,21,0,200
124714,452,"IMOBIL-LOCUINȚĂ PARTICULARĂ A FAMILIEI TOFAN D. CONSTANTIN",ZVORĂNEŞTI,NT,142,6,2,0,8,8,5,0,13,12,6,0,18,12,8,0,20,39,13,0,52,63,13,0,76
124732,453,"ȘCOALA CU CLASELEI - VIII",TRIFEŞTI,NT,1852,8,3,0,11,18,3,0,21,23,4,0,27,45,4,0,49,181,33,1,215,233,40,1,274
124741,454,"ȘCOALA CU CLASELEI - VIII","MIRON COSTIN",NT,840,4,0,0,4,11,4,0,15,17,4,0,21,28,5,0,33,79,8,0,87,105,11,0,116
124732,455,"ȘCOALA CU CLASELEI - IV",TRIFEŞTI,NT,757,0,2,0,2,4,2,0,6,14,4,0,18,22,4,0,26,71,16,0,87,125,25,0,150
124741,456,"ȘCOALA CU CLASELEI-IV","MIRON COSTIN",NT,702,1,3,0,4,3,3,0,6,9,3,0,12,15,3,0,18,63,11,0,74,95,13,0,108
124769,457,"SCOALA CU CLASELE I-VIII",TUPILAŢI,NT,943,10,4,0,14,25,7,0,32,31,7,0,38,47,9,0,56,168,30,0,198,273,55,0,328
124796,458,"SCOALA CU CLASELE I-VIII",TOTOIEŞTI,NT,291,1,4,0,5,6,12,0,18,8,14,0,22,11,14,0,25,44,30,0,74,60,32,0,92
124769,459,"PRIMARIA TUPILAŢI",TUPILAŢI,NT,540,12,4,0,16,18,4,0,22,30,6,0,36,35,6,0,41,168,19,0,187,214,35,0,249
124830,460,"FOSTA ȘCOALA PRIMARĂ (SALA DE FESTIVITĂȚI)","ŢIBUCANII DE JOS",NT,330,3,2,0,5,6,2,0,8,12,4,0,16,24,7,0,31,83,19,0,102,92,24,0,116
124821,461,"ȘCOALA GIMNAZIALĂ DAVIDENI",DAVIDENI,NT,793,12,2,0,14,20,9,0,29,25,11,0,36,46,20,0,66,119,39,0,158,147,49,0,196
124812,462,"ȘCOALA GIMNAZIALĂ NR.1 ȚIBUCANI",ŢIBUCANI,NT,1325,5,2,0,7,9,2,0,11,19,3,0,22,37,8,0,45,171,26,0,197,251,33,0,284
124812,463,"ŞCOALA GIMNAZIALĂ NR.3 ȚIBUCANI",ŢIBUCANI,NT,848,4,0,0,4,9,0,0,9,16,5,0,21,22,5,0,27,91,12,0,103,130,15,0,145
124858,464,"SCOALA GIMNAZIALA URECHENI",URECHENI,NT,594,7,0,0,7,15,1,0,16,22,1,1,24,26,1,1,28,123,9,1,133,179,18,1,198
124858,465,"SCOALA GIMNAZIALA URECHENI",URECHENI,NT,874,4,2,0,6,16,7,0,23,35,8,0,43,61,10,0,71,201,23,0,224,260,27,0,287
124858,466,"SCOALA GIMNAZIALAFUNDATURA",URECHENI,NT,558,3,2,0,5,17,5,0,22,18,5,0,23,48,8,0,56,110,28,0,138,140,30,0,170
124858,467,"GRADINITA CU PROGRAM NORMAL CATUNA",URECHENI,NT,515,10,1,0,11,17,2,0,19,18,2,0,20,25,2,0,27,89,16,0,105,118,22,0,140
124867,468,"SCOALA GIMNAZIALA INGARESTI",INGĂREŞTI,NT,732,3,2,0,5,4,5,0,9,8,6,0,14,18,7,0,25,88,10,0,98,172,12,0,184
124894,469,"CAMIN CULTURAL VALEA URSULUI","VALEA URSULUI",NT,741,3,1,0,4,10,3,0,13,16,4,0,20,24,4,0,28,95,10,0,105,148,16,0,164
124901,470,"SCOALA BUCIUM , COMUNA VALEA URSULUI",BUCIUM,NT,567,1,2,0,3,9,2,0,11,11,3,0,14,18,5,0,23,55,12,0,67,89,12,0,101
123059,471,"SCOALA CHILII , COMUNA VALEA URSULUI",CHILII,NT,922,7,1,0,8,18,2,0,20,22,2,0,24,38,2,0,40,115,13,0,128,208,19,0,227
124910,472,"SCOALA GIURGENI , COMUNA VALEA URSULUI",GIURGENI,NT,506,1,0,0,1,6,2,0,8,10,3,0,13,13,5,0,18,79,16,0,95,120,18,0,138
124929,473,"SCOALA MUNCEL , COMUNA VALEA URSULUI","MUNCELU DE JOS",NT,314,1,0,0,1,6,0,0,6,14,0,1,15,15,0,2,17,65,9,2,76,78,10,2,90
121830,474,"ŞCOALA GIMNAZIALA COMUNA VALENI",MORENI,NT,569,5,2,0,7,18,3,0,21,28,4,0,32,33,6,0,39,115,19,0,134,137,28,0,165
121867,475,"SALA SEDINTE CONSILIUL LOCAL VĂLENI",VĂLENI,NT,571,3,3,0,6,9,3,0,12,9,3,0,12,17,6,0,23,52,15,0,67,75,22,0,97
125025,476,"SCOALA GIMNAZIALA""ARHIM. CHIRIAC NICOLAU""",VÎNĂTORI-NEAMŢ,NT,1368,15,3,0,18,44,3,5,52,60,8,5,73,101,13,5,119,272,40,5,317,358,53,6,417
125025,477,"GRADINITA NR.2 UNGURENI",VÎNĂTORI-NEAMŢ,NT,1497,13,3,0,16,52,6,8,66,69,7,8,84,105,7,8,120,378,15,9,402,526,21,9,556
125025,478,"SCOALA GIMNAZIALA""ARHIM. CHIRIAC NICOLAU"" NR.2",VÎNĂTORI-NEAMŢ,NT,1395,7,2,0,9,24,4,0,28,37,5,0,42,66,6,0,72,270,11,0,281,340,16,0,356
125034,479,"SCOALA GIMNAZIALA ""ARHIM. CHIRIAC NICOLAU""",LUNCA,NT,1018,4,3,0,7,24,4,0,28,41,6,1,48,61,6,1,68,214,11,1,226,264,18,1,283
125052,480,"SCOALAGIMNAZIALA,,ARHIM.CHIRIAC NECULAU"" NEMTISOR",NEMŢIŞOR,NT,1327,4,3,0,7,18,4,0,22,50,4,13,67,84,6,13,103,305,15,13,333,403,25,13,441
125043,481,"MĂNĂSTIREA NEAMȚ","MĂNĂSTIREA NEAMŢ",NT,216,19,21,0,40,54,36,0,90,70,44,0,114,76,45,0,121,94,58,0,152,105,64,0,169
125025,482,"MANASTIREA SIHASTRIA",VÎNĂTORI-NEAMŢ,NT,167,20,36,0,56,84,125,0,209,99,351,0,450,102,398,0,500,118,606,0,724,123,630,0,753
125089,483,"GRĂDINIŢA CU PROGRAM NORMAL, LOC TRAIAN",TRAIAN,NT,886,7,2,0,9,23,10,0,33,37,10,0,47,61,10,0,71,172,26,0,198,260,30,0,290
125070,484,"ŞCOALA GIMNAZIALĂ NR. 2, LOC ZĂNEŞTI",ZĂNEŞTI,NT,1618,16,1,0,17,71,10,0,81,81,10,0,91,139,12,0,151,356,35,0,391,480,40,0,520
125070,485,"ŞCOALA GIMNAZIALĂ NR. 1, LOC ZĂNEŞTI",ZĂNEŞTI,NT,1470,11,0,0,11,41,0,0,41,65,1,1,67,80,5,1,86,292,20,1,313,449,27,1,477
125070,486,"CENTRU CULTURAL MULTIFUNCTIONAL",ZĂNEŞTI,NT,1092,10,0,0,10,29,7,0,36,39,11,0,50,55,15,0,70,218,27,0,245,329,35,0,364
125356,1,"COLEGIUL NAŢIONAL RADU GRECEANU",SLATINA,OT,1268,12,1,0,13,63,4,0,67,101,7,0,108,119,9,0,128,190,13,0,203,252,19,0,271
125356,2,"COLEGIUL NAŢIONAL RADU GRECEANU",SLATINA,OT,1502,10,1,0,11,80,9,0,89,115,11,0,126,149,13,0,162,278,16,0,294,298,24,0,322
125356,3,"COLEGIUL NAŢIONAL RADU GRECEANU",SLATINA,OT,1806,20,0,0,20,95,0,0,95,150,4,0,154,198,5,0,203,325,6,0,331,391,14,0,405
125356,4,"ŞCOALA GENERALĂ NR. 1",SLATINA,OT,1194,26,1,0,27,81,6,4,91,112,9,4,125,158,10,4,172,264,25,4,293,316,25,4,345
125356,5,"ŞCOALA GENERALĂ NR. 1",SLATINA,OT,969,14,3,0,17,49,6,0,55,56,8,0,64,79,8,0,87,143,10,0,153,190,12,0,202
125356,6,"COLEGIUL NAŢIONAL ION MINULESCU",SLATINA,OT,1488,9,1,0,10,58,1,0,59,89,4,0,93,106,5,0,111,191,10,0,201,248,11,0,259
125356,7,"COLEGIUL NAŢIONAL ION MINULESCU",SLATINA,OT,1559,20,0,0,20,60,4,0,64,94,7,0,101,116,7,0,123,206,16,0,222,253,20,0,273
125356,8,"COLEGIUL NAŢIONAL ION MINULESCU",SLATINA,OT,1418,29,0,0,29,88,8,0,96,120,26,0,146,154,26,0,180,249,32,0,281,317,36,0,353
125356,9,"COLEGIUL NAŢIONAL ION MINULESCU",SLATINA,OT,1353,18,0,0,18,76,3,0,79,126,3,0,129,153,4,0,157,228,6,0,234,290,11,0,301
125356,10,"ŞCOALA GENERALĂ ŞTEFAN PROTOPOPESCU",SLATINA,OT,1868,28,5,0,33,112,12,0,124,160,19,0,179,185,20,0,205,266,25,0,291,349,33,0,382
125356,11,"ŞCOALA GENERALĂ ŞTEFAN PROTOPOPESCU",SLATINA,OT,1822,18,0,0,18,76,0,0,76,107,0,0,107,137,0,0,137,220,2,0,222,276,9,0,285
125356,12,"COLEGIUL NAŢIONAL VOCAŢIONAL NICOLAE TITULESCU",SLATINA,OT,1637,30,0,0,30,81,5,0,86,106,9,0,115,119,11,0,130,201,13,0,214,254,17,0,271
125356,13,"COLEGIUL NAŢIONAL VOCAŢIONAL NICOLAE TITULESCU",SLATINA,OT,1570,21,3,0,24,92,10,0,102,121,12,0,133,137,13,0,150,226,19,0,245,312,25,0,337
125356,14,"COLEGIUL NAŢIONAL VOCAŢIONAL NICOLAE TITULESCU",SLATINA,OT,1230,18,4,0,22,76,6,0,82,119,9,0,128,135,9,0,144,220,10,0,230,289,15,0,304
125356,15,"COLEGIUL NAŢIONAL VOCAŢIONAL NICOLAE TITULESCU",SLATINA,OT,1077,24,5,0,29,63,8,0,71,86,10,0,96,97,12,0,109,164,13,0,177,196,17,0,213
125356,16,"COLEGIUL NAŢIONAL VOCAŢIONAL NICOLAE TITULESCU",SLATINA,OT,1292,12,3,0,15,65,4,0,69,95,5,0,100,117,5,0,122,184,6,0,190,239,6,0,245
125356,17,"ŞCOALA GENERALĂ NICOLAE IORGA",SLATINA,OT,1563,23,0,0,23,96,1,0,97,130,16,0,146,159,17,0,176,266,22,0,288,324,27,0,351
125356,18,"ŞCOALA GENERALĂ NICOLAE IORGA",SLATINA,OT,1387,14,6,0,20,72,12,0,84,118,14,0,132,136,14,0,150,243,19,0,262,310,25,0,335
125356,19,"ŞCOALA CU CLASELE I-VIII EUGEN IONESCU",SLATINA,OT,1681,18,3,0,21,57,4,1,62,96,11,1,108,120,11,1,132,197,15,1,213,258,15,1,274
125356,20,"ŞCOALA CU CLASELE I-VIII EUGEN IONESCU",SLATINA,OT,1262,19,1,0,20,90,4,0,94,124,5,0,129,150,5,0,155,242,10,0,252,298,11,0,309
125356,21,"ŞCOALA CU CLASELE I-VIII EUGEN IONESCU",SLATINA,OT,1240,11,1,0,12,48,4,0,52,87,4,0,91,114,5,0,119,172,7,0,179,227,9,0,236
125356,22,"ŞCOALA GENERALĂ NR. 7",SLATINA,OT,1534,24,3,0,27,70,6,0,76,89,6,0,95,105,8,0,113,185,12,0,197,240,22,0,262
125356,23,"ŞCOALA GENERALĂ NR. 7",SLATINA,OT,1242,13,0,0,13,82,4,0,86,111,4,0,115,133,8,0,141,197,8,0,205,231,10,0,241
125356,24,"ŞCOALA GENERALĂ NR. 7",SLATINA,OT,1415,12,2,0,14,57,3,0,60,82,3,87,172,105,4,87,196,196,4,104,304,244,4,104,352
125356,25,"COLEGIUL ECONOMIC P.S. AURELIAN",SLATINA,OT,1247,15,6,0,21,76,7,0,83,102,10,0,112,121,10,0,131,186,13,0,199,250,27,0,277
125356,26,"COLEGIUL ECONOMIC P.S. AURELIAN",SLATINA,OT,1849,11,1,0,12,63,2,0,65,114,5,0,119,130,5,0,135,210,12,0,222,267,14,0,281
125356,27,"LICEUL CU PROGRAM SPORTIV",SLATINA,OT,1871,16,0,0,16,76,9,0,85,117,15,0,132,147,19,0,166,233,39,0,272,289,49,0,338
125356,28,"LICEUL CU PROGRAM SPORTIV",SLATINA,OT,1762,32,0,0,32,96,2,0,98,139,4,0,143,165,6,0,171,261,11,0,272,318,12,0,330
125356,29,"LICEUL CU PROGRAM SPORTIV",SLATINA,OT,1482,19,0,0,19,92,8,0,100,111,13,0,124,152,14,0,166,197,30,0,227,260,34,0,294
125356,30,"ŞCOALA GENERALĂ NR. 3",SLATINA,OT,1561,20,0,0,20,55,0,0,55,79,0,0,79,91,0,0,91,167,10,0,177,235,14,0,249
125356,31,"ŞCOALA GENERALĂ NR. 3",SLATINA,OT,1376,22,1,0,23,60,6,0,66,94,6,0,100,113,6,0,119,185,18,0,203,264,24,0,288
125356,32,"ŞCOALA GENERALĂ NR. 3",SLATINA,OT,882,8,3,0,11,34,4,0,38,47,5,0,52,53,7,0,60,83,9,0,92,117,10,0,127
125356,33,"ŞCOALA GENERALĂ NR. 3",SLATINA,OT,1618,16,0,0,16,62,2,0,64,108,4,0,112,138,4,0,142,228,6,0,234,298,7,0,305
125356,34,"GRUPUL ŞCOLAR METALURGIC",SLATINA,OT,1635,5,6,0,11,29,8,0,37,47,12,0,59,58,12,0,70,117,19,0,136,188,27,0,215
125356,35,"GRUPUL ŞCOLAR METALURGIC",SLATINA,OT,1688,12,1,0,13,55,1,0,56,80,2,0,82,91,4,0,95,145,8,0,153,196,11,0,207
125356,36,"GRUPUL ŞCOLAR METALURGIC",SLATINA,OT,791,15,4,0,19,48,5,0,53,79,5,0,84,85,6,0,91,145,10,0,155,187,17,0,204
125356,37,"ŞCOALA GENERALĂ CONSTANTIN BRÂNCOVEANU",SLATINA,OT,1190,11,0,0,11,43,17,0,60,60,22,0,82,65,28,0,93,116,42,0,158,162,51,0,213
125356,38,"ŞCOALA GENERALĂ CONSTANTIN BRÂNCOVEANU",SLATINA,OT,1572,6,0,0,6,34,3,0,37,57,4,0,61,76,5,0,81,162,6,17,185,209,9,17,235
125356,39,"ŞCOALA GENERALĂ CONSTANTIN BRÂNCOVEANU",SLATINA,OT,1704,18,0,0,18,54,1,0,55,66,4,0,70,83,4,0,87,158,5,0,163,195,8,0,203
125356,40,"ŞCOALA GENERALĂ CONSTANTIN BRÂNCOVEANU",SLATINA,OT,1476,11,1,0,12,63,4,0,67,100,7,0,107,110,7,0,117,201,7,0,208,260,10,0,270
125356,41,"ŞCOALA GENERALĂ CONSTANTIN BRÂNCOVEANU",SLATINA,OT,1632,7,0,0,7,35,1,0,36,56,3,0,59,66,3,0,69,135,10,0,145,217,15,0,232
125356,42,"GRĂDINIȚA CU PROGRAM NORMAL NR. 5",SLATINA,OT,1628,23,4,0,27,80,4,0,84,113,4,0,117,150,4,0,154,258,4,0,262,320,5,0,325
125356,43,"GRUPUL ŞCOLAR INDUSTRIAL CONSTRUCŢII MAŞINI",SLATINA,OT,1557,10,3,0,13,50,5,0,55,76,8,0,84,86,8,0,94,147,9,0,156,217,10,0,227
125356,44,"GRUPUL ŞCOLAR INDUSTRIAL CONSTRUCŢII MAŞINI",SLATINA,OT,1521,5,4,0,9,39,6,0,45,65,8,0,73,81,9,0,90,145,13,0,158,220,16,0,236
125356,45,"GRUPUL ŞCOLAR INDUSTRIAL CONSTRUCŢII MAŞINI",SLATINA,OT,1625,13,0,0,13,48,0,0,48,77,6,0,83,87,8,0,95,174,14,0,188,232,16,0,248
125356,46,"ŞCOALA CIREAŞOV",SLATINA,OT,1248,8,0,0,8,24,1,0,25,43,1,0,44,72,1,0,73,156,4,0,160,185,4,0,189
125356,47,"ŞCOALA GENERALĂ GEORGE POBORAN",SLATINA,OT,1342,23,1,0,24,60,6,0,66,98,12,0,110,117,15,0,132,219,20,0,239,298,26,0,324
125356,48,"ŞCOALA GENERALĂ GEORGE POBORAN",SLATINA,OT,1240,3,6,0,9,39,14,0,53,61,18,0,79,76,19,0,95,141,30,0,171,196,31,0,227
125481,49,"COLEGIUL NAŢIONAL IONIŢĂ ASAN",CARACAL,OT,1746,29,3,0,32,64,7,0,71,88,7,0,95,112,8,0,120,229,14,101,344,337,21,101,459
125481,50,"GRĂDINIŢA CU PROGRAM PRELUNGIT NR.1",CARACAL,OT,1852,23,0,0,23,64,1,0,65,95,7,0,102,135,9,0,144,259,15,0,274,372,23,0,395
125481,51,"GRĂDINIŢA CU PROGRAM NORMAL NR.4",CARACAL,OT,1576,29,2,0,31,107,2,2,111,135,3,2,140,169,3,2,174,292,16,2,310,360,18,4,382
125481,52,"LICEUL TEHNOLOGIC CONSTANTIN FILIPESCU",CARACAL,OT,1842,13,7,0,20,53,9,0,62,101,10,0,111,127,10,0,137,260,17,0,277,352,20,0,372
125481,53,"LICEUL MIHAI VITEAZUL",CARACAL,OT,1447,9,3,0,12,50,5,27,82,71,6,27,104,83,6,27,116,170,10,27,207,234,18,27,279
125481,54,"COLEGIUL TEHNIC MATEI BASARAB",CARACAL,OT,1803,14,3,0,17,57,7,0,64,82,7,0,89,92,7,0,99,192,13,0,205,260,17,0,277
125481,55,"GRĂDINIŢA CU PROGRAM PRELUNGIT NR.3",CARACAL,OT,1643,14,0,0,14,57,7,0,64,96,12,0,108,113,12,0,125,189,16,0,205,300,26,0,326
125481,56,"ŞCOALA GIMNAZIALĂ NICOLAE TITULESCU",CARACAL,OT,1740,16,4,0,20,69,5,0,74,106,5,0,111,118,5,0,123,181,13,0,194,280,14,0,294
125481,57,"ŞCOALA GIMNAZIALĂ NICOLAE TITULESCU",CARACAL,OT,1534,15,5,0,20,51,8,0,59,88,9,1,98,106,10,1,117,227,17,1,245,304,31,1,336
125481,58,"ŞCOALA GIMNAZIALĂ NR.2",CARACAL,OT,1672,38,0,0,38,124,5,0,129,155,7,0,162,185,9,0,194,296,27,0,323,366,34,0,400
125481,59,"GRĂDINIȚACU PROGRAM PRELUNGIT NR.4",CARACAL,OT,1683,27,0,0,27,110,3,0,113,135,7,0,142,170,8,0,178,256,13,0,269,322,15,1,338
125481,60,"GRĂDINIȚA CU PROGRAM PRELUNGIT NR. 4",CARACAL,OT,1773,30,8,0,38,82,11,0,93,116,13,0,129,159,14,0,173,295,19,0,314,658,25,0,683
125481,61,"CENTRUL CULTURAL MUNICIPAL CARACAL",CARACAL,OT,1287,18,5,0,23,92,12,0,104,115,13,0,128,133,19,0,152,227,24,0,251,297,32,0,329
125481,62,"ŞCOALA GIMNAZIALĂ GHEORGHE MAGHERU",CARACAL,OT,1795,14,0,0,14,54,7,0,61,80,9,0,89,134,10,0,144,255,19,0,274,355,23,0,378
125481,63,"ŞCOALA GIMNAZIALĂ NR. 4",CARACAL,OT,1708,18,2,0,20,80,11,0,91,115,12,0,127,130,16,0,146,249,21,0,270,377,28,0,405
125481,64,"ŞCOALA GIMNAZIALĂ NR. 3",CARACAL,OT,1850,21,2,0,23,75,5,0,80,111,5,0,116,156,7,0,163,247,13,0,260,385,18,0,403
125481,65,"ŞCOALA GIMNAZIALĂ NR.1",CARACAL,OT,1595,30,4,0,34,99,9,0,108,147,9,0,156,216,11,0,227,342,14,0,356,427,18,0,445
125427,66,"SCOALA GIMNAZIALĂ NR 3 ROMANA",BALŞ,OT,945,10,0,0,10,28,0,0,28,35,0,0,35,48,1,0,49,83,1,0,84,128,1,0,129
125427,67,"SCOALA GIMNAZIALĂ NR 2 VIRTINA",BALŞ,OT,1225,4,5,0,9,15,5,0,20,36,7,0,43,57,9,0,66,98,13,0,111,153,14,0,167
125427,68,"SCOALA GIMNAZIALA NR. 1 BALS",BALŞ,OT,1018,6,0,0,6,24,0,0,24,28,0,0,28,57,1,0,58,95,7,0,102,130,9,0,139
125427,69,"SCOALA GIMNAZIALA SPECIALA",BALŞ,OT,1944,13,3,0,16,57,8,0,65,93,19,0,112,135,21,0,156,230,28,0,258,298,34,0,332
125427,70,"LICEUL TEORETIC PETRE PANDREA",BALŞ,OT,1479,31,0,0,31,90,7,0,97,124,10,0,134,146,19,0,165,210,33,0,243,279,42,0,321
125427,71,"LICEUL TEORETIC PETRE PANDREA",BALŞ,OT,1502,11,1,0,12,56,4,0,60,84,4,0,88,114,6,0,120,199,6,0,205,252,13,0,265
125427,72,"SCOALA GIMNAZIALĂ ""MIHAIL DRUMES""",BALŞ,OT,1510,13,1,0,14,48,3,0,51,66,9,0,75,106,11,0,117,164,16,0,180,232,22,0,254
125427,73,"SCOALA GIMNAZIALĂ ""MIHAIL DRUMES""",BALŞ,OT,1608,10,0,0,10,46,2,0,48,65,4,0,69,82,4,0,86,128,9,0,137,171,13,0,184
125427,74,"GRADINITA CU PROGRAM NORMAL NR 1",BALŞ,OT,1053,6,0,0,6,28,1,0,29,45,7,0,52,61,8,0,69,79,12,0,91,105,15,0,120
125427,75,"GRADINITA CU PROGRAM NORMAL NR 1",BALŞ,OT,1521,8,0,0,8,38,3,0,41,49,3,0,52,73,5,0,78,114,6,0,120,165,12,0,177
125427,76,"COLEGIUL TEHNIC",BALŞ,OT,1676,11,3,0,14,50,26,0,76,60,28,0,88,73,29,0,102,119,41,0,160,184,50,0,234
125427,77,"COLEGIUL TEHNIC",BALŞ,OT,1265,12,4,0,16,36,18,0,54,50,21,0,71,57,21,0,78,105,31,0,136,130,32,0,162
125427,78,"SCOALA GIMNAZIALA TEIS",BALŞ,OT,632,7,5,0,12,23,7,0,30,36,7,0,43,45,7,0,52,92,9,0,101,110,10,0,120
125551,79,"ŞCOALA GIMNAZIALĂ NR. 1",CORABIA,OT,1486,25,2,0,27,63,6,0,69,90,8,0,98,116,10,0,126,191,14,0,205,251,14,0,265
125551,80,"ŞCOALA GIMNAZIALĂ DUMITRU BUZDUN",CORABIA,OT,1214,42,0,0,42,97,3,31,131,136,7,31,174,184,8,31,223,298,20,31,349,396,26,32,454
125551,81,"SCOALA GIMNAZIALAVIRGIL MAZILESCU",CORABIA,OT,1027,14,3,0,17,43,5,0,48,72,6,0,78,93,7,0,100,150,9,0,159,189,10,0,199
125551,82,"ŞCOALA GIMNAZIALĂVIRGIL MAZILESCU",CORABIA,OT,1119,15,0,0,15,42,5,0,47,59,5,0,64,75,5,0,80,139,6,0,145,198,13,0,211
125551,83,"ŞCOALA GIMNAZIALĂVIRGIL MAZILESCU",CORABIA,OT,961,23,2,0,25,41,4,0,45,51,8,0,59,71,11,0,82,127,18,0,145,170,25,0,195
125551,84,"COLEGIUL NAŢIONALAL I.CUZA",CORABIA,OT,1004,13,0,0,13,34,6,0,40,63,13,0,76,76,16,0,92,120,23,0,143,161,28,0,189
125551,85,"COLEGIUL NAŢIONALAL I.CUZA",CORABIA,OT,1200,25,1,0,26,73,5,0,78,103,9,0,112,135,9,0,144,204,12,0,216,258,14,0,272
125551,86,"ŞCOALA GIMNAZIALĂ MIHAIL EMINESCU",CORABIA,OT,1234,22,0,0,22,46,2,0,48,81,4,0,85,117,9,0,126,173,12,0,185,248,13,0,261
125551,87,"ŞCOALA GIMNAZIALĂMIHAIL EMINESCU",CORABIA,OT,1188,12,2,0,14,31,2,0,33,46,4,0,50,75,5,0,80,131,8,0,139,178,12,0,190
125551,88,"SCOALA CORABIA VECHE",CORABIA,OT,1556,19,3,0,22,63,5,0,68,81,5,0,86,109,5,0,114,184,7,0,191,249,7,0,256
125551,89,"ŞCOALA GIMNAZIALĂ CELEIU",CORABIA,OT,1455,30,2,0,32,99,4,6,109,160,4,6,170,190,5,6,201,317,14,10,341,461,16,10,487
125579,90,"GRADINIŢA SAT VÎRTOPU",VÎRTOPU,OT,348,2,3,0,5,8,3,0,11,9,5,0,14,10,5,0,15,18,12,0,30,31,15,0,46
125560,91,"ŞCOALA GIMNAZIALĂ SATTUDOR VLADIMIRESCU","TUDOR VLADIMIRESCU",OT,503,9,3,0,12,27,3,0,30,41,3,0,44,46,3,0,49,65,3,1,69,82,4,1,87
125551,92,"ŞCOALA CARTIER SILIŞTIOARA",CORABIA,OT,428,13,1,0,14,27,3,0,30,40,3,0,43,44,5,0,49,72,6,0,78,90,8,0,98
125631,93,"LICEUL T.VLADIMIRESCU DRĂGĂNEŞTI-OLT",DRĂGĂNEŞTI-OLT,OT,1651,17,2,0,19,65,2,0,67,92,3,0,95,127,9,0,136,206,27,0,233,259,32,0,291
125631,94,"LICEUL T.VLADIMIRESCU DRĂGĂNEŞTI-OLT",DRĂGĂNEŞTI-OLT,OT,1596,26,2,0,28,89,9,0,98,126,11,0,137,149,12,0,161,256,21,0,277,302,27,0,329
125631,95,"LICEUL TEHNOLOGIC DRĂGĂNEŞTI-OLT",DRĂGĂNEŞTI-OLT,OT,1187,4,0,0,4,30,6,0,36,47,8,0,55,82,9,0,91,143,12,0,155,227,18,0,245
125631,96,"LICEUL TEHNOLOGIC DRĂGĂNEŞTI-OLT",DRĂGĂNEŞTI-OLT,OT,857,9,6,0,15,32,8,0,40,38,8,0,46,67,8,0,75,96,10,0,106,130,11,0,141
125631,97,"COMPANIA DE APĂ OLT SLATINA",DRĂGĂNEŞTI-OLT,OT,1810,18,0,0,18,66,17,0,83,96,28,0,124,144,34,0,178,255,43,0,298,345,48,0,393
125640,98,"ŞCOALA GIMNAZIALĂ COMANI",COMANI,OT,1187,18,3,0,21,44,6,0,50,87,8,0,95,128,13,0,141,211,24,0,235,274,33,0,307
125640,99,"ŞCOALA GIMNAZIALĂ COMANI",COMANI,OT,1292,17,3,0,20,50,3,0,53,94,6,0,100,116,6,0,122,196,13,0,209,263,15,0,278
128114,100,"MUZEU PIATRA OLT",PIATRA-OLT,OT,968,20,3,0,23,43,11,0,54,65,14,0,79,84,20,0,104,166,23,0,189,235,25,5,265
128114,101,"MUZEUL PIATRA OLT",PIATRA-OLT,OT,926,27,3,0,30,56,4,0,60,88,6,0,94,117,9,0,126,181,16,0,197,252,20,0,272
128123,102,"SCOALA GENERALA CU CLASELE I-IV","BISTRIŢA NOUĂ",OT,435,15,1,0,16,28,3,0,31,37,16,0,53,64,18,0,82,103,36,0,139,139,43,0,182
128141,103,"GRADINITA CU PROGRAM NORMAL","CRIVA DE SUS",OT,961,0,5,0,5,41,6,0,47,56,6,0,62,76,12,0,88,172,51,3,226,226,61,3,290
128150,104,"GRADINITA CU PROGRAM NORMAL",ENOŞEŞTI,OT,267,2,0,0,2,15,1,0,16,28,3,0,31,37,3,0,40,69,6,0,75,87,14,0,101
128169,105,"GRADINITA CU PROGRAM NORMAL PIATRA",PIATRA,OT,728,4,5,0,9,14,18,0,32,38,18,0,56,74,21,0,95,187,35,0,222,213,53,0,266
128169,106,"GRADINITA PIATRA",PIATRA,OT,950,10,1,0,11,35,2,0,37,52,3,0,55,73,4,0,77,145,6,3,154,234,14,3,251
128383,107,"ŞCOALA CU CLASELE. I-IV FĂLCOIENI",POTCOAVA,OT,809,6,2,0,8,12,4,0,16,21,9,0,30,45,14,0,59,114,33,0,147,202,38,0,240
128383,108,"LICEUL ""ŞTEFAN DIACONESCU"" POTCOAVA",POTCOAVA,OT,1285,7,1,0,8,37,11,0,48,61,15,0,76,101,19,0,120,192,26,0,218,317,40,0,357
128383,109,"LICEUL ""ŞTEFAN DIACONESCU"" POTCOAVA",POTCOAVA,OT,1104,5,0,0,5,31,0,0,31,60,0,0,60,117,0,0,117,200,7,0,207,311,15,0,326
128409,110,"ŞCOALA GENERALĂ SINEŞTI",SINEŞTI,OT,1591,3,0,0,3,15,2,0,17,48,6,0,54,75,13,0,88,218,29,0,247,409,42,0,451
128720,111,"GRUPUL SCOLAR AGRICOL SCORNICEŞTI",SCORNICEŞTI,OT,1860,22,4,0,26,33,8,0,41,52,16,23,91,66,16,23,105,113,26,23,162,186,35,23,244
128720,112,"SCOALA GEN.CLASELE I-VIII SCORNICESTI",SCORNICEŞTI,OT,1879,18,0,0,18,46,6,0,52,74,17,0,91,99,19,0,118,173,34,0,207,258,44,0,302
128784,113,"SCOALA GENERALA MĂRGINENI","MĂRGINENI SLOBOZIA",OT,1586,5,2,0,7,17,6,0,23,25,12,0,37,34,13,0,47,150,30,0,180,268,55,0,323
128819,114,"SCOALA GENERALA NEGRENI",NEGRENI,OT,999,7,1,0,8,18,4,0,22,33,9,0,42,54,12,0,66,141,23,0,164,244,30,0,274
128748,115,"SCOALA GENERLA BIRCII",BIRCII,OT,886,3,0,0,3,30,0,0,30,47,3,0,50,53,5,0,58,115,17,0,132,171,21,0,192
128800,116,GRADINITAMOGOSESTI,MOGOŞEŞTI,OT,443,3,7,0,10,6,10,0,16,17,17,0,34,20,17,0,37,46,23,0,69,70,31,0,101
128766,117,"GRADINITA CONSTANTINESTI",CONSTANTINEŞTI,OT,449,0,1,0,1,7,2,0,9,15,6,0,21,20,6,0,26,53,15,0,68,113,25,0,138
128855,118,"GRADINITA TEIUS",TEIUŞ,OT,464,6,2,0,8,14,2,0,16,27,3,0,30,28,4,0,32,36,6,0,42,66,10,0,76
128846,119,"GRADINITA ȘUICA",ŞUICA,OT,196,4,4,0,8,8,4,0,12,16,4,0,20,20,5,0,25,30,5,0,35,39,7,0,46
128775,120,JITARU,JITARU,OT,833,6,1,0,7,14,7,0,21,20,8,0,28,31,9,0,40,90,21,0,111,131,26,0,157
128757,121,"SCOALA GENERALA CHIȚEASCA",CHIŢEASCA,OT,383,2,6,0,8,3,7,0,10,5,7,0,12,8,7,0,15,31,12,0,43,63,13,0,76
125695,122,"ŞCOALA GENERALĂ CU CLASELE I-VIII BALDOVINEŞTI",BALDOVINEŞTI,OT,505,4,1,0,5,16,18,0,34,23,43,0,66,51,44,0,95,99,75,12,186,152,92,12,256
125748,123,GRĂDINIŢĂ,PIETRIŞ,OT,282,4,4,0,8,10,18,0,28,19,25,0,44,27,25,0,52,80,43,0,123,124,48,3,175
125739,124,"ŞCOALA GENERALĂ CU CLASELE I-IV GUBANDRU",GUBANDRU,OT,98,8,4,0,12,22,33,3,58,27,39,3,69,27,39,3,69,38,40,3,81,64,41,3,108
125668,125,"CĂMINUL CULTURAL BĂBICIU",BĂBICIU,OT,721,11,2,0,13,38,2,31,71,88,7,31,126,145,14,31,190,242,24,34,300,370,39,34,443
125668,126,"CĂMINUL CULTURAL BĂBICIU",BĂBICIU,OT,1014,10,0,0,10,39,9,0,48,111,24,36,171,176,46,36,258,307,78,51,436,426,105,51,582
128070,127,"ŞCOALA GIMNAZIALĂ ,, ION I.GRAURE ,, BĂLTENI",BĂLTENI,OT,1366,6,4,0,10,35,7,0,42,85,11,0,96,100,12,0,112,224,32,0,256,356,42,0,398
125766,128,"ŞCOALA GENERALĂ CLASELE I-VIII","BĂRĂŞTII DE VEDE",OT,682,8,0,0,8,34,3,4,41,48,23,9,80,79,36,9,124,211,92,9,312,291,133,9,433
125775,129,"ŞCOALA GENERALĂ CLASELE I-IV.","BĂRĂŞTII DE CEPTURI",OT,417,8,2,0,10,27,11,0,38,40,17,4,61,57,19,4,80,131,43,4,178,154,52,4,210
125828,130,"SEDIU FOSTĂ BRIGADĂ AGRICOLĂ",MOŢOEŞTI,OT,59,3,1,0,4,4,2,0,6,5,9,0,14,6,12,0,18,24,25,0,49,36,25,0,61
125855,131,"ȘCOALA GIMNAZIALĂ BÎRZA",BÎRZA,OT,910,15,2,0,17,57,2,0,59,89,3,0,92,137,6,0,143,195,20,0,215,243,22,0,265
125864,132,"SCOALA GIMNAZIALĂ BRANEȚ",BRANEŢ,OT,1271,18,3,0,21,40,5,0,45,71,5,0,76,104,6,0,110,179,14,0,193,245,15,0,260
125882,133,"CAMINUL CULTURAL BOBICESTI",BOBICEŞTI,OT,849,13,1,0,14,32,2,0,34,48,8,0,56,70,12,0,82,164,27,0,191,244,34,0,278
125891,134,"SCOALA GENERALA BECHET",BECHET,OT,303,5,0,0,5,12,2,0,14,21,2,0,23,35,7,0,42,110,15,0,125,151,21,0,172
125917,135,"SCOALA GENERALA CHINTESTI",CHINTEŞTI,OT,213,0,4,0,4,7,7,0,14,14,8,0,22,16,8,0,24,37,10,0,47,59,10,0,69
125944,136,"ŞCOALA GIMNAZIALĂ CU CLASELE I-VIII",LEOTEŞTI,OT,1269,9,1,0,10,30,2,0,32,52,4,0,56,62,4,0,66,133,16,0,149,255,36,0,291
125971,137,"ŞCOALA GENERALĂ CU CLASELE I-VIII BRASTAVĂŢU",BRASTAVĂŢU,OT,1303,7,1,0,8,40,2,0,42,71,6,0,77,95,11,0,106,202,32,44,278,320,41,44,405
125971,138,"ŞCOALA GENERALĂ CU CLASELE I-VIII BRASTAVĂŢU",BRASTAVĂŢU,OT,1428,11,1,0,12,22,1,0,23,49,7,53,109,91,12,53,156,184,17,68,269,277,30,68,375
125980,139,"ŞCOALA GENERALĂ CRUŞOVU",CRUŞOVU,OT,902,12,4,0,16,35,10,31,76,50,10,31,91,63,14,31,108,142,24,31,197,228,31,31,290
126004,140,"ŞCOALA CU CLASELE I-IV BREBENI",BREBENI,OT,924,4,1,3,8,13,6,0,19,20,10,0,30,44,12,0,56,75,19,0,94,107,27,0,134
126004,141,"ŞCOALA GIMNAZIALĂ BREBENI",BREBENI,OT,1294,9,3,0,12,27,8,0,35,37,12,0,49,57,16,0,73,140,32,0,172,210,49,0,259
126031,142,"GRĂDINIŢA CU PROGRAM NORMAL BRÎNCOVENI",BRÎNCOVENI,OT,872,20,0,0,20,68,2,0,70,87,5,0,92,133,9,0,142,233,37,0,270,321,53,0,374
126059,143,"ŞCOALA GIMNAZIALĂ MATEI BASARAB",OCIOGI,OT,913,6,0,0,6,37,4,0,41,51,6,0,57,71,8,0,79,156,34,0,190,254,48,0,302
126068,144,"GRĂDINIŢA CU PROGRAM NORMAL DOMNIŢA BĂLAŞA",VĂLENI,OT,407,6,0,0,6,20,5,0,25,36,11,0,47,44,15,0,59,102,19,0,121,140,23,0,163
126086,145,"ŞCOALA GENERALĂ BUCINIŞU",BUCINIŞU,OT,1639,15,3,0,18,48,6,0,54,98,6,0,104,134,16,0,150,293,20,0,313,453,48,0,501
127830,146,"SCOALA GIMNAZIALA CALUI",CĂLUI,OT,753,11,4,0,15,32,8,0,40,64,13,0,77,96,25,0,121,205,55,0,260,275,66,17,358
127849,147,"GRADINITA CU PROGRAM NORMAL GURA CALUIU","GURA CĂLUIU",OT,494,4,5,0,9,17,5,0,22,52,7,0,59,70,8,0,78,185,25,0,210,225,26,2,253
126111,148,"SCOALA GIMANZIALA NICOLAE MARINEANU",CEZIENI,OT,983,15,2,0,17,47,9,0,56,65,14,0,79,98,17,0,115,194,32,0,226,272,52,0,324
126120,149,"CAMIN CULTURAL",BONDREA,OT,188,13,2,0,15,20,4,0,24,29,9,0,38,31,11,0,42,41,13,0,54,61,17,0,78
126139,150,"CENTRUL SOCIAL",CORLĂTEŞTI,OT,275,6,2,0,8,23,6,0,29,35,10,0,45,45,13,0,58,68,14,0,82,91,19,0,110
126157,151,"LICEUL TEHNOLOGIC ION POPESCU CILIENI",CILIENI,OT,1289,8,1,0,9,29,3,0,32,50,10,0,60,82,14,0,96,167,24,0,191,342,46,12,400
126157,152,"LICEUL TEHNOLOGIC ION POPESCU CILIENI",CILIENI,OT,1393,12,2,0,14,40,5,0,45,63,6,0,69,84,9,0,93,200,14,5,219,414,25,5,444
126175,153,"SCOALA GIMNAZIALĂ CÎRLOGANI",CÎRLOGANI,OT,1182,7,3,0,10,17,8,0,25,30,11,0,41,53,15,0,68,113,21,0,134,204,41,0,245
126193,154,"SCOALA GIMNAZIALĂ CEPARI",CEPARI,OT,744,6,1,0,7,16,7,0,23,34,15,0,49,52,18,0,70,112,26,0,138,228,36,0,264
126237,155,"CAMINUL CULTURAL ILIE MARTIN",COLONEŞTI,OT,595,7,1,0,8,85,11,0,96,117,21,17,155,143,24,17,184,338,65,17,420,500,83,17,600
126255,156,"GRADINITA CU PROGRAM NORMAL BATARENI",BĂTĂRENI,OT,158,18,9,0,27,33,22,0,55,51,41,12,104,62,45,12,119,82,59,12,153,97,65,12,174
126291,157,"SCOALA GENERALA MARIA TUDORACHE",MĂRUNŢEI,OT,351,3,1,0,4,27,5,15,47,59,12,16,87,69,16,16,101,120,44,16,180,154,54,18,226
126317,158,"GRADINITA CU PROGRAM NORMAL VLAICI",VLAICI,OT,281,32,21,0,53,98,63,0,161,133,77,0,210,140,80,0,220,151,122,14,287,168,124,14,306
126335,159,"ŞCOALA GIMNAZIALĂ CORBU",CORBU,OT,851,14,1,0,15,57,9,25,91,100,12,25,137,103,15,25,143,232,41,27,300,318,60,27,405
126353,160,"ŞCOALA GIMNAZIALĂ BUZEŞTI",BUZEŞTI,OT,520,3,4,0,7,32,8,0,40,51,13,12,76,61,17,12,90,188,41,12,241,290,63,12,365
126371,161,"GRĂDINIŢA MILCOVENI",MILCOVENI,OT,360,9,2,0,11,17,5,0,22,43,8,9,60,56,9,9,74,99,15,9,123,134,18,9,161
126399,162,"ŞCOALA GIMNAZIALĂ COTEANA",COTEANA,OT,953,6,2,0,8,27,5,1,33,49,7,1,57,60,11,1,72,146,29,4,179,213,38,4,255
126399,163,"ŞCOALA GIMNAZIALĂ COTEANA",COTEANA,OT,917,16,0,0,16,36,13,0,49,62,13,4,79,89,17,4,110,174,42,4,220,280,58,5,343
126415,164,"LICEUL TEHNOLOGIC CRÎMPOIA",CRÎMPOIA,OT,1116,39,6,0,45,53,9,0,62,66,12,0,78,83,14,0,97,184,22,0,206,348,32,0,380
126415,165,"LICEUL TEHNOLOGICCRÎMPOIA",CRÎMPOIA,OT,1180,41,4,0,45,60,5,0,65,79,6,0,85,101,7,0,108,147,15,0,162,283,36,0,319
126424,166,"SCOALA CU CLASELE I-IV BUTA",BUTA,OT,635,3,0,0,3,6,0,0,6,11,0,0,11,11,2,0,13,28,8,0,36,104,19,0,123
126512,167,"PRIMĂRIE,STR.PRIMĂRIEI,NR.8",CUNGREA,OT,707,0,0,0,0,4,1,0,5,9,1,0,10,15,5,0,20,26,13,0,39,40,13,0,53
126521,168,"ŞCOALA GIMNAZIALĂ CEPEŞTI",CEPEŞTI,OT,660,5,3,0,8,7,3,0,10,14,4,0,18,22,5,0,27,35,14,0,49,49,18,0,67
126576,169,"ŞCOALA GIMNAZIALĂ SPĂTARU",SPĂTARU,OT,238,0,0,0,0,1,3,0,4,2,5,0,7,5,5,0,10,17,9,0,26,25,17,0,42
126442,170,"ŞCOALA CU CLASELE I-VIII CURTIŞOARA",CURTIŞOARA,OT,1317,6,5,0,11,20,14,0,34,22,15,0,37,37,20,0,57,118,36,0,154,194,42,0,236
126451,171,"ŞCOALA CU CLASELE I-VIII DOBROTINET",DOBROTINET,OT,1339,16,6,0,22,27,9,0,36,49,14,0,63,67,19,0,86,170,43,0,213,353,63,0,416
126488,172,"ŞCOALA CU CLASELE I-IV PROASPEŢI",PROASPEŢI,OT,968,7,0,0,7,18,3,0,21,38,6,0,44,56,9,0,65,121,17,0,138,190,20,0,210
126594,173,"CAMINUL CULTURAL DANEASA",DĂNEASA,OT,1173,16,4,0,20,72,16,0,88,131,26,0,157,143,38,0,181,264,56,0,320,383,72,0,455
126601,174,"SCOALA BERINDEI",BERINDEI,OT,442,13,4,0,17,55,9,0,64,77,19,0,96,89,23,0,112,131,36,0,167,162,45,0,207
126610,175,"GRADINITA CIOFLANU",CIOFLANU,OT,513,2,1,0,3,10,5,0,15,30,7,0,37,45,7,0,52,83,17,0,100,134,28,0,162
126629,176,"CAMINUL CULTURAL",PESTRA,OT,437,4,0,0,4,11,7,0,18,16,12,0,28,21,16,0,37,54,18,0,72,82,23,0,105
126638,177,"SCOALA ZANOAGA",ZĂNOAGA,OT,349,2,2,0,4,26,5,0,31,35,6,0,41,41,10,0,51,67,14,0,81,109,16,0,125
126656,178,"CĂMINUL CULTURAL",DEVESELU,OT,1370,24,8,0,32,62,15,0,77,109,19,0,128,149,25,0,174,338,42,72,452,485,66,75,626
126665,179,"CĂMINUL CULTURAL",COMANCA,OT,1031,15,2,0,17,44,5,0,49,80,5,39,124,100,11,39,150,315,31,39,385,550,41,39,630
126656,180,"ASOCIAŢIA LOCATARI NR.5",DEVESELU,OT,235,3,2,0,5,8,3,0,11,15,4,0,19,18,8,0,26,46,8,0,54,64,8,0,72
126692,181,"CĂMINUL CULTURAL CURTIŞOARA",CURTIŞOARA,OT,620,3,3,0,6,12,7,0,19,20,11,0,31,32,15,0,47,128,44,0,172,208,64,0,272
126709,182,"CĂMINUL CULTURAL HOREZU",HOREZU,OT,400,3,5,0,8,13,12,0,25,29,17,0,46,41,19,0,60,141,34,0,175,211,46,0,257
126727,183,"SCOALA GIMNAZIALA DOBROSLOVENI",DOBROSLOVENI,OT,1112,6,0,0,6,24,1,0,25,38,1,0,39,63,3,0,66,111,11,0,122,181,18,0,199
126736,184,"GRADINITA CU PROGRAM NORMAL FRASINETU",FRĂSINETU,OT,335,5,2,0,7,20,2,0,22,28,5,0,33,37,7,0,44,81,19,0,100,142,33,0,175
126745,185,"GRADINITA CU PROGRAM NORMAL POTOPINU",POTOPINU,OT,549,7,0,0,7,14,0,0,14,18,0,0,18,26,3,0,29,35,8,0,43,67,10,0,77
126754,186,"SCOALA CU CLASELE I-VIII RESCA",REŞCA,OT,1004,4,4,0,8,15,6,0,21,38,7,0,45,64,8,0,72,131,13,0,144,221,21,0,242
126781,187,"CLĂDIREA FOSTĂ BAIE COMUNALĂ",DOBROTEASA,OT,1301,11,2,0,13,12,6,0,18,25,7,0,32,40,12,0,52,159,60,0,219,297,98,0,395
126861,188,"SCOALA DOBRUN",DOBRUN,OT,598,22,1,0,23,86,6,0,92,126,8,0,134,158,9,0,167,233,18,0,251,267,33,7,307
126870,189,"ȘCOALA ROȘIENII MARI","ROŞIENII MARI",OT,618,12,3,0,15,50,5,0,55,108,9,0,117,125,15,0,140,220,25,16,261,287,32,16,335
125506,190,"ŞCOALA GENERALĂ CU CLASELE I-VIII DRĂGHICENI",DRĂGHICENI,OT,1519,7,1,0,8,25,3,0,28,36,7,0,43,43,8,0,51,178,11,0,189,277,23,0,300
126914,191,"ŞCOALA GIMNAZIALĂ FĂGEŢELU",FĂGEŢELU,OT,444,0,2,0,2,9,17,0,26,13,19,0,32,18,25,0,43,56,41,0,97,84,60,0,144
126932,192,"ŞCOALA CU CLASELE I-VIII CHILIA",CHILIA,OT,254,4,1,0,5,7,6,0,13,17,11,0,28,23,13,0,36,84,45,0,129,109,55,0,164
126987,193,"ŞCOALA CU CLASELE I-VIII FĂLCOIU",FĂLCOIU,OT,979,5,0,0,5,35,1,0,36,56,2,0,58,78,3,0,81,167,22,22,211,243,34,22,299
126987,194,"ŞCOALA CU CLASELE I-VIII FĂLCOIU",FĂLCOIU,OT,1051,5,0,0,5,25,5,0,30,41,5,0,46,59,12,0,71,154,20,0,174,208,26,0,234
127001,195,"ŞCOALA CU CLASELE I-VIII CIOROIU",CIOROIAŞU,OT,1081,9,1,0,10,32,2,0,34,49,3,0,52,60,5,0,65,104,11,0,115,180,17,0,197
127028,196,"GRADINITA FARCASELE",FĂRCAŞELE,OT,967,14,1,0,15,22,5,0,27,32,7,0,39,37,7,0,44,78,14,0,92,128,24,3,155
127037,197,"GRADINITA FARCASU DE JOS","FĂRCAŞU DE JOS",OT,1456,8,2,0,10,34,4,0,38,55,6,0,61,69,6,0,75,147,18,0,165,270,26,6,302
127046,198,"SCOALA GIMNAZIALA FARCASELE",GHIMPAŢI,OT,718,3,0,0,3,25,3,0,28,41,5,0,46,75,5,0,80,105,14,0,119,179,16,3,198
127055,199,"SCOALA GIMNAZIALA HOTARANI",HOTĂRANI,OT,742,10,1,0,11,28,2,0,30,58,5,0,63,69,7,0,76,135,11,0,146,227,20,14,261
127073,200,"ŞCOALA GIIMNAZIALĂ GĂNEASA",GĂNEASA,OT,1500,6,0,0,6,19,5,0,24,42,11,0,53,77,13,0,90,236,56,0,292,396,102,0,498
127082,201,"ŞCOALA GIMNAZIALĂ DRANOVĂŢU",DRANOVĂŢU,OT,905,3,0,0,3,17,6,0,23,29,11,0,40,38,14,0,52,77,17,0,94,295,80,0,375
127108,202,"ŞCOALA PRIMARĂ IZVORU",IZVORU,OT,571,6,1,0,7,11,8,0,19,31,10,0,41,65,17,0,82,134,48,0,182,225,72,0,297
125720,203,"CAMIN CULTURAL",GĂVĂNEŞTI,OT,611,9,2,0,11,70,12,0,82,114,21,0,135,130,23,0,153,201,50,10,261,270,63,10,343
125686,204,"SCOALA CU CLASELE I-VIII BALEASA",BĂLEASA,OT,682,2,7,0,9,19,10,0,29,44,18,0,62,61,21,0,82,180,36,7,223,307,53,7,367
125702,205,"SCOALA CU CLS.I-IV BROSTENI",BROŞTENI,OT,316,3,3,0,6,23,14,0,37,58,16,0,74,70,19,0,89,99,28,3,130,152,35,3,190
127741,206,"GRĂDINIŢA CU PROGRAM NORMAL","GHIMPEŢENII NOI",OT,401,4,3,0,7,10,3,0,13,11,3,0,14,17,5,0,22,44,5,0,49,176,10,6,192
127732,207,"ŞCOALA GIMNAZIALĂ GHIMPEŢENI",GHIMPEŢENI,OT,826,7,4,0,11,14,5,0,19,26,6,0,32,48,8,0,56,204,29,0,233,370,41,21,432
127135,208,"ŞCOALA CU CLASELE I-VIII GIUVĂRĂŞTI",GIUVĂRĂŞTI,OT,974,11,4,0,15,24,5,0,29,35,8,0,43,50,11,0,61,115,24,0,139,218,36,0,254
127135,209,"ŞCOALA CU CLASELE I-VIII GIUVĂRĂŞTI",GIUVĂRĂŞTI,OT,917,10,0,0,10,20,0,0,20,34,0,0,34,46,0,0,46,120,0,0,120,261,0,0,261
125597,210,"GRĂDINIŢA CU PROGRAM NORMAL GÎRCOV",GÎRCOV,OT,1249,11,0,0,11,24,0,0,24,45,5,17,67,61,7,17,85,158,14,26,198,438,22,26,486
125604,211,"ŞCOALA GENERALĂ URSA",URSA,OT,718,7,1,0,8,24,3,5,32,36,3,6,45,43,4,6,53,89,11,6,106,138,13,6,157
127153,212,"ŞCOALA GENERALĂ GOSTAVĂŢU",GOSTAVĂŢU,OT,1298,9,1,0,10,30,5,0,35,50,8,0,58,68,13,0,81,140,27,0,167,207,33,0,240
127162,213,"CĂMINUL CULTURAL SLĂVENI",SLĂVENI,OT,1117,10,3,0,13,38,8,0,46,74,14,0,88,102,17,0,119,191,26,0,217,304,35,0,339
127180,214,"ŞCOALA GIMNAZIALĂ GRĂDINARI",GRĂDINARI,OT,811,1,1,0,2,15,7,0,22,35,9,0,44,50,9,0,59,100,25,0,125,164,32,0,196
127199,215,"ŞCOALA PRIMARĂ PETCULEŞTI",PETCULEŞTI,OT,851,9,0,0,9,45,0,0,45,111,4,0,115,131,6,0,137,212,22,0,234,285,36,0,321
127215,216,"ŞCOALA GENERALĂ I-IV SATU NOU","SATU NOU",OT,229,3,0,0,3,12,1,0,13,18,9,0,27,25,16,0,41,59,32,0,91,88,51,0,139
129219,217,"CENTRUL SOCIAL GRĂDINILE",GRĂDINILE,OT,1227,7,0,0,7,36,6,0,42,104,6,0,110,133,6,0,139,300,6,0,306,430,17,16,463
127233,218,"GRĂDINIȚA CU PROGRAM NORMAL",GROJDIBODU,OT,868,6,0,0,6,21,4,0,25,31,4,0,35,34,7,0,41,111,16,0,127,201,22,1,224
127233,219,"GRĂDINIȚA CU PROGRAM NORMAL",GROJDIBODU,OT,895,6,1,0,7,15,2,0,17,20,3,0,23,25,3,0,28,67,5,1,73,137,7,1,145
127242,220,"GRĂDINIŢA HOTARU",HOTARU,OT,601,0,0,0,0,16,2,0,18,27,6,0,33,32,6,0,38,74,7,0,81,136,17,1,154
127956,221,"CĂMIN CULTURAL","GURA PADINII",OT,1459,55,0,0,55,180,7,50,237,338,17,53,408,370,19,53,442,580,44,53,677,783,58,53,894
127260,222,"SCOALA GIMNAZIALA ADA UMBRA IANCA",IANCA,OT,769,4,0,0,4,27,0,0,27,37,0,0,37,54,0,0,54,120,1,0,121,258,5,1,264
127260,223,"SCOALA GIMNAZIALA ADA UMBRA IANCA",IANCA,OT,1378,22,0,0,22,72,4,0,76,107,12,5,124,230,33,0,263,458,37,0,495,657,38,25,720
127279,224,"SCOALA GIMNAZIALA GEORGE VISAN POTELU",POTELU,OT,1014,26,4,0,30,126,17,0,143,142,25,0,167,151,28,0,179,307,50,19,376,473,71,21,565
127297,225,"SCOALA GENERALA NR 1 IANCU JIANU","IANCU JIANU",OT,1463,9,1,0,10,28,3,0,31,48,6,0,54,80,7,0,87,130,16,0,146,157,23,0,180
127297,226,"LICEUL IANCU JIANU","IANCU JIANU",OT,1303,8,0,0,8,21,0,0,21,28,0,0,28,40,3,0,43,106,11,0,117,142,15,0,157
127304,227,"ŞCOALA GIMNAZIALĂ DOBRICENI",DOBRICENI,OT,796,4,0,0,4,20,0,0,20,28,4,0,32,49,6,0,55,93,17,0,110,126,17,0,143
127331,228,"SCOALA GIMNAZIALA ICOANA",ICOANA,OT,550,13,0,0,13,33,12,0,45,67,26,0,93,79,30,0,109,181,62,4,247,251,86,4,341
127340,229,"CAMINUL CULTURAL FLORU",FLORU,OT,374,2,3,0,5,18,10,0,28,35,15,0,50,62,22,0,84,146,41,0,187,192,51,4,247
127359,230,"SCOALA GIMNAZIALA URSOAIA",URSOAIA,OT,558,11,3,0,14,32,8,0,40,69,20,0,89,83,24,0,107,160,47,14,221,209,55,14,278
127581,231,"BAZA SPORTIVĂ",IPOTEŞTI,OT,1207,15,2,0,17,32,4,0,36,45,9,0,54,55,9,0,64,129,33,0,162,186,44,0,230
127377,232,"ŞCOALA VECHE",IZBICENI,OT,932,2,0,0,2,8,0,0,8,10,0,0,10,29,0,0,29,81,3,0,84,168,9,0,177
127377,233,"GRĂDINIŢA CU PROGRAM NORMAL IZBICENI",IZBICENI,OT,1530,4,0,0,4,10,1,0,11,15,2,0,17,39,5,0,44,79,8,0,87,154,17,0,171
127377,234,"ŞCOALA NOUA",IZBICENI,OT,1404,0,0,0,0,16,1,0,17,24,3,0,27,48,8,0,56,91,17,0,108,179,27,0,206
127395,235,"LICEUL TEHNOLOGIC IZVOARELE",IZVOARELE,OT,940,3,2,0,5,8,2,0,10,12,2,0,14,39,3,0,42,63,7,0,70,97,14,0,111
127402,236,"SCOALA GENERALA CU CLASELE I-VIII ALIMANESTI",ALIMĂNEŞTI,OT,1894,5,1,0,6,12,1,0,13,20,1,0,21,42,8,0,50,128,16,0,144,250,25,0,275
127420,237,CAMINCULTURALLELEASCA,LELEASCA,OT,456,5,3,0,8,19,8,0,27,29,9,0,38,34,11,0,45,86,24,0,110,108,33,0,141
127466,238,SCOALAGENERALATONESTI,TONEŞTI,OT,295,5,8,0,13,7,8,0,15,8,8,0,16,12,9,0,21,26,21,0,47,35,26,0,61
127484,239,CAMINULCULTURALURSI,URŞI,OT,398,2,0,0,2,10,4,0,14,12,4,0,16,19,6,0,25,69,24,0,93,100,39,0,139
127509,240,"ŞCOALA PRIMARĂ VIIŞOARA",MĂRUNŢEI,OT,837,9,4,0,13,15,5,0,20,31,7,0,38,38,7,0,45,70,15,0,85,89,18,0,107
127509,241,"ŞCOALA CU CLASELE I-VIII MĂRUNŢEI",MĂRUNŢEI,OT,1180,9,0,0,9,20,6,0,26,34,6,0,40,40,11,0,51,76,22,0,98,115,22,0,137
127518,242,"ŞCOALA CU CLASELE I-VIII BĂLĂNEŞTI",BĂLĂNEŞTI,OT,1150,7,2,0,9,15,3,0,18,25,6,0,31,47,13,0,60,95,21,0,116,163,27,0,190
127527,243,"ŞCOALA PRIMARĂ MALU-ROŞU","MALU ROŞU",OT,115,1,1,0,2,4,4,0,8,7,5,0,12,9,10,0,19,17,15,0,32,21,17,0,38
127545,244,"ŞCOALA MIHĂEŞTI",MIHĂEŞTI,OT,688,10,13,0,23,26,22,0,48,35,26,0,61,60,32,0,92,76,35,0,111,210,47,0,257
127554,245,"ŞCOALA BUSCA",BUŞCA,OT,551,5,0,0,5,17,3,0,20,35,10,0,45,46,15,0,61,80,25,0,105,176,36,0,212
127607,246,"ŞCOALA GENERALĂ","MILCOVU DIN VALE",OT,199,7,4,0,11,22,13,0,35,47,14,0,61,59,16,0,75,87,28,0,115,106,40,0,146
127572,247,"CĂMINUL CULTURAL ULMI",ULMI,OT,552,9,3,0,12,27,10,0,37,45,12,0,57,58,19,0,77,108,31,0,139,161,45,0,206
127590,248,"ŞCOALA GENERALĂ CU CLASELE I-VIII","MILCOVU DIN DEAL",OT,492,1,0,0,1,8,4,0,12,18,11,0,29,20,14,0,34,51,25,0,76,79,34,0,113
127634,249,"CAMINUL CULTURAL",MORUNGLAV,OT,1217,7,0,0,7,23,5,0,28,32,9,0,41,57,11,0,68,107,16,0,123,152,23,0,175
127643,250,"SCOALA GENERALA BARASTI",BĂRĂŞTI,OT,287,3,3,0,6,9,3,0,12,15,3,0,18,15,4,0,19,31,7,0,38,38,8,0,46
127661,251,"SCOALA GENERALA MORUNESTI",MORUNEŞTI,OT,501,6,3,0,9,15,3,0,18,26,4,0,30,35,5,0,40,59,10,0,69,100,17,0,117
127698,252,"ŞCOALA MOVILENI",MOVILENI,OT,1220,46,4,0,50,251,14,0,265,323,20,10,353,342,23,10,375,454,36,10,500,541,41,10,592
127705,253,"ŞCOALA BACEA",BACEA,OT,1078,32,0,0,32,121,10,0,131,192,18,0,210,232,22,0,254,429,36,0,465,635,53,16,704
127698,254,"SCOALA GENERALA MOVILENI ( GRADINITA)",MOVILENI,OT,536,11,0,0,11,146,5,0,151,210,6,4,220,260,6,4,270,327,19,4,350,377,26,4,407
127723,255,"SCOALA GIMNAZIALA","NICOLAE TITULESCU",OT,996,20,5,0,25,85,9,7,101,90,15,39,144,146,21,50,217,249,44,52,345,364,56,52,472
127769,256,"ŞCOALA CU CLASELE I-IV OBÎRŞIA",OBÎRŞIA,OT,565,7,1,0,8,24,4,0,28,37,5,11,53,51,9,11,71,129,21,11,161,226,24,11,261
127778,257,"ŞCOALA CU CLASELE I-IV CÎMPU PĂRULUI","CÎMPU PĂRULUI",OT,258,9,2,0,11,35,6,0,41,46,12,0,58,52,12,0,64,76,19,8,103,112,27,8,147
127803,258,"ŞCOALA CU CLASELE I-IV TABONU",TABONU,OT,116,4,3,0,7,14,4,0,18,20,4,0,24,27,6,0,33,55,14,0,69,76,14,0,90
127787,259,"ŞCOALA CU CLASELE I-IV COTENI",COTENI,OT,177,3,1,0,4,14,1,0,15,23,1,0,24,30,2,0,32,66,15,3,84,74,17,3,94
127796,260,"SCOALA CU CLASELE I-VIII OBARSIA NOUA","OBÎRŞIA NOUĂ",OT,977,6,3,0,9,14,8,0,22,25,11,10,46,36,16,10,62,106,31,10,147,174,32,10,216
127821,261,"ŞCOALA GIMNAZIALĂ OBOGA",OBOGA,OT,985,12,0,0,12,56,8,0,64,128,10,0,138,150,18,0,168,303,39,0,342,412,56,0,468
127821,262,"ŞCOALA OBOGA DE JOS",OBOGA,OT,396,16,6,0,22,34,11,0,45,84,24,4,112,104,27,4,135,149,46,4,199,189,61,4,254
127867,263,"CĂMINUL CULTURAL OPORELU",OPORELU,OT,877,7,1,0,8,24,8,0,32,36,11,0,47,54,13,0,67,148,52,0,200,206,58,0,264
127910,264,"ŞCOALA GIMNAZIALĂ OPTAŞI MĂGURA",OPTAŞI,OT,1019,26,5,0,31,53,17,0,70,98,31,0,129,141,43,0,184,350,98,0,448,493,124,31,648
127947,265,"CĂMINUL CULTURAL",ORLEA,OT,1275,13,0,0,13,37,4,0,41,56,5,0,61,97,7,0,104,212,26,0,238,347,36,0,383
127947,266,"CĂMINUL CULTURAL",ORLEA,OT,614,2,0,0,2,9,0,0,9,21,0,0,21,50,0,0,50,100,0,0,100,177,0,0,177
126834,267,"ŞCOALA GIMNAZIALĂ OSICA DE JOS","OSICA DE JOS",OT,1274,22,4,0,26,90,26,0,116,146,47,0,193,196,57,0,253,340,81,11,432,476,108,11,595
127992,268,"CENTRU DE PROMOVARE A SĂNĂTĂŢII",VLĂDULENI,OT,494,3,1,0,4,11,2,0,13,18,3,0,21,27,3,0,30,61,11,0,72,97,26,0,123
128016,269,"SPATIUL COMERCIAL DUDE GHEORGHE","OSICA DE SUS",OT,975,8,1,0,9,17,4,0,21,45,5,0,50,60,5,0,65,129,17,0,146,181,28,0,209
128016,270,"ŞCOALA GENERALĂ NR. 2","OSICA DE SUS",OT,1321,1,5,0,6,14,7,0,21,48,8,0,56,72,11,0,83,177,28,0,205,271,38,0,309
128007,271,"ŞCOALA GENERALĂ GRECI",GRECI,OT,826,5,2,0,7,14,4,0,18,34,10,0,44,44,11,0,55,92,26,0,118,148,32,0,180
128043,272,"ŞCOALA PRIMARĂ TOMENI",TOMENI,OT,376,2,0,0,2,12,1,0,13,32,3,0,35,33,3,0,36,48,5,0,53,84,8,0,92
128203,273,"SCOALA GIMNAZIALA OLARI",OLARI,OT,1104,6,5,0,11,20,6,0,26,31,6,0,37,44,6,0,50,110,14,0,124,159,17,0,176
128187,274,"SCOALA GIMNAZIALA PIRSCOVENI",PÎRŞCOVENI,OT,1346,6,3,0,9,31,7,0,38,53,12,0,65,89,23,0,112,182,33,0,215,247,43,0,290
128098,275,"CĂMIN CULTURAL","MIERLEŞTII DE SUS",OT,1683,2,1,0,3,10,3,0,13,30,5,0,35,43,10,0,53,138,37,0,175,279,65,0,344
128230,276,"ŞCOALA GIMNAZIALĂ PLEŞOIU",PLEŞOIU,OT,1314,6,0,0,6,25,5,1,31,40,8,1,49,66,16,1,83,235,47,1,283,404,71,1,476
128276,277,"ŞCOALA GIMNAZIALĂ DOBA",DOBA,OT,1145,5,2,0,7,16,4,0,20,28,8,0,36,42,15,0,57,151,39,0,190,256,60,0,316
128310,278,"ŞCOALA GIMNAZIALĂ",POBORU,OT,608,10,3,0,13,36,13,0,49,57,20,0,77,90,28,0,118,169,46,0,215,239,64,0,303
128338,279,"ŞCOALA GIMNAZIALĂ",CORNĂŢELU,OT,775,7,0,0,7,24,5,0,29,35,6,0,41,54,7,0,61,172,28,0,200,265,47,0,312
128356,280,"ŞCOALA PRIMARĂ",SEACA,OT,221,0,0,0,0,6,0,0,6,26,2,0,28,26,2,0,28,46,2,0,48,84,7,0,91
128445,281,"ŞCOALA GENERALĂ CU CLASELE I-IV PRISEACA",PRISEACA,OT,1393,4,0,0,4,16,3,0,19,28,6,0,34,41,9,0,50,155,39,0,194,264,64,0,328
128481,282,"CĂMIN CULTURAL",RADOMIREŞTI,OT,1074,25,3,0,28,101,18,0,119,135,31,0,166,160,38,0,198,250,70,0,320,316,82,0,398
128506,283,"ŞCOALĂ VECHE",CRĂCIUNEI,OT,568,14,2,0,16,32,6,0,38,47,8,0,55,58,9,0,67,103,15,0,118,122,19,0,141
128490,284,"ŞCOALĂ VECHE",CĂLINEŞTI,OT,665,6,1,0,7,33,3,0,36,49,7,0,56,62,9,0,71,121,32,0,153,175,45,0,220
128515,285,"ŞCOALA POIANA",POIANA,OT,248,14,1,0,15,25,8,0,33,41,9,0,50,48,11,0,59,72,17,0,89,92,20,0,112
128533,286,"GRĂDINIŢA CU PROGRAM NORMAL REDEA",REDEA,OT,877,10,6,0,16,24,8,0,32,39,8,11,58,47,9,11,67,97,26,15,138,150,40,15,205
128533,287,"GRĂDINIŢA CU PROGRAM NORMAL REDEA",REDEA,OT,848,6,1,0,7,17,4,0,21,32,4,20,56,46,8,20,74,83,16,26,125,131,27,26,184
128542,288,"CĂMINUL CULTURAL REDIŞOARA",REDIŞOARA,OT,406,11,5,0,16,31,7,0,38,65,11,0,76,79,15,0,94,109,22,0,131,173,24,0,197
128551,289,"CĂMINUL CULTURAL VALEA SOARELUI","VALEA SOARELUI",OT,218,4,1,0,5,14,1,0,15,21,1,0,22,25,2,0,27,51,4,0,55,87,9,0,96
128579,290,"SEDIUL FOSTEI C.A.P.",ROTUNDA,OT,1007,3,1,0,4,11,2,0,13,28,2,0,30,57,2,0,59,116,10,0,126,195,16,0,211
128579,291,"SEDIUL FOSTEI C.A.P.",ROTUNDA,OT,1262,8,0,0,8,23,2,0,25,37,3,0,40,68,8,0,76,126,18,0,144,193,25,1,219
128597,292,"ŞCOALA GENERALĂ NR.1",RUSĂNEŞTI,OT,1282,17,2,0,19,56,9,0,65,96,14,0,110,123,15,0,138,223,28,0,251,328,40,0,368
128597,293,"ŞCOALA GENERALĂ NR.2",RUSĂNEŞTI,OT,1326,15,3,0,18,46,6,0,52,61,6,0,67,83,9,0,92,180,31,0,211,288,39,0,327
128604,294,"ŞCOALA JIENI",JIENI,OT,971,5,0,0,5,25,3,0,28,38,6,0,44,49,7,0,56,104,18,0,122,164,26,0,190
127929,295,"ŞCOALA GIMNAZIALĂ FLORIAN DIȚULEASA VITĂNEȘTI",VITĂNEŞTI,OT,873,9,1,0,10,36,5,0,41,72,13,0,85,110,18,0,128,266,55,0,321,671,73,21,765
127929,296,"ȘCOALA PRIMARĂ BRANIȘTE",VITĂNEŞTI,OT,689,6,1,0,7,35,2,0,37,60,10,0,70,66,11,0,77,166,24,0,190,312,75,10,397
128622,297,"ŞCOALA GIMNAZIALĂ SCĂRIŞOARA",SCĂRIŞOARA,OT,902,6,0,0,6,16,0,0,16,28,0,0,28,36,0,0,36,76,0,0,76,163,0,0,163
128622,298,"ŞCOALA GIMNAZIALĂ SCĂRIŞOARA",SCĂRIŞOARA,OT,941,8,0,0,8,28,3,0,31,45,6,0,51,57,9,0,66,98,20,0,118,174,31,0,205
128631,299,"GRĂDINIŢA CU PROGRAM NORMAL PLĂVICENI",PLĂVICENI,OT,589,6,2,0,8,12,4,0,16,21,6,0,27,26,6,0,32,70,15,0,85,117,20,0,137
128668,300,"ŞCOALA GIMNAZIALĂ SCHITU",SCHITU,OT,1116,10,1,0,11,27,3,0,30,65,11,0,76,111,13,0,124,232,34,0,266,329,47,0,376
128686,301,"ŞCOALA GIMNAZIALĂ GRECI",GRECI,OT,733,1,3,0,4,9,4,0,13,42,9,0,51,65,14,0,79,127,31,62,220,193,35,62,290
128695,302,"ŞCOALA PRIMARĂ LISA",LISA,OT,312,0,0,0,0,11,3,0,14,14,6,0,20,24,10,0,34,67,15,0,82,81,18,0,99
128873,303,"GRADINITA CU PROGRAM NORMAL SEACA",SEACA,OT,1474,43,9,0,52,58,13,0,71,80,15,0,95,109,16,0,125,189,26,0,215,275,35,0,310
128891,304,"ŞCOALA GIMNAZIALĂ SÎMBUREŞTI",SÎMBUREŞTI,OT,858,8,5,0,13,28,19,0,47,38,29,0,67,57,40,0,97,226,101,0,327,387,162,28,577
125383,305,"GRĂDINIŢA SLĂTIOARA",SLĂTIOARA,OT,1109,18,2,0,20,47,12,0,59,67,20,0,87,98,23,0,121,189,49,2,240,279,65,2,346
125383,306,"GRĂDINIŢA SLĂTIOARA",SLĂTIOARA,OT,1070,10,0,0,10,47,5,0,52,86,8,0,94,117,13,0,130,226,40,17,283,340,66,17,423
128971,307,"SC GENERALA ALUNISU",ALUNIŞU,OT,373,3,0,0,3,12,8,0,20,29,20,0,49,39,26,0,65,76,58,0,134,114,76,0,190
129013,308,"SCOALA GENERALA PROFA",PROFA,OT,447,5,4,0,9,6,6,0,12,13,6,0,19,34,16,0,50,43,23,0,66,65,30,0,95
129022,309,"CAMINUL CULTURAL SPINENI",SPINENI,OT,546,6,3,0,9,35,15,0,50,54,19,0,73,65,22,0,87,110,48,0,158,142,57,0,199
129059,310,"CAMINUL CULTURAL VIESPESTI",SPRÎNCENATA,OT,1122,5,1,0,6,12,3,0,15,19,6,0,25,27,16,0,43,73,27,0,100,111,33,0,144
129068,311,"GPN BIRSESTII DE SUS","BÎRSEŞTII DE SUS",OT,339,11,2,0,13,28,7,0,35,31,7,0,38,34,11,0,45,60,28,0,88,78,38,0,116
129077,312,"SCOALA VECHE FRUNZARU",FRUNZARU,OT,526,2,2,0,4,9,8,0,17,19,13,0,32,34,13,0,47,52,14,0,66,69,20,0,89
129102,313,"CĂMINUL CULTURAL STOENEŞTI",STOENEŞTI,OT,1046,0,0,1,1,30,5,0,35,55,11,0,66,73,15,0,88,140,21,0,161,213,37,0,250
129102,314,"ŞCOALA GIMNAZIALĂ DIDU",STOENEŞTI,OT,830,7,3,0,10,24,6,0,30,34,6,0,40,53,9,0,62,98,13,0,111,192,20,0,212
129120,315,"SCOALA GENERALA",STOICĂNEŞTI,OT,1306,7,0,0,7,36,2,0,38,48,3,0,51,93,6,0,99,163,19,0,182,293,28,0,321
129120,316,"SCOALA GENERALA",STOICĂNEŞTI,OT,902,9,0,0,9,24,0,0,24,29,0,0,29,73,2,0,75,120,10,0,130,195,29,0,224
129148,317,"ȘCOALA GIMNAZIALĂ STREJEȘTI",STREJEŞTI,OT,840,7,3,0,10,13,4,0,17,42,4,0,46,59,5,0,64,118,20,0,138,186,29,0,215
129157,318,"CAMIN C ULTURAL",COLIBAŞI,OT,398,1,3,0,4,7,3,0,10,18,8,0,26,24,11,0,35,46,16,0,62,62,22,0,84
129175,319,"SCOALA GIMNAZIALA","STREJEŞTII DE SUS",OT,1314,7,1,0,8,28,4,0,32,61,7,0,68,96,16,0,112,182,26,0,208,324,34,0,358
129193,320,"CAMIN CULTURAL STUDINA",STUDINA,OT,1303,3,3,0,6,14,6,0,20,28,8,0,36,55,8,0,63,136,21,0,157,242,33,0,275
129237,321,"CAMIN CULTURAL STUDINIȚA",STUDINIŢA,OT,964,11,1,0,12,20,7,0,27,36,8,0,44,46,9,0,55,79,15,0,94,117,18,0,135
129255,322,"ŞCOALA DUMITRU POPOVICI",ŞERBĂNEŞTI,OT,872,11,0,0,11,27,3,0,30,47,9,0,56,67,15,0,82,161,28,15,204,299,38,15,352
129255,323,"ŞCOALA DUMITRU POPOVICI",ŞERBĂNEŞTI,OT,850,12,2,0,14,33,15,0,48,56,20,0,76,79,23,0,102,193,33,5,231,290,42,5,337
129273,324,"GRĂDINIŢA ŞERBĂNEŞTII DE SUS","ŞERBĂNEŞTII DE SUS",OT,630,11,4,0,15,18,7,0,25,34,8,0,42,41,8,0,49,78,17,4,99,160,23,4,187
128212,325,"ŞCOALA CU CLASELE I-VIII",ŞOPÂRLIŢA,OT,1003,16,0,0,16,47,8,0,55,62,17,0,79,93,17,0,110,194,40,0,234,322,47,0,369
129291,326,"CĂMIN CULTURAL","ŞTEFAN CEL MARE",OT,971,45,4,0,49,105,16,0,121,138,18,0,156,166,25,0,191,247,37,23,307,321,48,23,392
129308,327,"GRĂDINIŢA IANCA NOUĂ","IANCA NOUĂ",OT,497,0,0,0,0,12,5,0,17,28,5,0,33,44,10,4,58,66,13,4,83,117,21,4,142
129326,328,"ŞCOALA GIMNAZIALĂ TĂTULEŞTI",TĂTULEŞTI,OT,430,3,4,0,7,35,23,0,58,68,44,0,112,87,57,0,144,133,94,0,227,164,112,6,282
129335,329,"ŞCOALA BĂRBĂLAI",BĂRBĂLĂI,OT,180,17,12,0,29,35,21,0,56,47,34,0,81,55,39,0,94,82,61,0,143,91,69,4,164
129362,330,"ŞCOALA MIRCEŞTI",MIRCEŞTI,OT,136,8,10,0,18,19,26,0,45,33,40,0,73,38,42,0,80,56,53,0,109,66,57,6,129
129406,331,"ŞCOALA GENERALĂ","CHERLEŞTII DIN DEAL",OT,1328,11,3,0,14,39,13,0,52,69,17,0,86,100,24,0,124,242,67,0,309,350,97,0,447
129424,332,"ŞCOALA GENERALĂ COMĂNIŢA",COMĂNIŢA,OT,775,11,2,0,13,30,5,0,35,39,10,0,49,52,17,0,69,138,36,0,174,188,50,0,238
129497,333,GRADINITA,POTLOGENI,OT,1279,5,0,0,5,19,1,0,20,35,1,0,36,46,1,0,47,163,2,0,165,358,6,0,364
129479,334,GRADINITA,"TIA MARE",OT,1268,12,0,0,12,30,1,0,31,55,7,0,62,80,7,0,87,202,16,0,218,396,31,0,427
129488,335,"SCOALA GIMNAZIALA",DOANCA,OT,1048,2,0,0,2,16,3,0,19,27,5,0,32,45,5,0,50,170,13,0,183,277,30,0,307
129512,336,"SCOALA GIMNAZIALA TOPANA",TOPANA,OT,287,6,2,0,8,19,8,0,27,21,10,0,31,37,16,0,53,67,39,0,106,95,54,0,149
129530,337,"SCOALA CANDELESTI",CÎNDELEŞTI,OT,77,1,2,0,3,1,3,0,4,5,3,0,8,6,3,0,9,19,13,0,32,33,19,0,52
129549,338,"SCOALA GOJGAREI",COJGĂREI,OT,128,3,3,0,6,11,7,0,18,15,9,0,24,15,11,0,26,36,34,0,70,54,43,0,97
129558,339,"SCOALA UNGURENI",UNGURENI,OT,99,1,5,0,6,2,5,0,7,5,5,0,10,9,9,0,18,10,16,0,26,20,25,0,45
129576,340,"ŞCOALA GIMNAZIALĂ TRAIAN",TRAIAN,OT,1170,12,0,0,12,36,0,0,36,55,0,0,55,96,0,0,96,160,0,0,160,259,0,10,269
129576,341,"ŞCOALA GIMNAZIALĂ TRAIAN",TRAIAN,OT,1342,11,0,0,11,37,3,0,40,71,6,0,77,95,8,0,103,161,19,0,180,301,25,9,335
129594,342,"LICEUL TEHNOLOGIC TUFENI",TUFENI,OT,1247,2,3,0,5,20,7,0,27,31,11,0,42,61,30,0,91,142,52,0,194,191,57,1,249
129610,343,"ŞCOALA STOBORĂŞTI",STOBORĂŞTI,OT,962,8,0,0,8,20,2,0,22,24,5,0,29,31,5,0,36,69,11,0,80,105,18,0,123
129638,344,"SCOALA NOUA CU CLASELE I- VIII URZICA",URZICA,OT,1185,5,2,0,7,16,2,0,18,28,2,0,30,41,2,0,43,149,18,0,167,247,33,0,280
129647,345,"SEDIUL FOSTEI FERME NR 3 STAVARU",STĂVARU,OT,615,6,0,0,6,20,2,0,22,31,4,0,35,45,9,0,54,101,14,0,115,165,29,0,194
129665,346,"SCOALA GIMNAZIALA","VALEA MARE",OT,1287,6,2,0,8,20,6,0,26,28,7,0,35,40,8,0,48,103,25,0,128,199,46,0,245
129683,347,"SCOALA GIMNAZIALA",RECEA,OT,557,7,6,0,13,17,6,0,23,30,7,0,37,48,11,0,59,131,22,0,153,184,28,0,212
129674,348,"CAMINUL CULTURAL",BÎRCA,OT,649,8,5,0,13,38,12,0,50,68,16,0,84,84,23,0,107,134,81,0,215,257,113,0,370
129692,349,GRADINITA,TURIA,OT,506,11,3,0,14,38,6,0,44,55,10,0,65,70,15,0,85,122,36,0,158,182,55,0,237
129736,350,"CĂMINUL CULTURAL",VĂDASTRA,OT,1172,20,0,0,20,90,5,0,95,173,22,0,195,200,23,0,223,380,45,0,425,512,70,23,605
129754,351,"CĂMINUL CULTURAL",VĂDĂSTRIŢA,OT,1139,7,9,0,16,25,56,0,81,48,83,0,131,136,85,0,221,190,101,0,291,254,114,0,368
129754,352,"CĂMINUL CULTURAL",VĂDĂSTRIŢA,OT,1559,7,3,0,10,22,38,0,60,60,41,0,101,102,45,0,147,220,70,0,290,303,74,0,377
129772,353,"ŞCOALA GENERALĂ VĂLENI",VĂLENI,OT,802,10,3,0,13,23,7,0,30,42,11,0,53,49,17,0,66,131,38,0,169,192,49,2,243
129772,354,"ŞCOALA GENERALĂ VĂLENI",VĂLENI,OT,882,3,1,0,4,16,1,0,17,22,2,0,24,37,3,0,40,99,22,0,121,152,31,1,184
129781,355,"ŞCOALA GENERALĂ MANDRA",MANDRA,OT,518,11,0,0,11,42,0,0,42,57,5,0,62,65,6,0,71,127,17,0,144,180,25,0,205
129861,356,"CĂMINUL CULTURAL POGANU",POGANU,OT,875,3,3,0,6,18,6,0,24,27,14,0,41,40,19,0,59,115,46,0,161,224,77,0,301
129834,357,"SCOALA CU CLASELE I-IV CAZANESTI",CĂZĂNEŞTI,OT,730,1,0,0,1,5,0,0,5,15,6,0,21,20,8,0,28,97,36,0,133,160,53,0,213
129852,358,"ŞCOALA GENERALĂ I-IV",DUMITREŞTI,OT,623,2,2,0,4,8,6,0,14,15,8,0,23,21,15,0,36,46,28,0,74,136,55,0,191
129905,359,"GRĂDINIŢA DE COPII",VIŞINA,OT,1115,14,2,0,16,36,2,0,38,61,11,0,72,87,17,0,104,187,27,23,237,336,33,23,392
129905,360,"GRĂDINIŢA DE COPII",VIŞINA,OT,1302,16,2,0,18,52,6,0,58,92,10,37,139,136,13,37,186,260,18,39,317,454,30,39,523
129727,361,"BIBLIOTECA COMUNALĂ","VIŞINA NOUĂ",OT,1446,11,0,0,11,37,3,0,40,45,8,0,53,62,9,0,71,161,20,0,181,248,35,0,283
129923,362,"LICEUL TEHNOLOGIC VITOMIRESTI",VITOMIREŞTI,OT,417,2,1,0,3,8,8,2,18,12,15,2,29,26,17,2,45,63,22,2,87,97,27,2,126
129932,363,"SCOALA CU CLASELE I-IV BULIMANU",BULIMANU,OT,174,1,1,0,2,5,6,0,11,8,8,0,16,9,10,0,19,36,20,0,56,54,27,0,81
129941,364,"GRADINITA CU PROGRAM NORMAL DEJESTI",DEJEŞTI,OT,584,9,1,0,10,22,2,0,24,35,3,0,38,46,6,0,52,75,13,0,88,120,24,0,144
129950,365,"SCOALA CU CLASELE I-IV DONESTI",DONEŞTI,OT,184,1,0,0,1,3,0,0,3,3,0,3,6,6,1,3,10,18,7,4,29,34,12,4,50
129978,366,"SCOALA CU CLASELE I-IV TREPTENI",TREPTENI,OT,281,3,2,0,5,3,6,0,9,12,39,0,51,12,43,0,55,19,48,1,68,40,52,1,93
129996,367,"ȘCOALA VÎLCELE",VÎLCELE,OT,1324,12,4,0,16,52,18,10,80,70,30,10,110,160,55,10,225,278,86,10,374,464,133,10,607
130008,368,"ȘCOALA GENERALĂ",BĂRCĂNEŞTI,OT,620,5,6,0,11,24,11,0,35,38,13,0,51,60,16,0,76,110,28,0,138,175,35,0,210
130035,369,"GRĂDINIȚA CU PROGRAM NORMAL VLĂDILA(CLASA PREGĂTITOARE)",VLĂDILA,OT,913,6,0,0,6,20,2,0,22,62,6,0,68,83,7,0,90,148,14,0,162,204,23,0,227
130035,370,"GRĂDINIȚA CU PROGRAM NORMAL VLĂDILA (GRUPA MARE)",VLĂDILA,OT,768,11,1,0,12,21,1,0,22,37,1,0,38,57,2,0,59,122,11,0,133,142,17,0,159
130071,371,"SCOALA CU CLASELE I-VIII VOINEASA",VOINEASA,OT,707,9,1,0,10,70,9,0,79,94,12,0,106,100,13,0,113,183,24,0,207,273,34,0,307
130099,372,"SCOALA CU CLASELE I-VIII MARGARITESTI",MĂRGĂRITEŞTI,OT,590,11,4,0,15,75,11,0,86,129,17,0,146,143,19,0,162,210,38,0,248,297,53,4,354
130106,373,"SCOALA CU CLASELE I-IV RACOVITA",RACOVIŢA,OT,438,8,5,0,13,37,24,0,61,69,25,0,94,91,25,0,116,131,38,0,169,185,43,0,228
130151,374,"SCOALA GIMNAZIALA VULPENI-STRUCTURA GROPSANI",GROPŞANI,OT,663,4,0,0,4,27,3,0,30,66,7,0,73,82,8,0,90,229,21,0,250,395,28,0,423
130197,375,"FOSTA SC. CU CLASELE I-IV PRISACA",PRISACA,OT,314,9,5,0,14,24,6,0,30,42,6,0,48,62,7,0,69,103,11,0,114,127,19,0,146
130222,376,"SCOALA GIMNAZIALA VULPENI","VALEA SATULUI",OT,807,9,1,0,10,20,8,0,28,39,18,0,57,60,21,0,81,179,51,0,230,311,73,0,384
130240,377,"ŞCOALA CU CLASELE I-VIII VULTUREŞTI",VULTUREŞTI,OT,600,2,1,0,3,10,3,0,13,21,6,0,27,28,7,0,35,57,13,5,75,87,17,5,109
130268,378,"ŞCOALA CU CLASELE I-IV VALEA LUI ALB","VALEA LUI ALB",OT,483,1,1,0,2,9,5,0,14,14,6,0,20,29,7,0,36,64,16,3,83,91,22,3,116
130259,379,"FOST SEDIU CAP DIENCI",DIENCI,OT,778,6,2,0,8,12,8,0,20,21,11,0,32,25,17,0,42,94,48,6,148,168,62,6,236
130543,1,"PALATUL CULTURII",PLOIEŞTI,PH,1279,11,0,0,11,75,0,0,75,101,0,0,101,121,4,0,125,198,12,0,210,242,16,0,258
130543,2,"PALATUL CULTURII",PLOIEŞTI,PH,895,13,2,0,15,75,7,0,82,98,9,0,107,109,10,0,119,163,13,0,176,198,13,0,211
130543,3,"PALATUL CULTURII",PLOIEŞTI,PH,1074,9,1,0,10,53,2,0,55,75,10,0,85,86,13,0,99,158,27,0,185,186,40,0,226
130543,4,"COLEGIUL NAŢIONAL ""ALEXANDRU IOAN CUZA""",PLOIEŞTI,PH,1087,15,2,0,17,77,11,0,88,94,15,0,109,102,15,0,117,186,20,0,206,216,25,0,241
130543,5,"ŞCOALA GIMNAZIALĂ ""ELENA DOAMNA""",PLOIEŞTI,PH,1364,13,5,0,18,78,5,0,83,109,6,0,115,131,7,0,138,226,11,1,238,256,11,1,268
130543,6,"ŞCOALA GIMNAZIALĂ""ELENA DOAMNA""",PLOIEŞTI,PH,1293,16,0,0,16,69,2,0,71,108,5,0,113,130,7,0,137,221,15,0,236,269,17,0,286
130543,7,"ŞCOALAGIMNAZIALĂ ""CANDIANO POPESCU""",PLOIEŞTI,PH,1297,8,0,0,8,56,3,0,59,77,3,0,80,94,4,0,98,204,10,0,214,251,12,0,263
130543,8,"ŞCOALAGIMNAZIALĂ""CANDIANO POPESCU""",PLOIEŞTI,PH,1240,6,0,0,6,40,1,0,41,53,1,0,54,58,1,0,59,102,1,22,125,141,2,22,165
130543,9,"COLEGIUL NAŢIONAL ""ION LUCA CARAGIALE""",PLOIEŞTI,PH,1513,13,1,0,14,51,7,0,58,75,8,0,83,91,9,0,100,184,19,0,203,220,28,0,248
130543,10,"COLEGIUL NAŢIONAL ""ION LUCA CARAGIALE""",PLOIEŞTI,PH,1221,10,0,0,10,50,5,0,55,96,9,0,105,107,10,0,117,195,10,0,205,230,11,0,241
130543,11,"DIRECŢIA JUDEŢEANĂ PENTRU SPORT ŞI TINERET PRAHOVA",PLOIEŞTI,PH,1222,19,0,0,19,76,5,0,81,95,5,0,100,106,5,0,111,185,10,0,195,211,11,0,222
130543,12,"DIRECŢIA JUDEŢEANĂ PENTRU SPORT ŞI TINERET PRAHOVA",PLOIEŞTI,PH,1352,17,3,0,20,69,3,0,72,84,3,23,110,102,5,23,130,185,7,23,215,230,9,23,262
130543,13,"LICEUL TEHNOLOGIC UCECOM ""SPIRU HARET"" (FOST GRUPUL SCOLAR DE ARTE SI MESERII ""SPIRU HARET"")",PLOIEŞTI,PH,1175,9,1,0,10,44,2,0,46,68,5,0,73,77,5,0,82,145,6,0,151,169,16,0,185
130543,14,"ANEXA ŞCOLII GIMNAZIALE ""SFÂNTA VINERI""",PLOIEŞTI,PH,1021,9,2,0,11,63,3,0,66,83,4,0,87,96,5,0,101,181,14,0,195,218,19,0,237
130543,15,"MUZEUL JUDEŢEAN DE ISTORIE ŞI ARHEOLOGIE PRAHOVA",PLOIEŞTI,PH,818,14,1,0,15,50,8,0,58,70,10,0,80,83,10,0,93,157,14,0,171,161,20,0,181
130543,16,"COLEGIUL NAŢIONAL ""MIHAI VITEAZUL""",PLOIEŞTI,PH,702,7,0,0,7,51,11,0,62,63,12,0,75,66,12,0,78,111,20,0,131,132,26,0,158
130543,17,"CLUBUL SPORTIV ŞCOLAR",PLOIEŞTI,PH,914,10,0,0,10,55,1,0,56,88,1,0,89,94,6,0,100,152,11,0,163,185,13,0,198
130543,18,"S.C. ""ELECTRICA"" S.A.",PLOIEŞTI,PH,1169,15,5,0,20,51,6,0,57,77,9,0,86,89,11,0,100,161,13,0,174,194,14,0,208
130543,19,"GRĂDINIŢA CU PROGRAM PRELUNGIT NR. 28 (GRADINITA NR. 28)",PLOIEŞTI,PH,987,7,0,0,7,46,4,0,50,60,5,0,65,68,6,0,74,154,11,0,165,192,12,0,204
130543,20,"OCOLUL SILVIC",PLOIEŞTI,PH,1436,10,1,0,11,42,5,0,47,60,5,0,65,75,5,0,80,157,14,0,171,206,16,0,222
130543,21,"OCOLUL SILVIC",PLOIEŞTI,PH,1604,11,0,0,11,59,4,0,63,80,4,0,84,89,4,0,93,188,12,0,200,228,14,0,242
130543,22,"ŞCOALAGIMNAZIALĂ ""NICOLAE TITULESCU""",PLOIEŞTI,PH,1280,10,0,0,10,58,5,0,63,70,5,0,75,93,6,0,99,198,9,0,207,236,14,0,250
130543,23,"ŞCOALAGIMNAZIALĂ ""NICOLAE TITULESCU""",PLOIEŞTI,PH,1421,12,3,0,15,62,5,0,67,85,5,0,90,92,5,0,97,186,8,0,194,242,13,0,255
130543,24,"ANEXA LICEULUI TEHNOLOGIC DE TRANSPORTURI (ANEXA GRUP SCOLAR INDUSTRIAL TRANSPORTURI (FOST LICEUL AUTO))",PLOIEŞTI,PH,1654,19,7,0,26,72,7,0,79,114,9,0,123,129,9,0,138,225,10,0,235,269,13,0,282
130543,25,"ŞCOALAGIMNAZIALĂ ""SFÂNTUL VASILE""",PLOIEŞTI,PH,1482,14,0,0,14,82,5,0,87,111,6,0,117,122,6,0,128,215,9,0,224,277,9,0,286
130543,26,"ŞCOALAGIMNAZIALĂ ""SFÂNTUL VASILE""",PLOIEŞTI,PH,1351,13,0,0,13,81,2,0,83,114,7,0,121,132,7,0,139,209,15,0,224,271,17,0,288
130543,27,"ŞCOALAGIMNAZIALĂ ""SFÂNTUL VASILE""",PLOIEŞTI,PH,1327,15,0,0,15,72,3,0,75,101,4,0,105,114,5,0,119,206,15,0,221,239,20,0,259
130543,28,"ŞCOALAGIMNAZIALĂ""SFÂNTUL VASILE""",PLOIEŞTI,PH,1279,6,0,0,6,47,0,0,47,67,5,0,72,79,5,0,84,166,8,0,174,207,9,0,216
130543,29,"ŞCOALA GIMNAZIALĂ NR. 13 (FOSTA ŞCOALĂ GIMNAZIALĂ""DIMITRIE BOLINTINEANU"")",PLOIEŞTI,PH,1167,20,1,0,21,53,4,0,57,100,4,0,104,115,6,0,121,192,10,0,202,222,12,0,234
130543,30,"ŞCOALA GIMNAZIALĂ NR. 13 (FOSTA ŞCOALĂ GIMNAZIALĂ""DIMITRIE BOLINTINEANU"")",PLOIEŞTI,PH,1025,12,0,0,12,63,1,0,64,89,2,0,91,97,2,0,99,179,11,0,190,214,13,0,227
130543,31,"S.C. TRANSPORT CĂLĂTORI EXPRESS S.A.",PLOIEŞTI,PH,1627,4,0,0,4,35,0,0,35,59,0,0,59,65,3,0,68,156,5,0,161,222,8,0,230
130543,32,"S.C. TRANSPORT CĂLĂTORI EXPRESS S.A.",PLOIEŞTI,PH,1207,11,0,0,11,58,4,0,62,82,6,0,88,91,7,0,98,174,8,0,182,207,8,0,215
130543,33,"S.C. TRANSPORT CĂLĂTORI EXPRESS S.A.",PLOIEŞTI,PH,1067,8,0,0,8,42,0,0,42,50,0,0,50,61,0,0,61,109,1,0,110,160,4,0,164
130543,34,"ȘCOALA GIMNAZIALĂ ""CANDIANO POPESCU"" PLOIEȘTI",PLOIEŞTI,PH,1601,13,2,0,15,49,5,0,54,67,5,0,72,91,6,0,97,176,15,0,191,235,18,0,253
130543,35,"ŞCOALA GIMNAZIALĂ ""ANTON PANN""",PLOIEŞTI,PH,1262,6,0,0,6,27,0,0,27,40,3,0,43,59,3,0,62,113,5,0,118,133,18,0,151
130543,36,"ŞCOALA GIMNAZIALĂ ""ANTON PANN""",PLOIEŞTI,PH,1441,17,1,0,18,35,1,0,36,47,1,0,48,64,1,0,65,128,2,0,130,183,6,0,189
130543,37,"ŞCOALA GIMNAZIALĂ ""ANTON PANN""",PLOIEŞTI,PH,804,2,5,0,7,17,5,0,22,30,5,0,35,36,5,0,41,67,5,0,72,79,5,0,84
130543,38,"ȘCOALA GIMNAZIALĂ ""ANTON PANN""",PLOIEŞTI,PH,1547,5,3,0,8,31,4,0,35,44,4,0,48,55,4,0,59,123,5,0,128,159,6,0,165
130543,39,"BLOCUL 24B PARTER",PLOIEŞTI,PH,1380,9,2,0,11,49,12,0,61,79,12,0,91,98,12,0,110,179,15,0,194,225,16,0,241
130543,40,"CANTINA DE AJUTOR SOCIAL",PLOIEŞTI,PH,1481,14,1,0,15,63,1,0,64,111,1,0,112,127,6,0,133,186,8,0,194,239,9,0,248
130543,41,"CANTINA DE AJUTOR SOCIAL",PLOIEŞTI,PH,1514,13,3,0,16,59,4,0,63,90,4,0,94,97,6,0,103,172,9,31,212,221,10,31,262
130543,42,"CANTINA DE AJUTOR SOCIAL",PLOIEŞTI,PH,1357,17,0,0,17,61,2,0,63,84,2,0,86,97,3,0,100,176,5,0,181,217,7,0,224
130543,43,"GHIŞEUL NR. 2 - OFICIUL POŞTAL PLOIEŞTI 1",PLOIEŞTI,PH,1479,16,1,0,17,93,3,0,96,128,5,0,133,146,5,0,151,239,10,0,249,280,11,0,291
130543,44,"LICEUL TEHNOLOGIC ""LUDOVIC MRAZEK"" (FOST GRUP SCOLAR TELEAJEN)",PLOIEŞTI,PH,1135,2,0,0,2,17,5,0,22,35,5,0,40,39,6,0,45,73,9,0,82,91,10,0,101
130543,45,"GRĂDINIŢA CU PROGRAM NORMAL NR. 4 (FOSTA GRADINITA DE COPII NR. 4)",PLOIEŞTI,PH,802,6,2,0,8,32,3,0,35,49,5,0,54,64,5,0,69,129,10,0,139,149,10,20,179
130543,46,"ŞCOALAGIMNAZIALĂ ""IOAN GRIGORESCU""",PLOIEŞTI,PH,1208,16,0,0,16,52,5,0,57,77,5,0,82,85,6,0,91,168,7,0,175,196,10,0,206
130543,47,"ŞCOALAGIMNAZIALĂ ""IOAN GRIGORESCU""",PLOIEŞTI,PH,1128,8,5,0,13,28,6,0,34,40,6,0,46,49,6,0,55,94,6,0,100,122,6,0,128
130543,48,"ŞCOALAGIMNAZIALĂ""IOAN GRIGORESCU""",PLOIEŞTI,PH,1283,12,0,0,12,58,0,0,58,81,1,0,82,92,1,0,93,172,2,0,174,220,4,0,224
130543,49,"ŞCOALAGIMNAZIALĂ ""RAREŞ VODĂ""",PLOIEŞTI,PH,1013,8,7,0,15,58,9,0,67,86,12,0,98,105,14,0,119,183,15,0,198,226,18,0,244
130543,50,"CASA CORPULUI DIDACTIC",PLOIEŞTI,PH,1145,12,3,0,15,59,4,0,63,97,7,0,104,110,8,0,118,212,9,0,221,247,11,0,258
130543,51,"CASA CORPULUI DIDACTIC",PLOIEŞTI,PH,862,8,0,0,8,33,1,0,34,49,1,0,50,62,4,0,66,133,6,0,139,178,13,0,191
130543,52,"COLEGIUL NAŢIONAL ""JEAN MONNET""",PLOIEŞTI,PH,1168,11,0,0,11,42,0,0,42,77,6,0,83,88,6,0,94,159,15,1,175,215,20,1,236
130543,53,"LICEUL TEHNOLOGIC ADMINISTRATIV ŞI DESERVICII ""VICTOR SLĂVESCU"" ( FOSTA SCOALA NR. 32)",PLOIEŞTI,PH,1170,8,0,0,8,58,6,0,64,82,13,0,95,97,13,0,110,173,16,0,189,222,21,0,243
130543,54,"LICEUL TEHNOLOGIC ADMINISTRATIV ŞI DE SERVICII ""VICTOR SLĂVESCU"" ( FOSTA SCOALA NR. 32)",PLOIEŞTI,PH,1130,13,0,0,13,70,6,0,76,96,6,0,102,105,6,0,111,184,12,0,196,231,15,0,246
130543,55,"ŞCOALA GIMNAZIALĂ ""GEORGE COŞBUC""",PLOIEŞTI,PH,1254,24,0,0,24,86,6,0,92,111,8,0,119,121,10,0,131,204,12,0,216,253,14,0,267
130543,56,"ŞCOALA GIMNAZIALĂ ""GEORGE COŞBUC""",PLOIEŞTI,PH,1302,9,3,0,12,44,5,0,49,70,6,0,76,76,6,0,82,184,10,0,194,210,11,0,221
130543,57,"ŞCOALA GIMNAZIALĂ SPECIALĂ NR. 1",PLOIEŞTI,PH,1181,2,1,0,3,17,2,0,19,38,2,0,40,47,2,0,49,92,7,0,99,119,7,0,126
130543,58,"ŞCOALA GIMNAZIALĂ SPECIALĂ NR. 1",PLOIEŞTI,PH,839,14,2,0,16,30,3,0,33,50,6,0,56,54,6,0,60,105,8,0,113,122,9,0,131
130543,59,"LICEUL TEHNOLOGIC""1 MAI""",PLOIEŞTI,PH,1553,12,0,0,12,74,1,0,75,95,1,0,96,109,1,0,110,207,3,0,210,249,11,0,260
130543,60,"LICEUL TEHNOLOGIC ""1 MAI""",PLOIEŞTI,PH,1681,10,4,0,14,51,6,0,57,71,11,0,82,87,12,0,99,185,14,1,200,234,16,1,251
130543,61,"COLEGIUL TEHNIC ""LAZĂR EDELEANU""(FOST LICEUL DE CHIMIE)",PLOIEŞTI,PH,1314,14,3,0,17,53,3,0,56,87,3,0,90,96,3,0,99,162,4,0,166,213,6,0,219
130543,62,"COLEGIUL TEHNIC ""LAZĂR EDELEANU""(FOST LICEUL DE CHIMIE)",PLOIEŞTI,PH,1668,10,4,0,14,52,5,0,57,86,5,0,91,97,5,0,102,170,5,0,175,211,5,0,216
130543,63,"ŞCOALA GIMNAZIALĂ ""MIHAI EMINESCU""",PLOIEŞTI,PH,1287,23,1,0,24,68,9,0,77,93,10,0,103,108,11,0,119,189,14,0,203,237,16,0,253
130543,64,"ŞCOALA GIMNAZIALĂ ""MIHAI EMINESCU""",PLOIEŞTI,PH,1396,16,2,0,18,74,6,0,80,91,14,0,105,105,14,0,119,184,14,0,198,226,15,0,241
130543,65,"ŞCOALA NR. 19",PLOIEŞTI,PH,1349,10,0,0,10,50,0,0,50,63,4,0,67,73,4,0,77,116,4,0,120,173,6,0,179
130543,66,"ŞCOALA GIMNAZIALĂ""RADU STANIAN""",PLOIEŞTI,PH,1038,16,0,0,16,89,2,0,91,126,3,0,129,136,3,0,139,209,5,0,214,243,5,0,248
130543,67,"COLEGIUL DE ARTĂ ""CARMEN SYLVA""",PLOIEŞTI,PH,957,5,0,0,5,41,0,0,41,66,0,0,66,79,0,0,79,142,4,0,146,181,4,0,185
130543,68,"COLEGIUL DE ARTĂ ""CARMEN SYLVA""",PLOIEŞTI,PH,801,6,6,0,12,27,9,0,36,51,11,0,62,57,11,0,68,126,17,0,143,152,17,0,169
130543,69,"S.C.APA NOVA S.R.L.",PLOIEŞTI,PH,1063,10,0,0,10,61,2,0,63,81,3,0,84,100,3,0,103,174,6,0,180,211,7,50,268
130543,70,"S.C.APA NOVA S.R.L.",PLOIEŞTI,PH,863,3,6,0,9,16,8,0,24,32,10,0,42,41,11,0,52,78,11,0,89,94,11,0,105
130543,71,"COLEGIUL ""SPIRU HARET""(FOST LICEUL DE CONSTRUCTII MASINI)",PLOIEŞTI,PH,947,17,1,0,18,49,2,233,284,64,5,233,302,69,6,233,308,126,8,233,367,163,11,233,407
130543,72,"ŞCOALAGIMNAZIALĂ ""FLORIN COMIŞEL""",PLOIEŞTI,PH,1383,12,0,0,12,79,0,0,79,99,3,0,102,116,3,0,119,180,5,0,185,221,13,0,234
130543,73,"PALATUL COPIILOR (FOSTA SCOALA NR. 20)",PLOIEŞTI,PH,1567,11,6,0,17,71,12,0,83,103,13,0,116,119,13,0,132,199,19,0,218,260,31,0,291
130543,74,"PALATUL COPIILOR (FOSTA SCOALA NR. 20)",PLOIEŞTI,PH,1266,10,6,0,16,68,8,0,76,96,8,0,104,106,8,0,114,171,12,0,183,206,13,0,219
130543,75,"PALATUL COPIILOR (FOSTA SCOALA NR. 20)",PLOIEŞTI,PH,1418,16,0,0,16,65,1,0,66,91,1,0,92,98,6,0,104,176,7,0,183,215,7,0,222
130543,76,"PALATUL COPIILOR (FOSTA SCOALA NR. 20)",PLOIEŞTI,PH,853,9,1,0,10,25,2,0,27,33,3,0,36,48,4,0,52,96,6,0,102,118,9,0,127
130543,77,"PALATUL COPIILOR (FOSTA SCOALA NR. 20)",PLOIEŞTI,PH,982,2,1,0,3,42,3,0,45,47,4,0,51,50,4,0,54,93,6,0,99,120,7,0,127
130543,78,"ŞCOALAGIMNAZIALĂ ""I. A. BASSARABESCU"" (ŞCOALAGIMNAZIALĂ I. A. BASARABESCU)",PLOIEŞTI,PH,1542,21,0,0,21,69,5,0,74,104,5,0,109,126,6,0,132,221,8,0,229,281,8,1,290
130543,79,"ŞCOALAGIMNAZIALĂ ""I. A. BASSARABESCU"" (ŞCOALAGIMNAZIALĂ I. A. BASARABESCU)",PLOIEŞTI,PH,1423,13,0,0,13,43,1,0,44,62,1,0,63,69,1,0,70,163,5,0,168,227,6,0,233
130543,80,"ŞCOALAGIMNAZIALĂ ""I. A. BASSARABESCU"" (ŞCOALAGIMNAZIALĂ I. A. BASARABESCU)",PLOIEŞTI,PH,1899,18,2,0,20,76,6,0,82,121,9,0,130,138,9,0,147,230,14,0,244,296,24,0,320
130543,81,"ŞCOALAGIMNAZIALĂ ""I. A. BASSARABESCU"" (ŞCOALAGIMNAZIALĂ I. A. BASARABESCU)",PLOIEŞTI,PH,1517,12,2,0,14,60,4,17,81,96,6,17,119,111,6,17,134,200,9,17,226,251,10,17,278
130543,82,"DIRECŢIAGENERALĂ DE ASISTENŢĂ SOCIALĂ ŞI PROTECŢIA COPILULUI PRAHOVA",PLOIEŞTI,PH,1359,6,4,0,10,59,5,0,64,81,6,0,87,96,6,0,102,172,7,0,179,186,10,0,196
130543,83,"DIRECŢIA GENERALĂ DE ASISTENŢĂ SOCIALĂ ŞI PROTECŢIA COPILULUI PRAHOVA",PLOIEŞTI,PH,1371,20,1,0,21,72,6,0,78,109,8,0,117,132,8,0,140,216,14,0,230,253,16,0,269
130543,84,"ŞCOALA GIMNAZIALĂ ""GEORGE EMIL PALADE""",PLOIEŞTI,PH,1356,20,0,0,20,73,2,0,75,100,3,0,103,110,3,0,113,192,10,0,202,243,14,0,257
130543,85,"ŞCOALA GIMNAZIALĂ ""GEORGE EMIL PALADE""",PLOIEŞTI,PH,1297,5,0,0,5,39,0,0,39,58,5,0,63,76,5,0,81,132,7,0,139,160,8,0,168
130543,86,"ŞCOALA GIMNAZIALĂ ""GEORGE EMIL PALADE""",PLOIEŞTI,PH,1382,11,0,0,11,56,5,0,61,71,6,0,77,81,6,0,87,147,6,0,153,183,8,0,191
130543,87,"ŞCOALA GIMNAZIALĂ ""GEORGE EMIL PALADE""",PLOIEŞTI,PH,1237,19,0,0,19,66,0,0,66,79,0,0,79,91,0,0,91,151,0,0,151,185,1,0,186
130543,88,"GRĂDINIŢA CU PROGRAM NORMAL NR. 50 (FOSTA GRĂDINIŢĂ NR. 50)",PLOIEŞTI,PH,1103,8,0,0,8,61,1,0,62,104,2,0,106,111,2,0,113,186,2,0,188,214,3,0,217
130543,89,"GRĂDINIŢA CU PROGRAM NORMAL NR. 50 (FOSTA GRĂDINIŢĂ NR. 50)",PLOIEŞTI,PH,1232,13,0,0,13,51,1,0,52,65,2,0,67,78,2,0,80,143,5,0,148,184,5,0,189
130543,90,"GRĂDINIŢA CU PROGRAM PRELUNGIT NR. 40 ( FOSTA GRĂDINIŢĂ NR. 40)",PLOIEŞTI,PH,1191,16,0,0,16,52,0,0,52,77,0,0,77,93,0,0,93,140,6,0,146,176,10,0,186
130543,91,"GRĂDINIŢA CU PROGRAM PRELUNGIT NR. 40 ( FOSTA GRĂDINIŢĂ NR. 40)",PLOIEŞTI,PH,948,8,3,0,11,57,5,0,62,77,5,0,82,88,5,0,93,139,5,2,146,177,6,2,185
130543,92,"GRĂDINIŢA CU PROGRAM PRELUNGIT NR. 40 ( FOSTA GRĂDINIŢĂ NR. 40)",PLOIEŞTI,PH,1442,17,3,0,20,77,4,0,81,105,5,0,110,123,7,0,130,216,10,0,226,252,11,0,263
130543,93,"ŞCOALA GIMNAZIALĂ ""TOMA CARAGIU""",PLOIEŞTI,PH,1139,7,0,0,7,47,2,0,49,67,2,0,69,71,3,0,74,151,6,0,157,163,9,0,172
130543,94,"ŞCOALA GIMNAZIALĂ ""TOMA CARAGIU""",PLOIEŞTI,PH,922,9,6,0,15,47,7,0,54,67,9,0,76,76,9,0,85,142,10,0,152,173,13,0,186
130543,95,"ŞCOALA GIMNAZIALĂ ""TOMA CARAGIU""",PLOIEŞTI,PH,1354,5,4,0,9,107,4,0,111,110,6,0,116,131,6,0,137,197,8,0,205,227,8,0,235
130543,96,"ŞCOALA GIMNAZIALĂ ""NICOLAE IORGA""",PLOIEŞTI,PH,1436,4,1,0,5,46,2,0,48,60,5,0,65,73,8,0,81,148,14,0,162,182,22,0,204
130543,97,"ŞCOALA GIMNAZIALĂ ""NICOLAE IORGA""",PLOIEŞTI,PH,1286,20,0,0,20,69,0,0,69,94,0,0,94,112,4,0,116,184,6,0,190,214,11,0,225
130543,98,"ŞCOALA GIMNAZIALĂ ""NICOLAE IORGA""",PLOIEŞTI,PH,1342,8,6,0,14,32,6,0,38,53,6,0,59,58,6,0,64,143,6,0,149,180,10,0,190
130543,99,"GRĂDINIŢA CU PROGRAM NORMAL NR. 39 (FOSTA GRĂDINIŢĂ NR. 39)",PLOIEŞTI,PH,876,0,0,0,0,43,0,0,43,55,1,0,56,69,1,0,70,115,4,0,119,129,4,0,133
130543,100,"GRĂDINIŢA CU PROGRAM NORMAL NR. 39 (FOSTA GRĂDINIŢĂ NR. 39)",PLOIEŞTI,PH,881,15,3,0,18,43,3,0,46,59,3,0,62,63,3,0,66,116,4,0,120,136,7,0,143
130543,101,"GRĂDINIŢA CU PROGRAM NORMAL NR. 39 (FOSTA GRĂDINIŢĂ NR. 39)",PLOIEŞTI,PH,1446,9,0,0,9,48,4,0,52,57,4,0,61,72,5,0,77,135,8,0,143,174,10,0,184
130543,102,"GRĂDINIŢA CU PROGRAM PRELUNGIT ""SF. MUCENIC MINA"" (FOSTA GRĂDINIŢĂ NR. 36 ""SF. MUCENIC MINA"")",PLOIEŞTI,PH,1383,19,2,0,21,83,6,0,89,92,7,0,99,107,9,0,116,209,17,0,226,236,21,0,257
130543,103,"GRĂDINIŢA CU PROGRAM PRELUNGIT ""SF. MUCENIC MINA"" (FOSTA GRĂDINIŢĂ NR. 36 ""SF. MUCENIC MINA"")",PLOIEŞTI,PH,1516,17,0,0,17,76,6,0,82,101,8,0,109,112,8,0,120,208,11,0,219,240,13,0,253
130543,104,"GRĂDINIŢA CU PROGRAM PRELUNGIT ""SF. MUCENIC MINA"" (FOSTA GRĂDINIŢĂ NR. 36 ""SF. MUCENIC MINA"")",PLOIEŞTI,PH,1191,14,0,0,14,71,0,0,71,94,0,0,94,100,4,0,104,178,6,0,184,210,7,0,217
130543,105,"GRĂDINIŢA CU PROGRAM PRELUNGIT ""SF. MUCENIC MINA"" (FOSTA GRĂDINIŢĂ NR. 36 ""SF. MUCENIC MINA"")",PLOIEŞTI,PH,1070,7,0,0,7,50,2,0,52,67,2,0,69,74,5,0,79,116,5,0,121,135,6,0,141
130543,106,"GRĂDINIŢA CU PROGRAM PRELUNGIT NR. 47 (FOSTA GRĂDINIŢĂ NR. 47)",PLOIEŞTI,PH,962,12,2,0,14,49,4,0,53,70,4,0,74,76,4,0,80,133,7,0,140,161,11,0,172
130543,107,"GRĂDINIŢA CU PROGRAM PRELUNGIT NR. 47 (FOSTA GRĂDINIŢĂ NR. 47)",PLOIEŞTI,PH,840,7,3,0,10,65,4,0,69,80,4,0,84,88,4,0,92,143,4,0,147,174,5,0,179
130543,108,"GRĂDINIŢA CU PROGRAM PRELUNGIT NR. 47 (FOSTA GRĂDINIŢĂ NR. 47)",PLOIEŞTI,PH,921,6,0,0,6,28,2,0,30,47,5,0,52,53,5,0,58,96,7,0,103,116,7,0,123
130543,109,"SISTEMUL DE GOSPODĂRIRE A APELOR PRAHOVA",PLOIEŞTI,PH,1121,8,1,0,9,49,3,0,52,66,4,0,70,74,5,0,79,141,6,0,147,181,9,0,190
130543,110,"AGENŢIA PENTRU PROTECŢIA MEDIULUI PRAHOVA",PLOIEŞTI,PH,1196,9,1,0,10,64,3,0,67,92,4,0,96,111,4,0,115,184,6,0,190,221,6,0,227
130543,111,"S.C. EXPLOATARE SISTEM ZONAL PRAHOVA S.A.",PLOIEŞTI,PH,1108,8,6,0,14,57,7,0,64,72,8,0,80,89,8,0,97,145,9,0,154,181,12,0,193
130543,112,"ŞCOALA GIMNAZIALĂ ""IENĂCHIŢĂVĂCĂRESCU""",PLOIEŞTI,PH,1455,20,3,0,23,65,5,0,70,88,6,0,94,93,7,0,100,217,14,0,231,263,15,0,278
130543,113,"ŞCOALA GIMNAZIALĂ ""IENĂCHIŢĂVĂCĂRESCU""",PLOIEŞTI,PH,1490,17,1,0,18,96,7,0,103,114,8,0,122,126,8,0,134,220,9,0,229,261,9,0,270
130543,114,"ŞCOALA GIMNAZIALĂ ""IENĂCHIŢĂVĂCĂRESCU""",PLOIEŞTI,PH,1316,13,2,0,15,63,4,0,67,97,5,0,102,108,5,0,113,171,6,0,177,211,7,0,218
130543,115,"ŞCOALA GIMNAZIALĂ ""IENĂCHŢĂVĂCĂRESCU""",PLOIEŞTI,PH,950,11,0,0,11,43,0,0,43,64,0,0,64,74,4,0,78,124,4,0,128,161,5,0,166
130543,116,"COLEGIUL TEHNIC ""TOMA N. SOCOLESCU""",PLOIEŞTI,PH,1019,6,0,0,6,30,0,0,30,49,0,0,49,60,0,0,60,107,0,0,107,147,0,0,147
130543,117,"COLEGIUL TEHNIC ""TOMA N. SOCOLESCU""",PLOIEŞTI,PH,730,3,0,0,3,19,3,0,22,32,10,0,42,34,11,0,45,84,15,0,99,110,24,0,134
130543,118,"COLEGIUL TEHNIC ""ELIE RADU""",PLOIEŞTI,PH,1409,7,0,0,7,45,2,0,47,65,2,0,67,83,2,0,85,143,3,0,146,187,7,0,194
130543,119,"COLEGIUL TEHNIC ""ELIE RADU""",PLOIEŞTI,PH,1467,9,0,0,9,60,2,0,62,89,2,0,91,96,2,0,98,166,5,0,171,217,10,0,227
130543,120,"COLEGIUL TEHNIC ""ELIE RADU""",PLOIEŞTI,PH,887,4,0,0,4,39,1,0,40,54,1,0,55,57,1,0,58,101,3,0,104,135,7,0,142
130543,121,"ŞCOALA GIMNAZIALĂ PROFESOR ""NICOLAE SIMACHE""",PLOIEŞTI,PH,1196,12,5,0,17,63,5,0,68,91,5,0,96,101,5,0,106,199,6,0,205,252,6,0,258
130543,122,"ŞCOALA GIMNAZIALĂ PROFESOR ""NICOLAE SIMACHE""",PLOIEŞTI,PH,1389,11,0,0,11,60,3,0,63,84,5,0,89,100,6,0,106,179,9,0,188,215,14,0,229
130543,123,"ŞCOALA GIMNAZIALĂ PROFESOR ""NICOLAE SIMACHE""",PLOIEŞTI,PH,1255,9,0,0,9,55,0,0,55,74,1,0,75,92,2,0,94,186,3,0,189,217,4,0,221
130543,124,"ŞCOALA GIMNAZIALĂ ""NICOLAE BĂLCESCU""",PLOIEŞTI,PH,1456,12,1,0,13,55,2,0,57,69,2,0,71,97,6,0,103,194,9,0,203,225,9,0,234
130543,125,"ŞCOALA GIMNAZIALĂ ""NICOLAE BĂLCESCU""",PLOIEŞTI,PH,1428,7,0,0,7,71,0,0,71,85,0,0,85,110,0,0,110,180,1,0,181,210,4,0,214
130543,126,"ŞCOALA GIMNAZIALĂ ""NICOLAE BĂLCESCU""",PLOIEŞTI,PH,1504,20,0,0,20,76,5,0,81,110,6,0,116,126,6,0,132,216,7,0,223,252,7,0,259
130543,127,"ŞCOALA GIMNAZIALĂ ""NICOLAE BĂLCESCU""",PLOIEŞTI,PH,1143,17,4,0,21,68,6,0,74,91,7,0,98,102,7,0,109,166,17,0,183,195,17,0,212
130543,128,"GRĂDINIŢA CU PROGRAM NORMAL NR. 10 (FOSTA GRRĂDINIŢĂ DE COPII NR. 10)",PLOIEŞTI,PH,1348,9,0,0,9,47,1,0,48,73,4,0,77,81,4,0,85,157,4,0,161,195,5,0,200
130543,129,"GRĂDINIŢA CU PROGRAM NORMAL NR. 10 (FOSTA GRRĂDINIŢĂ DE COPII NR. 10)",PLOIEŞTI,PH,960,8,2,0,10,29,2,0,31,48,3,0,51,63,3,0,66,121,3,0,124,145,4,0,149
130543,130,"GRĂDINIŢA CU PROGRAM NORMAL NR. 10 (FOSTA GRRĂDINIŢĂ DE COPII NR. 10)",PLOIEŞTI,PH,1108,6,0,0,6,37,3,0,40,56,3,0,59,71,5,0,76,127,9,0,136,149,9,0,158
130543,131,"GRĂDINIȚA CU PROGRAM PRELUNGIT NR. 23",PLOIEŞTI,PH,1065,6,0,0,6,41,0,0,41,63,0,0,63,72,0,0,72,128,1,0,129,156,5,0,161
130543,132,"ŞCOALA GIMNAZIALĂ ""ION CREANGĂ""",PLOIEŞTI,PH,1385,16,0,0,16,64,1,0,65,90,1,0,91,107,1,0,108,182,6,0,188,218,7,0,225
130543,133,"ŞCOALA GIMNAZIALĂ ""ION CREANGĂ""",PLOIEŞTI,PH,1281,15,0,0,15,69,0,0,69,99,3,0,102,120,3,0,123,213,8,0,221,246,16,0,262
130543,134,"ŞCOALA GIMNAZIALĂ ""ION CREANGĂ""",PLOIEŞTI,PH,1257,5,2,0,7,64,2,0,66,88,4,0,92,102,6,0,108,172,8,0,180,203,8,3,214
130543,135,"ŞCOALA GIMNAZIALĂ ""ION CREANGĂ""",PLOIEŞTI,PH,1208,19,1,0,20,82,7,0,89,121,8,0,129,127,9,0,136,235,12,0,247,286,14,0,300
130543,136,"ŞCOALA GIMNAZIALĂ ""ION CREANGĂ""",PLOIEŞTI,PH,1324,9,2,0,11,63,2,0,65,98,2,0,100,113,5,0,118,191,6,0,197,234,7,0,241
130543,137,"ŞCOALA GIMNAZIALĂ ""ANDREI MUREŞANU"" (ŞCOALA GIMNAZIALĂ ""ANDREI MUREŞEANU"")",PLOIEŞTI,PH,1542,15,1,0,16,78,6,0,84,118,7,0,125,130,8,0,138,226,9,0,235,282,14,0,296
130543,138,"ŞCOALA GIMNAZIALĂ ""ANDREI MUREŞANU"" (ŞCOALA GIMNAZIALĂ ""ANDREI MUREŞEANU)",PLOIEŞTI,PH,1268,10,0,0,10,63,3,0,66,83,3,0,86,95,4,0,99,155,4,0,159,198,8,0,206
130543,139,"ŞCOALA GIMNAZIALĂ ""ANDREI MUREŞANU"" (ŞCOALA GIMNAZIALĂ ""ANDREI MUREŞEANU)",PLOIEŞTI,PH,986,6,0,0,6,38,0,0,38,60,0,0,60,64,0,0,64,130,0,0,130,161,5,0,166
130543,140,"ŞCOALA GIMNAZIALĂ ""HENRI MATHIAS BERTHELOT""",PLOIEŞTI,PH,902,22,4,0,26,75,7,0,82,95,7,0,102,102,7,0,109,168,7,0,175,194,7,0,201
130543,141,"ŞCOALA GIMNAZIALĂ ""HENRI MATHIAS BERTHELOT""",PLOIEŞTI,PH,1196,18,0,0,18,83,1,0,84,106,1,0,107,114,3,0,117,180,6,0,186,205,9,0,214
130543,142,"ŞCOALA GIMNAZIALĂ ""HENRI MATHIAS BERTHELOT""",PLOIEŞTI,PH,1150,13,1,0,14,53,2,0,55,68,6,0,74,92,7,0,99,160,11,0,171,191,15,0,206
130543,143,"ŞCOALA GIMNAZIALĂ ""GRIGORE MOISIL""",PLOIEŞTI,PH,1103,14,1,0,15,58,2,0,60,71,3,0,74,78,6,0,84,130,9,0,139,164,16,0,180
130543,144,"ŞCOALA GIMNAZIALĂ ""GRIGORE MOISIL""",PLOIEŞTI,PH,1115,4,4,0,8,52,4,0,56,68,4,0,72,81,5,0,86,164,6,1,171,184,6,1,191
130543,145,"COLEGIUL NAŢIONAL ""NICHITA STĂNESCU""",PLOIEŞTI,PH,891,12,0,0,12,55,6,0,61,70,8,0,78,74,8,0,82,121,14,0,135,147,17,0,164
130543,146,"COLEGIUL NAŢIONAL ""NICHITA STĂNESCU""",PLOIEŞTI,PH,974,14,8,0,22,46,10,0,56,56,11,0,67,63,11,0,74,145,13,0,158,181,14,0,195
130543,147,"COLEGIUL NAŢIONAL ""NICHITA STĂNESCU""",PLOIEŞTI,PH,977,15,3,0,18,50,6,0,56,68,6,0,74,75,6,0,81,143,7,0,150,173,10,0,183
130543,148,"COLEGIUL NAŢIONAL ""NICHITA STĂNESCU""",PLOIEŞTI,PH,1322,15,2,0,17,60,3,0,63,97,3,0,100,107,3,0,110,190,3,0,193,224,7,0,231
130543,149,"ȘCOALA GIMNAZIALĂ ""ANDREI MUREȘANU""",PLOIEŞTI,PH,1395,27,0,0,27,66,0,0,66,111,2,0,113,129,4,0,133,198,5,0,203,245,5,0,250
130543,150,"ȘCOALA GIMNAZIALĂ ""ANDREI MUREȘANU""",PLOIEŞTI,PH,1386,13,0,0,13,94,0,0,94,121,1,0,122,135,1,0,136,214,5,0,219,241,10,0,251
130543,151,"LICEUL TEHNOLOGIC DE SERVICII ""SFÂNTUL APOSTOL ANDREI""",PLOIEŞTI,PH,1394,11,0,0,11,60,1,0,61,73,1,0,74,83,5,0,88,145,5,0,150,171,6,0,177
130543,152,"LICEUL TEHNOLOGIC DE SERVICII ""SFÂNTUL APOSTOL ANDREI""",PLOIEŞTI,PH,1415,11,0,0,11,64,2,0,66,87,4,0,91,105,6,0,111,206,10,0,216,223,17,0,240
130543,153,"LICEUL TEHNOLOGIC DE SERVICII ""SFÂNTUL APOSTOL ANDREI""",PLOIEŞTI,PH,1374,13,0,0,13,54,0,0,54,77,0,0,77,99,1,0,100,173,2,89,264,214,4,89,307
130543,154,"LICEUL TEHNOLOGIC DE SERVICII ""SFÂNTUL APOSTOL ANDREI""",PLOIEŞTI,PH,1353,17,1,0,18,83,1,0,84,113,1,0,114,131,2,0,133,205,5,0,210,244,8,0,252
130543,155,"LICEUL TEHNOLOGIC DE SERVICII ""SFÂNTUL APOSTOL ANDREI""",PLOIEŞTI,PH,1328,23,4,0,27,69,6,0,75,94,7,0,101,112,8,0,120,193,9,0,202,225,11,1,237
130543,156,"ŞCOALA PRIMARĂ NR. 22 (FOSTA ŞCOALĂ GIMNAZIALĂ ""MITICĂAPOSTOL"")",PLOIEŞTI,PH,1371,6,2,0,8,38,3,0,41,55,3,0,58,79,5,0,84,155,8,0,163,169,12,0,181
130543,157,"GARA PLOIEŞTI TRIAJ",PLOIEŞTI,PH,172,2,3,0,5,10,7,0,17,10,8,0,18,11,8,0,19,14,12,0,26,20,13,0,33
131265,158,"CASA DE CULTURĂ ”GEO BOGZA”-(HOL)",CÂMPINA,PH,1364,7,7,0,14,67,11,0,78,97,12,0,109,107,12,0,119,196,19,0,215,241,23,0,264
131265,159,"COLEGIUL NAŢIONAL“NICOLAE GRIGORESCU” - (SALA DE CLASA)",CÂMPINA,PH,1168,11,3,0,14,68,9,0,77,85,11,0,96,94,11,0,105,164,24,0,188,213,27,0,240
131265,160,"COLEGIUL NAŢIONAL“NICOLAE GRIGORESCU” - (SALA DE CLASA)",CÂMPINA,PH,1282,8,3,0,11,58,16,0,74,79,22,0,101,89,24,0,113,167,32,0,199,211,38,0,249
131265,161,"CASA TINERETULUI (HOL MARE)",CÂMPINA,PH,1037,10,0,0,10,52,11,0,63,59,14,0,73,81,16,0,97,126,31,0,157,141,38,0,179
131265,162,"ŞCOALA GIMNAZIALĂ CENTRALĂ - (SALA DE CLASA)",CÂMPINA,PH,1085,12,4,0,16,47,6,0,53,67,15,30,112,87,18,30,135,158,27,30,215,185,29,30,244
131265,163,"LICEUL TEHNOLOGIC ENERGETIC-(CORP A-SALA DE CLASA NR.5-INTRAREA SECUNDARA)",CÂMPINA,PH,1086,10,3,0,13,54,3,0,57,67,5,0,72,78,8,0,86,139,11,0,150,172,15,0,187
131265,164,"LICEUL TEHNOLOGIC ENERGETIC - (CORP A SALA DE CLASA NR.3-INTRAREA PRINCIPALA)",CÂMPINA,PH,906,13,2,0,15,39,4,0,43,53,5,0,58,62,5,0,67,109,9,0,118,139,12,0,151
131265,165,"ȘCOALA GIMNAZIALĂ ”B.P.HASDEU” - (SALA DE SPORT)",CÂMPINA,PH,1346,15,2,0,17,50,8,0,58,69,10,0,79,77,10,0,87,138,14,0,152,173,19,0,192
131265,166,"CASA TINERETULUI (HOL MIC)",CÂMPINA,PH,1448,11,0,0,11,64,6,0,70,92,8,0,100,104,8,0,112,197,10,0,207,231,12,0,243
131265,167,"SC STEAUA ROMÂNĂ S.A. - (CANTINA)",CÂMPINA,PH,1260,8,3,0,11,65,6,0,71,81,9,0,90,91,10,0,101,171,13,0,184,206,18,0,224
131265,168,"COLEGIUL TEHNIC FORESTIER - (SALA DE SPORT)",CÂMPINA,PH,1240,14,4,0,18,82,10,0,92,111,11,0,122,132,14,0,146,227,16,0,243,259,19,0,278
131265,169,"COLEGIUL TEHNIC FORESTIER - (SALA DE SPORT)",CÂMPINA,PH,1294,26,0,0,26,71,4,0,75,108,5,0,113,114,6,0,120,192,9,0,201,230,14,0,244
131265,170,"COLEGIUL TEHNIC CONSTANTIN ISTRATI (CAMIN)",CÂMPINA,PH,1617,15,0,0,15,50,2,0,52,87,4,0,91,105,9,0,114,204,13,0,217,248,15,0,263
131265,171,"COLEGIUL TEHNIC CONSTANTIN ISTRATI - SALA DE CLASA)",CÂMPINA,PH,1594,8,4,0,12,46,13,21,80,82,19,21,122,103,19,21,143,201,30,23,254,257,38,23,318
131265,172,"ȘCOALA GENERALĂ NR.5 - (SALA DE CLASA)",CÂMPINA,PH,1207,16,1,0,17,53,4,0,57,79,4,0,83,88,6,0,94,162,13,0,175,207,18,0,225
131265,173,"LICEUL TEHNOLOGIC MECANIC - (SALA DE SPORT)",CÂMPINA,PH,1574,7,0,0,7,61,2,0,63,85,2,0,87,94,2,0,96,176,6,0,182,217,7,0,224
131265,174,"LICEUL TEHNOLOGIC MECANIC - (CORP A SALA2)",CÂMPINA,PH,1342,8,0,0,8,61,0,0,61,86,0,0,86,93,0,0,93,152,0,0,152,190,5,0,195
131265,175,"LICEUL TEHNOLOGIC MECANIC - (CORP A SALA 3)",CÂMPINA,PH,1508,12,2,0,14,47,4,0,51,66,8,0,74,75,17,0,92,161,20,0,181,186,20,0,206
131265,176,"ȘCOALA GENERALĂ NR.6 - (SALA DE CLASA)",CÂMPINA,PH,1583,14,1,0,15,84,7,0,91,111,8,0,119,133,14,0,147,233,22,0,255,266,29,0,295
131265,177,"ȘCOALA GIMNAZIALĂ ”ALEXANDRU IOAN CUZA” -(SALA DE CLASA-ETAJ 1)",CÂMPINA,PH,1559,12,3,0,15,56,23,0,79,96,29,0,125,119,32,0,151,215,54,0,269,253,72,0,325
131265,178,"ȘCOALA GIMNAZIALĂ ”ALEXANDRU IOAN CUZA” - (SALA DE SPORT)",CÂMPINA,PH,1622,18,0,0,18,72,9,0,81,100,10,0,110,115,10,0,125,232,18,0,250,294,19,0,313
131265,179,"SC ELECTROUTILAJ SA - (CANTINA - SALA DE PROTOCOL)",CÂMPINA,PH,1710,15,0,0,15,55,11,0,66,91,11,0,102,104,16,0,120,197,22,0,219,257,25,0,282
131265,180,"ȘCOALA GENERALĂ NR.3 - (SALA DE SPORT)",CÂMPINA,PH,1689,18,1,0,19,76,5,0,81,89,6,0,95,110,6,0,116,217,11,102,330,283,17,102,402
130963,181,"LICEUL TEORETIC AZUGA",AZUGA,PH,1726,11,1,0,12,42,9,0,51,71,17,28,116,87,17,28,132,181,28,28,237,226,33,28,287
130963,182,"LICEUL TEORETIC AZUGA",AZUGA,PH,1053,3,2,0,5,30,15,0,45,34,22,0,56,42,31,0,73,112,44,0,156,124,49,0,173
130963,183,"GRĂDINIŢA DE COPII",AZUGA,PH,1234,6,3,0,9,45,11,0,56,69,25,0,94,89,26,0,115,168,33,0,201,193,34,0,227
130990,184,"SALA DE SPORT TINERETULUI",BĂICOI,PH,1110,16,4,0,20,50,5,18,73,66,5,18,89,86,5,18,109,160,12,18,190,216,14,18,248
130990,185,"GRADINITA CU PROGRAM NORMAL TUFENI",BĂICOI,PH,1249,14,2,0,16,44,7,0,51,60,10,0,70,80,10,0,90,147,16,0,163,200,18,0,218
130990,186,"CLUBUL ELEVILOR",BĂICOI,PH,1462,9,0,0,9,45,4,0,49,59,6,0,65,81,9,0,90,197,15,0,212,244,22,0,266
130990,187,"GR. SC. C-TIN CANTACUZINO",BĂICOI,PH,1137,13,2,0,15,37,2,0,39,47,2,0,49,56,2,0,58,111,6,0,117,158,12,0,170
130990,188,"GR. SC. C-TIN CANTACUZINO",BĂICOI,PH,1092,7,4,0,11,30,6,0,36,47,8,1,56,61,14,1,76,140,26,1,167,179,28,1,208
130990,189,"GRADINITA LILIESTI",BĂICOI,PH,1055,8,2,0,10,46,4,0,50,63,8,0,71,82,9,0,91,153,11,0,164,183,15,0,198
130990,190,"GRADINITA LILIESTI",BĂICOI,PH,1008,8,2,0,10,39,5,0,44,68,7,0,75,79,10,0,89,162,16,0,178,178,17,0,195
130990,191,"SCOALA NUMARUL 3 LILIESTI",BĂICOI,PH,1491,19,2,0,21,66,4,0,70,90,6,0,96,110,6,0,116,204,8,0,212,253,9,0,262
130990,192,"SCOALA NUMARUL 3 LILIESTI SALA NR. 2",BĂICOI,PH,1591,19,2,0,21,65,7,0,72,92,10,0,102,115,12,0,127,212,15,0,227,257,20,0,277
130990,193,"CASA DE CULTURA LILIESTI",BĂICOI,PH,1303,19,7,0,26,50,12,18,80,78,13,18,109,98,16,18,132,191,30,18,239,270,39,18,327
130990,194,"SCOALA GENERALA DAMBU",BĂICOI,PH,1121,6,0,0,6,32,0,0,32,50,0,0,50,64,0,0,64,144,5,0,149,211,7,0,218
130990,195,"SCOALA GENERALA TINTEA",BĂICOI,PH,1286,12,1,0,13,39,3,0,42,62,3,0,65,81,5,0,86,169,10,0,179,195,19,0,214
130990,196,"CASA DE CULTURA TINTEA",BĂICOI,PH,1036,14,5,0,19,41,7,0,48,57,9,0,66,86,9,0,95,154,15,0,169,178,19,0,197
131078,197,"ȘCOALA GIMNAZIALĂ ""MIHAI VITEAZUL""",BOLDEŞTI-SCĂENI,PH,999,2,1,0,3,36,9,0,45,50,11,0,61,63,11,0,74,145,22,0,167,175,28,0,203
131078,198,"ȘCOALA GIMNAZIALĂ ""MIHAI VITEAZUL""",BOLDEŞTI-SCĂENI,PH,1191,12,2,0,14,52,5,0,57,87,7,1,95,104,7,1,112,180,13,1,194,227,16,1,244
131078,199,"ȘCOALA GIMNAZIALĂ ""MIHAI VITEAZUL""",BOLDEŞTI-SCĂENI,PH,1224,5,0,0,5,33,0,0,33,49,0,0,49,62,1,0,63,136,1,0,137,169,7,0,176
131078,200,"GRĂDINIŢA CU PROGRAM NORMAL, NR.1",BOLDEŞTI-SCĂENI,PH,1367,5,0,0,5,31,2,0,33,43,2,0,45,60,2,0,62,143,7,0,150,245,15,0,260
131078,201,"ȘCOALA GIMNAZIALĂ NR.2",BOLDEŞTI-SCĂENI,PH,866,9,2,0,11,23,3,0,26,37,6,0,43,60,7,0,67,126,14,0,140,171,18,0,189
131078,202,"ȘCOALA GIMNAZIALĂ NR.2",BOLDEŞTI-SCĂENI,PH,1045,2,5,0,7,31,8,0,39,51,12,0,63,63,12,0,75,129,19,0,148,172,22,0,194
131078,203,"CASA DE CULTURĂ ""MIHAI EMINESCU""",BOLDEŞTI-SCĂENI,PH,882,4,0,0,4,19,0,0,19,34,2,0,36,58,2,0,60,125,15,0,140,152,17,0,169
131078,204,"LICEUL TEHNOLOGIC ""TEODOR DIAMANT""",BOLDEŞTI-SCĂENI,PH,1005,4,4,0,8,19,4,0,23,39,6,0,45,48,12,0,60,129,15,0,144,162,22,0,184
131087,205,"ȘCOALA PRIMARĂ SECIU",SECIU,PH,813,12,3,0,15,34,3,0,37,43,3,0,46,52,4,0,56,86,7,0,93,112,7,0,119
131176,206,"GRĂDINIȚA CU PROGRAM NORMAL PODU VADULUI","PODU VADULUI",PH,1395,26,1,0,27,98,26,0,124,116,31,0,147,173,33,0,206,284,52,0,336,343,61,0,404
131112,207,"ȘCOALA GIMNAZIALĂ BREAZA DE JOS","BREAZA DE JOS",PH,967,6,2,0,8,39,10,0,49,58,11,0,69,63,11,0,74,109,26,0,135,139,27,0,166
131112,208,"ȘCOALA GIMNAZIALĂ BREAZA DE JOS","BREAZA DE JOS",PH,1038,7,3,0,10,27,15,0,42,37,20,0,57,46,20,0,66,82,27,0,109,94,32,0,126
131121,209,"LICEUL TEORETIC ""AUREL VLAICU"" BREAZA","BREAZA DE SUS",PH,1468,3,6,0,9,27,23,0,50,42,33,0,75,52,33,0,85,115,71,0,186,137,85,0,222
131121,210,"LICEUL TEORETIC ""AUREL VLAICU"" BREAZA","BREAZA DE SUS",PH,1097,8,0,0,8,35,1,27,63,55,6,27,88,62,8,27,97,120,10,27,157,153,13,27,193
131121,211,"LICEUL TEORETIC ,,AUREL VLAICU"" BREAZA","BREAZA DE SUS",PH,1597,10,3,0,13,57,11,0,68,70,13,0,83,82,15,0,97,155,47,0,202,186,56,0,242
131121,212,"LICEUL TEORETIC ,,AUREL VLAICU"" BREAZA","BREAZA DE SUS",PH,897,8,2,0,10,48,37,0,85,59,49,0,108,70,51,0,121,128,66,0,194,138,70,0,208
131121,213,"GRĂDINIŢA CU PROGRAM PRELUNGIT ȘI PROGRAM NORMAL ,,CASTELUL FERMECAT""","BREAZA DE SUS",PH,908,17,0,0,17,54,6,0,60,62,7,0,69,79,10,0,89,130,12,0,142,148,13,0,161
131121,214,"ȘCOALA GIMNAZIALĂ ,,CONSTANTIN BRÂNCOVEANU"" BREAZA","BREAZA DE SUS",PH,1305,12,0,0,12,41,12,0,53,54,17,0,71,79,17,0,96,165,49,0,214,175,55,0,230
136232,215,"GRĂDINIŢA CU PROGRAM NORMAL GURA BELIEI ""ALBINUŢA""","GURA BELIEI",PH,1104,7,2,0,9,23,9,0,32,33,12,0,45,39,12,0,51,90,24,0,114,108,28,0,136
131158,216,"ȘCOALA GIMNAZIALĂ NISTOREȘTI",NISTOREŞTI,PH,1104,11,1,0,12,18,6,0,24,24,9,0,33,35,14,0,49,89,20,0,109,114,29,0,143
131194,217,"ȘCOALA GIMNAZIALĂ VALEA TÂRSEI","VALEA TÎRSEI",PH,1225,4,1,0,5,21,3,0,24,27,5,0,32,33,6,0,39,64,13,0,77,75,16,0,91
131229,218,"COLEGIUL ION KALINDERU",BUŞTENI,PH,904,11,3,0,14,49,19,0,68,60,26,0,86,65,40,0,105,130,79,0,209,141,96,0,237
131229,219,"ŞCOALA GIMNAZIALĂ ,,NESTOR URECHIA”",BUŞTENI,PH,1003,9,0,0,9,41,40,0,81,48,53,0,101,61,56,0,117,126,78,0,204,157,90,0,247
131229,220,"ŞCOALA GIMNAZIALĂ,,NESTOR URECHIA”",BUŞTENI,PH,874,5,4,0,9,48,35,0,83,66,58,0,124,77,61,0,138,147,93,0,240,170,104,0,274
131229,221,"GRĂDINIŢA CU PP SI PN,,FRAM - URSUL POLAR”",BUŞTENI,PH,616,8,5,0,13,48,9,0,57,59,9,0,68,60,10,0,70,127,14,0,141,139,22,0,161
131229,222,"SEDIUFIRMĂ PAZĂ",BUŞTENI,PH,1392,8,13,0,21,33,59,0,92,50,76,0,126,62,80,0,142,154,103,0,257,192,123,0,315
131229,223,"ŞCOALA GIMNAZIALĂ ,,REGINA ELISABETA”",BUŞTENI,PH,1308,9,3,0,12,46,21,0,67,63,30,0,93,85,30,0,115,155,47,0,202,194,59,0,253
131229,224,"ŞCOALA GIMNAZIALĂ,,CEZAR PETRESCU”",BUŞTENI,PH,1295,14,5,0,19,45,25,0,70,68,47,0,115,86,50,0,136,177,71,0,248,210,79,0,289
131229,225,"ŞCOALA GIMNAZIALĂ,,CEZAR PETRESCU”",BUŞTENI,PH,930,10,0,0,10,55,17,0,72,69,29,0,98,88,31,0,119,163,44,0,207,205,54,0,259
131345,226,"LICEUL SIMION STOLNICU",COMARNIC,PH,1553,7,2,0,9,31,5,0,36,40,8,0,48,50,9,0,59,129,16,0,145,161,22,0,183
131345,227,"SCOALA GIMNAZIALA COMARNIC NR.2",COMARNIC,PH,859,1,0,0,1,13,3,0,16,22,3,0,25,38,6,0,44,87,15,0,102,116,17,0,133
131345,228,"SCOALA GIMNAZIALA COMARNIC NR.2",COMARNIC,PH,1313,5,2,0,7,27,2,0,29,30,4,0,34,44,4,0,48,86,8,0,94,109,9,0,118
131372,229,"SCOALA GIMNAZIALA COMARNIC",POIANA,PH,1479,5,0,0,5,8,5,0,13,16,10,0,26,25,14,0,39,88,17,0,105,115,20,0,135
131372,230,"GRADINITA CU PROGRAM NORMALPOIANA",POIANA,PH,881,1,0,0,1,10,0,0,10,16,0,0,16,24,0,0,24,81,5,0,86,112,7,0,119
131363,231,"GRADINITA CU PROGRAM NORMALPODUL LUNG","PODU LUNG",PH,500,1,0,0,1,4,3,0,7,9,4,0,13,14,5,0,19,59,12,0,71,89,17,0,106
131354,232,"GRADINITA CU PROGRAM NORMAL GHIOȘEȘTI",GHIOŞEŞTI,PH,1595,10,0,0,10,25,8,0,33,44,10,0,54,68,10,0,78,168,24,0,192,207,26,0,233
131345,233,"SCOALA PRIMARA GHIOȘEȘTI",COMARNIC,PH,1126,2,0,0,2,12,2,0,14,22,4,0,26,29,4,0,33,68,4,0,72,92,5,0,97
131381,234,"GRADINITA CU PROGRAM NORMALPOSADA",POSADA,PH,1171,6,3,0,9,22,10,0,32,41,10,0,51,44,13,0,57,104,20,0,124,118,23,1,142
131416,235,"SALA DE SPORT MIZIL",MIZIL,PH,1554,10,0,0,10,52,1,0,53,74,5,0,79,93,5,0,98,180,12,0,192,230,15,0,245
131416,236,"ŞCOALA GIMNAZIALĂ "" SFÂNTUL NICOLAE ""MIZIL",MIZIL,PH,1277,6,5,0,11,34,6,0,40,47,6,0,53,68,6,0,74,148,9,0,157,190,13,0,203
131416,237,"ŞCOALA GIMNAZIALĂ NR.1 MIZIL",MIZIL,PH,1035,13,0,0,13,51,5,0,56,66,5,0,71,88,5,0,93,144,11,0,155,176,11,0,187
131416,238,"LICEUL TEHNOLOGIC ""TASE DUMITRESCU"" MIZIL",MIZIL,PH,965,11,0,0,11,44,5,0,49,67,7,0,74,92,11,0,103,148,16,0,164,183,29,0,212
131416,239,"PRIMĂRIA ORAŞMIZIL",MIZIL,PH,1030,7,2,0,9,22,4,0,26,35,4,0,39,48,4,0,52,85,7,0,92,153,13,0,166
131416,240,"PRIMĂRIA ORAŞ MIZIL",MIZIL,PH,1042,17,1,0,18,61,8,0,69,80,15,0,95,102,18,0,120,181,29,0,210,216,33,0,249
131416,241,"PRIMĂRIA ORAŞ MIZIL",MIZIL,PH,1108,12,0,0,12,43,0,0,43,58,0,0,58,75,0,0,75,172,0,0,172,183,0,0,183
131416,242,"CENTRUL CULTURAL""ADRIAN PĂUNESCU""",MIZIL,PH,1412,13,5,0,18,41,5,0,46,55,6,0,61,75,6,0,81,154,7,0,161,206,8,0,214
131416,243,"ŞCOALA GIMNAZIALĂ "" SFÂNTAMARIA ""MIZIL",MIZIL,PH,1015,9,0,0,9,35,6,0,41,53,9,0,62,64,9,0,73,114,11,0,125,147,11,0,158
131416,244,"ŞCOALA GIMNAZIALĂ "" SFÂNTA MARIA ""MIZIL",MIZIL,PH,1139,5,0,0,5,39,3,0,42,65,5,0,70,83,5,0,88,161,8,0,169,197,14,0,211
131416,245,"LICEUL TEORETIC "" GRIGORETOCILESCU"" MIZIL",MIZIL,PH,1013,13,0,0,13,29,2,0,31,50,9,15,74,62,9,15,86,133,9,15,157,185,9,15,209
131452,246,"CASA DE CULTURĂ PLOPENI",PLOPENI,PH,1276,18,1,0,19,74,7,0,81,104,7,0,111,133,7,0,140,207,11,0,218,243,12,0,255
131452,247,"SALA POLIVALENTĂ PLOPENI",PLOPENI,PH,1229,15,0,0,15,47,6,0,53,64,6,0,70,79,7,0,86,132,8,0,140,170,10,0,180
131452,248,"SALA POLIVALENTĂ PLOPENI",PLOPENI,PH,1102,8,2,0,10,47,4,0,51,71,4,0,75,82,4,0,86,156,9,0,165,194,10,0,204
131452,249,"COLEGIUL TEHNIC ""GHEORGHE LAZĂR"" PLOPENI",PLOPENI,PH,1156,13,0,0,13,60,1,0,61,81,1,0,82,95,1,0,96,156,1,1,158,197,1,1,199
131452,250,"COLEGIUL TEHNIC""GHEORGHE LAZĂR"" PLOPENI",PLOPENI,PH,1501,10,0,0,10,47,1,0,48,58,1,0,59,63,1,0,64,153,2,0,155,199,8,0,207
131452,251,"ŞCOALA GIMNAZIALA ""CAROL I"" PLOPENI",PLOPENI,PH,1400,8,0,0,8,40,1,0,41,59,1,0,60,88,1,0,89,153,3,0,156,192,9,0,201
131559,252,"COLEGIUL ""MIHAIL CANTACUZINO"" SALA AP.1",SINAIA,PH,1321,6,2,0,8,61,6,0,67,78,6,0,84,81,7,0,88,174,32,0,206,211,44,0,255
131559,253,"COLEGIUL ""MIHAIL CANTACUZINO"" SALA AP.2",SINAIA,PH,1066,7,1,0,8,48,2,0,50,58,2,0,60,59,3,0,62,141,13,0,154,165,18,0,183
131559,254,"SCOALA GIMNAZIALA ""PRINCIPESA MARIA""CORP B",SINAIA,PH,776,12,3,0,15,46,8,0,54,56,11,0,67,67,11,0,78,126,18,0,144,133,19,0,152
131559,255,"SCOALA GIMNAZIALA ""PRINCIPESA MARIA""CORP A",SINAIA,PH,699,6,0,0,6,43,3,0,46,68,13,0,81,83,15,0,98,127,25,0,152,147,29,0,176
131559,256,"SCOALA GIMNAZIALA ""PRINCIPESA MARIA""CORP A",SINAIA,PH,1048,9,2,0,11,39,8,0,47,55,18,0,73,58,20,0,78,134,36,0,170,166,56,0,222
131559,257,"IMOBIL PROPRIETATE ORAS SINAIA",SINAIA,PH,946,17,0,0,17,79,7,0,86,103,12,0,115,118,12,0,130,200,20,0,220,221,21,0,242
131559,258,"CLUBUL SPORTIV CARPAŢI - SALA DE SPORT",SINAIA,PH,811,2,1,0,3,43,13,0,56,55,17,0,72,58,17,0,75,105,29,0,134,134,42,0,176
131559,259,"ŞCOALA GIMNAZIALA ""GEORGE ENESCU"" SALA 3 B",SINAIA,PH,520,8,10,0,18,33,82,0,115,39,127,0,166,43,135,0,178,74,185,0,259,84,210,0,294
131559,260,"ŞCOALA GIMNAZIALA ""GEORGE ENESCU"" SALA I B",SINAIA,PH,891,4,6,0,10,59,39,0,98,80,64,0,144,86,65,0,151,145,104,0,249,169,134,0,303
131559,261,"CENTRUL CULTURAL ""CARMEN SYLVA""",SINAIA,PH,565,9,6,0,15,36,11,0,47,43,16,0,59,49,16,0,65,90,25,0,115,107,28,0,135
131559,262,"CENTRUL DE ACŢIUNE SI INFORMARE COMUNITARA",SINAIA,PH,588,6,2,0,8,22,23,0,45,33,45,0,78,40,53,0,93,82,96,0,178,96,111,0,207
131559,263,"CENTRUL INTERNATIONAL DE CONFERINŢE CASINO",SINAIA,PH,653,3,5,0,8,23,32,0,55,38,54,0,92,39,55,0,94,81,116,0,197,96,130,0,226
131602,264,"ŞCOALA PRĂJANI",PRĂJANI,PH,1035,11,4,0,15,34,7,0,41,62,11,0,73,94,14,0,108,160,25,0,185,188,30,0,218
131586,265,"LICEUL TEORETIC ,,ŞERBAN VODĂ,,",SLĂNIC,PH,1169,7,5,0,12,40,28,0,68,50,55,0,105,81,65,0,146,134,125,0,259,172,144,0,316
131586,266,"LICEUL TEORETIC ,,ŞERBAN VODĂ,,",SLĂNIC,PH,1271,8,4,0,12,42,18,0,60,53,18,0,71,76,23,0,99,152,39,0,191,176,41,0,217
131595,267,"SCOALA GROSANI",GROŞANI,PH,1401,10,1,0,11,23,3,0,26,39,5,0,44,61,9,0,70,115,15,0,130,139,20,0,159
131639,268,"GRĂDINIŢA DE COPII CU PROGRAM PRELUNGIT ""CLOPOȚICA"" ORAȘUL URLAȚI",URLAŢI,PH,1528,13,1,0,14,53,7,0,60,75,9,0,84,97,10,0,107,207,25,0,232,258,27,0,285
131639,269,"LICEUL TEORETIC ""BRÂNCOVEANU VODĂ""ORAȘUL URLATI (CLADIREA VECHE)",URLAŢI,PH,1548,8,0,0,8,44,7,0,51,71,9,0,80,81,21,0,102,171,21,4,196,214,24,4,242
131639,270,"LICEUL TEORETIC ""BRÂNCOVEANU VODĂ"" ORAȘUL URLAȚI",URLAŢI,PH,1492,4,0,0,4,18,1,0,19,34,2,0,36,42,3,0,45,140,6,0,146,172,15,0,187
131639,271,"ŞCOALA GIMNAZIALĂ""CĂNUŢĂ IONESCU"" ORAȘULURLATI",URLAŢI,PH,1640,8,0,0,8,34,5,0,39,56,5,0,61,76,8,0,84,178,10,0,188,220,12,0,232
131639,272,"CASA DE CULTURĂ ORAȘUL URLAŢI",URLAŢI,PH,1487,13,0,0,13,52,6,0,58,84,6,0,90,111,7,0,118,228,17,1,246,282,20,1,303
131639,273,"GRĂDINIȚA CU PROGRAM NORMAL ""JERCĂLĂI"" ORAȘUL URLAȚI",URLAŢI,PH,820,2,2,0,4,6,6,0,12,13,6,0,19,18,6,0,24,81,14,0,95,99,18,0,117
131639,274,"GRĂDINIȚA CU PROGRAM NORMAL ""VALEA URLOI"" ORAȘUL URLAȚI",URLAŢI,PH,875,6,0,0,6,18,3,0,21,35,4,0,39,42,4,0,46,66,5,0,71,79,11,0,90
131826,275,"PRIMĂRIA VĂLENII DE MUNTE (CASA CĂSĂTORIILOR)","VĂLENII DE MUNTE",PH,1038,18,4,0,22,44,15,0,59,62,21,0,83,73,21,0,94,181,35,0,216,209,36,0,245
131826,276,"CASA DE CULTURĂ (SALA MICĂ)","VĂLENII DE MUNTE",PH,1309,30,7,0,37,81,26,0,107,106,27,0,133,128,30,0,158,209,49,0,258,247,63,0,310
131826,277,"CASA DE CULTURĂ (FOAIER)","VĂLENII DE MUNTE",PH,1107,8,2,0,10,51,15,0,66,77,17,0,94,92,17,0,109,166,30,0,196,209,35,0,244
131826,278,"CLUBUL COPIILOR","VĂLENII DE MUNTE",PH,894,9,1,0,10,47,3,0,50,58,5,0,63,71,6,0,77,128,10,0,138,159,14,0,173
131826,279,"ȘCOALA GIMNAZIALĂ ""INGINER GHEORGHE PĂNCULESCU""","VĂLENII DE MUNTE",PH,1283,23,2,0,25,82,10,0,92,106,11,0,117,131,13,0,144,237,26,0,263,301,28,0,329
131826,280,"GRĂDINIȚA CU PROGRAM NORMAL NR. 1","VĂLENII DE MUNTE",PH,1427,17,4,0,21,58,9,0,67,80,11,0,91,106,15,0,121,201,23,23,247,254,27,23,304
131826,281,"GRĂDINIȚA CU PROGRAM NORMAL NR. 4","VĂLENII DE MUNTE",PH,1020,20,2,0,22,54,2,0,56,70,2,0,72,83,2,0,85,166,14,0,180,208,16,0,224
131826,282,"LICEUL TEHNOLOGIC AGROMONTAN ""ROMEO CONSTANTINESCU""","VĂLENII DE MUNTE",PH,961,13,1,0,14,50,8,0,58,67,12,0,79,87,12,0,99,166,20,0,186,201,30,0,231
131826,283,"ȘCOALA PRIMARĂ NR.4 (MIULEȘTI)","VĂLENII DE MUNTE",PH,1201,13,1,0,14,67,10,0,77,104,19,0,123,121,20,0,141,214,36,0,250,255,43,0,298
131826,284,"ȘCOALA PRIMARĂ NR.2 (VALEA GARDULUI)","VĂLENII DE MUNTE",PH,901,14,0,0,14,31,8,0,39,40,10,0,50,47,10,0,57,131,13,0,144,171,15,0,186
131906,285,"CĂMIN CULTURAL",ADUNAŢI,PH,904,0,2,0,2,20,2,0,22,25,5,0,30,42,7,0,49,69,23,0,92,119,24,0,143
131906,286,"GRĂDINIȚA „CASTELUL PITICILOR”",ADUNAŢI,PH,791,2,0,0,2,17,0,0,17,27,0,0,27,36,0,0,36,77,5,0,82,119,8,0,127
131942,287,"SCOALA GIMNAZIALA CLASELE I-VIII ALBESTI PALEOLOGU",ALBEŞTI-PALEOLOGU,PH,1455,6,0,0,6,25,3,0,28,34,5,0,39,61,5,0,66,144,12,0,156,182,20,0,202
131979,288,"SCOALA GIMNAZIALA CLASELE I-VIII SAT VADU PĂRULUI","VADU PĂRULUI",PH,1556,6,1,0,7,17,4,0,21,26,4,0,30,50,7,0,57,120,14,0,134,174,21,0,195
131951,289,"SCOALA GIMNAZIALA CU CLASELE I-IV SAT ALBESTI MURU",ALBEŞTI-MURU,PH,897,5,2,0,7,22,3,0,25,31,5,0,36,48,5,0,53,102,10,0,112,153,17,0,170
131960,290,"SCOALA GIMNAZIALA CU CLASELE I-VIII CIOCENI",CIOCENI,PH,706,2,1,0,3,7,3,0,10,12,3,0,15,26,6,0,32,79,12,0,91,122,13,0,135
131997,291,"SCOALA GIMNAZIALA GHEORGHE COSTESCU ALUNIS",ALUNIŞ,PH,1210,7,1,0,8,28,4,0,32,46,14,0,60,65,19,0,84,172,35,0,207,279,51,0,330
131997,292,"SCOALA CU CLS. I-IV ALUNIS VALE",ALUNIŞ,PH,722,5,3,0,8,21,8,0,29,27,9,0,36,49,13,0,62,105,17,0,122,168,19,0,187
132002,293,"SCOALA GIMNAZIALASAT OSTROVU",OSTROVU,PH,799,6,0,0,6,15,4,0,19,25,6,0,31,38,7,0,45,123,18,0,141,165,22,0,187
132020,294,"CONSILIUL LOCAL APOSTOLACHE",APOSTOLACHE,PH,864,4,0,0,4,16,4,0,20,20,7,0,27,41,10,0,51,114,23,0,137,142,33,0,175
132020,295,"CONSILIUL LOCAL APOSTOLACHE",APOSTOLACHE,PH,800,5,1,0,6,16,1,0,17,20,2,0,22,32,3,0,35,88,7,0,95,110,12,0,122
132084,296,"ȘCOALAGIMNAZIALĂ COMUNA ARICEȘTII RAHTIVANI NR. 96A","ARICEŞTII RAHTIVANI",PH,1186,4,0,0,4,26,1,0,27,44,6,0,50,65,6,0,71,107,18,0,125,139,25,0,164
132084,297,"CĂMINUL CULTURAL ARICEȘTII RAHTIVANI, NR. 527A","ARICEŞTII RAHTIVANI",PH,1067,8,3,0,11,24,4,0,28,33,4,0,37,53,4,0,57,123,9,0,132,148,13,0,161
132100,298,"GRĂDINIȚA CU PROGRAM NORMAL NEDELEA NR. 47A",NEDELEA,PH,790,2,1,0,3,10,7,0,17,15,8,0,23,32,10,0,42,91,11,0,102,113,13,0,126
132100,299,"ȘCOALA GIMNAZIALĂ SAT NEDELEA, COMUNA ARICEȘTII RAHTIVANI, NR. 491",NEDELEA,PH,1168,3,0,0,3,15,0,0,15,26,0,0,26,39,0,0,39,82,5,0,87,106,11,0,117
132119,300,"ȘCOALA GIMNAZIALĂ SAT STOENEȘTI NR. 14",STOENEŞTI,PH,1150,3,1,0,4,38,6,0,44,49,6,0,55,54,10,0,64,128,14,138,280,159,17,138,314
132128,301,"GRĂDINIȚA CU PROGRAM NORMAL TÎRGȘORU NOU, NR. 175","TÎRGŞORU NOU",PH,904,5,1,0,6,17,5,0,22,28,10,0,38,42,12,0,54,97,25,178,300,118,34,178,330
132093,302,"GRĂDINIȚA CU PROGRAM NORMAL BUDA NR. 46 A",BUDA,PH,421,7,2,0,9,19,3,0,22,29,10,0,39,38,12,0,50,78,20,0,98,95,27,0,122
132146,303,"ŞCOALA GIMNAZIALĂ ATHANASIE JAN STOICESCU","ARICEŞTII ZELETIN",PH,955,7,1,0,8,25,4,0,29,33,8,0,41,62,12,0,74,146,24,0,170,191,31,0,222
132173,304,"SCOALA GIMNAZIALĂ BABA ANA","BABA ANA",PH,1555,6,0,0,6,22,3,0,25,32,4,0,36,59,8,0,67,139,16,0,155,187,24,0,211
132191,305,"SCOALA GIMNAZIALĂ CONDURATU",CONDURATU,PH,987,4,0,0,4,29,11,0,40,46,12,0,58,70,13,0,83,127,23,0,150,158,27,0,185
132182,306,"SCOALA GIMNAZIALĂ CIREŞANU",CIREŞANU,PH,670,2,3,0,5,23,5,0,28,42,9,0,51,61,10,0,71,105,15,0,120,146,21,0,167
132217,307,"SCOALA CU CLS. I-IV SATU NOU","SATU NOU",PH,94,1,0,0,1,4,0,0,4,5,0,0,5,5,0,0,5,10,0,0,10,14,6,0,20
132235,308,"ȘCOALA GIMNAZIALĂ SFINȚII ÎMPĂRAȚI BALTA DOAMNEI","BALTA DOAMNEI",PH,1183,3,0,0,3,36,6,0,42,50,11,1,62,67,15,1,83,194,25,1,220,277,38,1,316
132244,309,"ȘCOALA PRIMARĂ DIN BÎRA",BÎRA,PH,768,1,0,0,1,7,1,0,8,16,4,0,20,22,7,0,29,63,16,1,80,95,19,1,115
132280,310,"ŞCOALA CU CLASELE I-IV",BĂLŢEŞTI,PH,1517,13,0,0,13,37,0,0,37,54,3,0,57,81,4,0,85,162,11,0,173,222,16,0,238
132306,311,"ŞCOALA PODENII VECHI","PODENII VECHI",PH,1414,6,4,0,10,11,4,0,15,36,5,0,41,50,8,0,58,140,19,0,159,191,21,0,212
132324,312,"ŞCOALA GIMNAZIALĂ ""IOAN DUHOVNICUL"" BĂNEŞTI",BĂNEŞTI,PH,1413,9,0,0,9,40,15,0,55,61,17,15,93,82,17,15,114,172,32,15,219,216,38,15,269
132324,313,"DISPENSAR UMAN BĂNEŞTI",BĂNEŞTI,PH,1342,6,2,0,8,37,2,9,48,60,3,9,72,77,7,9,93,162,21,9,192,206,29,9,244
132333,314,"ŞCOALA GIMNAZIALĂ ""IOAN DUHOVNICUL"" BĂNEŞTI",URLETA,PH,1085,10,0,0,10,27,0,0,27,71,6,17,94,83,6,17,106,144,7,17,168,191,9,17,217
132333,315,"ŞCOALA GIMNAZIALĂ ""IOAN DUHOVNICUL"" BĂNEŞTI",URLETA,PH,983,8,1,0,9,32,7,0,39,43,7,0,50,61,11,0,72,118,16,14,148,147,25,14,186
130561,316,"ŞCOALA GIMNAZIALĂ ""GHEORGHE LAZĂR"" COMUNABĂRCĂNEŞTI",BĂRCĂNEŞTI,PH,1287,10,0,0,10,27,2,0,29,44,3,0,47,53,3,0,56,98,4,0,102,134,5,0,139
130561,317,"ŞCOALA GIMNAZIALĂ ""GHEORGHE LAZĂR"" COMUNABĂRCĂNEŞTI",BĂRCĂNEŞTI,PH,1433,5,4,0,9,18,4,0,22,34,6,0,40,50,6,0,56,114,7,0,121,135,8,0,143
130570,318,"SEDIUL FOSTEI ŞCOLI CU CLASELEI-IV GHIGHIU",GHIGHIU,PH,613,1,0,0,1,40,7,0,47,47,9,0,56,50,12,0,62,96,16,0,112,128,20,0,148
130589,319,"SEDIUL FOSTEIŞCOLI CU CLASELEI-IV PUŞCAŞI",PUŞCAŞI,PH,338,2,0,0,2,12,0,0,12,18,1,0,19,20,2,0,22,30,7,0,37,43,8,0,51
130598,320,"ŞCOALA GIMNAZIALĂROMÂNEŞTI",ROMÂNEŞTI,PH,1590,12,1,0,13,36,3,0,39,43,3,0,46,60,5,0,65,143,8,0,151,171,21,0,192
130605,321,"ŞCOALA GIMNAZIALĂTĂTĂRANI",TĂTĂRANI,PH,1235,5,2,0,7,26,6,0,32,35,10,0,45,58,11,0,69,113,14,0,127,134,16,0,150
130605,322,"ŞCOALA GIMNAZIALĂTĂTĂRANI",TĂTĂRANI,PH,1314,6,0,0,6,30,2,0,32,37,3,0,40,86,11,0,97,174,22,0,196,205,28,0,233
135333,323,"SCOALA GIMNAZIALA, COMUNA BATRANI",BĂTRÂNI,PH,915,10,2,0,12,32,4,0,36,46,6,0,52,64,6,0,70,158,13,0,171,206,16,0,222
135333,324,"GRADINITA DE COPII",BĂTRÂNI,PH,766,2,0,0,2,10,0,0,10,22,1,0,23,41,2,0,43,121,5,0,126,177,9,0,186
130623,325,"SCOALA GIMNAZIALA BERCENI,SALA DE SPORT PARTER",BERCENI,PH,1306,12,4,0,16,45,11,0,56,62,14,0,76,79,17,0,96,160,30,0,190,226,39,0,265
130623,326,"GRADINITA CU PROGRAM NORMAL-SALA MICA PARTER,COM.BERCENI,SAT BERCENI,STR.GRADINITEI NR. 358 A",BERCENI,PH,760,5,2,0,7,16,2,0,18,30,3,0,33,44,3,0,47,98,4,0,102,128,9,0,137
130650,327,"SCOALA CU CLASELE I-VIII-SALA DE SPORT PARTER,COM.BERCENI,SAT CORLATESTI,STR.SCOLII,NR.139 A",CORLĂTEŞTI,PH,1194,15,0,0,15,41,4,0,45,60,6,0,66,72,6,0,78,144,11,0,155,194,15,0,209
130632,328,"CAMINUL CULTURAL -SALA MARE PARTER,COM.BERCENI,SAT DIMBU,STR.PLOPULUI,NR.73 A,","CARTIERUL DÎMBU",PH,389,8,4,0,12,15,8,0,23,21,9,0,30,39,11,0,50,62,15,0,77,76,16,0,92
130641,329,"GRADINITA CU PROGRAM NORMAL,SALA MICA PARTER,COM.BERCENI,SAT CATUNU.STR.DEMOCRATIEI,NR.148 A",CĂTUNU,PH,536,6,2,0,8,20,3,0,23,29,6,0,35,39,6,0,45,91,9,0,100,119,9,0,128
130669,330,"GRADINITA CU PROGRAM NORMAL-SALA MARE PARTER,COM.BERCENI,SAT MOARA NOUA,STR.SCOLII,NR.106 C","MOARA NOUĂ",PH,855,2,4,0,6,18,8,37,63,33,8,37,78,51,9,37,97,105,28,37,170,152,30,37,219
132351,331,"GRADINITA DE COPII NR.1",BERTEA,PH,1386,7,0,0,7,27,0,0,27,37,1,0,38,64,3,0,67,125,12,0,137,185,19,0,204
132351,332,"GRADINITA DE COPII NR.2",BERTEA,PH,1164,1,2,0,3,9,5,0,14,26,12,0,38,44,13,0,57,137,17,0,154,185,21,0,206
130687,333,"ȘCOALA GIMNAZIALĂ ,,RADU TUDORAN'' BLEJOI, SAT BLEJOI, NR. 510",BLEJOI,PH,1631,18,0,0,18,47,5,0,52,87,6,0,93,116,6,0,122,235,20,0,255,304,24,3,331
130687,334,"GRĂDINIȚA CU PROGRAM NORMAL BLEJOI, SAT BLEJOI, NR. 511",BLEJOI,PH,1548,6,1,0,7,28,3,0,31,44,3,0,47,63,5,0,68,167,12,0,179,218,13,0,231
130696,335,"GRĂDINIȚA CU PROGRAM NORMAL PLOIEȘTIORI, SAT PLOIEȘTIORI, NR. 537",PLOIEŞTIORI,PH,1097,11,0,0,11,26,2,0,28,44,3,0,47,55,6,0,61,122,11,0,133,162,16,0,178
130696,336,"CĂMINUL CULTURAL ,,GEO BOGZA'', SAT PLOIEȘTIORI, NR. 174 B",PLOIEŞTIORI,PH,1754,14,4,0,18,54,7,0,61,79,8,0,87,93,10,0,103,202,18,0,220,269,24,0,293
130703,337,"GRĂDINIȚA CU PROGRAM NORMAL ȚÎNȚĂRENI, SAT ȚÎNȚĂRENI, NR. 232 E",ŢÎNŢĂRENI,PH,1402,2,0,0,2,26,5,0,31,37,5,0,42,63,7,0,70,146,18,0,164,201,24,0,225
132388,338,"CĂMİN CULTURAL BOLDEŞTİ",BOLDEŞTI,PH,670,10,0,0,10,31,1,0,32,41,1,0,42,50,3,0,53,89,6,0,95,114,15,0,129
132397,339,"ŞCOALA GİMNAZİALĂ COMUNA BOLDEŞTİ-GRADİŞTEA,CORP B",GRADIŞTEA,PH,723,3,2,0,5,10,4,0,14,14,4,0,18,17,4,0,21,53,10,0,63,78,13,0,91
130730,340,"SALA DE SPORT A ŞCOLII GIMNAZIALE ""DUMITRU HERA"" BĂTEŞTI",BĂTEŞTI,PH,1442,16,3,0,19,52,11,0,63,94,13,9,116,132,17,9,158,246,22,9,277,299,25,9,333
130749,341,"SALA DE FESTIVITĂŢI A PRIMĂRIEI COMUNEI BRAZI","BRAZII DE JOS",PH,626,3,2,0,5,19,6,0,25,26,8,0,34,50,12,0,62,98,16,0,114,128,23,4,155
130721,342,"ŞCOALA GIMNAZIALĂBRAZI","BRAZII DE SUS",PH,1030,13,1,0,14,38,2,0,40,68,4,2,74,94,9,2,105,179,16,2,197,257,19,2,278
130767,343,"PUNCTUL DE LUCRU AL PRIMĂRIEI BRAZI DIN SATUL POPEŞTI",POPEŞTI,PH,1458,19,0,0,19,72,3,0,75,99,6,0,105,128,6,0,134,248,19,2,269,300,26,3,329
130758,344,"SALA DE SPORT A ŞCOLII GIMNAZIALE ""PROFESOR OPREA MIHAI"" SAT NEGOIEŞTI",NEGOIEŞTI,PH,1552,22,0,0,22,49,10,0,59,78,11,0,89,97,12,0,109,212,18,0,230,267,23,0,290
130721,345,"FOSTUL SEDIU AL GRADINŢEI DE COPII DIN COLONIA BRAZI","BRAZII DE SUS",PH,330,5,1,0,6,16,2,0,18,23,2,0,25,27,7,0,34,67,9,0,76,73,9,0,82
130776,346,"FOSTUL SEDIU AL ŞCOLII GIMNAZIALE DIN SATUL STEJARU",STEJARU,PH,499,8,1,0,9,26,1,0,27,38,4,0,42,44,4,0,48,103,7,0,110,131,9,0,140
132413,347,"ŞCOALA GIMNAZIALĂ MATEI BASARAB CORP B, SAT BREBU MÎNĂSTIREI, NR.803","BREBU MÎNĂSTIREI",PH,878,0,8,0,8,15,24,0,39,25,29,0,54,29,30,0,59,83,58,0,141,107,68,0,175
132413,348,"ŞCOALA GIMNAZIALĂ MATEI BASARAB CORP A, SAT BREBU MÎNĂSTIREI, NR.799","BREBU MÎNĂSTIREI",PH,1498,7,5,0,12,26,8,0,34,43,11,0,54,52,11,0,63,124,27,0,151,144,31,0,175
132422,349,"ŞCOALA GIMNAZIALĂ MATEI BASARAB, ŞCOALĂ PRIMARĂ STRUCTURĂ, NR.2, SAT BREBU MEGIEŞESC, NR.53","BREBU MEGIEŞESC",PH,1472,8,0,0,8,30,7,0,37,47,9,0,56,51,10,0,61,130,33,0,163,177,43,0,220
132422,350,"ŞCOALA GIMNAZIALĂ MATEI BASARAB, ŞCOALĂ PRIMARĂ STRUCTURĂ, SAT BREBU MEGIEŞESC, NR.278","BREBU MEGIEŞESC",PH,1067,3,0,0,3,17,3,0,20,28,4,0,32,37,4,0,41,102,13,0,115,120,20,0,140
132431,351,"ŞCOALA GIMNAZIALĂ MATEI BASARAB, ŞCOALĂ GIMNAZIALĂ PIETRICEAUA, SAT PIETRICEAUA, NR.1",PIETRICEAUA,PH,947,6,1,0,7,13,2,0,15,22,8,0,30,40,9,0,49,101,13,0,114,125,16,0,141
132440,352,"ŞCOALA GIMNAZIALĂ MATEI BASARAB, ŞCOALĂ PRIMARĂ STRUCTURĂ, SAT PODU CHEII, NR.12","PODU CHEII",PH,147,2,1,0,3,6,2,0,8,7,3,0,10,13,3,0,16,37,11,0,48,47,11,0,58
130794,353,"CAMIN CULTURAL BUCOV",BUCOV,PH,1464,8,1,0,9,36,7,9,52,47,13,9,69,65,17,10,92,137,20,10,167,175,28,10,213
130794,354,"CAMIN CULTURAL BUCOV",BUCOV,PH,1541,9,0,0,9,24,0,1,25,33,0,1,34,48,0,1,49,108,0,1,109,144,0,1,145
130794,355,"CAMIN CULTURAL BUCOV",BUCOV,PH,1308,5,3,0,8,31,7,0,38,48,8,0,56,62,8,0,70,155,15,0,170,178,17,0,195
130810,356,"CAMIN CULTURAL CHITORANI",CHIŢORANI,PH,1322,4,0,0,4,34,5,0,39,49,8,0,57,77,8,0,85,134,12,0,146,186,16,0,202
130829,357,"CAMIN CULTURAL PLEASA",PLEAŞA,PH,1198,13,3,0,16,39,6,0,45,54,9,0,63,79,11,0,90,169,31,0,200,213,34,0,247
130829,358,"CAMIN CULTURAL PLEASA",PLEAŞA,PH,1352,13,0,0,13,46,0,0,46,70,0,0,70,93,0,0,93,173,0,0,173,236,0,0,236
130829,359,"CLUB PLEASA",PLEAŞA,PH,1092,1,0,0,1,13,0,0,13,26,0,0,26,41,0,0,41,72,5,0,77,96,7,0,103
132468,360,"VECHIUL SEDIU AL PRIMARIEI",CĂLUGĂRENI,PH,953,9,1,0,10,33,4,1,38,54,5,1,60,61,7,1,69,131,23,1,155,157,25,1,183
132495,361,"ŞCOALA GIMNAZIALĂCĂRBUNEŞTI",CĂRBUNEŞTI,PH,1408,7,2,0,9,13,6,0,19,29,11,0,40,52,12,0,64,142,27,0,169,198,34,0,232
132529,362,"SCOALA CU CLASELE I-VIII ""NICHITA STANESCU"" CEPTURA","CEPTURA DE JOS",PH,942,6,0,0,6,25,4,0,29,40,10,0,50,55,13,0,68,123,18,2,143,132,39,2,173
132529,363,"SCOALA CU CLASELEI-VIII ""NICHITA STANESCU"" CEPTURA","CEPTURA DE JOS",PH,904,9,0,0,9,20,1,0,21,34,7,0,41,50,9,0,59,101,15,0,116,130,18,0,148
132538,364,"SEDIUL SERVICIULUI PUBLIC DE GOSPODARIE COMUNALA CEPTURA","CEPTURA DE SUS",PH,498,2,0,0,2,15,2,0,17,27,5,0,32,38,7,0,45,80,13,0,93,99,19,0,118
132565,365,"GRADINITA DE COPII SOIMESTI",ŞOIMEŞTI,PH,632,6,0,0,6,12,3,0,15,22,4,0,26,28,8,0,36,75,10,0,85,98,14,0,112
132556,366,"SCOALA CU CLASELE I - VIII ROTARI",ROTARI,PH,636,6,0,0,6,17,1,0,18,19,1,0,20,38,2,0,40,96,5,0,101,126,18,0,144
132547,367,"SCOALA CU CLASELEI - IV","MALU ROŞU",PH,135,2,0,0,2,7,1,0,8,11,1,0,12,16,3,0,19,30,7,0,37,30,13,0,43
132583,368,"LICEUL TEHNOLOGIC CERAŞU",CERAŞU,PH,1262,4,0,0,4,13,4,0,17,23,4,1,28,46,7,1,54,162,23,1,186,221,33,1,255
132609,369,"ŞCOALA GIMNAZIALĂ VALEA BORULUI","VALEA BORULUI",PH,696,3,2,0,5,7,2,0,9,14,3,0,17,20,4,0,24,68,6,0,74,89,17,0,106
132592,370,"ŞCOALA GIMNAZIALĂ SLON",SLON,PH,803,4,1,0,5,21,1,0,22,30,1,0,31,55,1,0,56,201,8,0,209,267,12,0,279
132592,371,"ŞCOALA GIMNAZIALĂ SLON",SLON,PH,916,13,0,0,13,32,1,0,33,39,4,0,43,75,4,0,79,212,7,0,219,269,11,0,280
132654,372,"GRADINITA CHIOJDEANCA",CHIOJDEANCA,PH,784,10,1,0,11,17,1,0,18,27,2,0,29,39,5,0,44,100,14,0,114,152,24,1,177
132672,373,"SCOALA TRENU",TRENU,PH,466,3,0,0,3,6,0,0,6,7,3,0,10,17,4,0,21,46,9,0,55,106,12,0,118
132690,374,"LICEUL CIORANI","CIORANII DE JOS",PH,977,3,3,0,6,23,9,0,32,31,11,0,42,39,12,0,51,221,26,0,247,237,35,0,272
132690,375,"LICEUL CIORANI","CIORANII DE JOS",PH,1514,10,0,0,10,38,2,0,40,44,8,0,52,54,11,0,65,156,24,0,180,289,37,0,326
132690,376,"ȘCOALA CU CLASELE I-IV","CIORANII DE JOS",PH,980,4,0,0,4,25,1,0,26,38,1,0,39,56,4,0,60,127,9,0,136,200,13,0,213
132707,377,"ȘCOALA GENERALĂ CIORANII DE SUS","CIORANII DE SUS",PH,885,2,2,0,4,7,3,0,10,17,7,0,24,27,8,0,35,99,12,0,111,141,16,0,157
132707,378,PRIMĂRIA,"CIORANII DE SUS",PH,972,2,2,0,4,19,3,0,22,32,3,0,35,47,7,0,54,161,19,0,180,265,23,0,288
134247,379,"CASA DE CULTURA RURALA","COCORĂŞTII COLŢ",PH,1410,2,0,0,2,14,1,0,15,41,4,0,45,84,5,0,89,168,20,0,188,216,24,0,240
134256,380,"SCOALA PRIMARACOCORASTII GRIND","COCORĂŞTII GRIND",PH,959,3,1,0,4,16,7,0,23,42,8,0,50,58,8,0,66,138,11,0,149,212,17,0,229
132725,381,"CĂMIN CULTURAL","COCORĂŞTII MISLII",PH,1575,17,2,0,19,46,2,0,48,71,6,0,77,112,7,0,119,202,12,0,214,239,17,0,256
132734,382,"CĂMIN CULTURAL",GORUNA,PH,1253,12,0,0,12,28,4,0,32,50,5,0,55,84,6,0,90,182,16,0,198,224,19,0,243
132761,383,"SCOALA GIMNAZIALA, COMUNA COLCEAG PJ",COLCEAG,PH,1108,4,3,0,7,25,5,0,30,52,8,0,60,102,14,0,116,150,25,0,175,169,30,0,199
132798,384,"SCOALA PRIMARA VILCELELE - COLCEAG - STRUCTURA",VÎLCELELE,PH,422,4,0,0,4,10,0,0,10,15,1,0,16,22,2,0,24,47,5,0,52,61,9,0,70
132770,385,"SCOALA GIMNAZIALA INOTESTI-COLCEAG-STRUCTURA",INOTEŞTI,PH,1467,5,0,0,5,23,2,0,25,45,4,0,49,57,4,0,61,145,14,0,159,186,23,0,209
132789,386,"SCOALA GIMNAZIALA PAREPA-RUSANI-COLCEAG-STRUCTURA",PAREPA-RUŞANI,PH,790,16,4,0,20,27,8,0,35,32,11,0,43,34,11,0,45,83,18,0,101,98,22,0,120
132814,387,"GRĂDINIŢA CU PROGRAM NORMAL","CORNU DE JOS",PH,1393,17,2,0,19,58,20,0,78,93,33,0,126,113,34,0,147,240,47,0,287,311,59,0,370
132823,388,"GRĂDINIŢA CU PROGRAM NORMAL","CORNU DE SUS",PH,864,2,0,0,2,18,9,0,27,31,11,0,42,53,12,0,65,116,24,0,140,197,33,0,230
132814,389,"ŞCOALA GIMNAZIALĂ ""PROFESOR CRISTEA STĂNESCU""","CORNU DE JOS",PH,1440,19,4,0,23,81,62,0,143,106,72,0,178,132,83,0,215,266,122,2,390,340,133,2,475
132850,390,"BIBLIOTECA COMUNALĂ COSMINELE","COSMINA DE JOS",PH,850,6,3,0,9,13,8,0,21,23,10,0,33,26,12,0,38,60,20,0,80,90,32,0,122
132930,391,"ȘCOALA GIMNAZIALĂ ""PLATON MOCANU""","DRAJNA DE JOS",PH,1430,12,5,0,17,46,19,31,96,66,24,31,121,118,31,31,180,298,56,31,385,299,72,31,402
132930,392,"GRĂDINIȚA PLĂIȘANI","DRAJNA DE JOS",PH,715,10,5,0,15,22,6,0,28,32,9,0,41,37,10,0,47,97,13,0,110,142,20,0,162
132903,393,"ȘCOALA GIMNAZIALĂ DRAJNA DE SUS","DRAJNA DE SUS",PH,1240,4,1,0,5,16,10,0,26,28,18,0,46,36,19,0,55,100,41,0,141,146,60,0,206
132958,394,"ȘCOALA GIMNAZIALĂ OGRETIN",OGRETIN,PH,1066,3,4,0,7,13,6,0,19,17,9,0,26,21,9,0,30,63,18,0,81,82,19,0,101
133027,395,"GRĂDINIȚA DRĂGĂNEȘTI",DRĂGĂNEŞTI,PH,1015,5,4,0,9,21,8,1,30,33,9,1,43,60,9,1,70,103,18,1,122,130,22,1,153
133036,396,"GRĂDINIȚA BĂRĂITARU",BĂRĂITARU,PH,688,6,2,0,8,16,3,0,19,21,6,0,27,26,10,0,36,66,16,0,82,77,19,0,96
133045,397,"ȘCOALA CU CLASELE I-IV BELCIUG",BELCIUG,PH,438,4,2,0,6,17,4,0,21,23,7,0,30,34,9,0,43,60,17,0,77,86,18,0,104
133054,398,"ȘCOALA CU CLASELE I-IV CORNU DE JOS","CORNU DE JOS",PH,494,3,0,0,3,10,4,0,14,15,4,0,19,30,5,0,35,49,9,0,58,71,12,0,83
133072,399,"ȘCOALA PRIMARĂMERI",MERI,PH,839,3,0,0,3,14,1,0,15,28,2,0,30,37,5,0,42,66,9,0,75,94,10,0,104
133063,400,"COOPERATIVA DE CONSUM",HĂTCĂRĂU,PH,363,5,2,0,7,17,4,0,21,22,5,0,27,26,6,0,32,46,8,0,54,53,10,0,63
133107,401,"CĂMIN CULTURAL LOCALITATEA DUMBRAVA",DUMBRAVA,PH,1329,7,5,0,12,65,14,0,79,96,14,0,110,140,15,0,155,256,24,0,280,341,29,0,370
133152,402,"CĂMIN CULTURAL LOCALITATEA ZĂNOAGA",ZĂNOAGA,PH,808,6,0,0,6,40,4,0,44,58,11,0,69,85,15,0,100,188,18,0,206,321,24,0,345
133116,403,"CĂMIN CULTURAL LOCALITATEA CIUPELNIŢA",CIUPELNIŢA,PH,1370,10,3,0,13,60,6,0,66,92,8,0,100,111,8,0,119,207,20,0,227,393,27,0,420
131470,404,"CĂMIN CULTURAL",DUMBRĂVEŞTI,PH,1184,16,0,0,16,32,0,0,32,46,1,0,47,57,1,0,58,137,12,0,149,180,17,0,197
131513,405,"SALA DE UTILITATE PUBLICĂ",PLOPENI,PH,1317,9,0,0,9,36,1,0,37,53,1,0,54,73,2,0,75,157,8,0,165,223,9,0,232
131522,406,"FOSTA ŞCOALĂ SAT SFÂRLEANCA",SFÎRLEANCA,PH,507,4,1,0,5,11,1,0,12,26,2,0,28,33,4,0,37,58,9,0,67,70,10,0,80
133287,407,"CAMINUL CULTURAL",FÂNTÂNELE,PH,811,10,1,0,11,27,3,0,30,43,11,0,54,59,13,0,72,111,25,0,136,168,29,0,197
133287,408,"CAMINUL CULTURAL",FÂNTÂNELE,PH,817,12,1,0,13,35,3,0,38,38,3,0,41,50,9,0,59,106,27,0,133,152,35,0,187
133170,409,"CLUBUL ""MINERUL""","FILIPEŞTII DE PĂDURE",PH,1017,5,2,0,7,21,2,0,23,28,2,0,30,44,2,0,46,121,8,0,129,138,14,0,152
133170,410,"ȘCOALA VECHE","FILIPEŞTII DE PĂDURE",PH,1607,13,1,0,14,63,5,0,68,75,5,0,80,95,7,0,102,197,18,0,215,255,19,0,274
133170,411,"LICEUL TEORETIC","FILIPEŞTII DE PĂDURE",PH,1513,13,1,0,14,48,3,0,51,71,7,0,78,93,10,0,103,180,19,0,199,216,30,0,246
133189,412,"ȘCOALA GIMNAZIALĂ ""IOAN MOGA""",DIŢEŞTI,PH,1162,9,2,0,11,42,3,0,45,48,3,0,51,73,3,0,76,137,9,0,146,171,12,0,183
133189,413,"GRADINIȚA NR.1",DIŢEŞTI,PH,1038,5,2,0,7,42,3,0,45,76,6,0,82,102,8,0,110,151,10,0,161,208,10,0,218
133189,414,"GRADINIȚA NR. 2",DIŢEŞTI,PH,936,2,2,0,4,16,6,0,22,29,8,0,37,37,8,0,45,95,16,0,111,118,18,0,136
133198,415,"LICEUL TEHNOLOGIC",MINIERI,PH,1113,15,3,0,18,48,4,0,52,78,6,0,84,118,8,0,126,245,13,0,258,289,16,0,305
133223,416,"CǍMIN FILIPEŞTII DE TÎRG (SALĂ ȘEDINȚĂ VIDEOCLUB)","FILIPEŞTII DE TÎRG",PH,1047,5,1,0,6,18,4,0,22,28,7,0,35,44,9,0,53,107,13,0,120,146,20,0,166
133223,417,"ṢCOALA FILIPEṢTII DE TȊRG","FILIPEŞTII DE TÎRG",PH,1167,6,1,0,7,21,3,0,24,37,3,0,40,47,3,0,50,110,7,0,117,173,14,0,187
133232,418,"ṢCOALAGENERALǍ BRǍTǍṢANCA",BRĂTĂŞANCA,PH,1658,4,5,0,9,25,7,0,32,47,8,0,55,64,9,0,73,212,23,0,235,337,30,0,367
133250,419,"ṢCOALAGENERALǍ MǍRGINENII DE JOS (ṢCOALA NOUǍ)","MĂRGINENII DE JOS",PH,1560,4,2,0,6,11,2,0,13,21,2,0,23,30,3,0,33,84,7,0,91,119,10,0,129
133250,420,"ṢCOALA GENERALǍ MǍRGINENII DE JOS (ṢCOALA VECHE)","MĂRGINENII DE JOS",PH,1180,3,2,0,5,8,6,0,14,24,10,0,34,26,11,0,37,47,19,0,66,74,23,0,97
133349,421,"GRADINITA DE COPII FLORESTI",FLOREŞTI,PH,1265,10,2,0,12,42,8,0,50,82,8,0,90,99,12,0,111,201,19,0,220,269,23,0,292
133349,422,"SCOALA CU CLASELE I - VIII FLORESTI (LOCALUL NOU)",FLOREŞTI,PH,1528,17,2,0,19,69,2,0,71,95,3,0,98,135,4,0,139,281,11,0,292,343,22,0,365
133349,423,"SCOALA CU CLASELE I-VIII FLORESTI (LOCALUL VECHI)",FLOREŞTI,PH,1501,15,4,0,19,65,5,0,70,86,7,0,93,106,8,0,114,215,15,0,230,268,28,0,296
133376,424,"SCOALA CU CLASELE I-VIIICATINA",CĂTINA,PH,869,13,0,0,13,17,1,0,18,19,2,0,21,27,2,0,29,71,5,0,76,91,11,0,102
133376,425,"CAMINUL CULTURAL CALINESTI",CĂTINA,PH,1093,7,0,0,7,25,6,0,31,30,8,0,38,38,9,0,47,106,18,0,124,128,24,0,152
133401,426,"CAMINUL CULTURAL FULGA DE JOS","FULGA DE JOS",PH,1203,15,0,0,15,40,2,0,42,60,5,0,65,83,7,0,90,213,28,0,241,279,35,0,314
133410,427,"SCOALA GIMNAZIALA ""LAURENTIU FULGA""","FULGA DE SUS",PH,1410,2,0,0,2,7,1,0,8,14,3,0,17,79,14,0,93,130,27,0,157,163,33,0,196
133438,428,"ŞCOALA GIMAZIALĂ GHERGHIŢA, NUMĂRUL 125",GHERGHIŢA,PH,990,4,1,0,5,14,3,0,17,33,5,0,38,51,7,0,58,109,19,0,128,199,33,1,233
133465,429,"GRĂDINIŢA CU PROGRAM NORMAL MALAMUC, NUMĂRUL 149C",MALAMUC,PH,324,5,2,0,7,9,4,0,13,21,6,0,27,27,7,0,34,54,9,0,63,82,17,0,99
133456,430,"ŞCOALA PRIMARĂ INDEPENDENŢA, NUMĂRUL 23",INDEPENDENŢA,PH,191,1,0,0,1,3,1,0,4,4,3,0,7,9,8,0,17,21,11,0,32,30,13,0,43
133517,431,"GRĂDINIȚA CU PROGRAM NORMAL SAT GORGOTA, COMUNA GORGOTA",GORGOTA,PH,1204,10,0,0,10,32,0,0,32,36,0,0,36,59,3,0,62,132,9,0,141,171,15,0,186
133553,432,"ȘCOALA GIMNAZIALĂ SAT POTIGRAFU, COMUNA GORGOTA",POTIGRAFU,PH,1059,11,0,0,11,23,2,0,25,37,6,0,43,45,6,0,51,97,13,0,110,136,21,0,157
133544,433,"ȘCOALA GIMNAZIALĂ SAT POIENARII APOSTOLI, COMUNA GORGOTA","POIENARII APOSTOLI",PH,1143,7,1,0,8,22,2,0,24,42,4,0,46,64,5,0,69,132,13,0,145,204,23,0,227
133526,434,"ȘCOALA PRIMARĂ SAT CRIVINA, COMUNA GORGOTA",CRIVINA,PH,794,9,0,0,9,29,3,0,32,41,3,0,44,52,3,0,55,79,6,0,85,104,11,0,115
133571,435,"SCOALA GIMNAZIALA GORNET",GORNET,PH,970,7,3,0,10,27,5,0,32,43,5,0,48,46,5,0,51,103,16,0,119,172,24,0,196
133571,436,"ȘCOALA GIMNAZIALĂ GORNET",GORNET,PH,984,6,2,0,8,13,2,0,15,42,4,0,46,49,7,0,56,151,11,0,162,217,14,0,231
133599,437,"SCOALA PRIMARA CUIB",CUIB,PH,261,10,4,0,14,12,5,0,17,28,8,0,36,36,8,0,44,65,14,0,79,87,15,0,102
133606,438,"SCOALA PRIMARA NUCET",NUCET,PH,150,5,3,0,8,17,4,0,21,20,4,0,24,28,4,0,32,45,6,0,51,63,7,0,70
133624,439,"CĂMIN CULTURAL GORNET-CRICOV",GORNET-CRICOV,PH,784,0,0,0,0,9,3,0,12,18,3,0,21,23,3,0,26,75,15,0,90,112,22,0,134
133633,440,"GRĂDINIȚA COȘERELE",COŞERELE,PH,653,1,2,0,3,3,4,0,7,12,6,0,18,14,6,0,20,56,15,0,71,95,18,0,113
133642,441,"GRĂDINIȚA DOBROTA",DOBROTA,PH,381,0,7,0,7,2,8,0,10,5,8,0,13,5,8,0,13,11,9,0,20,23,12,0,35
133697,442,"CĂMINUL CULTURAL, NR. 212","GURA VADULUI",PH,1169,5,3,0,8,17,5,0,22,28,6,0,34,46,6,0,52,114,10,0,124,136,17,1,154
133704,443,"CĂMIN CULTURAL",PERŞUNARI,PH,663,2,0,0,2,7,1,0,8,15,2,0,17,24,2,0,26,59,17,0,76,74,20,0,94
131844,444,"SCOALA GIMNAZIALA GURA VITIOAREI","GURA VITIOAREI",PH,1672,9,1,0,10,20,2,0,22,40,5,0,45,73,6,0,79,167,14,0,181,232,19,0,251
131862,445,"SCOALA PRIMARA FAGETU",FĂGETU,PH,957,9,0,0,9,28,2,0,30,37,2,0,39,75,9,0,84,159,16,0,175,196,16,0,212
131880,446,"SCOALA GIMNAZIALA POIANA COPACENI","POIANA COPĂCENI",PH,845,10,2,0,12,27,6,0,33,45,7,0,52,63,7,0,70,112,9,0,121,147,10,1,158
131853,447,"SCOALA GIMNAZIALA BUGHEA DE JOS","BUGHEA DE JOS",PH,864,2,5,0,7,10,5,0,15,16,10,0,26,19,11,0,30,84,20,0,104,123,23,0,146
131871,448,"GRADINITA CU PROGRAM NORMAL FUNDENI",FUNDENI,PH,519,4,8,0,12,22,13,0,35,28,13,0,41,30,13,0,43,68,15,0,83,85,18,0,103
133731,449,"GRǍDINIȚA IORDǍCHEANU",IORDĂCHEANU,PH,1006,5,2,0,7,16,4,0,20,27,5,0,32,39,11,0,50,84,17,0,101,134,22,0,156
133740,450,"ŞCOALA MOCEŞTI",MOCEŞTI,PH,970,6,0,0,6,15,0,0,15,25,1,0,26,43,4,0,47,121,11,0,132,194,16,0,210
133777,451,"CLǍDIRE NOUǍ - FOST SEDIU C.A.P.","VALEA CUCULUI",PH,1051,2,2,0,4,8,4,0,12,14,7,0,21,23,9,0,32,51,13,0,64,98,18,0,116
133786,452,"ŞCOALA VǍRBILA",VĂRBILA,PH,1169,3,2,0,5,12,3,0,15,27,7,0,34,32,7,0,39,65,11,0,76,114,14,0,128
133802,453,"ŞCOALA GIMNAZIALĂ TRAIAN SĂVULESCU IZVOARELE",IZVOARELE,PH,1025,3,5,0,8,25,9,0,34,31,9,0,40,44,10,0,54,109,17,0,126,173,24,0,197
133802,454,"ŞCOALA GIMNAZIALĂ TRAIAN SĂVULESCU IZVOARELE",IZVOARELE,PH,948,3,0,0,3,10,1,0,11,19,5,0,24,32,7,0,39,114,15,0,129,165,20,0,185
133839,455,"ŞCOALA GIMNAZIALĂ HOMORÎCIU",HOMORÎCIU,PH,944,1,0,0,1,20,1,0,21,29,5,0,34,41,9,0,50,117,10,0,127,157,13,0,170
133839,456,"ŞCOALA GIMNAZIALĂ HOMORÎCIU",HOMORÎCIU,PH,793,2,0,0,2,4,0,0,4,7,0,0,7,21,2,0,23,84,26,0,110,143,40,0,183
133857,457,"ŞCOALA GIMNAZIALĂSCHIULEȘTI",SCHIULEŞTI,PH,1007,8,4,0,12,39,10,0,49,58,13,0,71,89,13,0,102,192,24,0,216,265,29,0,294
133848,458,"ŞCOALA PRIMARĂ MALU-VÎNĂT","MALU VÎNĂT",PH,690,9,0,0,9,15,5,0,20,34,8,0,42,40,11,0,51,87,22,1,110,128,25,1,154
133875,459,"CĂMINUL CULTURAL",JUGURENI,PH,405,3,0,0,3,13,6,0,19,20,8,0,28,30,14,0,44,58,20,0,78,91,22,0,113
133928,460,"CĂMINUL CULTURAL",LAPOŞ,PH,928,24,2,0,26,75,7,0,82,115,9,0,124,152,12,0,164,301,47,0,348,350,55,0,405
133973,461,"BAZA SPORTIVA",LIPĂNEŞTI,PH,679,5,1,0,6,34,11,0,45,56,19,0,75,60,23,0,83,121,26,0,147,162,33,0,195
133991,462,"SCOALA GIMNAZIALA ""EROILOR"" LIPANESTI",ŞIPOTU,PH,840,4,1,0,5,21,7,0,28,31,12,0,43,40,15,0,55,102,28,0,130,130,32,0,162
133991,463,"SCOALA GIMNAZIALA ""EROILOR"" LIPANESTI",ŞIPOTU,PH,1010,1,1,0,2,20,2,0,22,35,3,0,38,52,5,0,57,153,6,0,159,205,7,0,212
134005,464,"SCOALA GIMNAZIALA ""SPIREA SORESCU""ZAMFIRA",ZAMFIRA,PH,919,19,1,0,20,63,15,0,78,79,22,0,101,105,24,0,129,194,31,0,225,236,40,0,276
133973,465,"BAZA SPORTIVA 1",LIPĂNEŞTI,PH,752,11,0,0,11,36,3,0,39,50,5,0,55,74,5,0,79,155,10,0,165,188,12,0,200
134023,466,"CĂMINUL CULTURAL MĂGURELE",MĂGURELE,PH,1297,12,0,0,12,34,4,0,38,51,5,0,56,65,5,0,70,160,11,0,171,203,19,0,222
134023,467,"GRĂDINIŢA DE COPII ""MICUL PRINŢ"" MĂGURELE",MĂGURELE,PH,1428,5,0,0,5,24,4,0,28,30,5,0,35,43,5,0,48,140,14,0,154,191,19,0,210
134032,468,"GRĂDINIŢA DE COPII SAT COADA MALULUI","COADA MALULUI",PH,676,5,2,0,7,21,3,0,24,33,10,0,43,44,12,0,56,115,20,0,135,147,22,0,169
134041,469,"GRĂDINIŢA DE COPII SAT IAZU",IAZU,PH,523,5,2,0,7,13,2,0,15,28,2,0,30,31,2,0,33,70,8,0,78,96,9,0,105
134069,470,"ȘCOALAPRIMARĂMĂGURENI, CORP B, SAT MĂGURENI, NR.201",MĂGURENI,PH,1384,11,1,0,12,35,3,0,38,47,8,0,55,70,11,0,81,161,15,0,176,217,18,0,235
134069,471,"ȘCOALA PRIMARĂ SATUL BANULUI, SAT MĂGURENI, NR.541",MĂGURENI,PH,967,2,0,0,2,16,1,0,17,24,2,0,26,42,6,0,48,118,11,0,129,140,15,0,155
134069,472,"ȘCOALAGIMNAZIALĂMĂGURENI,CORP A, SAT MĂGURENI, NR.982",MĂGURENI,PH,1319,3,1,0,4,11,2,0,13,25,6,0,31,35,6,0,41,128,10,0,138,164,10,0,174
134087,473,"ȘCOALA PRIMARĂLUNCA PRAHOVEI, SAT LUNCA PRAHOVEI, NR.39","LUNCA PRAHOVEI",PH,926,5,4,0,9,21,4,0,25,38,4,0,42,55,4,0,59,119,9,0,128,153,17,0,170
134078,474,"CĂMIN CULTURAL COCORĂȘTII CAPLII, SAT COCORĂȘTII CAPLII, NR.130","COCORĂŞTII CAPLII",PH,683,16,6,0,22,22,11,0,33,29,14,0,43,42,14,0,56,116,18,0,134,162,20,0,182
134103,475,"GRĂDINIȚA CU PROGRAM NORMAL NR.3",MĂNECIU-UNGURENI,PH,1399,7,2,0,9,20,4,0,24,30,4,0,34,61,7,0,68,189,22,0,211,243,26,0,269
134103,476,"GRĂDINIȚA CU PROGRAM NORMAL NR.3",MĂNECIU-UNGURENI,PH,1322,5,1,0,6,19,1,0,20,32,2,0,34,51,2,0,53,134,3,1,138,195,4,1,200
134158,477,"LICEUL TEHNOLOGIC MĂNECIU NR.5",GHEABA,PH,1251,4,4,0,8,18,13,0,31,30,15,0,45,52,20,0,72,155,36,0,191,215,46,0,261
134158,478,"LICEUL TEHNOLOGIC MĂNECIU NR.5",GHEABA,PH,1117,6,0,0,6,19,3,0,22,33,4,0,37,49,6,0,55,132,8,0,140,181,11,0,192
134176,479,"ŞCOALA GIMNAZIALĂ MĂNECIU-PĂMÎNTENI, NR.267",MĂNECIU-PĂMÎNTENI,PH,880,4,5,0,9,10,5,0,15,15,5,0,20,32,5,0,37,90,7,0,97,132,9,0,141
134176,480,"ŞCOALA GIMNAZIALĂ MĂNECIU-PĂMÎNTENI, NR.267",MĂNECIU-PĂMÎNTENI,PH,945,2,3,0,5,18,6,0,24,21,6,0,27,29,7,0,36,89,13,0,102,133,19,0,152
134176,481,"ŞCOALA GIMNAZIALĂ MĂNECIU-PĂMÎNTENI, NR.1229",MĂNECIU-PĂMÎNTENI,PH,1558,7,1,0,8,30,5,0,35,47,7,0,54,88,10,0,98,198,25,0,223,250,32,0,282
134112,482,"ŞCOALA PRIMARĂ CHEIA, NR.1",CHEIA,PH,324,3,5,0,8,26,34,0,60,32,46,0,78,32,48,0,80,57,92,0,149,67,113,0,180
134201,483,"CĂMIN CULTURAL",MĂNEŞTI,PH,879,4,0,0,4,15,10,0,25,24,10,0,34,41,11,0,52,98,21,10,129,159,31,10,200
134327,484,"SALĂ MULTIFUNCȚIONALĂ ZALHANAUA",ZALHANAUA,PH,799,4,3,0,7,14,4,0,18,25,5,0,30,28,5,0,33,96,12,2,110,136,13,2,151
134238,485,"ȘCOALA COADA IZVORULUI","COADA IZVORULUI",PH,767,4,0,0,4,15,3,0,18,31,6,0,37,37,7,0,44,92,10,3,105,145,17,3,165
134210,486,SALĂMULTIFUNCȚIONALĂBĂLTIȚA,BĂLTIŢA,PH,720,2,5,0,7,9,5,0,14,26,8,0,34,40,8,0,48,86,13,0,99,102,14,3,119
133483,487,"ȘCOALA PRIMARӐOLARII-VECHI, SAT OLARII-VECHI","OLARII VECHI",PH,608,5,4,0,9,20,6,0,26,46,6,0,52,57,6,0,63,99,13,0,112,149,16,0,165
133474,488,"ȘCOALAGIMNAZIALӐ OLARI, SAT OLARI",OLARI,PH,588,3,5,0,8,19,7,0,26,36,11,0,47,52,13,0,65,94,26,1,121,141,29,1,171
133447,489,"ȘCOALAPRIMARӐFȂNARI, SATFȂNARI",FÂNARI,PH,325,6,2,0,8,17,3,0,20,28,6,0,34,36,8,0,44,54,14,0,68,76,20,0,96
134345,490,"GRĂDINIŢA CU PROGRAM NORMAL PĂCUREŢI",PĂCUREŢI,PH,1036,10,0,0,10,29,8,0,37,47,11,0,58,73,11,0,84,139,20,0,159,163,27,0,190
134372,491,"ŞCOALA GIMNAZIALĂ",MATIŢA,PH,654,7,1,0,8,12,2,0,14,25,6,0,31,38,7,0,45,92,13,0,105,117,15,0,132
130856,492,"SCOALA GENERALA CU CL.I-VIII ARH.TOMA T.SOCOLESCU PAULESTI",PĂULEŞTI,PH,1371,4,1,0,5,37,3,0,40,66,7,0,73,75,7,0,82,165,19,0,184,222,30,0,252
130856,493,"CENTRUL CULTURALARH.TOMA T.SOCOLESCU PAULESTI",PĂULEŞTI,PH,1249,7,1,0,8,32,3,0,35,54,7,0,61,63,13,0,76,186,39,0,225,211,47,0,258
130865,494,"SALA MULTIFUNCTIONALA COCOSESTI",COCOŞEŞTI,PH,791,5,2,0,7,24,3,0,27,32,7,0,39,42,7,0,49,113,13,0,126,156,16,0,172
130874,495,"SCOALA GENERALA CU CLS.I-VIIIVLAD MUSATESCU GAGENI",GĂGENI,PH,807,0,0,0,0,26,0,0,26,43,7,0,50,64,11,0,75,130,25,1,156,173,42,1,216
130874,496,"CAMINUL CULTURAL GAGENI",GĂGENI,PH,1050,17,0,0,17,119,0,0,119,129,0,0,129,160,0,0,160,279,0,0,279,322,0,0,322
134407,497,"GRADINITA CU PROGRAM NORMAL PLOPU",PLOPU,PH,871,4,2,0,6,23,9,0,32,36,11,0,47,41,15,0,56,109,19,0,128,164,29,0,193
134434,498,"SCOALA CU CLS. I-IV NISIPOASA",NISIPOASA,PH,676,8,0,0,8,23,0,0,23,33,0,0,33,43,4,0,47,104,11,0,115,140,17,0,157
134416,499,"FOSTA SCOALA CU CLS. I-IV GALMEIA",GÂLMEIA,PH,199,0,3,0,3,8,5,0,13,9,6,0,15,11,6,0,17,20,11,0,31,21,11,0,32
134425,500,"FOSTA SCOALA CU CLS. I-IV HARSA",HÂRŞA,PH,209,0,0,0,0,1,1,0,2,1,1,0,2,13,1,0,14,20,3,0,23,40,5,0,45
134522,501,"SCOALA CU CLASELE I-VIII PODENII NOI",SĂLCIOARA,PH,1263,5,2,0,7,28,4,0,32,33,7,0,40,41,7,0,48,103,12,0,115,146,17,0,163
134540,502,"GRĂDINIŢA CU PROGRAM NORMAL VALEA-DULCE","VALEA DULCE",PH,807,4,2,0,6,20,2,0,22,37,2,0,39,43,3,0,46,148,7,1,156,225,11,1,237
134504,503,"GRADINITA DE COPII POPESTI",POPEŞTI,PH,472,4,2,0,6,12,2,0,14,15,4,0,19,36,6,0,42,98,13,0,111,121,14,0,135
134470,504,"SCOALA CU CLASELE I-VIII MEHEDINTA",MEHEDINŢA,PH,1321,1,3,0,4,20,4,0,24,25,6,0,31,35,8,0,43,77,16,0,93,108,20,0,128
131283,505,"ŞCOALA GIMNAZIALĂ ""ÎNVĂŢĂTOR ION MATEESCU"" POIANA-CĂMPINA","POIANA CÂMPINA",PH,1038,13,0,0,13,52,14,0,66,60,18,0,78,76,19,0,95,125,44,0,169,149,36,0,185
131283,506,"PRIMARIA COMUNEI POIANA-CÂMPINA","POIANA CÂMPINA",PH,1255,9,1,0,10,41,2,0,43,56,3,0,59,78,4,0,82,167,17,0,184,201,26,0,227
131283,507,"BIBLIOTECA ""DIMITRIE GUSTI"" COMUNA POIANA-CĂMPINA","POIANA CÂMPINA",PH,631,4,0,0,4,15,0,0,15,23,0,0,23,33,1,0,34,72,2,0,74,102,4,0,106
131309,508,"ŞCOALA GENERALĂ PIETRIŞU",PIETRIŞU,PH,477,5,0,0,5,11,1,0,12,16,2,0,18,19,2,0,21,66,6,0,72,73,6,0,79
131292,509,"CĂMINUL CULTURAL BOBOLIA",BOBOLIA,PH,886,3,2,0,5,29,5,0,34,47,10,0,57,64,10,0,74,128,18,0,146,173,24,0,197
134568,510,"SCOALA GIMANZIALA POIENARII BURCHII","POIENARII BURCHII",PH,954,1,2,0,3,12,5,0,17,22,5,0,27,29,12,0,41,70,25,0,95,90,35,0,125
134577,511,"GRADINITA DE COPII SAT CARBUNARI",CĂRBUNARI,PH,612,0,0,0,0,7,1,0,8,9,1,0,10,12,1,0,13,41,8,0,49,53,15,0,68
134611,512,"SCOALA POIENARII RALI","POIENARII RALI",PH,845,11,1,0,12,26,9,0,35,34,11,0,45,44,12,0,56,79,29,0,108,110,38,0,148
134586,513,"ANEXA PRIMARIE SAT OLOGENI",OLOGENI,PH,1085,3,0,0,3,16,5,0,21,30,8,0,38,42,8,0,50,126,20,0,146,188,26,0,214
134639,514,"CAMIN CULTURAL TATARAI",TĂTĂRĂI,PH,454,1,1,0,2,7,8,0,15,10,8,0,18,13,10,0,23,34,18,0,52,47,27,0,74
134666,515,"CĂMINUL CULTURAL DIN SATUL POSEŞTII-PĂMÂNTENI",BODEŞTI,PH,658,5,0,0,5,9,3,0,12,12,8,0,20,20,8,0,28,52,20,0,72,99,28,0,127
134693,516,"CLADIREA FOSTEI PRIMARII RANCEZI DIN SATUL NUCSOARA DE JOS","NUCŞOARA DE JOS",PH,1258,4,0,0,4,20,2,0,22,40,13,0,53,51,17,0,68,144,22,0,166,199,27,0,226
134728,517,"ŞCOALA GENERALĂ CU CLASELE I-VIII DIN SATUL VALEA PLOPULUI","VALEA PLOPULUI",PH,776,8,3,0,11,35,26,0,61,61,41,0,102,79,43,0,122,228,75,0,303,313,84,0,397
134719,518,"FOSTA ŞCOALĂ GENERALĂ CU CLASELE I-IV DIN SATUL TÂRLEŞTI",TÎRLEŞTI,PH,479,2,0,0,2,9,0,0,9,16,0,0,16,22,0,0,22,71,0,0,71,90,0,0,90
134764,519,"ȘCOALA GIMNAZIALĂ ,,MĂNĂSTIREANU MIHAI” PREDEAL",PREDEAL,PH,734,3,0,0,3,11,1,0,12,19,1,0,20,46,3,0,49,95,5,0,100,128,11,0,139
134844,520,"ȘCOALA ELEMENTARĂ ZÎMBROAIA",ZÎMBROAIA,PH,143,0,3,0,3,7,4,0,11,8,4,0,12,8,4,0,12,11,12,0,23,20,13,0,33
134835,521,"ȘCOALA GIMNAZIALĂVITIOARA DE SUS","VITIOARA DE SUS",PH,998,11,4,0,15,51,14,0,65,56,15,0,71,68,15,0,83,141,23,0,164,170,29,0,199
134862,522,"SCOALA GIMNAZIALA PROVITA DE JOS","PROVIŢA DE JOS",PH,920,18,2,0,20,30,12,0,42,50,20,0,70,69,26,0,95,124,42,0,166,170,55,0,225
134871,523,"GRADINITA CU PROGRAM NORMAL DRAGANEASA",DRĂGĂNEASA,PH,930,6,7,0,13,31,15,0,46,57,15,0,72,62,15,0,77,151,21,0,172,198,25,0,223
134906,524,"ŞCOALAGIMNAZIALĂ CU CLASELE I-VIII,,MITROPOLIT PIMEN GEORGESCU"" PROVIŢA DE SUS","PROVIŢA DE SUS",PH,1364,14,0,0,14,33,9,0,42,55,12,0,67,84,15,0,99,187,33,0,220,268,51,0,319
134915,525,"GRĂDINŢA CU PROGRAM NORMAL IZVORU",IZVORU,PH,308,1,2,0,3,1,5,0,6,3,5,0,8,11,6,0,17,48,14,0,62,66,15,0,81
134951,526,"SCOALA GIMNAZIALA,COMUNA PUCHENII MARI","PUCHENII MARI",PH,1045,3,0,0,3,19,1,0,20,25,7,0,32,53,9,0,62,125,16,0,141,163,35,0,198
134997,527,"SCOALA GIMNAZIALA PIETROSANI",PIETROŞANI,PH,987,9,0,0,9,17,1,0,18,27,3,0,30,35,3,0,38,72,7,0,79,99,12,0,111
134997,528,"GRADINITA CU PROGRAM NORMALPIETROSANI",PIETROŞANI,PH,947,1,0,0,1,6,0,0,6,12,0,0,12,17,2,0,19,51,6,0,57,63,6,0,69
135011,529,"SCOALA GIMNAZIALA PUCHENII MOSNENI","PUCHENII MOŞNENI",PH,1202,14,0,0,14,30,2,0,32,40,6,0,46,69,8,0,77,129,14,0,143,150,20,0,170
134960,530,"SCOALA PRIMARA MIROSLAVESTI",MIROSLĂVEŞTI,PH,1525,11,0,0,11,33,0,9,42,46,4,9,59,64,8,9,81,131,16,9,156,182,19,9,210
134988,531,"GRADINITA CU PROGRAM NORMAL ODAILE",ODĂILE,PH,1316,3,0,0,3,17,4,0,21,26,4,0,30,43,4,0,47,107,9,0,116,151,11,0,162
135084,532,"SCOALA PRIMARA MALAIESTI",MĂLĂIEŞTI,PH,655,5,3,0,8,24,3,0,27,33,3,0,36,50,4,0,54,93,7,0,100,128,8,0,136
135093,533,"SCOALA PRIMARA MOARA DOMNEASCA","MOARA DOMNEASCĂ",PH,799,0,0,0,0,7,1,0,8,19,1,0,20,29,3,0,32,63,12,0,75,96,16,0,112
135066,534,"SCOALA GIMNAZILABUDA",BUDA,PH,847,3,5,0,8,10,5,0,15,17,5,0,22,20,5,0,25,32,7,0,39,62,9,0,71
135100,535,"SCOALA PRIMARA PALANCA",PALANCA,PH,863,8,0,0,8,17,2,0,19,25,2,0,27,32,2,0,34,61,8,0,69,80,12,0,92
135075,536,"SCOALA PRIMARA GOGA",GOGA,PH,374,0,0,0,0,8,1,0,9,16,2,0,18,22,2,0,24,46,8,0,54,66,10,0,76
135119,537,"SCOALA PRIMARA SICRITA",SICRITA,PH,400,3,0,0,3,5,3,0,8,10,4,0,14,14,4,0,18,23,7,0,30,38,8,0,46
135039,538,"FOSTUL SEDIU AL PRIMARIEI",RÎFOV,PH,289,1,0,0,1,7,0,0,7,12,0,0,12,17,0,0,17,47,7,0,54,62,7,0,69
135057,539,"SCOALA DEZAFECTATA BUCHILASI",BUCHILAŞI,PH,123,1,2,0,3,4,3,0,7,7,3,0,10,8,3,0,11,11,3,0,14,14,5,0,19
135137,540,"SCOALA GIMNAZIALA",SALCIA,PH,812,5,0,0,5,20,3,0,23,28,3,0,31,49,5,0,54,116,16,0,132,165,23,0,188
135155,541,"SCOALA NOUA",SĂLCIILE,PH,763,3,0,0,3,27,6,12,45,37,12,12,61,60,17,12,89,101,24,26,151,138,31,26,195
135155,542,CAMINULCULTURAL,SĂLCIILE,PH,717,3,1,0,4,21,8,15,44,31,15,15,61,49,22,15,86,108,41,28,177,139,55,28,222
135173,543,"SCOALA GIMNAZIALA SCORTENI",SCORŢENI,PH,1212,10,1,0,11,35,6,0,41,47,7,0,54,64,11,0,75,105,23,0,128,138,30,0,168
135208,544,"SCOALA GIMNAZIALA MISLEA",MISLEA,PH,1527,6,0,0,6,20,1,0,21,33,2,0,35,57,7,0,64,133,17,0,150,171,22,0,193
135182,545,"GRADINITA BORDENII MARI","BORDENII MARI",PH,1200,10,1,0,11,46,3,0,49,78,6,0,84,146,7,0,153,264,21,0,285,396,25,0,421
135217,546,"SCOALA GIMNAZIALA BORDENI",SÎRCA,PH,825,9,0,0,9,33,0,0,33,50,0,0,50,66,0,0,66,111,15,0,126,151,22,0,173
135235,547,"ŞCOALA GIMNAZIALĂ COMUNA SECĂRIA",SECĂRIA,PH,1031,10,0,0,10,31,1,0,32,37,1,24,62,66,1,24,91,226,12,24,262,292,18,39,349
135253,548,"LICEUL TEHNOLOGIC",SÎNGERU,PH,1262,9,0,0,9,14,1,0,15,15,3,0,18,35,6,0,41,140,11,0,151,193,14,0,207
135253,549,"LICEUL TEHNOLOGIC",SÎNGERU,PH,689,10,1,0,11,24,4,0,28,36,4,0,40,64,6,0,70,131,15,0,146,180,18,0,198
135271,550,"ŞCOALA GIMNAZIALĂ","MIREŞU MARE",PH,1187,4,2,0,6,11,3,0,14,20,6,0,26,43,7,0,50,115,14,0,129,218,24,0,242
135262,551,"GRĂDINIŢACU PROGRAM NORMAL",BUTUCI,PH,417,3,1,0,4,9,5,0,14,17,6,0,23,29,6,0,35,97,18,0,115,138,22,0,160
135306,552,"GRĂDINIŢACU PROGRAM NORMAL",TISA,PH,556,8,3,0,11,12,4,0,16,18,4,0,22,26,6,0,32,57,9,0,66,85,16,0,101
135324,553,"GRĂDINIŢA DE COPII DIN SATUL STARCHIOJD",STARCHIOJD,PH,1370,5,1,0,6,24,2,0,26,35,3,0,38,54,4,0,58,129,13,0,142,173,18,0,191
135324,554,"GRĂDINIŢA DE COPII DIN GÎRBEASCA",STARCHIOJD,PH,1189,5,0,0,5,11,0,0,11,16,1,0,17,30,1,0,31,121,9,0,130,165,13,0,178
135388,555,"ŞCOALA DIN SATUL VALEA ANEI","VALEA ANEI",PH,444,0,1,0,1,5,1,0,6,5,1,0,6,13,1,0,14,70,13,0,83,86,15,0,101
135413,556,"ŞCOALA PRIMARĂ",SURANI,PH,1418,13,0,0,13,42,14,0,56,55,16,0,71,93,18,0,111,232,37,0,269,361,55,0,416
135486,557,"ŞCOALA GIMNAZIALĂ, SAT TĂRICENI",TĂRICENI,PH,884,5,0,0,5,18,6,0,24,28,8,0,36,36,9,0,45,68,21,0,89,93,28,0,121
135486,558,"ŞCOALA GIMNAZIALĂ, SAT TĂRICENI",TĂRICENI,PH,671,9,2,0,11,19,2,0,21,27,2,0,29,37,4,0,41,77,7,0,84,101,8,0,109
135440,559,"ŞCOALA PRIMARĂ, SAT ŞIRNA",ŞIRNA,PH,615,2,2,0,4,12,3,0,15,21,4,0,25,32,5,0,37,64,12,0,76,83,14,0,97
135495,560,"ŞCOALA GIMNAZIALĂ, SAT VARNIŢA",VARNIŢA,PH,749,3,0,0,3,14,0,0,14,28,1,0,29,32,3,0,35,96,11,0,107,122,12,0,134
135477,561,"ŞCOALA GIMNAZIALĂ, SAT HĂBUD",HĂBUD,PH,645,6,1,0,7,19,1,0,20,32,4,0,36,44,4,0,48,109,13,0,122,145,20,0,165
135459,562,"ŞCOALA PRIMARĂ,SAT BRĂTEŞTI",BRĂTEŞTI,PH,412,9,1,0,10,29,6,0,35,40,7,0,47,54,8,0,62,95,15,0,110,125,18,0,143
135538,563,"CĂMIN CULTURAL",MĂGURA,PH,429,1,0,0,1,5,0,0,5,14,6,0,20,22,6,0,28,44,9,0,53,66,13,0,79
135510,564,"ȘCOALA GIMNAZIALĂ ""MINERVA ALEXANDRESCU""",ŞOIMARI,PH,1408,2,1,0,3,18,5,0,23,27,7,0,34,51,18,0,69,154,29,0,183,222,36,0,258
135529,565,"GRĂDINIȚA CU PROGRAM NORMAL",LOPATNIŢA,PH,570,4,0,0,4,10,0,0,10,14,1,0,15,22,1,0,23,70,8,0,78,98,11,0,109
135574,566,"SCOALA SAT PLAIU CAMPINEI, NR 35","PLAIU CÂMPINEI",PH,662,0,1,0,1,4,1,0,5,17,1,0,18,27,1,0,28,59,2,0,61,111,2,0,113
135592,567,"ŞCOALA SAT SECIURI, NR 17",SECIURI,PH,297,0,2,0,2,2,2,0,4,4,4,0,8,5,4,0,9,18,4,0,22,22,6,0,28
135565,568,"ŞCOALA SAT LUNCA-MARE, NR 166","LUNCA MARE",PH,385,3,1,0,4,7,1,0,8,16,2,0,18,17,5,0,22,34,10,0,44,40,12,0,52
135609,569,"ŞCOALA SAT VISTIERU, NR 25",VISTIERU,PH,475,1,0,0,1,4,6,0,10,7,7,0,14,8,7,0,15,53,9,0,62,65,9,0,74
135556,570,"ŞCOALA GIMNAZIALĂ, SAT SOTRILE, NR 364",ŞOTRILE,PH,844,4,0,0,4,7,2,0,9,17,3,0,20,23,3,0,26,47,3,0,50,63,4,0,67
135636,571,"GRĂDINIŢA DE COPII",SCURTEŞTI,PH,635,9,0,0,9,20,2,0,22,28,2,0,30,49,4,0,53,131,8,0,139,166,16,0,182
135627,572,"SCOALA GIMNAZIALA STEFESTI",ŞTEFEŞTI,PH,1276,10,1,0,11,27,9,0,36,48,9,0,57,65,10,0,75,144,21,0,165,232,29,0,261
135663,573,"SCOALA GIMNAZIALA TALEA",TALEA,PH,870,12,0,0,12,23,1,0,24,46,4,0,50,64,7,0,71,139,16,0,155,238,26,0,264
135690,574,"CAMIN CULTURAL",TĂTARU,PH,242,3,3,0,6,9,3,0,12,11,3,0,14,20,5,0,25,29,16,0,45,42,18,0,60
135707,575,"CAMIN CULTURAL",PODGORIA,PH,496,2,3,0,5,5,4,0,9,6,6,0,12,9,6,0,15,25,13,0,38,31,14,0,45
135734,576,"ȘCOALA GIMNAZIALĂ""DUMITRU BREZEANU"",SATTEIȘANI,NR.160",TEIŞANI,PH,1460,10,3,0,13,30,8,0,38,42,9,0,51,60,12,0,72,163,23,0,186,212,27,0,239
135770,577,"SC.MALI AUTO EXPRES SRL, SAT VALEA STÎLPULUI,NR.58","VALEA STÎLPULUI",PH,179,3,1,0,4,6,2,0,8,8,5,0,13,11,5,0,16,33,9,0,42,43,13,0,56
135752,578,"SCOALA GIMNAZIALĂ ""MOISE VASILESCU"", SAT OLTENI, NR.147",OLTENI,PH,1425,5,2,0,7,26,8,0,34,46,9,0,55,68,11,0,79,179,38,0,217,240,42,0,282
135798,579,"ŞCOALA GIMNAZIALA NR.1 TELEGA",TELEGA,PH,1147,8,3,0,11,40,10,0,50,47,15,0,62,81,17,0,98,146,24,0,170,163,31,0,194
135798,580,"SCOALA GENERALA NR.2 TELEGA-VALE",TELEGA,PH,1468,7,1,0,8,25,1,0,26,35,2,0,37,50,7,0,57,123,13,0,136,143,17,0,160
135798,581,"GRĂDINIŢA NR.1 TELEGA",TELEGA,PH,1177,8,4,0,12,35,10,0,45,45,15,0,60,54,18,0,72,138,32,0,170,166,36,0,202
135814,582,"ŞCOALA GIMNAZIALĂ SAT BUŞTENARI",BUŞTENARI,PH,504,3,1,0,4,13,3,0,16,25,4,0,29,33,8,0,41,84,8,0,92,104,9,0,113
135832,583,"SCOALA PRIMARA SAT MELICEŞTI",MELICEŞTI,PH,403,2,0,0,2,6,0,0,6,17,1,0,18,20,3,0,23,41,6,0,47,49,6,0,55
135869,584,"CĂMINUL CULTURAL TINOSU, LOCALITATEA TINOSU",TINOSU,PH,927,10,2,0,12,28,3,0,31,47,4,0,51,63,5,0,68,101,11,0,112,117,16,0,133
135878,585,"ŞCOALA PRIMARĂ SAT PREDEŞTI, LOCALITATEAPREDEŞTI",PREDEŞTI,PH,544,11,0,0,11,17,2,0,19,21,5,0,26,32,5,0,37,69,9,0,78,87,14,0,101
135887,586,"ŞCOALA PRIMARĂ SATPISCULEŞTI, LOCALITATEA PISCULEŞTI",PISCULEŞTI,PH,515,6,1,0,7,17,3,0,20,27,4,0,31,30,4,0,34,52,4,0,56,73,8,0,81
130909,587,"BAZA SPORTIVA CONPET",STREJNICU,PH,1817,11,0,0,11,56,3,0,59,80,7,0,87,90,7,0,97,260,20,0,280,354,27,0,381
130909,588,"GRĂDINIŢA CU PROGRAM NORMAL STREJNICU",STREJNICU,PH,1442,15,1,0,16,59,2,0,61,80,2,0,82,107,6,0,113,245,18,0,263,342,26,0,368
130909,589,"ŞCOALA GIMNAZIALĂ STREJNICU",STREJNICU,PH,1556,13,3,0,16,61,8,0,69,93,12,0,105,114,13,0,127,270,29,0,299,346,34,0,380
130909,590,"CĂMINUL CULTURAL STREJNICU",STREJNICU,PH,770,4,0,0,4,17,2,0,19,34,5,0,39,41,9,0,50,102,21,0,123,136,30,0,166
130927,591,"ŞCOALA GIMNAZIALĂ TIRGŞORU VECHI","TÎRGŞORU VECHI",PH,1051,7,6,0,13,22,9,0,31,39,9,0,48,51,13,0,64,132,21,0,153,159,23,0,182
130927,592,"GRĂDINIŢA CU PROGRAM NORMAL TÎRGŞORU VECHI","TÎRGŞORU VECHI",PH,890,2,0,0,2,25,2,0,27,37,6,0,43,50,7,0,57,141,17,0,158,171,27,0,198
130918,593,"ŞCOALA GENERALĂ CU CLASELE I-IV STĂNCEŞTI",STĂNCEŞTI,PH,813,5,0,0,5,27,5,0,32,49,8,0,57,69,13,0,82,118,18,0,136,165,23,0,188
135903,594,"CĂMIN CULTURAL TOMṢANI, SAT MAGULA, NR. 6A",TOMŞANI,PH,1289,4,3,0,7,27,4,0,31,52,5,0,57,57,7,0,64,165,12,0,177,237,22,0,259
135921,595,"ṢCOALA VECHE MAGULA, SAT MAGULA, NR. 406A",MAGULA,PH,1099,9,2,0,11,34,2,0,36,49,4,0,53,72,4,0,76,163,7,0,170,221,9,0,230
135912,596,"CĂMIN CULTURAL LOLOIASCA, SAT LOLOIASCA, NR. 6V",LOLOIASCA,PH,1189,15,2,0,17,38,4,0,42,52,6,0,58,65,7,0,72,136,18,0,154,195,27,0,222
133321,597,"ȘCOALĂ GIMNAZIALĂVADU SĂPAT, COMUNA VADU SĂPAT, SAT VADU SĂPAT","VADU SĂPAT",PH,1354,6,1,0,7,25,8,0,33,37,9,0,46,58,13,0,71,174,30,0,204,267,37,0,304
135967,598,"CAMIN CULTURAL",ARVA,PH,1106,9,3,0,12,17,9,0,26,32,10,0,42,42,11,0,53,116,18,0,134,136,19,0,155
135958,599,"SCOALA GIMNAZIALA ION IONESCU VALEA CALUGAREASCA","VALEA CĂLUGĂREASCĂ",PH,1434,21,0,0,21,48,3,0,51,68,5,0,73,89,5,0,94,135,8,0,143,175,10,0,185
135958,600,"SCOALA GIMNAZIALA ION IONESCU VALEA CALUGAREASCA","VALEA CĂLUGĂREASCĂ",PH,942,9,2,0,11,23,3,0,26,32,4,0,36,40,5,0,45,77,13,0,90,98,14,0,112
136054,601,"SCOAL GIMNAZIALA NICOVANI","VALEA NICOVANI",PH,1154,7,0,0,7,23,4,0,27,31,6,0,37,39,7,0,46,101,20,0,121,126,25,0,151
135985,602,"GRADINITA DIRVARI",DÎRVARI,PH,469,5,0,0,5,7,0,0,7,18,0,0,18,28,0,0,28,62,4,0,66,89,6,0,95
135976,603,"GRADINITA COSLEGI",COSLEGI,PH,539,4,2,0,6,9,3,0,12,18,3,0,21,20,4,0,24,48,8,0,56,64,11,0,75
136018,604,"GRADINITA RADILA",RADILA,PH,241,6,1,0,7,11,2,0,13,24,2,0,26,46,2,0,48,62,5,0,67,78,6,0,84
135994,605,"SCOAL PRIMARA PANTAZI",PANTAZI,PH,951,9,2,0,11,9,2,0,11,11,2,0,13,32,2,0,34,69,11,0,80,92,14,0,106
136009,606,"SCOAL GIMNAZIALA RACHIERI",RACHIERI,PH,1170,5,0,0,5,27,1,0,28,54,3,0,57,66,3,0,69,104,8,0,112,155,8,0,163
136072,607,"COLEGIUL AGRICOL GHEORGHE IONESCU SISESTI","VALEA POPII",PH,754,0,1,0,1,15,2,0,17,20,2,0,22,25,3,0,28,62,6,0,68,93,7,0,100
136045,608,"CABANA DE VANATOARE","VALEA MANTEI",PH,91,91,4,0,95,0,4,0,4,0,4,0,4,0,4,0,4,7,8,0,15,7,11,0,18
136116,609,"LICEUL TEHNOLOGIC ""CAROL I"" VALEA DOFTANEI",TEŞILA,PH,1358,1,0,0,1,17,5,0,22,25,7,0,32,30,7,0,37,84,15,0,99,102,20,0,122
136125,610,"PRIMĂRIA TRĂISTENI",TRĂISTENI,PH,982,1,0,0,1,6,2,0,8,6,2,0,8,18,4,0,22,48,22,0,70,71,26,0,97
136125,611,"ŞCOALA CU CLASELE I-VIII ""EROU INV.I.DRĂGĂNESCU""TRĂISTENI",TRĂISTENI,PH,1058,1,0,0,1,7,2,0,9,11,3,0,14,25,4,0,29,86,4,0,90,108,8,0,116
136116,612,"GRĂDINIŢA NR.1 TEŞILA",TEŞILA,PH,1181,1,0,0,1,4,7,0,11,5,9,0,14,11,10,0,21,47,24,0,71,58,28,0,86
136116,613,"GRĂDINIŢA NR.2 TEŞILA",TEŞILA,PH,990,0,0,0,0,9,0,0,9,16,1,0,17,26,2,0,28,81,9,0,90,101,12,0,113
136143,614,"ȘCOALA PRIMARĂ VĂRBILĂU",VĂRBILĂU,PH,902,8,2,0,10,22,2,0,24,42,2,0,44,61,2,0,63,112,5,0,117,152,8,0,160
136143,615,"ȘCOALA PRIMARĂ VĂRBILĂU",VĂRBILĂU,PH,848,7,2,0,9,29,2,0,31,43,4,0,47,57,4,0,61,90,18,0,108,114,22,0,136
136143,616,"ȘCOALA GIMNAZIALĂ VĂRBILĂU",VĂRBILĂU,PH,1159,5,1,0,6,38,7,0,45,62,10,0,72,75,12,0,87,125,27,0,152,178,30,0,208
136161,617,"ȘCOALA PRIMARĂ LIVADEA",LIVADEA,PH,878,2,1,0,3,17,8,0,25,28,10,0,38,37,16,0,53,105,21,0,126,138,29,0,167
136189,618,"ȘCOALA PRIMARĂ POIANA VĂRBILĂU","POIANA VĂRBILĂU",PH,1056,4,0,0,4,12,2,0,14,21,2,0,23,31,2,0,33,104,8,0,112,134,13,0,147
136152,619,"ȘCOALA PRIMARĂ COȚOFENEȘTI",COŢOFENEŞTI,PH,711,10,0,0,10,28,10,0,38,47,11,0,58,52,15,0,67,117,20,0,137,162,22,0,184
136205,620,"CENTRUL CULTURAL VÎLCĂNEŞTI",VÎLCĂNEŞTI,PH,1393,17,2,0,19,41,3,0,44,57,5,0,62,81,6,0,87,130,9,0,139,163,12,0,175
136205,621,"GRĂDINIŢA CU PROGRAM NORMAL NR.2 VÎLCĂNEŞTI",VÎLCĂNEŞTI,PH,772,11,2,0,13,23,2,0,25,28,2,0,30,31,2,0,33,76,4,0,80,96,4,0,100
136214,622,"ŞCOALA GIMNAZIALĂ,COMUNA VÎLCĂNEŞTI, SAT CÎRJARI",CÎRJARI,PH,611,2,0,0,2,14,1,0,15,17,2,0,19,19,2,0,21,56,2,0,58,69,4,0,73
136223,623,"BIBLIOTECA SĂTEASCĂ TRESTIOARA",TRESTIOARA,PH,374,6,2,0,8,19,3,0,22,25,4,0,29,34,4,0,38,51,5,0,56,66,7,0,73
143469,1,"ŞCOALA GIMNAZIALĂNR. 10 CU STRUCTURA GRADINIŢA CU PROGRAM PRELUNGIT NR. 20",SIBIU,SB,1676,6,3,0,9,39,5,0,44,77,7,0,84,97,9,0,106,165,13,0,178,219,13,0,232
143469,2,"ŞCOALA GIMNAZIALĂ NR. 10 CU STRUCTURA GRADINIŢA CU PROGRAM PRELUNGIT NR. 20",SIBIU,SB,1648,5,0,0,5,41,4,0,45,62,4,0,66,73,4,0,77,159,7,0,166,197,10,0,207
143469,3,"ŞCOALA GIMNAZIALĂ NR.10",SIBIU,SB,1407,10,1,0,11,52,6,0,58,79,7,0,86,93,8,0,101,161,13,0,174,203,21,0,224
143469,4,"ŞCOALA GIMNAZIALĂ NR.10",SIBIU,SB,1349,5,2,0,7,40,8,0,48,61,9,0,70,63,9,0,72,130,18,0,148,182,27,0,209
143469,5,"ŞCOALA GIMNAZIALĂ NR.10",SIBIU,SB,1710,8,1,0,9,47,11,0,58,67,16,0,83,75,17,0,92,161,18,0,179,213,25,0,238
143469,6,"ŞCOALA GIMNAZIALĂ NR. 13 CU STRUCTURA ŞCOALA GIMNAZIALĂ NR. 12",SIBIU,SB,1636,8,0,0,8,66,4,0,70,109,11,0,120,113,14,0,127,202,20,3,225,266,20,3,289
143469,7,"ŞCOALA GIMNAZIALĂ NR. 13 CU STRUCTURA ŞCOALA GIMNAZIALĂ NR. 12",SIBIU,SB,1343,7,0,0,7,52,1,0,53,83,2,0,85,100,2,0,102,186,4,0,190,246,6,0,252
143469,8,"ŞCOALA GIMNAZIALĂ NR. 13 CU STRUCTURA ŞCOALA GIMNAZIALĂ NR. 12",SIBIU,SB,1535,10,0,0,10,63,2,0,65,101,7,0,108,120,10,0,130,236,11,0,247,275,19,0,294
143469,9,"LICEUL TEHNOLOGIC CONSTRUCȚII ŞI ARHITECTURĂ CAROL I SIBIU",SIBIU,SB,1705,6,4,0,10,39,7,0,46,60,12,0,72,84,13,0,97,155,17,0,172,195,24,0,219
143469,10,"ŞCOALA GIMNAZIALĂ NR.13",SIBIU,SB,1044,16,0,0,16,39,4,0,43,53,10,0,63,66,15,0,81,130,24,0,154,180,32,0,212
143469,11,"ŞCOALA GIMNAZIALĂ NR.13",SIBIU,SB,1212,2,0,0,2,19,3,0,22,24,7,0,31,32,8,0,40,80,15,0,95,131,23,0,154
143469,12,"ŞCOALA GIMNAZIALĂ NR.13",SIBIU,SB,1307,9,5,0,14,37,6,0,43,53,7,0,60,59,11,0,70,114,20,0,134,164,24,0,188
143469,13,"ŞCOALA GIMNAZIALĂ NR.23",SIBIU,SB,1818,12,0,0,12,50,1,0,51,88,5,0,93,94,5,0,99,220,11,0,231,305,21,0,326
143469,14,"ŞCOALA GIMNAZIALĂ NR.23",SIBIU,SB,1392,7,0,0,7,35,1,0,36,63,2,0,65,68,2,0,70,150,4,0,154,186,6,0,192
143469,15,"ŞCOALA GIMNAZIALĂ NR.23",SIBIU,SB,1182,6,0,0,6,21,1,0,22,34,3,0,37,34,5,0,39,73,5,0,78,107,6,0,113
143469,16,"COLEGIUL TEHNIC INDEPENDENŢA",SIBIU,SB,1384,9,0,0,9,52,2,0,54,74,2,0,76,84,3,0,87,148,10,0,158,179,17,0,196
143469,17,"COLEGIUL TEHNIC DE INDUSTRIE ALIMENTARĂ TEREZIANUM SIBIU",SIBIU,SB,1546,5,1,0,6,49,4,0,53,75,4,0,79,83,4,0,87,169,6,0,175,208,9,0,217
143469,18,"COLEGIUL TEHNIC DE INDUSTRIE ALIMENTARĂ TEREZIANUM SIBIU",SIBIU,SB,1495,7,1,0,8,44,1,0,45,62,1,0,63,68,1,0,69,149,3,0,152,191,8,0,199
143469,19,"ŞCOALA GIMNAZIALĂ NR.18",SIBIU,SB,1749,10,4,0,14,49,6,0,55,81,6,0,87,93,6,0,99,197,11,0,208,252,18,0,270
143469,20,"ŞCOALA GIMNAZIALĂ NR.18",SIBIU,SB,1676,12,1,0,13,55,5,0,60,78,10,0,88,92,10,0,102,151,13,79,243,206,17,79,302
143469,21,"ŞCOALA GIMNAZIALĂ IOAN SLAVICICU STRUCTURA ŞCOALA GIMNAZIALĂ NR. 11",SIBIU,SB,1584,5,2,0,7,24,4,0,28,43,10,0,53,61,10,0,71,118,14,1,133,144,16,1,161
143469,22,"ŞCOALA GIMNAZIALĂIOAN SLAVICICU STRUCTURA ŞCOALA GIMNAZIALĂ NR. 11",SIBIU,SB,1576,1,1,0,2,35,2,0,37,56,4,0,60,77,4,0,81,175,9,0,184,219,11,0,230
143469,23,"ŞCOALA GIMNAZIALĂIOAN SLAVICI",SIBIU,SB,1674,15,1,0,16,83,2,0,85,113,3,0,116,144,3,0,147,252,8,0,260,311,13,0,324
143469,24,"ŞCOALA GIMNAZIALĂ IOAN SLAVICI",SIBIU,SB,1494,8,0,0,8,64,1,0,65,111,6,0,117,138,7,0,145,230,20,0,250,294,28,0,322
143469,25,"LICEUL TEHNOLOGIC HENRI COANDĂ",SIBIU,SB,1114,2,0,0,2,24,4,0,28,36,6,0,42,40,6,0,46,118,11,0,129,146,17,0,163
143469,26,"LICEUL TEHNOLOGIC HENRI COANDĂ",SIBIU,SB,993,9,0,0,9,35,2,0,37,51,4,0,55,56,4,0,60,132,5,0,137,166,7,1,174
143469,27,"LICEUL TEHNOLOGIC HENRI COANDĂ",SIBIU,SB,1704,2,2,0,4,29,2,0,31,45,2,0,47,55,2,0,57,119,3,0,122,151,3,0,154
143469,28,"ŞCOALA GIMNAZIALĂ NR. 8",SIBIU,SB,1159,13,1,0,14,43,1,0,44,68,9,0,77,77,11,0,88,162,18,0,180,213,23,0,236
143469,29,"ŞCOALA GIMNAZIALĂ NR. 8",SIBIU,SB,1381,11,1,0,12,47,2,0,49,75,2,0,77,84,2,0,86,174,6,0,180,230,9,0,239
143469,30,"ŞCOALA GIMNAZIALĂ NR. 8",SIBIU,SB,1267,9,1,0,10,45,2,0,47,73,3,0,76,81,4,0,85,153,6,0,159,204,10,0,214
143469,31,"ŞCOALA GIMNAZIALĂ NR. 8",SIBIU,SB,1568,6,2,0,8,40,2,0,42,55,6,0,61,67,6,0,73,156,6,0,162,215,10,0,225
143469,32,"GRĂDINIŢA CU PROGRAM PRELUNGIT NR. 17",SIBIU,SB,1056,4,0,0,4,27,3,0,30,43,4,0,47,47,4,0,51,103,7,0,110,135,10,0,145
143469,33,"GRĂDINIŢA CU PROGRAM PRELUNGIT NR. 37",SIBIU,SB,1333,10,2,0,12,38,12,0,50,72,15,0,87,79,15,0,94,148,28,0,176,198,32,0,230
143469,34,"PALATUL COPIILOR",SIBIU,SB,1331,11,3,0,14,53,9,0,62,76,11,0,87,80,12,0,92,154,22,0,176,187,27,0,214
143469,35,"PALATUL COPIILOR",SIBIU,SB,1117,5,2,0,7,52,4,0,56,72,81,0,153,80,82,0,162,160,82,1,243,195,84,1,280
143469,36,"ŞCOALA GIMNAZIALĂ NR.2",SIBIU,SB,1153,6,4,0,10,49,48,0,97,69,74,0,143,79,74,0,153,126,97,0,223,178,121,0,299
143469,37,"COLEGIUL NAŢIONAL GHEORGHE LAZĂR SIBIU",SIBIU,SB,1229,7,4,0,11,39,30,9,78,60,76,9,145,68,80,9,157,132,118,9,259,149,170,9,328
143469,38,"LICEUL DE ARTĂ SIBIU",SIBIU,SB,844,11,0,0,11,34,24,7,65,43,38,7,88,45,38,7,90,75,67,7,149,101,84,7,192
143469,39,"LICEUL DE ARTĂ SIBIU",SIBIU,SB,986,5,0,0,5,19,1,22,42,29,2,22,53,38,2,22,62,67,5,22,94,118,8,22,148
143469,40,"COLEGIUL TEHNIC INDEPENDENŢA SIBIU",SIBIU,SB,1227,8,3,0,11,45,5,0,50,65,8,0,73,70,10,0,80,117,23,0,140,149,25,0,174
143469,41,"COLEGIUL NAŢIONAL OCTAVIAN GOGA SIBIU",SIBIU,SB,1007,16,4,0,20,59,40,0,99,76,78,0,154,83,81,0,164,146,139,0,285,159,173,0,332
143469,42,"COLEGIUL NAŢIONALOCTAVIAN GOGA CU STRUCTURĂ ŞCOALA CU CLASELE I-VIII NR. 15",SIBIU,SB,1190,14,5,0,19,64,16,0,80,84,21,0,105,90,24,0,114,143,49,1,193,174,58,1,233
143469,43,"ŞCOALA GIMNAZIALĂ REGINA MARIA",SIBIU,SB,1214,11,0,0,11,60,10,0,70,84,19,0,103,105,23,0,128,199,35,0,234,232,45,0,277
143469,44,"ŞCOALA GIMNAZIALĂ REGINA MARIA",SIBIU,SB,1109,13,1,0,14,53,12,0,65,67,19,0,86,80,20,0,100,154,26,0,180,186,39,0,225
143469,45,"COLEGIUL AGRICOL DANIIL POPOVICI BARCIANU SIBIU",SIBIU,SB,1101,26,6,0,32,89,23,21,133,114,34,21,169,125,37,21,183,196,48,21,265,231,53,21,305
143469,46,"CASA CORPULUI DIDACTIC",SIBIU,SB,1438,18,5,0,23,48,10,0,58,70,18,0,88,78,18,0,96,184,25,0,209,246,33,0,279
143469,47,"LICEUL TEORETIC ONISIFOR GHIBU",SIBIU,SB,1254,13,1,0,14,51,8,2,61,75,18,2,95,90,21,2,113,179,28,2,209,208,51,2,261
143469,48,"ŞCOALA GIMNAZIALĂ NR. 1",SIBIU,SB,1502,8,1,0,9,62,7,0,69,88,10,0,98,107,10,0,117,237,28,0,265,295,48,0,343
143469,49,"ŞCOALA GIMNAZIALĂ NR. 1",SIBIU,SB,1547,12,1,0,13,90,4,0,94,105,5,0,110,124,5,0,129,218,10,0,228,260,13,0,273
143469,50,"ŞCOALA GIMNAZIALĂ NR. 1",SIBIU,SB,1609,23,5,0,28,76,6,0,82,113,9,0,122,119,9,0,128,204,15,0,219,265,19,0,284
143469,51,"ŞCOALA GIMNAZIALĂ NR. 1",SIBIU,SB,1668,7,7,0,14,55,8,0,63,86,10,0,96,99,10,0,109,225,21,1,247,279,27,1,307
143469,52,"GRĂDINIŢA CU PROGRAM PRELUNGIT NR. 22",SIBIU,SB,1497,10,0,0,10,61,0,0,61,104,0,0,104,109,0,0,109,195,1,0,196,227,6,0,233
143469,53,"GRĂDINIŢA CU PROGRAM PRELUNGIT NR. 22",SIBIU,SB,1458,15,0,0,15,46,0,0,46,79,0,0,79,97,4,0,101,180,6,0,186,232,7,0,239
143469,54,"GRĂDINIŢA CU PROGRAM PRELUNGIT NR. 22",SIBIU,SB,1702,9,5,0,14,52,10,0,62,94,14,0,108,123,24,0,147,246,36,0,282,329,44,0,373
143469,55,"GRĂDINIŢA CU PROGRAM PRELUNGIT NR. 22",SIBIU,SB,1119,10,5,0,15,43,6,0,49,79,7,0,86,80,7,0,87,134,7,0,141,179,10,0,189
143469,56,"ŞCOALA GIMNAZIALĂ NR. 25",SIBIU,SB,1242,2,2,0,4,37,3,0,40,58,3,0,61,69,5,0,74,108,11,0,119,134,12,0,146
143469,57,"ŞCOALA GIMNAZIALĂ NR. 25",SIBIU,SB,1348,11,0,0,11,46,4,0,50,77,5,0,82,95,7,0,102,176,9,0,185,224,13,0,237
143469,58,"ŞCOALA GIMNAZIALĂ NR. 25",SIBIU,SB,1348,11,0,0,11,64,0,0,64,96,1,0,97,102,1,0,103,177,2,0,179,221,5,0,226
143469,59,"ŞCOALA GIMNAZIALĂ NR. 25",SIBIU,SB,1589,10,2,0,12,38,9,0,47,53,14,0,67,57,16,0,73,157,30,0,187,219,45,0,264
143469,60,"ŞCOALA GIMNAZIALĂ ION LUCA CARAGIALE",SIBIU,SB,1426,9,2,0,11,63,7,0,70,82,8,0,90,97,9,0,106,194,12,0,206,257,22,0,279
143469,61,"ŞCOALA GIMNAZIALĂ ION LUCA CARAGIALE",SIBIU,SB,1191,14,4,0,18,54,6,0,60,70,8,0,78,78,8,0,86,153,13,0,166,195,14,0,209
143469,62,"ŞCOALA GIMNAZIALĂ ION LUCA CARAGIALE",SIBIU,SB,1160,9,0,0,9,48,2,0,50,67,3,0,70,81,6,0,87,155,6,0,161,188,9,0,197
143469,63,"FACULTATEA DE INGINERIE",SIBIU,SB,1260,11,3,0,14,58,21,0,79,84,27,0,111,97,29,0,126,191,50,0,241,220,62,0,282
143469,64,"COLEGIU ECONOMIC GEORGE BARIŢIU",SIBIU,SB,1266,17,0,0,17,55,12,0,67,62,19,0,81,75,19,0,94,151,32,0,183,189,36,0,225
143469,65,"COLEGIU ECONOMIC GEORGE BARIŢIU",SIBIU,SB,1354,15,5,0,20,76,11,0,87,116,15,0,131,128,17,0,145,196,23,0,219,227,34,1,262
143469,66,"COLEGIUL ECONOMIC GEORGE BARIŢIU, SIBIU",SIBIU,SB,1276,12,3,0,15,78,14,0,92,90,15,0,105,102,15,0,117,202,27,1,230,251,32,1,284
143469,67,"CLUB SPORTIV ŞCOLAR SIBIU",SIBIU,SB,1381,18,2,0,20,76,7,18,101,108,16,18,142,121,17,20,158,195,20,20,235,248,22,20,290
143469,68,"ŞCOALA GIMNAZIALĂ NR.4",SIBIU,SB,1386,11,2,0,13,42,8,0,50,63,8,0,71,72,8,0,80,176,23,0,199,221,28,0,249
143469,69,"ŞCOALA GIMNAZIALĂ NR.4",SIBIU,SB,1177,11,3,0,14,42,7,0,49,59,10,0,69,71,10,0,81,149,18,0,167,201,22,0,223
143469,70,"ŞCOALA GIMNAZIALĂ NR.4",SIBIU,SB,1442,5,0,0,5,42,2,0,44,75,3,0,78,81,4,0,85,165,7,0,172,216,11,0,227
143469,71,"COLEGIUL TEHNIC ENERGETIC",SIBIU,SB,1356,16,0,0,16,54,0,0,54,73,0,0,73,87,0,0,87,163,0,0,163,198,0,0,198
143469,72,"COLEGIUL TEHNIC ENERGETIC",SIBIU,SB,1308,8,7,0,15,22,13,0,35,43,17,0,60,56,23,0,79,111,38,0,149,146,56,0,202
143469,73,"COLEGIUL TEHNIC ENERGETIC",SIBIU,SB,1523,14,0,0,14,41,0,0,41,69,1,0,70,76,1,0,77,146,2,0,148,189,7,0,196
143469,74,"COLEGIUL TEHNIC ENERGETIC",SIBIU,SB,1442,6,0,0,6,55,2,0,57,77,4,0,81,82,5,0,87,157,9,0,166,208,11,0,219
143469,75,"ŞCOALA GIMNAZIALĂ REGELE FERDINAND",SIBIU,SB,1297,9,2,0,11,30,9,0,39,48,23,0,71,58,29,0,87,127,39,0,166,158,45,0,203
143469,76,"ŞCOALA GIMNAZIALĂ REGELE FERDINAND",SIBIU,SB,1383,2,0,0,2,26,0,0,26,37,1,0,38,49,1,0,50,107,3,0,110,132,6,0,138
143469,77,"ŞCOALA GIMNAZIALĂ REGELE FERDINAND",SIBIU,SB,1368,7,0,0,7,58,2,0,60,82,2,0,84,91,3,0,94,175,8,0,183,207,10,0,217
143469,78,"ŞCOALA GIMNAZIALĂ REGELE FERDINAND",SIBIU,SB,1339,16,3,0,19,48,4,0,52,82,4,0,86,94,4,0,98,151,7,0,158,178,11,0,189
143469,79,"ŞCOALA GIMNAZIALĂ REGELE FERDINAND",SIBIU,SB,1035,10,0,0,10,43,0,0,43,55,0,0,55,62,0,0,62,111,0,0,111,140,0,0,140
143469,80,"ŞCOALA GIMNAZIALĂ REGELE FERDINAND",SIBIU,SB,1230,10,0,0,10,38,0,0,38,58,0,0,58,72,0,0,72,129,0,0,129,159,0,0,159
143469,81,"ŞCOALA GIMNAZIALĂ REGELE FERDINAND",SIBIU,SB,1288,6,1,0,7,20,1,0,21,38,1,0,39,42,1,0,43,90,2,0,92,128,3,0,131
143469,82,"GRĂDINIŢA CU PROGRAM PRELUNGIT NR.29",SIBIU,SB,1173,7,1,0,8,46,8,0,54,65,11,0,76,75,15,1,91,156,24,1,181,192,35,1,228
143469,83,"ŞCOALA GIMNAZIALĂ RADU SELEJAN",SIBIU,SB,1206,7,3,0,10,27,7,0,34,50,8,0,58,61,8,0,69,114,15,0,129,144,24,0,168
143469,84,"ŞCOALA GIMNAZIALĂ RADU SELEJAN",SIBIU,SB,995,4,2,0,6,38,4,0,42,51,4,0,55,63,4,0,67,113,15,0,128,133,25,0,158
143469,85,"GRĂDINIŢA CU PROGRAM PRELUNGIT NR.33",SIBIU,SB,1219,5,6,0,11,32,6,0,38,49,8,0,57,68,10,0,78,139,13,0,152,179,16,0,195
143469,86,"ŞCOALA GIMNAZIALĂNR. 21",SIBIU,SB,1358,19,3,0,22,53,5,0,58,92,7,0,99,98,7,0,105,176,10,0,186,218,16,0,234
143469,87,"ŞCOALA GIMNAZIALĂNR. 21",SIBIU,SB,926,3,0,0,3,44,9,0,53,54,9,0,63,62,9,0,71,118,15,0,133,150,18,0,168
143469,88,"ŞCOALA GIMNAZIALĂNR. 21",SIBIU,SB,1036,10,0,0,10,47,2,0,49,72,5,0,77,83,5,0,88,128,13,0,141,163,18,0,181
143469,89,"ŞCOALA GIMNAZIALĂNR. 21",SIBIU,SB,1221,8,0,0,8,58,1,0,59,87,3,0,90,100,3,0,103,169,6,0,175,204,13,0,217
143469,90,"ŞCOALA GIMNAZIALĂ NICOLAE IORGA",SIBIU,SB,1385,20,4,0,24,69,10,0,79,89,11,0,100,95,14,0,109,173,24,0,197,213,35,0,248
143469,91,"ŞCOALA GIMNAZIALĂ NICOLAE IORGA",SIBIU,SB,1392,14,2,0,16,55,16,0,71,78,20,0,98,95,20,0,115,170,33,0,203,195,39,0,234
143469,92,"ŞCOALA GIMNAZIALĂ NICOLAE IORGA",SIBIU,SB,1306,7,2,0,9,56,5,0,61,80,5,0,85,85,7,0,92,142,11,1,154,165,16,1,182
143469,93,"ŞCOALA GIMNAZIALĂ NICOLAE IORGA",SIBIU,SB,1080,2,1,0,3,26,4,0,30,35,4,0,39,41,5,0,46,95,5,0,100,125,5,0,130
143469,94,"LICEUL TEORETIC CONSTANTIN NOICA",SIBIU,SB,1236,17,4,0,21,70,12,0,82,96,16,0,112,112,17,0,129,206,30,0,236,248,39,0,287
143469,95,"LICEUL TEORETIC CONSTANTIN NOICA",SIBIU,SB,1385,12,2,0,14,58,3,0,61,85,7,0,92,94,7,0,101,175,10,0,185,210,13,0,223
143469,96,"LICEUL TEORETIC CONSTANTIN NOICA",SIBIU,SB,1410,5,2,0,7,49,5,0,54,77,8,0,85,88,9,0,97,157,13,0,170,200,15,0,215
143469,97,"GRĂDINIŢA CU PROGRAM PRELUNGITELEFĂNŢELUL CURIOS",SIBIU,SB,1468,12,0,0,12,65,10,0,75,78,24,0,102,88,25,0,113,158,30,0,188,191,32,0,223
143469,98,"COLEGIUL NAŢIONAL PEDAGOGIC ANDREI ŞAGUNA",SIBIU,SB,1289,18,0,0,18,73,16,1,90,113,21,1,135,126,21,1,148,218,32,1,251,247,35,1,283
143469,99,"COLEGIUL NAŢIONAL PEDAGOGIC ANDREI ŞAGUNA",SIBIU,SB,1220,14,1,1,16,58,7,1,66,92,7,1,100,109,9,1,119,183,19,1,203,223,25,1,249
143469,100,"GRĂDINIŢA CU PROGRAM PRELUNGIT NR. 42",SIBIU,SB,1322,8,0,0,8,69,4,0,73,93,5,0,98,104,5,0,109,188,15,0,203,228,17,0,245
143469,101,"GRĂDINIŢA CU PROGRAM PRELUNGIT NR. 43",SIBIU,SB,1548,16,10,0,26,62,23,0,85,87,30,0,117,89,30,0,119,185,51,0,236,227,71,0,298
143469,102,"GRĂDINIŢA CU PROGRAM PRELUNGIT NR. 43",SIBIU,SB,1457,7,0,0,7,49,1,0,50,73,3,0,76,85,3,0,88,152,9,0,161,199,10,0,209
143469,103,"GRĂDINIŢA CU PROGRAM PRELUNGIT NR. 5",SIBIU,SB,1671,14,2,0,16,59,7,0,66,84,13,0,97,102,13,0,115,190,22,1,213,240,31,1,272
143469,104,"GRĂDINIŢA CU PROGRAM PRELUNGIT NR. 5",SIBIU,SB,1557,15,1,0,16,51,7,0,58,81,15,0,96,104,19,0,123,207,26,0,233,247,34,0,281
143478,105,PĂLTINIŞ,PĂLTINIŞ,SB,26,0,0,0,0,1,9,0,10,2,12,0,14,2,16,0,18,3,27,0,30,3,35,0,38
143469,106,"SCOALA GIMNAZIALA NR.10 SIBIU",SIBIU,SB,1252,7,0,0,7,29,3,0,32,44,4,0,48,55,4,0,59,95,6,0,101,122,12,0,134
143628,107,"ŞCOALA GIMNAZIALĂ HERMANN OBERTH",MEDIAŞ,SB,1171,8,0,0,8,31,12,18,61,50,14,18,82,55,14,18,87,108,17,38,163,135,26,44,205
143628,108,"GRĂDINIŢA CU PROGRAM PRELUNGIT NR.12",MEDIAŞ,SB,1065,3,0,0,3,20,5,19,44,39,8,19,66,50,8,19,77,81,10,23,114,112,13,23,148
143628,109,"ŞCOALA GIMNAZIALĂ MIHAI EMINESCU",MEDIAŞ,SB,1299,3,0,0,3,44,1,0,45,55,2,0,57,61,2,0,63,128,7,0,135,154,7,0,161
143628,110,"GRĂDINIŢA CU PROGRAM PRELUNGIT BUCURIA COPIILOR",MEDIAŞ,SB,1182,10,1,0,11,40,4,0,44,50,6,0,56,59,7,0,66,102,8,0,110,139,8,0,147
143628,111,"VESTIAR SPARTA",MEDIAŞ,SB,753,10,0,0,10,22,0,0,22,38,0,0,38,48,0,0,48,81,4,0,85,100,4,0,104
143628,112,"STADIONUL MUNICIPAL GAZ METAN",MEDIAŞ,SB,853,6,1,0,7,36,4,0,40,46,7,0,53,55,10,0,65,111,12,0,123,125,12,0,137
143628,113,"SC HULA VECHE SRL",MEDIAŞ,SB,1244,4,3,0,7,27,3,0,30,49,8,0,57,65,8,0,73,132,9,0,141,175,11,0,186
143628,114,"CLUBUL COPIILOR",MEDIAŞ,SB,1037,11,2,0,13,34,3,0,37,56,3,0,59,64,3,0,67,109,5,1,115,125,8,1,134
143628,115,"CENTRU ŞCOLAR DE EDUCAŢIE INCLUZIVĂ MEDIAŞ",MEDIAŞ,SB,1124,8,0,0,8,23,0,0,23,32,0,0,32,35,0,0,35,80,0,0,80,104,4,0,108
143628,116,"ŞCOALA GIMNAZIALĂ NR.7",MEDIAŞ,SB,1329,3,1,0,4,23,4,0,27,39,7,0,46,41,7,0,48,96,12,0,108,122,14,0,136
143628,117,"ŞCOALA GIMNAZIALĂ NR.7",MEDIAŞ,SB,988,3,4,0,7,21,4,0,25,32,4,0,36,34,4,0,38,61,4,0,65,70,5,0,75
143628,118,"ŞCOALA GIMNAZIALĂ NR.7",MEDIAŞ,SB,1157,10,0,0,10,33,0,0,33,41,0,0,41,54,1,0,55,98,2,0,100,115,4,0,119
143628,119,"ŞCOALA GIMNAZIALĂ NR.7",MEDIAŞ,SB,997,6,0,0,6,37,1,0,38,48,1,0,49,54,1,0,55,95,3,0,98,116,4,0,120
143628,120,"GRĂDINIŢA CU PROGRAM PRELUNGIT RAZĂ DE SOARE",MEDIAŞ,SB,1256,10,1,0,11,52,2,0,54,69,2,0,71,78,9,0,87,112,13,0,125,136,13,0,149
143628,121,"ŞCOALA GIMNAZIALĂ NR.5 CORP A",MEDIAŞ,SB,991,13,1,0,14,43,6,0,49,63,10,0,73,69,10,0,79,115,13,0,128,132,13,0,145
143628,122,"ŞCOALA GIMNAZIALĂ NR.5 CORP A",MEDIAŞ,SB,1237,0,0,0,0,19,0,0,19,24,0,0,24,30,4,0,34,56,6,0,62,75,7,0,82
143628,123,"ŞCOALA GIMNAZIALĂ NR.5",MEDIAŞ,SB,1124,7,1,0,8,38,1,0,39,46,1,0,47,50,1,0,51,97,1,0,98,120,1,0,121
143628,124,"GRĂDINIŢA CU PROGRAM PRELUNGIT PITICOT",MEDIAŞ,SB,1319,16,0,0,16,55,1,4,60,61,1,4,66,65,2,4,71,119,7,4,130,161,8,4,173
143628,125,"ŞCOALA GIMNAZIALĂ NR.4",MEDIAŞ,SB,1263,10,6,0,16,65,11,0,76,82,12,0,94,92,13,0,105,155,25,0,180,184,26,0,210
143628,126,"ŞCOALA GIMNAZIALĂ NR.4",MEDIAŞ,SB,1023,16,0,0,16,50,1,0,51,62,1,0,63,65,1,0,66,125,3,0,128,157,5,0,162
143628,127,"ŞCOALA GIMNAZIALĂ NR.4",MEDIAŞ,SB,1033,2,0,0,2,18,0,0,18,30,4,0,34,38,4,0,42,82,7,0,89,111,8,0,119
143628,128,"SPAŢIU CU ALTĂ DETINAŢIE",MEDIAŞ,SB,1175,5,0,0,5,49,0,0,49,65,3,0,68,66,3,0,69,99,4,0,103,127,5,0,132
143628,129,"SC AUTOMECANICA SA",MEDIAŞ,SB,605,3,0,0,3,9,2,0,11,11,2,0,13,12,2,0,14,38,7,0,45,57,8,0,65
143628,130,"ŞCOALA GIMNAZIALĂ GEORGE POPA",MEDIAŞ,SB,1209,4,3,0,7,24,8,0,32,41,8,0,49,55,10,0,65,125,13,0,138,162,16,0,178
143628,131,"COMPLEX COMERCIAL",MEDIAŞ,SB,1334,15,1,0,16,67,2,0,69,91,2,0,93,110,2,0,112,183,2,0,185,225,3,0,228
143628,132,"ŞCOALA GIMNAZIALĂ GEORGE POPA",MEDIAŞ,SB,1008,6,0,0,6,33,0,0,33,59,5,0,64,66,5,0,71,125,5,0,130,153,5,0,158
143628,133,"ŞCOALA GIMNAZIALĂ GEORGE POPA",MEDIAŞ,SB,1452,9,3,0,12,28,4,0,32,37,9,0,46,53,9,0,62,110,13,0,123,148,18,0,166
143628,134,"ŞCOALA GIMNAZIALĂ GEORGE POPA",MEDIAŞ,SB,1200,16,0,0,16,56,0,0,56,71,2,0,73,86,2,0,88,146,7,0,153,187,9,0,196
143628,135,"LICEUL TEHNOLOGIC ŞCOALA NAŢIONALĂ DE GAZE",MEDIAŞ,SB,1191,15,2,0,17,41,4,0,45,59,4,0,63,68,5,0,73,145,5,0,150,175,7,0,182
143628,136,"MUZEUL HERMAN OBERTH",MEDIAŞ,SB,1066,3,0,0,3,38,0,0,38,44,4,0,48,53,4,0,57,93,5,0,98,137,10,0,147
143628,137,"COLEGIUL TEHNIC MEDIENSIS",MEDIAŞ,SB,1276,5,0,0,5,25,1,0,26,38,1,0,39,54,6,0,60,99,10,0,109,122,11,0,133
143628,138,"ŞCOALA GIMNAZIALĂ CIREŞARII",MEDIAŞ,SB,1182,7,1,0,8,26,3,0,29,48,3,0,51,56,3,0,59,121,9,0,130,152,10,0,162
143628,139,"GRĂDINIŢA CU PROGRAM PRELUNGIT PINOCCHIO",MEDIAŞ,SB,1239,3,0,0,3,30,2,0,32,33,2,0,35,38,2,0,40,91,3,0,94,122,5,0,127
143628,140,"ŞCOALA GIMNAZIALĂ CONSTANTIN IOAN MOTAŞ",MEDIAŞ,SB,1256,4,0,0,4,30,2,0,32,45,3,0,48,50,3,0,53,95,5,0,100,119,8,0,127
143628,141,"ŞCOALA GIMNAZIALĂ CONSTANTIN IOAN MOTAŞ",MEDIAŞ,SB,1356,7,1,0,8,36,1,0,37,49,1,0,50,56,1,0,57,121,1,0,122,149,4,0,153
143628,142,"ŞCOALA GIMNAZIALĂ CONSTANTIN IOAN MOTAŞ",MEDIAŞ,SB,1356,10,0,0,10,24,0,0,24,34,0,0,34,42,0,0,42,81,2,0,83,113,4,0,117
143628,143,"ŞCOALA GIMNAZIALĂ CONSTANTIN IOAN MOTAŞ",MEDIAŞ,SB,1188,3,0,0,3,26,0,0,26,34,0,0,34,35,0,0,35,63,1,0,64,88,1,0,89
143628,144,"ŞCOALA GIMNAZIALĂ CONSTANTIN IOAN MOTAŞ",MEDIAŞ,SB,1318,4,0,0,4,19,1,0,20,34,1,0,35,44,2,0,46,110,2,0,112,129,2,0,131
143628,145,"ŞCOALA GIMNAZIALĂ CONSTANTIN IOAN MOTAŞ",MEDIAŞ,SB,1093,2,0,0,2,14,0,0,14,28,2,0,30,32,2,0,34,84,3,0,87,102,3,0,105
143628,146,"UNIVERSITATEA LUCIAN BLAGA",MEDIAŞ,SB,1133,2,0,0,2,19,0,0,19,24,0,0,24,26,0,0,26,53,6,0,59,84,8,0,92
143628,147,"UNIVERSITATEA LUCIAN BLAGA",MEDIAŞ,SB,1389,3,0,0,3,27,1,0,28,27,3,0,30,41,3,0,44,98,3,0,101,121,3,0,124
143637,148,"ŞCOALA GIMNAZIALĂ","IGHIŞU NOU",SB,1348,4,1,0,5,14,2,0,16,35,2,0,37,41,4,0,45,97,6,0,103,140,12,0,152
143691,149,"ŞCOALA GIMNAZIALĂ G.D.TEUTSCH",AGNITA,SB,1249,1,0,0,1,13,0,0,13,22,4,0,26,31,4,0,35,53,4,0,57,72,4,0,76
143691,150,"ŞCOALA GIMNAZIALĂ G.D.TEUTSCH",AGNITA,SB,1134,1,0,0,1,15,0,0,15,29,0,0,29,38,7,0,45,94,9,0,103,124,10,0,134
143691,151,"GRĂDINIŢA CU PROGRAM PRELUNGIT",AGNITA,SB,1078,3,0,0,3,7,0,0,7,15,0,0,15,16,0,0,16,50,0,0,50,78,4,0,82
143691,152,"CASA SENIORILOR",AGNITA,SB,1438,7,1,0,8,23,2,0,25,30,5,0,35,33,5,0,38,66,6,0,72,97,8,0,105
143691,153,"COLEGIUL TEHNIC A.T. LAUREAN",AGNITA,SB,1060,3,0,0,3,13,0,0,13,17,0,0,17,23,0,0,23,59,1,0,60,73,3,0,76
143691,154,"CASA DE CULTURĂ ""ILARION COCIȘIU""",AGNITA,SB,1214,4,0,0,4,10,4,0,14,17,4,0,21,22,4,0,26,59,5,0,64,88,9,0,97
143691,155,"GRĂDINIŢA CU PROGRAM PRELUNGIT NR.2",AGNITA,SB,1159,10,0,0,10,21,4,0,25,28,4,0,32,33,4,0,37,88,7,0,95,119,9,0,128
143708,156,"ŞCOALA GIMNAZIALĂ COVEŞ",COVEŞ,SB,500,1,2,0,3,3,3,0,6,9,4,0,13,10,4,0,14,50,6,0,56,105,8,0,113
143717,157,"ŞCOALA GIMNAZIALĂ RUJA",RUJA,SB,974,5,1,0,6,9,1,0,10,18,1,0,19,29,1,0,30,69,4,0,73,112,4,0,116
144063,158,"GRADINITA NR.3 PROGRAM PRELUNGIT",AVRIG,SB,1391,7,0,0,7,18,2,0,20,24,2,0,26,31,3,0,34,77,11,0,88,95,16,0,111
144063,159,"SCOALA GIMNAZIALA AVRIG",AVRIG,SB,1389,4,0,0,4,16,7,0,23,29,7,0,36,38,7,0,45,78,14,0,92,104,16,0,120
144063,160,"ŞCOALA GIMNAZIALA AVRIG",AVRIG,SB,1232,5,2,0,7,25,10,0,35,39,10,0,49,46,10,0,56,113,10,0,123,151,12,0,163
144063,161,"GRADINITA NR,1 PROGRAM NORMAL",AVRIG,SB,1545,11,1,0,12,24,2,0,26,36,3,0,39,48,4,0,52,91,5,0,96,135,11,0,146
144063,162,"LICEUL ""GHEORGHE LAZĂR"", AVRIG",AVRIG,SB,1304,3,1,0,4,22,3,0,25,26,5,0,31,30,9,0,39,69,17,0,86,100,22,0,122
144063,163,"LICEUL ""GHEORGHE LAZĂR"", AVRIG",AVRIG,SB,1351,6,0,0,6,21,1,0,22,24,1,0,25,36,1,0,37,98,3,0,101,148,4,0,152
144090,164,"ŞCOALA GIMNAZIALA MÎRŞA",MÎRŞA,SB,1294,5,0,0,5,25,0,0,25,33,2,0,35,50,2,0,52,106,6,0,112,140,8,0,148
144090,165,"LICEUL ""TEHNOLOGIC MÎRŞA",MÎRŞA,SB,1347,7,0,0,7,21,2,0,23,32,3,0,35,38,3,0,41,88,4,0,92,119,6,0,125
144072,166,"SCOALA GIMNAZIALĂ BRADU",BRADU,SB,889,0,3,0,3,6,4,0,10,11,5,0,16,20,5,0,25,55,10,0,65,72,15,0,87
144107,167,"SCOALA PRIMARĂ SĂCĂDATE",SĂCĂDATE,SB,504,5,1,0,6,7,1,0,8,14,2,0,16,15,2,0,17,34,5,0,39,46,10,0,56
144081,168,"SCOALA PRIMARĂ GLÎMBOACA",GLÎMBOACA,SB,182,1,0,0,1,3,0,0,3,5,0,0,5,9,1,0,10,28,12,0,40,30,17,0,47
143753,169,"GRĂDINIŢA CU PROGRAM NORMAL CISNĂDIOARA",CISNĂDIOARA,SB,645,2,4,0,6,10,8,0,18,21,11,0,32,23,12,0,35,36,20,0,56,46,24,0,70
143744,170,"GRĂDINIŢA CU PROGRAM PRELUNGIT NR.7",CISNĂDIE,SB,1572,9,1,0,10,64,3,0,67,82,3,0,85,93,3,0,96,153,11,0,164,182,12,0,194
143744,171,"CLUBUL COPIILOR CISNĂDIE",CISNĂDIE,SB,1435,4,4,0,8,38,4,0,42,62,5,0,67,83,5,0,88,174,9,0,183,171,10,0,181
143744,172,"GRĂDINIŢA CU PROGRAM PRELUNGIT NR.6",CISNĂDIE,SB,1410,3,2,0,5,44,3,0,47,88,6,0,94,99,6,0,105,167,8,0,175,191,9,0,200
143744,173,"ŞCOALA GIMNAZIALĂNR.3 CISNĂDIE",CISNĂDIE,SB,1528,7,5,0,12,31,5,0,36,63,5,0,68,73,5,0,78,149,12,0,161,177,14,0,191
143744,174,"LICEUL TEORETIC ,,GUSTAV GUNDISCH,, CISNĂDIE",CISNĂDIE,SB,1593,10,1,0,11,40,7,0,47,65,8,0,73,78,10,0,88,153,10,0,163,182,14,0,196
143744,175,"LICEUL TEHNOLOGIC",CISNĂDIE,SB,1495,5,0,0,5,40,1,0,41,59,1,0,60,65,1,0,66,152,5,0,157,188,7,0,195
143744,176,"ŞCOALA GIMNAZIALĂ NR. 2 CISNĂDIE",CISNĂDIE,SB,1652,8,0,0,8,40,2,0,42,42,2,0,44,53,3,0,56,139,5,0,144,181,6,0,187
143744,177,"LICEUL TEHNOLOGIC CISNĂDIE",CISNĂDIE,SB,1112,8,1,0,9,31,3,0,34,47,3,0,50,59,3,0,62,123,10,0,133,154,16,0,170
143744,178,"LICEUL TEHNOLOGIC CISNĂDIE",CISNĂDIE,SB,1088,6,0,0,6,20,1,0,21,33,3,0,36,41,3,0,44,86,4,0,90,118,6,0,124
143744,179,"GRĂDINIŢA CU PROGRAM NORMAL NR.1",CISNĂDIE,SB,1647,6,0,0,6,23,2,0,25,39,2,0,41,52,2,0,54,105,4,0,109,122,4,0,126
143744,180,"GRĂDINIŢA CU PROGRAM NORMAL NR.1",CISNĂDIE,SB,1040,7,3,0,10,32,4,0,36,51,7,0,58,77,8,0,85,140,9,0,149,161,14,0,175
143744,181,"GRĂDINIȚA CU PROGRAM NORMAL NR. 1",CISNĂDIE,SB,1790,7,0,0,7,49,4,0,53,60,4,0,64,71,4,0,75,117,7,0,124,155,7,0,162
143780,182,"ŞCOALA GIMNAZIALĂ COPŞA MICĂ, STRADA COLONIA LABORATOR, NR.45","COPŞA MICĂ",SB,1445,5,0,0,5,10,5,0,15,18,6,0,24,19,6,0,25,49,7,0,56,76,8,0,84
143780,183,"LICEUL TEHNOLOGIC ""NICOLAE TECLU"" COPŞA MICĂ, STRADA ŞOSEAUA SIBIULUI, NR.61","COPŞA MICĂ",SB,1486,4,0,0,4,18,5,0,23,27,5,0,32,42,5,0,47,91,13,0,104,109,17,0,126
143780,184,"ŞCOALA GIMNAZIALĂ NR.1 COPŞA MICĂ,STRADA ŞOSEAUAMEDIAŞULUI, NR.93","COPŞA MICĂ",SB,1260,0,0,0,0,17,0,0,17,20,0,0,20,23,0,0,23,55,1,0,56,69,3,0,72
143780,185,"ŞCOALA PRIMARĂ NR. 2COPŞA MICĂ, STRADA TÂRNĂVIOARA, NR.76","COPŞA MICĂ",SB,442,1,0,0,1,7,0,0,7,9,0,0,9,10,1,0,11,22,2,0,24,26,5,0,31
143815,186,"PRIMĂRIA ORAȘULUI DUMBRĂVENI",DUMBRĂVENI,SB,1259,18,0,0,18,36,3,0,39,45,5,0,50,57,5,0,62,130,12,0,142,181,15,0,196
143815,187,"LICEUL TEORETIC DUMBRĂVENI",DUMBRĂVENI,SB,1084,9,0,0,9,20,1,0,21,32,1,0,33,38,2,0,40,104,5,0,109,153,6,0,159
143815,188,"LICEUL TEHNOLOGIC ""TIMOTEI CIPARIU"" DUMBRĂVENI",DUMBRĂVENI,SB,1212,1,0,0,1,10,0,0,10,14,4,0,18,20,5,0,25,65,5,0,70,93,6,0,99
143815,189,"CENTRUL ŞCOLAR PENTRU EDUCAŢIE INCLUZIVĂ DUMBRĂVENI",DUMBRĂVENI,SB,1319,10,0,0,10,32,0,0,32,42,1,0,43,53,2,0,55,95,7,0,102,112,9,0,121
143833,190,"ŞCOALA GIMNAZIALĂ ŞAROŞ PE TÎRNAVE","ŞAROŞ PE TÎRNAVE",SB,1427,4,0,0,4,15,0,0,15,23,0,0,23,31,0,0,31,62,3,0,65,123,5,0,128
143824,191,"ŞCOALA PRIMARĂ ERNEA",ERNEA,SB,382,0,0,0,0,5,0,0,5,11,1,0,12,20,1,0,21,62,1,0,63,94,5,0,99
144937,192,"PRIMĂRIA ORAŞULUI MIERCUREA SIBIULUI","MIERCUREA SIBIULUI",SB,782,6,0,0,6,19,1,0,20,23,2,0,25,29,2,0,31,72,4,0,76,96,4,0,100
144937,193,"PRIMĂRIA ORAŞULUI MIERCUREA SIBIULUI","MIERCUREA SIBIULUI",SB,938,5,0,0,5,17,0,0,17,21,0,0,21,25,1,0,26,75,5,0,80,102,10,0,112
144946,194,"CAMIN CULTURAL","APOLDU DE SUS",SB,1464,3,2,0,5,9,2,0,11,16,2,0,18,18,2,0,20,40,8,0,48,64,8,0,72
144955,195,"CAMIN CULTURAL",DOBÂRCA,SB,658,4,3,0,7,7,5,0,12,10,6,0,16,12,6,0,18,44,14,0,58,74,20,0,94
143860,196,"ŞCOALA GIMNAZIALA OCNA SIBIULUI","OCNA SIBIULUI",SB,955,5,0,0,5,17,0,0,17,22,1,0,23,31,2,0,33,92,5,0,97,117,12,0,129
143860,197,"ŞCOALA GIMNAZIALĂ OCNA SIBIULUI","OCNA SIBIULUI",SB,989,9,0,0,9,29,0,0,29,38,2,0,40,41,4,0,45,90,4,1,95,115,8,1,124
143860,198,"CLĂDIREA PAROHIALĂ ORTODOXĂ NR.1 OCNA SIBIULUI","OCNA SIBIULUI",SB,1404,7,2,0,9,21,2,0,23,37,2,0,39,58,3,0,61,121,9,0,130,170,13,0,183
143879,199,"CLADIRE (FOST SEDIU PRIMARIE),TOPÎRCEA",TOPÎRCEA,SB,115,0,0,0,0,2,2,0,4,4,4,0,8,4,4,0,8,11,13,0,24,13,17,0,30
145505,200,"LICEUL TEHNOLOGIC ""IOAN LUPAȘ""",SĂLIŞTE,SB,1222,10,0,0,10,23,4,0,27,33,5,0,38,47,5,0,52,121,16,0,137,173,22,0,195
145505,201,"LICEUL TEHNOLOGIC ""IOAN LUPAȘ""",SĂLIŞTE,SB,1175,5,3,0,8,21,3,0,24,28,3,0,31,46,11,0,57,75,23,0,98,169,33,0,202
145541,202,"MUZEUL ETNOGRAFIC ""MARIA COSTACHESCU",GALEŞ,SB,272,3,1,0,4,8,5,0,13,10,6,0,16,16,7,0,23,45,19,0,64,52,21,0,73
145596,203,"CLĂDIREA FOSTEI PRIMĂRII",VALE,SB,305,6,1,0,7,14,8,0,22,19,9,0,28,24,10,0,34,45,14,0,59,55,18,0,73
145587,204,"CENTRU DE DOCUMENTARE ȘI INFORMARE SIBIEL",SIBIEL,SB,330,0,3,0,3,3,10,0,13,5,10,0,15,6,15,0,21,22,25,0,47,34,32,0,66
145550,205,"CĂMIN CULTURAL FÂNTÂNELE",FÂNTÂNELE,SB,150,4,1,0,5,5,2,0,7,7,2,0,9,10,3,0,13,24,10,0,34,31,11,0,42
145578,206,"ŞCOALA GENERALĂ SĂCEL",SĂCEL,SB,436,6,0,0,6,11,0,0,11,14,2,0,16,22,2,0,24,64,6,0,70,99,15,0,114
145569,207,"ŞCOALA PRIMARĂ MAG",MAG,SB,365,0,0,0,0,0,2,0,2,1,2,0,3,5,2,0,7,23,5,0,28,37,10,0,47
145523,208,"ŞCOALA PRIMARĂ AMNAŞ",AMNAŞ,SB,341,1,1,0,2,5,1,0,6,8,2,0,10,10,5,0,15,30,17,0,47,46,23,0,69
145514,209,"CĂMIN CULTURAL ACILIU",ACILIU,SB,169,2,0,0,2,3,0,0,3,6,9,0,15,25,15,0,40,36,19,0,55,46,25,0,71
145836,210,"PRIMARIA ORASULUI TALMACIU",TĂLMACIU,SB,1568,6,2,0,8,14,2,0,16,25,2,0,27,44,2,0,46,110,4,0,114,150,5,0,155
145836,211,"LICEUL TEHNOLOGIC / SCOALA GIMNAZIALA TALMACIU",TĂLMACIU,SB,1087,13,1,0,14,21,1,0,22,35,2,0,37,51,3,0,54,107,8,0,115,146,12,0,158
145836,212,"LICEUL TEHNOLOGIC TALMACIU",TĂLMACIU,SB,1226,8,1,0,9,27,5,0,32,39,5,0,44,62,5,0,67,136,12,0,148,177,16,0,193
145836,213,"LICEUL TEHNOLOGIC TALMACIU",TĂLMACIU,SB,1587,10,0,0,10,29,0,0,29,44,0,0,44,68,4,0,72,146,12,0,158,203,12,0,215
145854,214,"LICEUL TEHNOLOGIC/SCOALA COLONIE TALMACIU II","COLONIA TĂLMACIU",SB,221,1,0,0,1,4,0,0,4,8,1,0,9,11,1,0,12,25,3,0,28,37,5,0,42
145890,215,"LICEUL TEHNOLOGIC TALMACIU/SCOALA GIMNAZIALA TALMACEL",TĂLMĂCEL,SB,912,1,0,0,1,6,2,0,8,11,2,0,13,24,3,0,27,58,6,0,64,90,10,0,100
144018,216,"CĂMINUL CULTURAL ALMA",ALMA,SB,656,3,0,0,3,8,0,0,8,15,0,0,15,17,0,0,17,63,5,0,68,109,13,0,122
144036,217,"ŞCOALA PRIMARĂ GIACĂŞ",GIACĂŞ,SB,202,3,5,0,8,15,6,0,21,16,6,0,22,20,6,0,26,44,10,0,54,61,12,0,73
144045,218,"CĂMINUL CULTURAL ŞMIG",ŞMIG,SB,724,8,0,0,8,13,0,0,13,15,2,0,17,33,3,0,36,85,8,0,93,138,12,0,150
143897,219,"SEDIU PRIMARIA",ALŢINA,SB,1069,6,3,0,9,18,7,0,25,27,7,0,34,35,11,0,46,156,31,0,187,287,39,22,348
143904,220,"FOST SEDIU CAP",BENEŞTI,SB,224,0,4,0,4,22,7,0,29,33,7,0,40,42,7,0,49,57,34,0,91,73,34,0,107
143913,221,"FOST SEDIU CAP","GHIJASA DE SUS",SB,120,2,0,0,2,9,1,0,10,9,4,0,13,11,5,0,16,36,12,0,48,48,14,0,62
143931,222,"CĂMIN CULTURAL APOLDU DE JOS","APOLDU DE JOS",SB,857,4,2,0,6,18,4,0,22,25,9,0,34,30,12,0,42,92,27,0,119,130,31,0,161
143940,223,"ȘCOALA PRIMARĂ - SÎNGĂTIN",SÎNGĂTIN,SB,206,0,1,0,1,1,1,0,2,3,2,0,5,4,4,0,8,22,16,0,38,54,21,0,75
143968,224,"PRIMĂRIA COMUNEI ARPASU DE JOS","ARPAŞU DE JOS",SB,918,3,0,0,3,27,0,0,27,33,0,0,33,40,4,0,44,81,12,0,93,120,16,0,136
143977,225,"SCOALA GIMNAZIALA ,, AUREL POPA""","ARPAŞU DE SUS",SB,1017,2,1,0,3,5,5,0,10,11,6,0,17,24,7,0,31,49,12,0,61,71,22,0,93
143986,226,"GRADINITA, NOU ROMAN","NOUL ROMÂN",SB,303,1,0,0,1,2,2,0,4,4,2,0,6,7,3,0,10,37,9,0,46,55,10,0,65
144009,227,"PRIMARIA ATEL",AŢEL,SB,1143,6,0,0,6,14,1,0,15,25,2,0,27,37,2,0,39,108,2,0,110,135,4,0,139
144027,228,"CLADIREA PRIMARIEI (FOSTA SCOALA), DUPUS NR. 107.",DUPUŞ,SB,211,2,0,0,2,6,2,0,8,10,3,0,13,10,5,0,15,15,6,0,21,27,7,0,34
144134,229,"CĂMIN CULTURAL",AGÎRBICIU,SB,1198,4,0,0,4,14,2,0,16,23,2,0,25,33,2,0,35,74,2,0,76,104,4,0,108
144143,230,"CĂMIN CULTURAL",ŞOALA,SB,274,2,1,0,3,6,1,0,7,12,3,0,15,14,4,0,18,25,7,0,32,43,9,0,52
144125,231,"ȘCOALA GIMNAZIALĂ AXENTE SEVER","AXENTE SEVER",SB,996,5,2,0,7,12,2,0,14,14,3,0,17,15,4,0,19,64,6,0,70,98,12,0,110
144125,232,"SALA DE FESTIVITĂȚI","AXENTE SEVER",SB,1025,4,4,0,8,19,7,0,26,24,8,0,32,28,10,0,38,82,12,0,94,108,13,0,121
144161,233,"PRIMARIA BAZNA",BAZNA,SB,1456,6,1,0,7,15,11,0,26,20,16,0,36,34,18,0,52,84,32,0,116,118,41,0,159
144170,234,"SCOALA GIMNAZIALA BOIAN",BOIAN,SB,1172,4,4,0,8,6,5,0,11,9,7,0,16,12,7,0,19,69,12,0,81,120,19,0,139
144189,235,"SCOALA PRIMARĂVELȚ",VELŢ,SB,456,3,0,0,3,9,5,0,14,12,5,0,17,13,5,0,18,49,10,0,59,80,13,0,93
144205,236,"PRIMARIA COMUNEI BIERTAN",BIERTAN,SB,1365,9,1,0,10,18,8,16,42,22,9,16,47,36,9,16,61,92,14,16,122,141,21,16,178
144223,237,"SCOALA PRIMARA RICHIS",RICHIŞ,SB,639,6,1,0,7,9,2,0,11,11,3,0,14,12,3,0,15,24,4,0,28,28,4,0,32
144214,238,"SCOALA PRIMARA COPSA MARE","COPŞA MARE",SB,396,0,0,0,0,4,2,0,6,12,3,0,15,19,5,0,24,48,8,0,56,73,11,0,84
144269,239,"CĂMIN CULTURAL IGHIŞU VECHI","IGHIŞU VECHI",SB,199,4,0,0,4,5,2,0,7,9,2,0,11,10,5,0,15,23,6,0,29,34,7,0,41
144241,240,GRĂDINIȚACUPROGRAMNORMALBÎRGHIȘ,BÎRGHIŞ,SB,646,5,0,0,5,12,1,0,13,17,4,0,21,20,6,0,26,26,12,0,38,42,14,0,56
144250,241,"ŞCOALA PRIMARĂAPOȘ",APOŞ,SB,268,2,1,0,3,5,1,0,6,7,1,0,8,7,2,0,9,16,2,0,18,32,4,0,36
144278,242,"ŞCOALA PRIMARĂPELIȘOR",PELIŞOR,SB,401,2,0,0,2,4,1,0,5,8,1,0,9,10,2,0,12,31,8,0,39,42,9,0,51
144296,243,"ŞCOALA PRIMARĂZLAGNA",ZLAGNA,SB,146,6,2,0,8,8,2,0,10,9,2,0,11,12,3,0,15,16,3,0,19,17,6,0,23
144287,244,"DISPENSARUMAN VECERD",VECERD,SB,92,5,2,0,7,12,8,0,20,16,8,0,24,21,9,0,30,25,11,0,36,30,16,0,46
144321,245,"ŞCOALA GIMNAZIALĂ",PĂUCEA,SB,357,2,1,0,3,5,1,0,6,6,1,0,7,12,2,0,14,47,2,0,49,58,7,0,65
144330,246,"FOSTAŞCOALĂ GENERALĂ",ROMANEŞTI,SB,61,0,3,0,3,0,3,0,3,0,3,0,3,0,3,0,3,4,3,0,7,4,3,0,7
144312,247,"PRIMĂRIA BLĂJEL",BLĂJEL,SB,1498,6,0,0,6,16,1,0,17,26,2,0,28,43,2,0,45,94,10,0,104,120,10,0,130
145845,248,"PRIMĂRIA COMUNEI BOIŢA",BOIŢA,SB,1299,17,0,0,17,46,6,0,52,69,9,0,78,92,12,0,104,167,26,0,193,229,30,0,259
144358,249,"CĂMINUL CULTURAL BRATEIU",BRATEIU,SB,1126,3,4,0,7,8,5,0,13,10,5,0,15,12,5,0,17,72,8,0,80,133,10,0,143
144358,250,"ŞCOALA GIMNAZIALĂ BRATEIU",BRATEIU,SB,828,1,1,0,2,15,1,0,16,26,3,0,29,39,6,0,45,91,7,0,98,146,11,0,157
144367,251,"ŞCOALA GIMNAZIALĂ BUZD",BUZD,SB,958,2,3,0,5,4,3,0,7,4,3,0,7,7,3,0,10,42,3,0,45,107,5,0,112
144385,252,"SALA MARE-PRIMĂRIE",BRĂDENI,SB,746,3,1,0,4,16,1,0,17,28,1,0,29,40,3,0,43,103,7,0,110,127,9,0,136
144394,253,"SALAMARE FOSTĂ PRIMĂRIE",RETIŞ,SB,375,9,2,0,11,12,4,0,16,18,4,0,22,25,4,0,29,59,17,0,76,74,22,0,96
144401,254,"FOSTAŞCOALĂ ŢELINE",ŢELINE,SB,96,5,2,0,7,11,2,0,13,12,2,0,14,12,3,0,15,26,5,0,31,39,7,0,46
144429,255,"PRIMĂRIA BRUIU",BRUIU,SB,416,1,0,0,1,1,0,0,1,2,0,0,2,10,2,0,12,24,6,0,30,29,8,0,37
144447,256,"ȘCOALA PRIMARĂ ȘOMARTIN",ŞOMARTIN,SB,326,4,0,0,4,4,0,0,4,5,0,0,5,8,1,0,9,18,1,0,19,24,8,0,32
144465,257,"ŞCOALA GIMNAZIALĂ CHIRPĂR",CHIRPĂR,SB,986,0,1,0,1,5,7,0,12,11,9,0,20,13,9,0,22,65,15,0,80,89,18,0,107
144483,258,"CĂMINUL CULTURAL VĂRD",VĂRD,SB,285,4,1,0,5,5,1,0,6,7,1,0,8,11,1,0,12,36,3,0,39,57,3,0,60
144492,259,"ŞCOALA PRIMARĂ VESEUD",VESEUD,SB,152,1,0,0,1,4,3,0,7,6,3,0,9,8,4,0,12,13,5,0,18,21,7,0,28
144474,260,"CĂMINUL CULTURAL SĂSĂUŞ",SĂSĂUŞ,SB,110,4,5,0,9,5,5,0,10,6,7,0,13,6,7,0,13,17,27,0,44,21,29,0,50
144517,261,"PRIMARIA CIRTA",CÎRŢA,SB,951,5,1,0,6,12,3,0,15,22,5,0,27,29,6,0,35,55,12,0,67,96,15,0,111
144544,262,"PRIMĂRIA COMUNEI CÎRȚIȘOARA",CÎRŢIŞOARA,SB,1072,4,5,0,9,37,11,0,48,46,15,0,61,62,20,0,82,140,47,0,187,223,67,0,290
143496,263,"PRIMARIA COMUNEI CRISTIAN",CRISTIAN,SB,1119,1,1,0,2,15,1,0,16,21,1,0,22,28,2,0,30,83,9,0,92,114,18,0,132
143496,264,"GRADINITA CU PROGRAM PRELUNGITCRISTIAN",CRISTIAN,SB,1194,4,1,0,5,18,4,0,22,33,8,0,41,55,8,0,63,126,18,0,144,172,27,0,199
143496,265,"SCOALA GIMNAZIALA , CRISTIAN",CRISTIAN,SB,1068,5,1,0,6,14,2,0,16,27,2,0,29,46,3,0,49,121,9,0,130,158,15,0,173
144562,266,"CĂMIN CULTURAL DÎRLOS",DÎRLOS,SB,857,9,0,0,9,20,3,0,23,29,4,0,33,32,4,0,36,81,11,0,92,98,14,0,112
144562,267,"ŞCOALA GIMNAZIALĂ ""IOAN MORARU"" DÎRLOS",DÎRLOS,SB,1047,4,0,0,4,22,1,0,23,29,1,0,30,58,2,0,60,99,8,0,107,143,10,0,153
144571,268,"ŞCOALA GIMNAZIALĂ CURCIU",CURCIU,SB,718,1,0,0,1,9,5,0,14,15,5,0,20,19,5,0,24,98,8,0,106,138,8,0,146
144580,269,"CĂMIN CULTURAL VALEA LUNGĂ","VALEA LUNGĂ",SB,206,2,2,0,4,8,2,0,10,13,2,0,15,17,2,0,19,36,2,0,38,47,5,0,52
144606,270,"ŞCOALA GIMNAZIALĂ ''AUREL DECEI'' GURA RÂULUI","GURA RÂULUI",SB,1393,3,2,0,5,16,11,0,27,32,18,0,50,85,24,0,109,235,40,8,283,318,47,8,373
144606,271,"GRĂDINIŢA CU PROGRAM NORMAL NR.2 GURA RÂULUI","GURA RÂULUI",SB,1520,4,0,0,4,30,5,0,35,57,9,0,66,107,10,0,117,260,19,18,297,380,23,18,421
144624,272,"PRIMĂRIA HOGHILAG",HOGHILAG,SB,990,1,0,0,1,7,0,0,7,16,0,0,16,20,2,0,22,76,3,0,79,157,6,0,163
144633,273,"SCOALA PRIMARĂPROD",PROD,SB,204,1,0,0,1,4,2,0,6,7,2,0,9,11,3,0,14,47,8,0,55,67,14,0,81
144642,274,"CLADIRE CE APARŢINE PRIMARIEI HOGHILAG",VALCHID,SB,624,0,0,0,0,5,0,0,5,7,0,0,7,9,0,0,9,32,2,0,34,77,2,0,79
144660,275,"PRIMĂRIA IACOBENI",IACOBENI,SB,832,1,0,0,1,2,0,0,2,3,0,0,3,3,0,0,3,42,2,0,44,108,3,0,111
144704,276,"ȘCOALA PRIMARĂ STEJĂRIȘU",STEJĂRIŞU,SB,421,4,1,0,5,6,2,0,8,7,2,0,9,7,2,0,9,27,4,0,31,45,4,0,49
144688,277,"ȘCOALA PRIMARĂ NETUȘ",NETUŞ,SB,397,0,0,0,0,12,2,0,14,24,2,0,26,25,3,0,28,44,5,0,49,66,9,0,75
144697,278,"ȘCOALA GIMNAZIALĂ NOIȘTAT",NOIŞTAT,SB,452,0,0,0,0,5,0,0,5,6,1,0,7,9,1,0,10,31,2,0,33,42,2,0,44
144679,279,"ȘCOALA PRIMARĂ MOVILE",MOVILE,SB,284,1,0,0,1,7,0,0,7,12,0,0,12,13,2,0,15,46,3,0,49,59,6,0,65
144722,280,"PRIMĂRIA COMUNEI JINA",JINA,SB,1515,23,1,0,24,64,8,0,72,97,10,0,107,140,19,0,159,340,40,0,380,463,45,0,508
144722,281,"ŞCOALA GIMNAZIALĂJINA BĂIEŞI",JINA,SB,1240,3,0,0,3,22,0,0,22,47,1,0,48,60,3,0,63,333,15,0,348,479,31,0,510
144740,282,"CĂMIN CULTURALLASLEA",LASLEA,SB,1279,4,0,0,4,14,0,0,14,16,0,0,16,18,0,0,18,150,6,0,156,211,10,0,221
144768,283,"CĂMIN CULTURALMĂLÎNCRAV",MĂLÎNCRAV,SB,992,6,0,0,6,10,2,0,12,16,2,0,18,23,2,0,25,64,5,0,69,102,10,0,112
144759,284,"CĂMIN CULTURALFLOREŞTI",FLOREŞTI,SB,106,1,0,0,1,7,0,0,7,8,0,0,8,8,0,0,8,12,0,0,12,18,6,0,24
144786,285,"ȘCOALA PRIMARĂROANDOLA",ROANDOLA,SB,249,0,0,0,0,3,0,0,3,3,0,0,3,3,1,0,4,7,9,0,16,10,12,0,22
144777,286,"ȘCOALA PRIMARĂ NOU SĂSESC","NOU SĂSESC",SB,606,2,1,0,3,6,2,0,8,10,4,0,14,13,4,0,17,16,5,0,21,21,7,0,28
144802,287,"CĂMIN CULTURAL LOAMNEŞ",LOAMNEŞ,SB,502,1,0,0,1,10,1,0,11,27,1,0,28,37,1,0,38,85,10,0,95,126,11,0,137
144848,288,"CĂMIN CULTURAL MÎNDRA",MÎNDRA,SB,282,3,1,0,4,9,4,0,13,21,8,0,29,34,9,0,43,50,11,0,61,67,13,0,80
144811,289,"CĂMIN CULTURAL ALĂMOR",ALĂMOR,SB,619,1,0,0,1,6,0,0,6,10,0,0,10,26,1,0,27,41,7,0,48,57,9,0,66
144820,290,ŞCOALAPRIMARĂARMENI,ARMENI,SB,433,1,0,0,1,4,0,0,4,5,2,0,7,10,3,0,13,22,6,0,28,32,6,0,38
144839,291,ŞCOALAPRIMARĂHAŞAG,HAŞAG,SB,533,3,0,0,3,8,0,0,8,13,0,0,13,28,3,0,31,76,19,0,95,97,24,0,121
144875,292,"PRIMĂRIA COMUNEI LUDOȘ",LUDOŞ,SB,581,1,0,0,1,8,2,0,10,17,4,0,21,18,5,0,23,47,31,0,78,101,38,0,139
144900,293,"PRIMĂRIA MARPOD",MARPOD,SB,544,2,0,0,2,12,4,0,16,14,12,0,26,19,12,0,31,43,27,0,70,52,28,0,80
144919,294,"FOSTĂ ŞCOALĂ GENERALĂ ILIMBAV",ILIMBAV,SB,163,3,2,0,5,7,3,0,10,7,3,0,10,10,3,0,13,22,12,0,34,27,14,0,41
144973,295,"CLĂDIRE REMIZĂ MERGHINDEAL, NUMARUL 60",MERGHINDEAL,SB,678,3,0,0,3,12,0,0,12,17,0,0,17,22,1,0,23,53,4,10,67,117,11,10,138
144982,296,"ȘCOALA PRIMARĂ DEALU FRUMOS","DEALU FRUMOS",SB,550,2,0,0,2,10,1,0,11,17,2,0,19,21,2,0,23,66,2,0,68,107,3,5,115
145006,297,"ȘCOALA GIMNAZIALĂ ""CORNELIU PĂCURARIU"" MICĂSASA",MICĂSASA,SB,1127,4,0,0,4,16,1,0,17,25,3,0,28,44,5,0,49,118,12,0,130,163,16,0,179
145024,298,"ȘCOALA PRIMARĂ ŢAPU",ŢAPU,SB,645,2,0,0,2,7,0,0,7,10,0,0,10,12,0,0,12,35,5,0,40,52,6,0,58
145015,299,"DISPENSARUL MEDICAL CHESLER",CHESLER,SB,57,0,1,0,1,0,2,0,2,1,3,0,4,5,3,0,8,8,10,0,18,14,12,0,26
145051,300,"PRIMĂRIA COMUNEI MIHĂILENI",MIHĂILENI,SB,246,1,0,0,1,2,2,0,4,3,2,0,5,3,2,0,5,16,2,0,18,29,2,0,31
145060,301,"ȘCOALA PRIMARĂ METIȘ",METIŞ,SB,243,0,0,0,0,2,0,0,2,3,0,0,3,5,0,0,5,18,1,0,19,32,4,0,36
145088,302,"CĂMINUL CULTURAL RĂVĂȘEL",RĂVĂŞEL,SB,277,0,0,0,0,2,3,0,5,2,3,0,5,3,3,0,6,18,7,0,25,35,9,0,44
145113,303,"ȘCOALA GIMNAZIALĂ MOȘNA",MOŞNA,SB,1111,4,0,0,4,14,0,1,15,19,1,0,20,23,1,0,24,76,4,0,80,110,6,0,116
145113,304,"ȘCOALA GIMNAZIALĂ MOȘNA",MOŞNA,SB,944,2,0,0,2,13,0,0,13,21,0,0,21,29,1,0,30,91,5,0,96,125,5,0,130
145122,305,"GRĂDINIȚA CU PROGRAM NORMAL ALMA VII","ALMA VII",SB,332,3,0,0,3,5,1,0,6,14,11,3,28,11,3,0,14,33,3,0,36,45,5,0,50
145131,306,"ȘCOALA GIMNAZIALĂ NEMȘA",NEMŞA,SB,471,2,0,0,2,14,2,0,16,24,2,0,26,25,7,0,32,48,11,0,59,76,12,0,88
145159,307,"CAMINUL CULTURAL NOCRICH",NOCRICH,SB,1121,2,3,0,5,16,4,0,20,19,5,0,24,22,6,0,28,36,9,0,45,56,11,0,67
145186,308,"SCOALA GIMNAZIALA HOSMAN",HOSMAN,SB,709,0,0,0,0,1,0,0,1,5,3,0,8,8,4,0,12,28,5,0,33,38,5,0,43
145168,309,"SCOALA PRIMARA FOFELDEA",FOFELDEA,SB,301,2,2,0,4,6,3,0,9,14,6,0,20,17,9,0,26,47,15,0,62,69,17,0,86
145177,310,"FOSTA SCOALAGHIJASA DE JOS","GHIJASA DE JOS",SB,83,0,1,0,1,0,1,0,1,1,1,0,2,3,2,0,5,4,6,0,10,6,9,0,15
145195,311,"SCOALA PRIMARA ŢICHINDEAL",ŢICHINDEAL,SB,129,0,0,0,0,1,2,0,3,3,2,0,5,4,2,0,6,7,7,0,14,12,13,0,25
145211,312,"GRĂDINIŢA CU PROGRAM NORMALORLAT",ORLAT,SB,1302,4,0,0,4,8,0,0,8,14,0,0,14,28,0,0,28,77,3,0,80,100,4,0,104
145211,313,"GRĂDINIŢA CU PROGRAM NORMAL ORLAT",ORLAT,SB,1342,4,0,0,4,11,4,0,15,17,8,0,25,42,9,0,51,112,14,0,126,156,17,0,173
145239,314,"PRIMARIA COMUNEI PĂUCA",PĂUCA,SB,663,9,2,0,11,22,2,0,24,40,2,0,42,46,3,0,49,101,13,0,114,159,15,0,174
145248,315,"ŞCOALA GIMNAZIALA BOGATU-ROMÂN","BOGATU ROMÂN",SB,357,3,0,0,3,8,0,0,8,11,0,0,11,13,0,0,13,42,5,0,47,50,9,0,59
145257,316,"ŞCOALA PRIMARA BROŞTENI",BROŞTENI,SB,280,9,0,0,9,25,0,0,25,36,2,0,38,43,4,0,47,87,7,0,94,133,7,0,140
145266,317,"ŞCOALA PRIMARA PRESACA",PRESACA,SB,308,7,0,0,7,29,5,0,34,44,8,0,52,48,9,0,57,98,12,0,110,120,14,0,134
145284,318,"CĂMINUL CULTURAL POIANA SIBIULUI","POIANA SIBIULUI",SB,908,0,1,0,1,4,1,0,5,12,5,0,17,24,8,0,32,80,28,0,108,101,32,1,134
145284,319,"ȘCOALA GIMNAZIALĂ""IOAN BAN - DASCĂLU"", POIANA SIBIULUI, NR. 1332","POIANA SIBIULUI",SB,874,0,2,0,2,3,2,0,5,12,2,0,14,30,7,0,37,87,15,0,102,115,17,0,132
143511,320,"CĂMINUL CULTURAL POPLACA",POPLACA,SB,1420,3,0,0,3,10,2,0,12,22,4,0,26,45,4,0,49,88,10,0,98,145,14,0,159
145300,321,"PRIMĂRIA PORUMBACU DE JOS","PORUMBACU DE JOS",SB,870,0,1,0,1,7,4,0,11,9,4,0,13,19,4,0,23,55,12,0,67,75,16,0,91
145328,322,"CĂMINUL CULTURAL PORUMBACU DE SUS","PORUMBACU DE SUS",SB,678,5,3,0,8,13,9,0,22,25,14,0,39,33,19,0,52,90,42,0,132,123,52,0,175
145346,323,"CĂMINUL CULTURAL SCOREIU",SCOREIU,SB,558,8,3,0,11,19,4,0,23,25,4,0,29,41,8,0,49,70,15,0,85,90,25,0,115
145337,324,"CĂMINUL CULTURAL SARATA",SĂRATA,SB,283,2,1,0,3,9,2,0,11,10,2,0,12,15,2,0,17,35,6,0,41,42,8,0,50
145319,325,"CĂMINUL CULTURALCOLUN",COLUN,SB,147,0,0,0,0,0,2,0,2,3,3,0,6,3,3,0,6,10,3,0,13,44,5,0,49
145373,326,"CĂMINUL CULTURAL SEBEȘU DE SUS","SEBEŞU DE SUS",SB,612,6,0,0,6,12,0,0,12,14,0,5,19,37,10,0,47,101,23,0,124,120,34,0,154
145364,327,"ŞCOALA GIMNAZIALÃ RACOVIŢA",RACOVIŢA,SB,1717,13,0,0,13,47,2,0,49,61,3,0,64,90,4,0,94,180,9,0,189,239,12,0,251
143539,328,"ŞCOALA GIMNAZIALĂ OCTAVIAN GOGA RĂŞINARI",RĂŞINARI,SB,1501,6,0,0,6,21,4,0,25,26,4,0,30,39,4,0,43,90,6,0,96,131,12,0,143
143539,329,"ŞCOALA GIMNAZIALĂ SAVA POPOVICI BARCIANU RĂŞINARI",RĂŞINARI,SB,1462,2,0,0,2,13,1,0,14,16,3,0,19,37,4,0,41,91,9,0,100,122,16,0,138
143539,330,"CĂMINUL CULTURAL RĂȘINARI",RĂŞINARI,SB,1444,7,1,0,8,24,4,0,28,32,4,0,36,44,4,0,48,95,11,0,106,140,15,0,155
145391,331,PRIMĂRIA,"RÎU SADULUI",SB,480,8,2,0,10,10,3,0,13,23,4,0,27,34,4,0,38,70,6,0,76,93,9,0,102
145417,332,"PRIMARIA ROSIA",ROŞIA,SB,1187,7,0,0,7,24,3,0,27,52,5,0,57,63,5,0,68,129,13,0,142,176,15,0,191
145453,333,"SCOALA GIMNAZIALA NOU",NOU,SB,1315,2,0,0,2,16,1,0,17,28,1,0,29,37,2,0,39,90,9,0,99,134,9,0,143
145444,334,"SCOALA GIMAZIALA DAIA",DAIA,SB,753,6,1,0,7,14,1,0,15,14,1,0,15,22,2,0,24,62,4,0,66,83,9,0,92
145426,335,"SCOALA GIMNAZIALA CAŞOLŢ",CAŞOLŢ,SB,595,4,0,0,4,5,0,0,5,10,1,0,11,15,1,0,16,53,5,0,58,85,6,0,91
145435,336,"SEDIUL ADMINISTRATIV DISPENSAR",CORNĂŢEL,SB,397,6,1,0,7,9,1,0,10,12,3,0,15,19,9,0,28,50,21,0,71,73,23,0,96
145480,337,"CĂMINUL CULTURAL AL COMUNEI SADU",SADU,SB,946,3,1,0,4,13,1,0,14,30,2,0,32,37,2,0,39,91,10,0,101,141,13,0,154
145480,338,"CĂMINUL CULTURAL AL COMUNEI SADU",SADU,SB,1136,3,2,0,5,12,4,0,16,25,9,0,34,38,10,0,48,97,22,0,119,141,24,0,165
145612,339,"ŞCOALA GIMNAZIALĂ SLIMNIC",SLIMNIC,SB,1298,2,1,0,3,17,2,0,19,21,2,0,23,52,2,0,54,118,10,0,128,148,16,0,164
145612,340,"ŞCOALA GIMNAZIALĂ SLIMNIC",SLIMNIC,SB,1004,6,3,0,9,18,4,0,22,28,4,0,32,49,4,0,53,127,11,0,138,155,12,0,167
145649,341,"ŞCOALA GIMNAZIALĂ RUŞI",RUŞI,SB,734,7,1,0,8,23,1,0,24,37,1,0,38,40,1,0,41,67,4,0,71,86,4,0,90
145658,342,"ŞCOALA GIMNAZIALA VESEUD",VESEUD,SB,161,5,2,0,7,9,4,0,13,17,7,0,24,27,8,0,35,45,12,0,57,48,12,0,60
145676,343,"SCOALA GIMNAZIALASEICA MARE","ŞEICA MARE",SB,950,3,0,0,3,27,7,0,34,36,8,0,44,49,9,0,58,96,17,0,113,115,18,0,133
145676,344,"SCOALA GIMNAZIALA SEICA MARE","ŞEICA MARE",SB,869,4,0,0,4,10,2,2,14,10,4,2,16,28,4,2,34,77,4,2,83,100,4,2,106
145676,345,"SCOALA PRIMARA SEICA MARE","ŞEICA MARE",SB,885,3,5,0,8,22,8,0,30,38,12,0,50,62,17,0,79,135,40,0,175,187,42,0,229
145685,346,"SCOALA PRIMARA BOARTA",BOARTA,SB,340,7,0,0,7,16,1,0,17,16,1,0,17,25,2,0,27,42,7,0,49,55,10,0,65
145694,347,"SCOALA PRIMARA BUIA",BUIA,SB,487,0,0,0,0,2,0,0,2,2,0,0,2,4,1,0,5,15,1,0,16,29,1,0,30
145729,348,"ŞCOALAPRIMARA ŞTENEA",ŞTENEA,SB,124,1,0,0,1,1,1,0,2,3,5,0,8,5,8,0,13,10,10,0,20,19,13,0,32
145710,349,"CASA PAROHIALA CULT ORTODOX",PETIŞ,SB,48,1,0,0,1,2,0,0,2,2,0,0,2,2,0,0,2,2,0,0,2,2,1,0,3
145747,350,PRIMARIA,"ŞEICA MICĂ",SB,1035,6,0,0,6,11,2,0,13,26,3,0,29,38,6,0,44,74,15,0,89,133,21,0,154
145756,351,"FOSTUL SEDIU CAP SOROŞTIN",SOROŞTIN,SB,430,1,1,0,2,10,1,0,11,22,2,0,24,63,2,0,65,116,8,0,124,156,12,0,168
143566,352,"CĂMIN CULTURAL ŞELIMBĂR",ŞELIMBĂR,SB,1555,8,1,0,9,26,7,0,33,50,9,0,59,71,11,0,82,154,28,0,182,218,34,0,252
143566,353,"ŞCOALA GIMNAZIALĂ `MIHAI VITEAZU~ ŞELIMBĂR",ŞELIMBĂR,SB,1837,4,2,0,6,32,7,0,39,53,11,0,64,63,13,0,76,146,34,0,180,197,40,0,237
143566,354,"GRĂDINIȚA CU PROGRAM PRELUNGIT",ŞELIMBĂR,SB,1888,6,0,0,6,24,1,0,25,38,3,0,41,41,4,0,45,77,4,0,81,112,6,0,118
143593,355,"CĂMIN CULTURAL VEȘTEM",VEŞTEM,SB,1393,12,1,0,13,35,7,0,42,48,10,0,58,87,10,0,97,148,15,0,163,212,19,0,231
143584,356,"CĂMIN CULTURAL MOHU",MOHU,SB,613,2,0,0,2,3,0,0,3,9,0,0,9,10,0,0,10,39,2,0,41,57,5,0,62
143575,357,"CĂMIN CULTURAL BUNGRAD",BUNGARD,SB,483,3,0,0,3,8,1,0,9,10,1,0,11,17,1,0,18,52,6,0,58,60,7,0,67
143566,358,"GRĂDINIȚA CU PROGRAM PRELUNGIT ȘELIMBĂR, CORP NOU, PARTER",ŞELIMBĂR,SB,1696,7,1,0,8,42,12,0,54,69,19,0,88,76,24,0,100,159,43,0,202,193,67,0,260
145774,359,"SALĂ SPORT","ŞURA MARE",SB,1342,9,1,0,10,28,1,0,29,41,1,0,42,58,3,0,61,123,10,0,133,160,11,0,171
145774,360,"SALĂ SPORT","ŞURA MARE",SB,1669,2,1,0,3,23,2,0,25,32,2,0,34,36,2,0,38,97,3,0,100,131,7,0,138
145783,361,"CLĂDIRE CU DESTINAȚIE BIROURI APARȚINÂND CONSISTORIULUI EVANGHELIC C.A. SIBIU",HAMBA,SB,698,0,2,0,2,7,3,0,10,10,3,0,13,16,4,0,20,63,11,0,74,85,15,0,100
145809,362,"SCOALA GIMNAZIALA SURA MICA","ŞURA MICĂ",SB,1950,3,0,0,3,14,0,0,14,32,2,0,34,40,2,0,42,109,12,0,121,155,19,0,174
145818,363,"SCOALA PRIMARA RUSCIORI",RUSCIORI,SB,583,2,0,0,2,7,1,0,8,10,3,0,13,14,3,0,17,39,7,0,46,69,12,0,81
145916,364,"PRIMĂRIA TILIŞCA",TILIŞCA,SB,847,6,1,0,7,21,9,0,30,21,12,0,33,36,14,0,50,110,23,0,133,161,32,0,193
145925,365,"ŞCOALA PRIMARĂ ROD",ROD,SB,325,1,1,0,2,11,3,0,14,14,3,0,17,24,4,0,28,32,10,0,42,37,18,0,55
143655,366,"GRĂDINIŢA CU ORAR NORMAL TÎRNAVA",TÎRNAVA,SB,1305,0,0,0,0,9,1,0,10,16,1,0,17,26,3,0,29,71,6,0,77,109,10,0,119
143655,367,"GRĂDINIŢACU ORAR NORMALTÎRNAVA",TÎRNAVA,SB,1213,0,0,0,0,9,0,0,9,12,0,0,12,21,0,0,21,55,0,0,55,110,0,0,110
145943,368,CLUB,"TURNU ROŞU",SB,1476,7,0,0,7,29,4,0,33,44,15,0,59,53,18,0,71,120,25,0,145,170,35,0,205
145952,369,DISPENSAR,"SEBEŞU DE JOS",SB,461,6,4,0,10,12,8,0,20,21,9,0,30,39,12,0,51,73,20,0,93,91,27,0,118
145970,370,"CENTRUDE INFORMARE TURISTICĂ VALEA VIILOR","VALEA VIILOR",SB,1264,6,0,0,6,23,0,0,23,32,1,0,33,45,2,0,47,104,8,13,125,151,8,13,172
145989,371,CĂMINMOTIȘ,MOTIŞ,SB,553,0,1,0,1,5,1,0,6,10,2,0,12,15,2,0,17,31,9,1,41,36,10,1,47
146003,372,"SALA SPORT",VURPĂR,SB,1189,10,0,0,10,32,1,0,33,37,2,0,39,41,2,0,43,101,5,0,106,162,8,0,170
146003,373,"ŞCOALA GIMNAZIALĂ",VURPĂR,SB,852,2,1,0,3,14,1,0,15,21,2,0,23,30,5,0,35,65,9,0,74,107,10,0,117
139713,1,"COLEGIUL NAŢIONAL ""SILVANIA""",ZALĂU,SJ,2067,19,2,0,21,71,6,0,77,109,11,0,120,135,12,0,147,278,20,0,298,402,23,0,425
139713,2,"CLUBUL TINERETULUI",ZALĂU,SJ,1573,16,1,0,17,48,2,0,50,64,9,0,73,83,10,0,93,186,16,0,202,251,23,0,274
139713,3,"GRĂDINIŢA CU PROGRAM PRELUNGIT NR. 1",ZALĂU,SJ,1641,9,1,0,10,48,4,0,52,78,6,0,84,90,6,0,96,214,14,0,228,302,15,0,317
139713,4,"PRIMĂRIA MUNICIPIULUI ZALĂU",ZALĂU,SJ,1272,8,2,0,10,41,3,0,44,54,4,0,58,59,4,0,63,125,6,0,131,172,6,0,178
139713,5,"STADIONUL MUNICIPAL SEDIUL CLUBULUI SPORTIV MUNICIPAL",ZALĂU,SJ,993,6,4,0,10,27,4,16,47,41,4,28,73,48,5,28,81,123,10,28,161,185,13,28,226
139713,6,"LICEUL CU PROGRAM SPORTIV ""AVRAM IANCU""",ZALĂU,SJ,1815,9,0,0,9,58,7,0,65,74,7,0,81,82,8,0,90,207,14,0,221,284,16,0,300
139713,7,"LICEUL CU PROGRAM SPORTIV ""AVRAM IANCU""",ZALĂU,SJ,1567,8,4,0,12,31,6,0,37,52,6,0,58,60,6,0,66,147,10,0,157,213,14,0,227
139713,8,"LICEUL CU PROGRAM SPORTIV ""AVRAM IANCU""",ZALĂU,SJ,1755,9,3,0,12,50,6,0,56,73,7,0,80,91,7,0,98,184,10,0,194,259,19,0,278
139713,9,"DIRECŢIA DE SĂNĂTATE PUBLICĂ SĂLAJ",ZALĂU,SJ,1058,20,0,0,20,57,5,0,62,79,7,0,86,99,8,0,107,174,14,0,188,240,23,0,263
139713,10,"DIRECŢIA GENERALĂ DE ADMINISTRARE DOMENIUL PUBLIC",ZALĂU,SJ,1278,8,3,0,11,63,4,0,67,89,7,0,96,106,8,0,114,190,10,0,200,261,14,0,275
139713,11,"ȘCOALA GIMNAZIALĂ ""SIMION BĂRNUȚIU""",ZALĂU,SJ,1732,12,3,0,15,58,8,0,66,77,13,0,90,106,18,0,124,207,27,0,234,266,37,0,303
139713,12,"ŞCOALA GIMNAZIALĂ ""GHEORGHE LAZĂR""",ZALĂU,SJ,1777,16,1,0,17,72,2,0,74,113,5,0,118,122,6,0,128,240,9,0,249,309,11,0,320
139713,13,"LICEUL TEHNOLOGIC ""MIHAI VITEAZU""",ZALĂU,SJ,973,6,6,0,12,54,6,0,60,80,7,1,88,91,7,1,99,146,8,1,155,191,11,1,203
139713,14,"LICEUL TEHNOLOGIC ""MIHAI VITEAZU”",ZALĂU,SJ,1298,4,1,0,5,47,1,0,48,75,1,0,76,88,2,0,90,146,4,0,150,213,5,0,218
139713,15,"ŞCOALA GIMNAZIALĂ “POROLISSUM""",ZALĂU,SJ,1738,17,1,0,18,79,1,0,80,112,5,32,149,148,8,32,188,233,10,32,275,319,11,32,362
139713,16,"ŞCOALA GIMNAZIALĂ ""POROLISSUM""",ZALĂU,SJ,1743,15,1,0,16,77,11,0,88,101,12,1,114,122,13,1,136,251,16,1,268,365,19,1,385
139713,17,"ŞCOALA GIMNAZIALĂ ""IULIU MANIU""",ZALĂU,SJ,1791,22,0,0,22,75,3,0,78,100,6,0,106,107,6,0,113,188,17,0,205,246,24,0,270
139713,18,"GRĂDINIŢA CU PROGRAM PRELUNGIT ""VOINICEL""",ZALĂU,SJ,999,3,3,0,6,24,3,0,27,34,3,0,37,48,3,0,51,104,5,0,109,135,10,0,145
139713,19,"GRĂDINIŢA CU PROGRAM PRELUNGIT ""VOINICEL""",ZALĂU,SJ,1177,6,0,0,6,41,2,0,43,67,3,0,70,78,3,0,81,130,9,0,139,162,10,0,172
139713,20,"SALA SPORTURILOR",ZALĂU,SJ,1796,8,2,0,10,67,7,0,74,93,9,0,102,108,10,0,118,211,21,0,232,275,26,0,301
139713,21,"SALA SPORTURILOR",ZALĂU,SJ,1684,13,0,0,13,34,2,0,36,62,4,0,66,75,7,0,82,158,13,0,171,238,14,0,252
139713,22,"ȘCOALA GIMNAZIALĂ ""CORNELIU COPOSU""",ZALĂU,SJ,1337,14,0,0,14,36,0,0,36,45,2,0,47,49,2,0,51,112,5,0,117,172,6,0,178
139713,23,"ŞCOALA GIMNAZIALĂ ""CORNELIU COPOSU""",ZALĂU,SJ,1618,25,1,0,26,39,6,0,45,72,6,0,78,85,10,0,95,170,22,0,192,229,26,0,255
139713,24,"ŞCOALA GIMNAZIALĂ ""CORNELIU COPOSU""",ZALĂU,SJ,1480,3,0,0,3,15,0,0,15,26,2,0,28,36,3,0,39,98,7,0,105,170,9,0,179
139713,25,"ŞCOALA GIMNAZIALĂ ""CORNELIU COPOSU""",ZALĂU,SJ,1210,5,0,0,5,24,1,0,25,34,2,0,36,43,2,0,45,111,7,0,118,169,10,0,179
139713,26,"LICEUL TEHNOLOGIC ""VOIEVOD GELU""",ZALĂU,SJ,1530,5,0,0,5,21,2,0,23,50,5,0,55,69,5,0,74,175,9,0,184,245,10,0,255
139713,27,"LICEUL TEHNOLOGIC ""VOIEVOD GELU""",ZALĂU,SJ,1798,9,0,0,9,47,1,0,48,60,1,0,61,70,1,0,71,170,4,0,174,248,10,0,258
139713,28,"LICEUL TEHNOLOGIC ""VOIEVOD GELU""",ZALĂU,SJ,1543,5,1,0,6,30,2,0,32,47,5,0,52,60,7,0,67,154,8,0,162,208,10,0,218
139713,29,"GRĂDINIŢA CU PROGRAM NORMAL NR.8",ZALĂU,SJ,1906,10,0,0,10,60,5,0,65,88,5,79,172,101,5,79,185,171,14,79,264,226,14,79,319
139713,30,"LICEUL DE ARTĂ ""IOAN SIMA""",ZALĂU,SJ,1676,12,0,0,12,52,0,0,52,88,4,0,92,94,4,0,98,191,6,0,197,258,7,0,265
139713,31,"ŞCOALA POSTLICEALĂ SANITARĂ",ZALĂU,SJ,1450,10,1,0,11,66,1,0,67,90,1,0,91,101,1,0,102,209,3,0,212,269,5,0,274
139713,32,"GRĂDINIŢA CU PROGRAM PRELUNGIT NR.11",ZALĂU,SJ,1623,13,5,0,18,48,5,0,53,75,7,0,82,96,7,0,103,177,13,0,190,238,15,0,253
139713,33,"COLEGIUL TEHNIC ""ALESANDRU PAPIU ILARIAN""",ZALĂU,SJ,1176,8,1,0,9,54,3,0,57,70,7,0,77,92,8,0,100,156,10,0,166,211,13,0,224
139713,34,"COLEGIUL TEHNIC ""ALESANDRU PAPIU ILARIAN""",ZALĂU,SJ,1006,9,0,0,9,46,0,0,46,64,0,0,64,67,6,0,73,151,6,0,157,201,11,0,212
139713,35,"LICEUL TEORETIC ""GHEORGHE ŞINCAI""",ZALĂU,SJ,1414,7,0,0,7,42,3,0,45,58,3,0,61,81,4,0,85,192,8,0,200,247,11,0,258
139713,36,"ŞCOALA GIMNAZIALĂ ""MIHAI EMINESCU""",ZALĂU,SJ,1707,10,3,0,13,52,12,0,64,85,18,0,103,104,18,0,122,209,20,0,229,297,20,0,317
139713,37,"CLUB S.C. COMPANIA DE APĂ SOMEŞ S.A. SUCURSALA MUNICIPIULUI ZALĂU",ZALĂU,SJ,1348,10,0,0,10,60,4,0,64,72,4,0,76,96,4,0,100,172,5,0,177,215,7,0,222
139713,38,"ŞCOALA GENERALĂ ""GEORGE COŞBUC"", CARTIER ORTELEC",ZALĂU,SJ,1634,6,3,0,9,43,5,0,48,71,11,0,82,93,11,0,104,250,20,0,270,331,25,0,356
139722,39,"ŞCOALA PRIMARĂ STÎNA",STÎNA,SJ,243,2,0,0,2,4,0,0,4,8,0,0,8,17,0,0,17,55,6,0,61,67,11,0,78
139759,40,"LICEUL TEHNOLOGIC ""GHEORGHE POP DE BĂSEȘTI""","CEHU SILVANIEI",SJ,1475,5,4,0,9,17,5,0,22,27,6,0,33,35,6,0,41,76,7,0,83,108,10,0,118
139759,41,"ȘCOALA GIMNAZIALĂ ""ANDREI MUREȘANU""","CEHU SILVANIEI",SJ,1524,1,0,0,1,13,2,0,15,17,4,0,21,23,4,0,27,78,7,0,85,92,7,0,99
139759,42,"PIAȚA TRANDAFIRILOR NR. 29 CLUBUL COPIILOR","CEHU SILVANIEI",SJ,1442,5,0,0,5,22,1,0,23,30,1,0,31,47,1,0,48,116,5,0,121,158,9,0,167
139768,43,"HOROATU CEHULUI NR. 23 ȘCOALA PRIMARĂ","HOROATU CEHULUI",SJ,142,3,0,0,3,3,2,0,5,4,2,0,6,12,3,0,15,28,9,0,37,34,11,0,45
139777,44,"SAT MOTIȘ NR. 228 ȘCOALA GIMNAZIALĂ ""GHEORGHE ȘINCAI""",MOTIŞ,SJ,601,2,2,0,4,6,2,0,8,10,5,0,15,15,5,0,20,39,6,0,45,58,6,0,64
139786,45,"SAT NADIȘ NR.127 ȘCOALA PRIMARĂ",NADIŞ,SJ,424,0,1,0,1,3,1,0,4,5,2,0,7,15,2,0,17,58,8,0,66,78,14,0,92
139795,46,"SAT ULCIUG NR.6 GRĂDINIȚA DE COPII",ULCIUG,SJ,757,0,0,0,0,1,0,0,1,7,0,0,7,12,0,0,12,49,3,0,52,73,5,0,78
139820,47,"CASA DE CULTURĂ",JIBOU,SJ,1871,22,2,0,24,60,8,0,68,103,9,0,112,124,9,0,133,294,19,0,313,382,23,0,405
139820,48,"LICEUL TEHNOLOGIC ""OCTAVIAN GOGA""",JIBOU,SJ,1576,9,0,0,9,37,3,0,40,49,4,0,53,78,5,0,83,183,8,0,191,250,11,0,261
139820,49,"LICEUL TEHNOLOGIC ""OCTAVIASN GOGA""PARTER,SALA DE CLASA NR.2",JIBOU,SJ,1284,5,0,0,5,45,0,0,45,77,0,0,77,85,0,0,85,200,3,0,203,291,7,0,298
139820,50,"ȘCOALĂ GIMNAZIALĂ ""LUCIAN BLAGA"" PARTER SALĂ DE CLASĂ NR.1,STR.GAROAFELOR NR.7",JIBOU,SJ,1676,19,5,0,24,69,5,0,74,93,9,0,102,120,9,0,129,318,21,0,339,419,22,0,441
139820,51,"LICEUL TEORETIC""ION AGÂRBICEANU""",JIBOU,SJ,1750,9,2,0,11,34,2,0,36,47,3,0,50,70,3,0,73,214,11,0,225,299,15,0,314
139839,52,GRĂDINIȚĂ,CUCEU,SJ,403,5,0,0,5,9,1,0,10,12,2,0,14,20,3,0,23,70,5,0,75,94,10,0,104
139848,53,"ȘCOALA CU CLASELE I-IV",HUSIA,SJ,206,1,1,0,2,3,1,0,4,4,1,0,5,6,1,0,7,27,2,0,29,45,10,0,55
139857,54,"ȘCOALA CU CLASELE I-IV",RONA,SJ,308,3,2,0,5,6,5,0,11,8,5,0,13,20,6,0,26,56,10,0,66,68,16,0,84
139866,55,"ȘCOALA CU CLASELE I-IV",VAR,SJ,431,4,0,0,4,7,0,0,7,15,2,0,17,27,2,0,29,75,3,0,78,106,6,0,112
139893,56,"ȘCOALA GIMNAZIALĂ ”HOREA”","ŞIMLEU SILVANIEI",SJ,1644,7,1,0,8,49,4,0,53,83,11,0,94,108,13,0,121,262,23,0,285,353,28,15,396
139893,57,"LICEUL TEHNOLOGIC ”IOAN OSSIAN”","ŞIMLEU SILVANIEI",SJ,1524,10,0,0,10,46,2,0,48,58,2,0,60,85,4,0,89,194,14,0,208,255,17,0,272
139893,58,"CENTRUL CULTURAL","ŞIMLEU SILVANIEI",SJ,1457,5,1,0,6,22,1,0,23,34,4,0,38,59,4,0,63,156,11,0,167,216,11,0,227
139893,59,"COLEGIUL TEHNIC ”IULIU MANIU”","ŞIMLEU SILVANIEI",SJ,1538,18,0,0,18,48,1,0,49,65,1,0,66,85,2,0,87,180,4,0,184,255,8,0,263
139893,60,"CENTRUL ȘCOLAR PENTRU EDUCAȚIE INCLUZIVĂ","ŞIMLEU SILVANIEI",SJ,1907,9,1,0,10,36,2,0,38,43,2,0,45,62,3,0,65,136,4,0,140,188,8,0,196
139893,61,"CLUBUL COPIILOR","ŞIMLEU SILVANIEI",SJ,1750,10,1,0,11,29,1,0,30,60,5,0,65,66,6,0,72,162,18,0,180,250,26,0,276
139893,62,"GRĂDINIȚA CU PROGRAM PRELUNGIT NR.3","ŞIMLEU SILVANIEI",SJ,1556,7,4,0,11,23,6,0,29,40,6,0,46,50,7,0,57,150,8,0,158,189,10,0,199
139919,63,"ŞCOALA PRIMARĂ",CEHEI,SJ,787,3,0,0,3,21,0,0,21,55,2,0,57,68,10,0,78,177,11,0,188,277,17,0,294
139928,64,"ŞCOALA GIMNAZIALĂ NR.1",PUSTA,SJ,1384,2,0,0,2,17,0,0,17,23,0,0,23,45,0,0,45,163,1,0,164,317,2,0,319
139946,65,"CĂMINCULTURAL AGRIJ",AGRIJ,SJ,828,1,0,0,1,12,0,0,12,24,4,0,28,31,4,0,35,150,22,0,172,221,32,2,255
139964,66,"ŞCOALA CU CLASELE I-IV","RĂSTOLŢU- DEŞERT",SJ,278,2,1,0,3,8,3,0,11,13,6,0,19,14,7,0,21,49,13,0,62,64,16,0,80
139991,67,"PRIMĂRIA COMUNEI ALMAŞU",ALMAŞU,SJ,816,2,1,0,3,10,2,0,12,12,2,0,14,22,3,0,25,66,4,0,70,86,6,0,92
140020,68,"CĂMINUL CULTURAL JEBUCU",JEBUCU,SJ,287,0,0,0,0,0,4,0,4,1,4,0,5,4,4,0,8,38,4,0,42,57,7,0,64
140039,69,"CĂMINUL CULTURAL MESTEACĂNU",MESTEACĂNU,SJ,292,1,2,0,3,1,2,0,3,1,4,0,5,3,6,0,9,33,10,0,43,46,11,0,57
140048,70,"CĂMINUL CULTURAL PETRINZEL",PETRINZEL,SJ,98,2,1,0,3,2,2,0,4,3,2,0,5,3,2,0,5,19,10,0,29,20,12,0,32
140066,71,"CĂMINUL CULTURAL STANA",STANA,SJ,107,0,0,0,0,0,5,0,5,2,5,0,7,2,6,0,8,2,7,0,9,6,8,0,14
140075,72,"ŞCOALA CU CLASELE I-IV ŢĂUDU",ŢĂUDU,SJ,103,0,0,0,0,1,0,0,1,6,0,0,6,7,0,0,7,21,5,0,26,23,9,0,32
140093,73,"CORP B , BIBLIOTECA COMUNALĂ",BĂBENI,SJ,463,12,1,0,13,16,2,0,18,18,2,0,20,39,10,0,49,94,17,0,111,111,21,0,132
140100,74,ŞCOALAVECHECIOCMANI,CIOCMANI,SJ,469,5,0,0,5,19,1,0,20,20,1,0,21,37,7,0,44,74,22,0,96,101,36,0,137
140119,75,ŞCOALACLIŢ,CLIŢ,SJ,177,0,2,0,2,4,3,0,7,7,5,0,12,8,5,0,13,21,8,0,29,32,15,0,47
140128,76,CLĂDIREMULTIFUNCŢIONALĂ,PIROŞA,SJ,82,0,0,0,0,3,1,0,4,6,1,0,7,7,1,0,8,22,8,0,30,31,11,0,42
140137,77,ŞCOALAPOIENIŢA,POIENIŢA,SJ,177,0,0,0,0,2,1,0,3,2,1,0,3,3,1,0,4,36,13,0,49,53,19,0,72
140155,78,"ŞCOALA GIMNAZIALĂ BĂLAN",BĂLAN,SJ,767,5,0,0,5,9,3,0,12,14,4,0,18,31,4,0,35,130,26,0,156,177,34,0,211
140164,79,"ŞCOALA PRIMARĂ CHECHIŞ",CHECHIŞ,SJ,478,6,6,0,12,23,11,0,34,27,22,0,49,43,28,0,71,131,66,0,197,163,83,0,246
140173,80,"ŞCOALA PRIMARĂ ""IOANICHIE DRUHORA"" CHENDREA",CHENDREA,SJ,668,6,0,0,6,22,3,0,25,45,5,0,50,61,5,0,66,174,18,0,192,269,25,0,294
140182,81,"ŞCOALA PRIMARĂ GĂLPÎIA",GĂLPÎIA,SJ,336,8,4,0,12,35,11,0,46,46,13,0,59,60,15,0,75,136,25,0,161,171,34,0,205
140191,82,"ŞCOALA GIMNAZIALĂ GÎLGĂU ALMAŞULUI","GÎLGĂU ALMAŞULUI",SJ,819,10,0,0,10,33,5,0,38,56,5,0,61,68,10,0,78,158,27,0,185,212,41,0,253
140217,83,"PRIMĂRIA BĂNIȘOR, NR. 29",BĂNIŞOR,SJ,540,5,3,0,8,21,10,0,31,23,12,0,35,35,12,0,47,111,22,0,133,152,35,1,188
140226,84,"CAMIN CULTURAL BAN, NR. 55",BAN,SJ,364,5,3,0,8,10,5,0,15,14,6,0,20,21,9,0,30,65,19,0,84,81,26,0,107
140235,85,"ŞCOALA PECEIU, NR. 137",PECEIU,SJ,755,6,2,0,8,20,10,0,30,36,12,0,48,63,15,0,78,165,32,0,197,263,44,0,307
140253,86,"ŞCOALA PRIMARĂ BENESAT",BENESAT,SJ,351,3,0,0,3,3,2,0,5,12,3,0,15,16,5,0,21,27,11,1,39,34,13,1,48
140262,87,"ŞCOALA GIMNAZIALĂ ,,AVRAM IANCU""",ALUNIŞ,SJ,458,4,1,0,5,4,1,0,5,5,2,0,7,11,3,0,14,54,15,0,69,66,16,0,82
140271,88,"ŞCOALA PRIMARĂ BIUŞA",BIUŞA,SJ,397,5,0,0,5,6,4,0,10,11,4,0,15,15,5,0,20,37,11,0,48,73,15,0,88
140299,89,"GRĂDINIȚA BOBOTA",BOBOTA,SJ,1173,8,0,0,8,27,3,0,30,39,6,0,45,78,13,0,91,212,26,0,238,260,33,0,293
140306,90,"ȘCOALA DERȘIDA",DERŞIDA,SJ,1489,5,0,0,5,24,2,0,26,35,2,0,37,51,3,0,54,183,11,0,194,257,19,0,276
140315,91,"ȘCOALA ZALNOC",ZALNOC,SJ,381,1,4,0,5,5,4,0,9,8,4,0,12,11,4,0,15,56,6,0,62,73,9,0,82
140333,92,"ȘCOALA GIMNAZIALĂ ""SIMION BĂRNUȚIU"" BOCȘA",BOCŞA,SJ,769,5,4,0,9,19,4,0,23,31,5,0,36,31,5,0,36,107,16,0,123,162,22,0,184
140342,93,"ȘCOALA GIMNAZIALĂ NR.1 BORLA",BORLA,SJ,1320,0,0,0,0,18,0,0,18,32,0,0,32,46,2,0,48,119,3,0,122,166,5,0,171
140360,94,"ȘCOALA CU CLASELE I-IV SĂLĂJENI",SĂLĂJENI,SJ,442,2,1,0,3,7,3,0,10,10,3,0,13,10,6,0,16,54,12,0,66,92,17,0,109
140351,95,"ȘCOALA CU CLASELE I-IV CÎMPIA",CÎMPIA,SJ,207,3,3,0,6,5,3,0,8,8,3,0,11,8,3,0,11,41,16,0,57,59,18,0,77
142266,96,"PRIMĂRIA COMUNEI BOGHIŞ",BOGHIŞ,SJ,1247,7,0,0,7,15,3,0,18,25,6,0,31,32,6,0,38,189,12,0,201,312,15,0,327
142275,97,"CĂMINUL CULTURAL BOZIEŞ",BOZIEŞ,SJ,209,4,0,0,4,10,4,0,14,11,5,0,16,15,5,0,20,47,5,0,52,76,5,0,81
140397,98,"ŞCOALA CU CLASELE I-IV",BODIA,SJ,219,2,0,0,2,8,4,0,12,15,7,0,22,19,8,0,27,61,17,0,78,94,24,0,118
140404,99,"ŞCOALA CU CLASELE I-IV",BOGDANA,SJ,366,7,0,0,7,12,4,0,16,18,4,0,22,23,5,0,28,70,25,0,95,97,34,0,131
140422,100,"ŞCOALA CU CLASELE I-IV",RĂSTOLŢ,SJ,173,2,2,0,4,7,4,0,11,15,9,0,24,23,10,0,33,63,27,0,90,75,32,0,107
140431,101,"ŞCOALA CU CLASELE I-IV","SÎNGEORGIU DE MESEŞ",SJ,227,1,0,0,1,1,2,0,3,6,6,0,12,10,8,0,18,48,20,0,68,56,27,0,83
140388,102,"PRIMĂRIA BUCIUMI",BUCIUMI,SJ,992,5,3,0,8,23,12,0,35,36,18,0,54,49,22,0,71,217,68,0,285,355,96,0,451
140459,103,"PRIMĂRIA COMUNEI CAMĂR",CAMĂR,SJ,1342,19,0,0,19,45,3,0,48,62,4,0,66,104,4,0,108,315,8,0,323,489,11,0,500
140495,104,"ŞCOALA PRIMARĂ",DUMUSLĂU,SJ,34,0,0,0,0,3,1,0,4,4,4,0,8,7,5,0,12,13,9,0,22,15,12,0,27
140486,105,"CENTRUL LOCAL DE INFORMARE TURISTICĂ",CARASTELEC,SJ,826,4,0,0,4,42,3,0,45,49,6,0,55,61,10,0,71,109,21,0,130,148,28,0,176
140510,106,"SALA DE SPORT CHIEȘD",CHIEŞD,SJ,1577,3,1,0,4,9,2,0,11,20,3,0,23,31,3,0,34,147,4,0,151,218,9,0,227
140538,107,"ȘCOALA PRIMARĂ SIGHETU SILVANIEI","SIGHETU SILVANIEI",SJ,401,3,1,0,4,5,3,0,8,7,5,0,12,9,7,0,16,43,12,0,55,69,15,0,84
140556,108,"ŞCOALA GIMNAZIALĂ CIZER",CIZER,SJ,1301,1,2,0,3,5,3,0,8,11,4,0,15,22,4,0,26,166,18,0,184,227,24,0,251
140565,109,"ŞCOALA GIMNAZIALĂ PLESCA",PLESCA,SJ,163,3,0,0,3,7,1,0,8,8,1,0,9,11,1,0,12,47,22,0,69,61,26,0,87
140574,110,CĂMINULCULTURAL,PRIA,SJ,327,2,2,0,4,6,4,0,10,8,7,0,15,14,9,0,23,56,29,0,85,70,40,0,110
140592,111,"PRIMĂRIA COMUNEI COŞEIU",COŞEIU,SJ,358,4,0,0,4,9,0,0,9,13,0,0,13,20,1,0,21,56,7,0,63,68,9,0,77
140609,112,"ŞCOALA GIMNAZIALĂ ARCHID",ARCHID,SJ,383,3,4,0,7,8,4,0,12,10,6,0,16,12,7,0,19,90,7,0,97,138,8,0,146
140618,113,"ŞCOALA CU CLASELE I-IV CHILIOARA",CHILIOARA,SJ,242,4,1,0,5,8,5,0,13,15,10,0,25,28,16,0,44,77,35,0,112,94,44,0,138
140636,114,"CĂMINUL CULTURAL ”PETŐFI SÁNDOR”",CRASNA,SJ,1927,5,0,0,5,33,3,0,36,71,4,0,75,104,4,0,108,309,7,0,316,451,15,0,466
140636,115,"MUZEUL SATULUI",CRASNA,SJ,1801,7,3,0,10,26,3,0,29,50,3,0,53,86,3,0,89,279,6,0,285,418,11,0,429
140645,116,"CENTRULDE ZI PENTRU COPII",HUSENI,SJ,414,5,3,0,8,6,4,0,10,14,5,0,19,20,5,0,25,86,10,0,96,153,12,0,165
140654,117,"CENTRULDE ZI PENTRU COPII",MARIN,SJ,752,0,1,0,1,3,3,0,6,3,4,0,7,26,7,0,33,155,19,0,174,187,30,0,217
140663,118,"CENTRUL DE ZI PENTRU COPII",RATIN,SJ,406,1,4,0,5,3,5,0,8,3,6,0,9,6,6,0,12,45,9,0,54,75,14,0,89
140681,119,"ȘCOALA GIMNAZIALĂ MARCUS AURELIUS CREACA",CREACA,SJ,363,6,2,0,8,11,5,0,16,15,6,0,21,15,7,0,22,57,19,0,76,86,26,0,112
140707,120,"ȘCOALA GENERALĂ BREBI",BREBI,SJ,443,7,0,0,7,10,2,0,12,25,4,0,29,31,7,0,38,129,14,0,143,168,18,0,186
140734,121,"ȘCOALA GIMNAZIALĂ JAC",JAC,SJ,569,10,3,0,13,52,15,1,68,73,17,1,91,96,24,1,121,167,40,4,211,229,49,4,282
140716,122,"ȘCOALA GENERALĂ BRUSTURI",BRUSTURI,SJ,132,2,3,0,5,11,6,0,17,13,6,0,19,14,10,0,24,33,18,0,51,39,20,0,59
140743,123,"ȘCOALA GENERALĂ LUPOAIA",LUPOAIA,SJ,240,8,1,0,9,25,4,0,29,31,4,0,35,36,7,0,43,80,20,0,100,100,21,0,121
140690,124,"ȘCOALA GENERALĂ BORZA",BORZA,SJ,150,0,2,0,2,9,4,0,13,11,10,0,21,11,11,0,22,28,22,0,50,47,25,0,72
140752,125,"ȘCOALA GENERALĂ PRODĂNEȘTI",PRODĂNEŞTI,SJ,208,4,1,0,5,6,2,0,8,12,2,0,14,15,3,0,18,41,4,0,45,62,5,0,67
140725,126,"ȘCOALA GENERALĂ CIGLEAN",CIGLEAN,SJ,119,1,2,0,3,2,2,0,4,6,6,0,12,8,7,0,15,17,13,0,30,23,14,0,37
140789,127,"CĂMINUL CULTURAL CRISTOLȚ",CRISTOLŢ,SJ,507,1,0,0,1,6,0,0,6,7,0,0,7,10,0,0,10,55,0,0,55,75,6,0,81
140798,128,"ŞCOALA PRIMARĂ MUNCEL",MUNCEL,SJ,138,1,1,0,2,3,1,0,4,4,1,0,5,8,1,0,9,24,4,0,28,39,6,0,45
140805,129,"ŞCOALA PRIMARĂ POIANA ONŢII","POIANA ONŢII",SJ,66,1,0,0,1,3,0,0,3,5,2,0,7,7,3,0,10,17,7,0,24,21,7,0,28
140814,130,"ŞCOALAPRIMARĂ VĂLENI",VĂLENI,SJ,327,7,2,0,9,10,2,0,12,13,2,0,15,17,2,0,19,32,8,0,40,49,12,0,61
140832,131,"ȘCOALAGIMNAZIALĂ "" VASILEBREBAN '"" CRIȘENI",CRIŞENI,SJ,1454,6,0,0,6,25,3,0,28,34,3,0,37,46,5,0,51,170,8,0,178,230,11,0,241
140841,132,"ȘCOALAPRIMARĂ CRISTUR-CRIȘENI",CRISTUR-CRIŞENI,SJ,415,4,2,0,6,5,3,0,8,7,3,0,10,8,4,0,12,25,4,0,29,49,5,0,54
140850,133,"ȘCOALA PRIMARĂGÎRCEIU",GÎRCEIU,SJ,658,4,2,0,6,9,5,0,14,11,11,0,22,16,11,0,27,52,19,0,71,104,24,0,128
140878,134,"ȘCOALA GIMNAZIALĂ CUZĂPLAC, NR.242",CUZĂPLAC,SJ,446,1,0,0,1,12,1,0,13,23,5,0,28,26,5,0,31,52,10,0,62,73,14,0,87
140896,135,"CĂMINUL CULTURAL GĂLĂȘENI, NR.50",GĂLĂŞENI,SJ,86,0,2,0,2,6,3,0,9,9,4,0,13,9,4,0,13,11,6,0,17,15,13,0,28
140903,136,"ŞCOALA CU CLASELE I-IV MIERȚA, NR.97",MIERŢA,SJ,109,2,0,0,2,5,0,0,5,6,2,0,8,10,2,0,12,24,8,0,32,38,18,0,56
140912,137,"CENTRUL DE ZI PETRINDU, NR.78",PETRINDU,SJ,339,3,2,0,5,9,5,1,15,14,5,1,20,16,5,1,22,51,15,1,67,77,16,1,94
140921,138,"CĂMINUL CULTURAL RUGINOASA, NR.22",RUGINOASA,SJ,76,0,0,0,0,3,6,0,9,7,9,0,16,8,9,0,17,11,24,0,35,13,28,0,41
140949,139,"ȘCOALA CU CLASELE I-IV TĂMAȘA, NR.219",TĂMASA,SJ,255,8,3,0,11,21,3,0,24,27,3,0,30,29,4,0,33,70,6,0,76,91,10,0,101
140967,140,CĂMINULCULTURAL,DOBRIN,SJ,350,3,2,0,5,19,5,0,24,40,8,0,48,43,10,0,53,90,12,0,102,117,18,0,135
140985,141,"ȘCOALA ELEMENTARĂ",DOBA,SJ,266,0,0,0,0,4,3,0,7,5,4,0,9,9,4,0,13,22,4,1,27,40,7,1,48
140985,142,"CENTRULDE ZI DOBA",DOBA,SJ,226,5,1,0,6,9,1,0,10,13,5,0,18,15,5,0,20,26,8,0,34,49,10,0,59
140994,143,"CĂMINUL CULTURAL NAIMON",NAIMON,SJ,119,0,4,0,4,6,4,0,10,11,5,0,16,15,5,0,20,25,9,0,34,27,11,0,38
141018,144,"ȘCOALA ELEMENTARĂ VERVEGHIU",VERVEGHIU,SJ,379,2,2,0,4,5,5,0,10,11,5,0,16,19,5,0,24,50,7,0,57,74,8,0,82
141036,145,"PRIMĂRIA DRAGU, NR.120",DRAGU,SJ,519,6,0,0,6,13,3,0,16,15,4,0,19,19,7,0,26,51,23,0,74,108,29,0,137
141045,146,"ȘCOALA CU CLASELE I-IV, NR.100",ADALIN,SJ,119,4,3,0,7,6,5,0,11,11,5,0,16,14,8,0,22,21,20,0,41,23,23,0,46
141063,147,"CĂMINUL CULTURAL, NR.20",UGRUŢIU,SJ,19,0,0,0,0,0,6,0,6,0,11,0,11,0,11,0,11,1,23,0,24,1,30,0,31
141072,148,"ȘCOALA CU CLASELEI-IV, NR.117",VOIVODENI,SJ,242,0,1,0,1,4,2,0,6,10,6,0,16,10,9,0,19,48,32,0,80,92,44,0,136
141090,149,"ŞCOALA PRIMARĂ FILDU DE JOS","FILDU DE JOS",SJ,185,0,1,0,1,3,2,0,5,7,3,0,10,9,3,0,12,43,15,0,58,59,17,0,76
141107,150,"CĂMINUL CULTURAL FILDU DE MIJLOC","FILDU DE MIJLOC",SJ,317,3,1,0,4,9,3,0,12,14,3,0,17,23,4,0,27,74,12,0,86,127,18,0,145
141116,151,"CĂMINUL CULTURAL FILDU DE SUS","FILDU DE SUS",SJ,321,1,2,0,3,5,3,0,8,14,5,0,19,16,5,0,21,70,13,0,83,133,17,0,150
141125,152,"ŞCOALA PRIMARĂ TETIŞU",TETIŞU,SJ,245,0,0,0,0,3,1,0,4,6,2,0,8,6,3,0,9,30,6,0,36,46,11,0,57
141152,153,"ȘCOALA CU CLASELEI-IV","BÎRSĂU MARE",SJ,179,8,0,0,8,11,1,0,12,15,2,0,17,16,4,0,20,35,8,0,43,44,12,0,56
141161,154,"ȘCOALA CU CLASELEI-IV",CĂPÎLNA,SJ,242,4,2,0,6,8,7,0,15,12,8,0,20,15,8,0,23,44,24,0,68,60,30,0,90
141170,155,"ȘCOALA CU CLASELEI-IV",CHIZENI,SJ,83,2,0,0,2,5,2,0,7,11,6,0,17,12,7,0,19,23,8,0,31,30,11,0,41
141214,156,"ȘCOALA CU CLASELEI-IV",GLOD,SJ,390,4,0,0,4,10,3,0,13,10,11,0,21,11,12,0,23,45,23,0,68,54,24,0,78
141143,157,"LICEUL TEHNOLOGIC",GÎLGĂU,SJ,513,13,1,0,14,23,2,0,25,34,5,0,39,45,6,0,51,114,22,0,136,168,31,0,199
141189,158,"CĂMINUL CULTURAL",DOBROCINA,SJ,140,2,3,0,5,9,3,0,12,14,5,0,19,14,5,0,19,38,20,0,58,52,22,0,74
141198,159,ȘCOALAGIMNAZIALĂ,FODORA,SJ,351,6,0,0,6,15,1,0,16,22,4,0,26,26,9,0,35,78,23,0,101,104,27,0,131
141241,160,"PRIMĂRIA GÎRBOU",GÎRBOU,SJ,485,2,0,0,2,4,0,0,4,8,6,0,14,15,7,0,22,48,10,0,58,73,14,0,87
141303,161,"CĂMINUL CULTURAL",SOLOMON,SJ,286,2,2,0,4,5,2,0,7,9,6,0,15,22,7,0,29,76,16,0,92,96,24,0,120
141269,162,"ȘCOALA PRIMARĂ",CĂLACEA,SJ,222,0,0,0,0,5,3,0,8,8,5,0,13,12,6,0,18,47,20,0,67,63,32,0,95
141296,163,"ȘCOALA PRIMARĂ",POPTELEAC,SJ,258,6,3,0,9,10,7,0,17,11,7,0,18,11,7,0,18,42,19,0,61,50,19,0,69
141278,164,"CĂMINUL CULTURAL CERNUC",CERNUC,SJ,145,0,0,0,0,1,5,0,6,3,7,0,10,4,8,0,12,27,22,0,49,31,25,0,56
141250,165,"CĂMINUL CULTURAL",BEZDED,SJ,98,0,3,0,3,0,4,0,4,1,7,0,8,3,8,0,11,19,18,0,37,27,26,0,53
141287,166,"ȘCOALA PRIMARĂ",FABRICA,SJ,83,0,0,0,0,3,0,0,3,3,0,0,3,9,6,0,15,23,9,0,32,27,9,0,36
141321,167,"CĂMINUL CULTURAL",HALMĂŞD,SJ,879,2,1,0,3,13,3,0,16,23,7,0,30,37,9,0,46,111,15,0,126,168,20,0,188
141330,168,ȘCOALĂ,ALEUŞ,SJ,239,0,0,0,0,3,2,0,5,7,4,0,11,11,4,0,15,41,9,0,50,61,13,0,74
141349,169,"ȘCOALA VECHE",CERIŞA,SJ,450,5,0,0,5,13,2,0,15,15,2,0,17,20,2,0,22,79,2,0,81,99,2,0,101
141358,170,"ȘCOALA NOUĂ DRIGHIU",DRIGHIU,SJ,315,10,2,0,12,10,3,0,13,13,3,0,16,14,4,0,18,41,9,0,50,52,14,0,66
141385,171,"CĂMINUL CULTURAL HERECLEAN",HERECLEAN,SJ,451,2,2,0,4,10,5,0,15,13,5,0,18,22,9,0,31,65,20,0,85,87,30,0,117
141394,172,"ŞCOALA PRIMARĂ BADON",BADON,SJ,563,6,1,0,7,20,3,0,23,23,4,0,27,36,5,0,41,95,22,0,117,113,31,1,145
141401,173,"CĂMINUL CULTURAL BOCȘIȚA",BOCŞIŢA,SJ,67,0,0,0,0,4,1,0,5,8,2,0,10,12,8,0,20,24,14,0,38,27,20,0,47
141410,174,"ȘCOALA PRIMARĂ DIOȘOD",DIOŞOD,SJ,692,3,0,0,3,10,0,0,10,14,0,0,14,16,0,0,16,83,7,0,90,127,13,0,140
141429,175,"ŞCOALA GIMNAZIALĂ GURUSLĂU",GURUSLĂU,SJ,521,3,0,0,3,13,3,0,16,21,5,0,26,25,6,0,31,80,6,1,87,107,9,1,117
141438,176,"ŞCOALA GIMNAZIALĂ PANIC",PANIC,SJ,885,3,0,0,3,10,0,0,10,14,0,0,14,27,0,0,27,53,0,0,53,97,3,0,100
141465,177,CĂMINULCULTURAL,BAICA,SJ,100,2,4,0,6,6,4,0,10,8,5,0,13,12,5,0,17,24,5,0,29,26,6,0,32
141474,178,CĂMINULCULTURAL,MILUANI,SJ,21,0,1,0,1,0,2,0,2,1,2,0,3,2,6,0,8,5,23,0,28,5,28,0,33
141456,179,PRIMĂRIA,HIDA,SJ,885,4,1,0,5,20,4,0,24,24,4,0,28,36,5,0,41,93,9,0,102,136,15,0,151
141492,180,"ŞCOALA GENERALĂ",RACÎŞ,SJ,410,0,1,0,1,3,3,0,6,3,7,0,10,9,7,0,16,51,10,0,61,64,17,0,81
141526,181,"ŞCOALA GENERALĂ",TRESTIA,SJ,243,2,0,0,2,2,0,0,2,4,1,0,5,8,3,0,11,48,5,0,53,68,14,0,82
141508,182,"ŞCOALA GENERALĂ","SÎNPETRU ALMAŞULUI",SJ,337,2,3,0,5,14,3,0,17,19,3,0,22,29,3,0,32,45,17,0,62,55,19,0,74
141517,183,"CĂMINUL CULTURAL",STUPINI,SJ,106,3,0,0,3,3,0,0,3,7,1,0,8,10,6,0,16,22,18,0,40,22,25,0,47
141483,184,"ŞCOALA GENERALĂ",PĂDURIŞ,SJ,30,0,0,0,0,5,7,0,12,6,8,0,14,6,10,0,16,9,22,0,31,10,24,0,34
141562,185,"CĂMINUL CULTURAL",STÎRCIU,SJ,777,5,0,0,5,17,8,0,25,39,12,0,51,56,20,0,76,146,54,0,200,198,74,0,272
141571,186,"CĂMINUL CULTURAL",ŞEREDEIU,SJ,200,3,4,0,7,5,5,0,10,5,5,0,10,15,12,0,27,64,33,0,97,73,37,0,110
141544,187,"GRĂDINIȚA HOROATU CRASNEI","HOROATU CRASNEI",SJ,771,1,3,0,4,8,6,0,14,12,6,0,18,20,6,0,26,77,20,0,97,104,25,0,129
141553,188,"ȘCOALA HUREZ",HUREZ,SJ,280,2,4,0,6,2,9,0,11,4,12,0,16,7,13,0,20,31,22,0,53,40,26,0,66
141624,189,"ŞCOALA GENERALĂ",DĂBÎCENI,SJ,157,3,0,0,3,8,1,0,9,13,1,0,14,16,3,0,19,33,6,0,39,54,9,0,63
141660,190,"ŞCOALA GENERALĂ",NEGRENI,SJ,85,0,0,0,0,4,1,0,5,7,2,0,9,7,2,0,9,20,6,0,26,23,9,0,32
141679,191,"ŞCOALA GENERALĂ","PERII VADULUI",SJ,95,1,0,0,1,4,0,0,4,7,0,0,7,8,6,0,14,10,11,0,21,16,11,0,27
141688,192,"ŞCOALA GENERALĂ",PODIŞU,SJ,115,0,2,0,2,1,2,0,3,2,2,0,4,2,2,0,4,12,8,0,20,13,10,0,23
141697,193,"ŞCOALA GENERALĂ",RĂSTOCI,SJ,111,2,1,0,3,4,1,0,5,9,1,0,10,12,2,0,14,38,7,0,45,38,9,0,47
141704,194,"ŞCOALA GENERALĂ",ROGNA,SJ,60,1,5,0,6,1,6,0,7,3,6,0,9,3,6,0,9,6,6,0,12,8,8,0,16
141713,195,"ŞCOALA GENERALĂ",ŞASA,SJ,49,0,0,0,0,3,4,0,7,4,5,0,9,6,5,0,11,13,7,0,20,14,10,0,24
141599,196,"PIATA AGROALIMENTARA ILEANDA",ILEANDA,SJ,1012,8,0,0,8,23,7,0,30,33,8,0,41,44,8,0,52,116,21,1,138,169,32,1,202
141633,197,"ŞCOALA GENERALĂ DOLHENI",DOLHENI,SJ,78,1,1,0,2,3,1,0,4,4,3,0,7,4,3,0,7,8,4,0,12,8,7,0,15
141642,198,"ŞCOALA GENERALĂ LUMINIŞU",LUMINIŞU,SJ,75,75,1,0,76,0,2,0,2,4,4,0,8,6,4,0,10,13,11,0,24,15,13,0,28
141731,199,"CERCUL GOSPODARILOR",IP,SJ,1443,3,0,0,3,12,2,0,14,17,3,0,20,32,5,0,37,132,8,0,140,186,11,0,197
141740,200,"ȘCOALA GIMAZIALĂ COSNICIU DE JOS","COSNICIU DE JOS",SJ,521,1,2,0,3,7,3,0,10,14,4,0,18,25,4,0,29,72,6,0,78,95,8,0,103
141759,201,"CĂMINUL CULTURAL","COSNICIU DE SUS",SJ,249,1,0,0,1,9,0,0,9,10,0,0,10,15,0,0,15,50,1,0,51,63,4,0,67
141768,202,"CĂMINUL CULTURAL ZĂUAN",ZĂUAN,SJ,813,0,0,0,0,5,0,0,5,10,0,0,10,16,7,0,23,47,12,0,59,97,14,0,111
141795,203,"PRIMĂRIA COMUNEI LETCA",LETCA,SJ,439,1,0,0,1,3,1,0,4,7,1,0,8,12,2,0,14,48,12,0,60,71,20,0,91
141802,204,"CLĂDIREA FOSTULUI CONSILIU CIULA",CIULA,SJ,79,0,0,0,0,3,2,0,5,5,2,0,7,6,3,0,9,26,14,0,40,35,18,0,53
141811,205,"ŞCOALA COZLA",COZLA,SJ,200,2,3,0,5,3,5,0,8,10,5,0,15,12,5,0,17,33,6,0,39,55,9,0,64
141820,206,"ŞCOALA CUCIULAT",CUCIULAT,SJ,141,2,1,0,3,6,1,0,7,14,2,0,16,18,3,0,21,40,7,0,47,48,10,0,58
141839,207,"ŞCOALA LEMNIU",LEMNIU,SJ,351,2,1,0,3,8,2,0,10,17,7,0,24,18,7,0,25,66,19,0,85,119,33,0,152
141848,208,"ŞCOALA PURCĂREŢ",PURCĂREŢ,SJ,85,1,0,0,1,2,3,0,5,5,4,0,9,6,6,0,12,16,12,0,28,21,13,0,34
141857,209,"ŞCOALA ŞOIMUŞENI",ŞOIMUŞENI,SJ,58,0,1,0,1,3,6,0,9,8,6,0,14,9,6,0,15,24,17,0,41,28,22,0,50
141866,210,"ŞCOALA TOPLIŢA",TOPLIŢA,SJ,96,1,0,0,1,4,0,0,4,10,3,0,13,11,3,0,14,23,6,0,29,44,10,0,54
141875,211,"ŞCOALA VĂLIŞOARA",VĂLIŞOARA,SJ,22,0,0,0,0,0,2,0,2,1,2,0,3,1,5,0,6,2,5,0,7,4,6,0,10
141900,212,"ȘCOALA CU CLASELE I-IV CORMENIȘ",CORMENIŞ,SJ,153,0,0,0,0,7,5,0,12,17,6,0,23,21,7,0,28,40,18,0,58,47,18,0,65
141937,213,"ȘCOALA CU CLASELE I-IVVALEA LOZNEI","VALEA LOZNEI",SJ,153,0,0,0,0,3,2,0,5,5,2,0,7,9,7,0,16,37,22,0,59,41,24,0,65
141893,214,"PRIMĂRIA COMUNEI LOZNA",LOZNA,SJ,478,4,1,0,5,14,5,0,19,22,5,0,27,26,10,0,36,83,34,0,117,119,50,0,169
141955,215,"PRIMĂRIA VECHE MARCA",MARCA,SJ,1152,15,2,0,17,21,6,0,27,42,8,0,50,74,10,0,84,156,14,0,170,288,22,0,310
141982,216,"ŞCOALA PRIMARĂ PORŢ",PORŢ,SJ,234,2,0,0,2,6,1,0,7,7,5,0,12,11,5,0,16,34,8,0,42,60,9,0,69
141964,217,"ŞCOALA PRIMARĂ LEŞMIR",LEŞMIR,SJ,339,0,1,0,1,1,1,0,2,3,1,0,4,8,1,0,9,28,3,0,31,56,3,0,59
141991,218,"CĂMINUL CULTURAL ŞUMAL",ŞUMAL,SJ,417,0,0,0,0,2,0,0,2,3,0,0,3,5,0,0,5,19,1,0,20,37,4,0,41
142015,219,"ŞCOALA GIMNAZIALĂ MĂERIȘTE",MĂERIŞTE,SJ,610,4,2,0,6,7,3,0,10,8,5,0,13,10,6,0,16,67,16,0,83,98,19,0,117
142042,220,"ŞCOALA GIMNAZIALĂ GIURTELECU ȘIMLEULUI","GIURTELECU ŞIMLEULUI",SJ,715,2,0,0,2,7,2,0,9,8,3,0,11,16,6,0,22,49,7,0,56,79,13,0,92
142024,221,"ŞCOALA CU CLASELE I-IV CRIȘTELEC",CRIŞTELEC,SJ,419,2,0,0,2,3,0,0,3,24,3,0,27,38,3,0,41,118,13,0,131,147,21,0,168
142033,222,"ŞCOALA CU CLASELE I-IV DOH",DOH,SJ,176,1,6,0,7,2,6,0,8,4,6,0,10,8,7,0,15,25,11,0,36,35,20,0,55
142051,223,"ŞCOALA CU CLASELE I-IV MĂLĂDIA",MĂLĂDIA,SJ,157,0,0,0,0,2,0,0,2,3,0,0,3,3,7,0,10,33,12,0,45,40,14,0,54
142060,224,"ŞCOALA CU CLASELE I-IV UILEACU ȘIMLEULUI","UILEACU ŞIMLEULUI",SJ,373,0,0,0,0,9,1,0,10,12,1,0,13,13,1,0,14,44,3,0,47,60,7,0,67
142088,225,"PRIMĂRIA COMUNEI MESEŞENII DE JOS","MESEŞENII DE JOS",SJ,545,5,1,0,6,13,1,0,14,16,4,0,20,20,6,0,26,93,15,0,108,131,19,0,150
142097,226,"CENTRUL AFTER SCHOOL",AGHIREŞ,SJ,1195,6,0,0,6,20,0,0,20,34,3,0,37,43,4,0,47,130,15,0,145,233,23,0,256
142104,227,"ŞCOALA GIMNAZIALĂ FETINDIA",FETINDIA,SJ,156,4,0,0,4,5,1,0,6,6,2,0,8,9,5,0,14,35,17,0,52,41,23,0,64
142113,228,"CENTRUL DE ZI","MESEŞENII DE SUS",SJ,660,1,3,0,4,6,3,0,9,13,3,0,16,41,8,0,49,96,28,0,124,122,39,0,161
142131,229,"SALA DE ŞEDINŢE A PRIMĂRIEI",MIRŞID,SJ,546,6,1,0,7,12,2,0,14,23,2,0,25,32,2,0,34,89,8,0,97,114,15,1,130
142140,230,"ŞCOALA CU CLASEI-IV",FIRMINIŞ,SJ,121,2,2,0,4,2,3,0,5,2,3,0,5,3,3,0,6,19,10,0,29,27,14,0,41
142159,231,"ŞCOALA CU CLASEI-IV",MOIGRAD-POROLISSUM,SJ,445,4,2,0,6,6,2,0,8,9,2,0,11,13,3,0,16,57,3,0,60,73,9,0,82
142168,232,"ŞCOALA CU CLASEI-IV",POPENI,SJ,749,4,1,0,5,17,3,0,20,24,5,0,29,36,6,0,42,113,13,0,126,176,19,0,195
142186,233,"PRIMĂRIA NĂPRADEA",NĂPRADEA,SJ,653,7,1,0,8,12,1,0,13,19,3,0,22,20,4,0,24,68,10,0,78,83,14,0,97
142195,234,"ŞCOALA GIMNAZIALĂ""PETRE HOSSU''",CHEUD,SJ,697,7,2,0,9,17,4,0,21,25,5,0,30,32,7,0,39,95,17,0,112,151,25,0,176
142202,235,ŞCOALASOMEŞGURUSLĂU,SOMEŞ-GURUSLĂU,SJ,359,0,0,0,0,1,1,0,2,2,6,0,8,4,6,0,10,30,13,0,43,50,23,0,73
142211,236,ŞCOALATRANIŞ,TRANIŞ,SJ,282,4,1,0,5,6,4,0,10,11,4,0,15,13,6,0,19,45,10,0,55,51,12,0,63
142220,237,ŞCOALAVĂDURELE,VĂDURELE,SJ,164,1,0,0,1,2,0,0,2,3,3,0,6,3,4,0,7,9,4,0,13,23,5,0,28
142257,238,"CĂMINUL CULTURAL",BILGHEZ,SJ,342,1,1,0,2,2,1,0,3,12,2,0,14,22,4,0,26,32,5,0,37,56,7,0,63
142248,239,"CENTRUL DE INFORMARE TURISTICĂ",NUŞFALĂU,SJ,1287,2,0,0,2,15,0,0,15,28,0,0,28,31,0,0,31,106,1,0,107,179,9,0,188
142248,240,"PRIMĂRIA NUȘFALĂU - SALA DE ȘEDINȚE",NUŞFALĂU,SJ,1421,12,1,0,13,37,4,0,41,53,18,0,71,82,18,0,100,246,27,0,273,386,33,0,419
142293,241,"GRĂDINIȚA CU PROGRAM PRELUNGIT NR.1 PERICEI",PERICEI,SJ,1093,0,0,0,0,4,0,0,4,4,0,0,4,18,0,0,18,111,2,0,113,248,7,0,255
142293,242,"PRIMĂRIA COMUNEI PERICEI",PERICEI,SJ,1255,5,1,0,6,17,4,0,21,23,4,0,27,42,4,0,46,180,5,0,185,317,8,0,325
142300,243,"ȘCOALA GENERALĂ BĂDĂCIN",BĂDĂCIN,SJ,586,3,0,0,3,9,6,0,15,12,8,0,20,14,9,0,23,50,14,0,64,79,18,0,97
142328,244,"CENTRU DE INFORMARE ȘI MARKETING TURISTIC",SICI,SJ,156,7,3,0,10,10,6,0,16,12,6,0,18,13,6,0,19,29,11,0,40,39,21,0,60
142346,245,"CĂMINUL CULTURAL PLOPIȘ",PLOPIŞ,SJ,823,0,0,0,0,4,1,0,5,5,1,0,6,8,3,0,11,70,14,0,84,99,16,0,115
142364,246,"CENTRUL CULTURAL IAZ",IAZ,SJ,605,1,0,0,1,6,0,0,6,11,1,0,12,49,4,0,53,98,9,0,107,121,16,0,137
142355,247,"CĂMINUL CULTURAL FĂGETU",FĂGETU,SJ,533,0,0,0,0,22,8,0,30,30,10,0,40,35,10,0,45,90,17,0,107,151,24,3,178
142382,248,"ŞCOALA GIMNAZIALĂ POIANA BLENCHII","POIANA BLENCHII",SJ,606,4,0,0,4,13,1,0,14,19,1,0,20,38,1,0,39,135,15,0,150,174,21,0,195
142408,249,"ŞCOALA CU CLASELE I-IV GOSTILA",GOSTILA,SJ,335,10,2,0,12,19,5,0,24,25,7,0,32,33,7,0,40,76,14,0,90,106,18,0,124
142435,250,"ȘCOALA CU CLASELE I-VIII ROMÂNAȘI",ROMÂNAŞI,SJ,794,8,3,0,11,13,4,0,17,25,8,0,33,53,16,0,69,145,32,0,177,197,38,0,235
142444,251,"ȘCOALA CU CLASELE I-IV CHICHIȘA",CHICHIŞA,SJ,186,3,1,0,4,7,1,0,8,7,3,0,10,16,6,0,22,32,20,0,52,45,20,0,65
142453,252,"ȘCOALA CU CLASELE I-IV CIUMĂRNA",CIUMĂRNA,SJ,339,4,0,0,4,13,2,0,15,17,5,0,22,24,8,0,32,66,19,0,85,82,30,0,112
142462,253,"ȘCOALA CU CLASELE I-IV PĂUȘA",PĂUŞA,SJ,403,2,0,0,2,9,1,0,10,14,5,0,19,19,5,0,24,63,12,0,75,94,23,0,117
142471,254,"ȘCOALA CU CLASELE I-IV POARTA SĂLAJULUI","POARTA SĂLAJULUI",SJ,385,0,5,0,5,7,6,0,13,10,6,0,16,14,6,0,20,37,11,0,48,51,19,0,70
142480,255,"ȘCOALA CU CLASELE I-IV ROMITA",ROMITA,SJ,246,1,0,0,1,2,0,0,2,9,0,0,9,12,0,0,12,25,9,0,34,44,19,0,63
142505,256,"ŞCOALA GIMNAZIALĂ RUS",RUS,SJ,610,15,1,0,16,42,1,0,43,44,1,0,45,53,1,0,54,106,11,0,117,122,20,1,143
142523,257,"ŞCOALA PRIMARĂ FÎNTÎNELE-RUS",FÎNTÎNELE-RUS,SJ,151,2,0,0,2,11,5,0,16,13,8,0,21,14,8,0,22,36,16,0,52,42,18,0,60
142514,258,"ŞCOALA PRIMARĂ BUZAŞ",BUZAŞ,SJ,114,1,0,0,1,5,2,0,7,8,2,0,10,9,2,0,11,24,7,0,31,31,9,0,40
142569,259,"ȘCOALA GIMNAZIALĂ ”PETRE DULFU” SĂLĂȚIG",SĂLĂŢIG,SJ,407,0,0,0,0,4,0,0,4,7,0,0,7,17,0,0,17,46,0,0,46,85,4,0,89
142578,260,"ȘCOALA PRIMARĂ BULGARI",BULGARI,SJ,193,0,0,0,0,2,0,0,2,6,1,0,7,6,1,0,7,39,8,0,47,55,9,0,64
142587,261,"ȘCOALA GIMNAZIALĂ DEJA",DEJA,SJ,989,3,0,0,3,6,4,0,10,9,6,0,15,25,6,0,31,80,6,0,86,195,13,0,208
142596,262,"ȘCOALA PRIMARĂ MINEU",MINEU,SJ,271,7,1,0,8,10,2,0,12,12,5,0,17,12,5,0,17,37,9,0,46,42,10,0,52
142603,263,"ȘCOALA PRIMARĂ NOȚIG",NOŢIG,SJ,384,8,0,0,8,13,0,0,13,16,1,0,17,22,3,0,25,62,7,0,69,94,10,0,104
142621,264,"PRIMĂRIA SÎG",SÎG,SJ,576,3,0,0,3,8,0,0,8,11,0,0,11,12,1,0,13,48,4,0,52,80,7,0,87
142630,265,"CĂMINUL CULTURAL FIZEȘ",FIZEŞ,SJ,278,1,2,0,3,4,2,0,6,7,4,0,11,13,5,0,18,41,16,0,57,60,16,0,76
142649,266,"CĂMINUL CULTURAL MAL",MAL,SJ,888,4,3,0,7,8,5,0,13,11,6,0,17,14,7,0,21,69,17,0,86,128,19,0,147
142658,267,"ȘCOALA PRIMARĂ SÎRBI",SÎRBI,SJ,219,2,0,0,2,2,2,0,4,7,4,0,11,10,4,0,14,55,11,0,66,70,16,0,86
142667,268,"CĂMINUL CULTURAL TUSA",TUSA,SJ,563,0,0,0,0,6,1,0,7,10,3,0,13,15,3,0,18,37,11,0,48,65,16,0,81
142685,269,"SEDIUL CONSILIU LOCALSÎNMIHAIU ALMAŞULUI","SÎNMIHAIU ALMAŞULUI",SJ,884,2,1,0,3,23,8,0,31,28,12,0,40,37,14,0,51,93,28,0,121,162,39,0,201
142694,270,"IMOBIL PROPRIETATE PRIVATA",BERCEA,SJ,131,0,0,0,0,5,0,0,5,10,0,0,10,13,1,0,14,26,5,0,31,29,6,0,35
142701,271,"ŞCOALA CU CLASELE I - IV SÎNTĂ MĂRIA","SÎNTĂ MĂRIA",SJ,314,1,0,0,1,5,0,0,5,6,0,0,6,12,0,0,12,45,16,0,61,75,19,0,94
142729,272,"CĂMINUL CULTURALSOMEȘ-ODORHEI",SOMEŞ-ODORHEI,SJ,1110,4,1,0,5,16,2,0,18,22,3,0,25,34,3,0,37,132,20,0,152,196,26,0,222
142756,273,"CĂMINUL CULTURALINĂU",INĂU,SJ,490,1,4,0,5,4,7,0,11,7,7,0,14,11,9,0,20,79,24,0,103,136,32,0,168
142765,274,"CĂMINUL CULTURALȘOIMUȘ",ŞOIMUŞ,SJ,255,6,0,0,6,9,5,0,14,13,7,0,20,22,8,0,30,65,25,0,90,85,33,0,118
142738,275,ȘCOALAPRIMARĂBÎRSA,BÎRSA,SJ,87,1,0,0,1,4,4,0,8,4,9,0,13,4,10,0,14,16,12,0,28,18,12,0,30
142747,276,ȘCOALAPRIMARĂDOMNIN,DOMNIN,SJ,261,4,0,0,4,9,1,0,10,12,2,0,14,21,4,0,25,53,16,0,69,72,25,0,97
142783,277,"CĂMINUL CULTURAL SURDUC",SURDUC,SJ,1082,17,2,0,19,33,2,0,35,46,6,0,52,68,9,0,77,165,21,0,186,220,30,0,250
142792,278,"CĂMINUL CULTURAL BRÎGLEZ",BRÎGLEZ,SJ,225,4,0,0,4,6,3,0,9,12,3,0,15,22,3,0,25,45,10,0,55,55,14,0,69
142809,279,"ȘCOALA PRIMARĂ CLASELE I-IV CRISTOLȚEL",CRISTOLŢEL,SJ,360,1,0,0,1,6,0,0,6,9,1,0,10,14,1,0,15,49,12,0,61,64,13,0,77
142818,280,"CĂMINUL CULTURAL SOLONA",SOLONA,SJ,194,0,0,0,0,3,5,0,8,4,6,0,10,10,6,0,16,41,12,0,53,49,21,0,70
142827,281,"CĂMINUL CULTURAL TEȘTIOARA",TEŞTIOARA,SJ,65,2,1,0,3,7,5,0,12,9,8,0,17,12,8,0,20,18,11,0,29,22,15,0,37
142836,282,"CĂMINUL CULTURAL TIHĂU",TIHĂU,SJ,888,7,0,0,7,20,3,0,23,43,7,0,50,63,10,0,73,145,21,0,166,199,26,0,225
142845,283,"ȘCOALA PRIMARĂ CLASELE I-IV TURBUȚA",TURBUŢA,SJ,244,3,3,0,6,4,3,0,7,6,6,0,12,6,6,0,12,24,8,0,32,32,8,0,40
142863,284,"PRIMĂRIA COMUNEI ŞAMŞUD",ŞAMŞUD,SJ,910,4,0,0,4,20,7,0,27,27,8,0,35,40,8,0,48,188,12,0,200,269,15,0,284
142872,285,"FOSTA GRĂDINIŢĂ CU PROGRAM NORMAL","VALEA POMILOR",SJ,471,4,0,0,4,12,0,0,12,17,3,0,20,17,3,0,20,52,6,0,58,84,8,0,92
142890,286,"CENTRUL CULTURAL COMUNITAR ȘĂRMĂȘAG",ŞĂRMĂŞAG,SJ,946,2,5,0,7,8,5,0,13,11,5,0,16,16,5,0,21,45,7,0,52,88,8,0,96
142890,287,"LICEUL TEHNOLOGIC NR.1 ȘĂRMĂȘAG",ŞĂRMĂŞAG,SJ,834,0,0,0,0,4,0,0,4,8,0,0,8,10,0,0,10,58,1,0,59,104,3,0,107
142890,288,"GRĂDINIȚADE COPII NR.3 ȘĂRMĂȘAG",ŞĂRMĂŞAG,SJ,886,2,0,0,2,5,0,0,5,9,0,0,9,10,0,0,10,43,1,0,44,71,4,0,75
142890,289,"ȘCOALA GENERALĂ NR.2 ȘĂRMĂȘAG",ŞĂRMĂŞAG,SJ,1232,6,0,0,6,18,1,0,19,28,1,0,29,35,1,0,36,102,3,0,105,145,7,0,152
142907,290,"ȘCOALA GENERALĂ ""SELYMES PETER""ILIȘUA",ILIŞUA,SJ,573,2,0,0,2,4,0,0,4,5,0,0,5,9,0,0,9,59,0,0,59,101,7,0,108
142916,291,"ȘCOALA GENERALĂ ""ADY ENDRE"" LOMPIRT",LOMPIRT,SJ,689,0,0,0,0,1,0,0,1,4,0,0,4,8,0,0,8,27,1,0,28,66,3,0,69
142925,292,"CĂMINUL CULTURAL MOIAD",MOIAD,SJ,184,2,0,0,2,8,0,0,8,10,0,0,10,12,0,0,12,37,6,0,43,43,7,0,50
142541,293,"ȘCOALA GIMNAZIALĂ ȘIMIȘNA",ŞIMIŞNA,SJ,719,3,0,0,3,13,2,0,15,18,4,0,22,30,5,0,35,116,15,0,131,151,21,0,172
142532,294,"CĂMINUL CULTURAL HĂȘMAȘ",HĂŞMAŞ,SJ,238,4,4,0,8,11,5,0,16,11,6,0,17,22,6,0,28,76,14,0,90,91,18,0,109
139973,295,"ȘCOALA GIMNAZIALĂ TREZNEA",TREZNEA,SJ,640,6,0,0,6,12,1,0,13,17,5,0,22,24,7,0,31,81,22,0,103,148,29,0,177
139955,296,"ȘCOALA GENERALĂ BOZNA",BOZNA,SJ,191,0,0,0,0,4,2,0,6,5,2,0,7,12,5,0,17,45,14,0,59,59,18,0,77
142961,297,"ȘCOALA GIMNAZIALĂ CU CLASELE I-VIII","VALCĂU DE JOS",SJ,736,6,1,0,7,16,2,0,18,29,4,0,33,31,4,0,35,113,11,0,124,159,13,0,172
143012,298,"ȘCOALA GIMNAZIALĂ","VALCĂU DE SUS",SJ,708,3,0,0,3,8,2,0,10,15,2,0,17,26,2,0,28,161,8,0,169,284,9,0,293
142989,299,"ȘCOALA GIMNAZIALĂ",PREOTEASA,SJ,510,1,0,0,1,3,1,0,4,9,1,0,10,9,1,0,10,100,5,0,105,138,6,0,144
142970,300,GRĂDINIȚA,LAZURI,SJ,210,0,0,0,0,1,0,0,1,7,0,0,7,11,0,0,11,64,4,0,68,93,6,0,99
143003,301,"ȘCOALA CU CLASELE I-IV","SUB CETATE",SJ,296,2,0,0,2,3,1,0,4,7,1,0,8,22,1,0,23,79,7,0,86,114,10,0,124
143030,302,"PRIMĂRIA COMUNEI VÎRȘOLȚ",VÎRŞOLŢ,SJ,1415,2,2,0,4,9,4,0,13,11,5,0,16,23,6,0,29,123,9,0,132,166,9,0,175
143049,303,"CĂMINUL CULTURAL RECEA",RECEA,SJ,484,5,3,0,8,15,3,0,18,18,3,0,21,26,3,0,29,52,12,0,64,95,25,0,120
143076,304,"ȘCOALA GIMNAZIALĂ NR.1 ZALHA",ZALHA,SJ,227,4,0,0,4,8,0,0,8,9,0,0,9,11,0,0,11,26,3,0,29,31,10,0,41
143085,305,"ȘCOALA CU CLASELE I-IV CEACA",CEACA,SJ,175,8,2,0,10,12,2,0,14,12,2,0,14,15,2,0,17,33,7,0,40,46,12,0,58
143110,306,"ȘCOALA CU CLASELE I-IV VALEA HRANEI","VALEA HRANEI",SJ,66,1,0,0,1,3,4,0,7,4,6,0,10,4,9,0,13,12,13,0,25,18,20,0,38
143094,307,"ȘCOALA CU CLASELE I-IV CIURENI",CIURENI,SJ,112,1,0,0,1,4,5,0,9,4,5,0,9,5,5,0,10,20,9,0,29,32,10,0,42
143129,308,"ȘCOALA CU CLASELE I-IV VALEA LUNGĂ","VALEA LUNGĂ",SJ,119,0,0,0,0,0,0,0,0,3,0,0,3,3,0,0,3,6,0,0,6,14,0,0,14
143174,309,"CĂMINUL CULTURAL DOLU",DOLU,SJ,48,0,0,0,0,2,1,0,3,5,1,0,6,6,3,0,9,8,5,0,13,11,7,0,18
143183,310,"CĂMINUL CULTURAL SUTORU",SUTORU,SJ,105,4,4,0,8,11,4,0,15,16,6,0,22,18,7,0,25,25,10,0,35,27,11,0,38
143156,311,"PRIMĂRIA COMUNEI ZIMBOR",ZIMBOR,SJ,504,2,1,0,3,8,4,0,12,9,4,0,13,14,8,0,22,38,14,0,52,44,18,0,62
143192,312,"ȘCOALA PRIMARĂ SÎNCRAIU ALMAȘULUI","SÎNCRAIU ALMAŞULUI",SJ,145,4,0,0,4,7,0,0,7,9,0,0,9,13,0,0,13,33,22,0,55,41,31,0,72
136492,1,"GRADINITA CU PROGRAM PRELUNGIT ""DRAGA MEA"" (GRADINITA ""DRAGA MEA""(","SATU MARE",SM,1736,3,2,0,5,29,4,0,33,43,6,0,49,50,6,0,56,106,11,0,117,133,12,0,145
136492,2,"GRADINITA CU PROGRAM PRELUNGIT ""DRAGA MEA"" (GRADINITA ""DRAGA MEA""(","SATU MARE",SM,1738,6,5,0,11,43,7,0,50,62,10,0,72,82,11,0,93,153,11,0,164,199,11,0,210
136492,3,"ASOCIAŢIA CARITAS SATU MARE CANTRUL SOCIAL DESCHIS LA CASA PRIETENIEI","SATU MARE",SM,1076,12,1,0,13,30,3,0,33,54,4,0,58,60,4,0,64,141,7,0,148,187,8,0,195
136492,4,"ȘCOALA GIMNAZIALĂ “ ION CREANGĂ ”(ŞC. CU CLS.I-VIII“ ION CREANGĂ ”)","SATU MARE",SM,1384,8,1,0,9,42,1,0,43,55,1,0,56,64,3,0,67,123,10,0,133,178,24,0,202
136492,5,"ȘCOALA GIMNAZIALĂ “ ION CREANGĂ ”(ŞC. CU CLS.I-VIII“ ION CREANGĂ ”)","SATU MARE",SM,1250,4,0,0,4,35,0,0,35,54,1,0,55,69,1,0,70,151,4,0,155,190,6,0,196
136492,6,"ȘCOALA GIMNAZIALĂ “ ION CREANGĂ ”(ŞC. CU CLS.I-VIII“ ION CREANGĂ ”)","SATU MARE",SM,1234,8,0,0,8,39,0,0,39,55,2,0,57,66,2,0,68,124,3,0,127,175,4,0,179
136492,7,"ȘCOALA GIMNAZIALĂ “ ION CREANGĂ ”(ŞC. CU CLS.I-VIII“ ION CREANGĂ ”)","SATU MARE",SM,1527,10,0,0,10,34,2,0,36,44,3,0,47,63,3,0,66,144,5,0,149,207,7,1,215
136492,8,"ȘCOALA GIMNAZIALĂ “ LUCIAN BLAGA ” (ŞC. CU CLS.I-VIII “ LUCIAN BLAGA ”)","SATU MARE",SM,1411,15,1,0,16,41,2,0,43,59,7,0,66,68,11,0,79,125,19,0,144,166,27,0,193
136492,9,"ȘCOALA GIMNAZIALĂ “ LUCIAN BLAGA ” (ŞC. CU CLS.I-VIII “ LUCIAN BLAGA ”)","SATU MARE",SM,1279,7,0,0,7,23,0,0,23,39,0,0,39,50,5,0,55,123,5,0,128,175,9,0,184
136492,10,"ȘCOALA GIMNAZIALĂ “ LUCIAN BLAGA ” (ŞC. CU CLS.I-VIII “ LUCIAN BLAGA ”)","SATU MARE",SM,1189,9,0,0,9,24,3,0,27,41,3,0,44,42,3,0,45,104,6,0,110,143,7,0,150
136492,11,"ȘCOALA GIMNAZIALĂ “ LUCIAN BLAGA ” (ŞC. CU CLS.I-VIII “ LUCIAN BLAGA ”)","SATU MARE",SM,1345,6,0,0,6,29,2,0,31,43,2,0,45,54,2,0,56,122,4,0,126,165,4,0,169
136492,12,"ȘCOALA GIMNAZIALĂ “ OCTAVIAN GOGA “ (ŞC. CU CLS.I-VIII“ OCTAVIAN GOGA ”)","SATU MARE",SM,1293,7,0,0,7,21,0,0,21,30,9,0,39,34,10,0,44,98,16,0,114,122,18,0,140
136492,13,"ȘCOALA GIMNAZIALĂ “ OCTAVIAN GOGA “ (ŞC. CU CLS.I-VIII“ OCTAVIAN GOGA ”)","SATU MARE",SM,1226,7,0,0,7,37,4,0,41,53,5,0,58,63,5,0,68,120,10,0,130,166,15,0,181
136492,14,"ȘCOALA GIMNAZIALĂ “ OCTAVIAN GOGA “ (ŞC. CU CLS.I-VIII“ OCTAVIAN GOGA ”)","SATU MARE",SM,1431,10,1,0,11,29,1,0,30,48,4,0,52,52,4,0,56,126,5,0,131,170,5,0,175
136492,15,"ȘCOALA GIMNAZIALĂ “ OCTAVIAN GOGA “ (ŞC. CU CLS.I-VIII“ OCTAVIAN GOGA ”)","SATU MARE",SM,1548,10,0,0,10,31,0,0,31,50,0,0,50,57,4,0,61,119,6,0,125,153,6,0,159
136492,16,"GRĂDINIŢA CU PROGRAM NORMAL NR.21","SATU MARE",SM,1375,4,0,0,4,28,0,0,28,44,0,0,44,50,0,0,50,128,6,0,134,167,12,0,179
136492,17,"GRĂDINIŢA CU PROGRAM NORMAL NR.21","SATU MARE",SM,1679,4,0,0,4,23,0,0,23,59,0,0,59,71,0,0,71,155,1,0,156,209,1,0,210
136492,18,"UNIVERSITATEA TEHNICĂ CLUJ NAPOCA - FILIALA SATU MARE (GRĂDINIŢA CU PROGRAM NORMAL NR.21)","SATU MARE",SM,1687,11,1,0,12,57,3,0,60,88,4,0,92,99,6,0,105,193,7,0,200,259,15,0,274
136492,19,"UNIVERSITATEA TEHNICĂ CLUJ NAPOCA - FILIALA SATU MARE (GRĂDINIŢA CU PROGRAM NORMAL NR.21)","SATU MARE",SM,1568,13,4,0,17,44,6,0,50,61,8,0,69,74,8,0,82,168,10,0,178,224,12,0,236
136492,20,"ŞC. CU CLS.I-VIII NR. 9","SATU MARE",SM,1209,6,2,0,8,40,5,1,46,61,9,1,71,78,9,1,88,169,13,1,183,221,18,1,240
136492,21,"LICEUL TEORETIC GERMAN“ JOHANN ETTINGER ”","SATU MARE",SM,1807,9,0,0,9,28,5,0,33,35,6,0,41,51,6,0,57,133,16,0,149,186,20,0,206
136492,22,"COLEGIUL TEHNIC"" ELISA ZAMFIRESCU "" (COL.TEHNIC ELISA ZAMFIRESCU(GRUP ŞC. DE INDUSTRIE UŞOARĂ ))","SATU MARE",SM,1475,9,0,0,9,33,5,0,38,58,5,0,63,66,6,0,72,168,8,0,176,217,10,0,227
136492,23,"ȘCOALA GIMNAZIALĂ “ MIRCEA ELIADE ” ( ŞC. CU CLS.I-VIII“ MIRCEA ELIADE ”)","SATU MARE",SM,1473,21,0,0,21,67,2,0,69,75,3,0,78,79,4,0,83,144,12,0,156,175,17,0,192
136492,24,"ȘCOALA GIMNAZIALĂ “ MIRCEA ELIADE ” ( ŞC. CU CLS.I-VIII“ MIRCEA ELIADE ”)","SATU MARE",SM,1676,12,0,0,12,39,0,0,39,68,1,0,69,81,1,0,82,170,7,0,177,200,9,0,209
136492,25,"ȘCOALA GIMNAZIALĂ “ MIRCEA ELIADE ” ( ŞC. CU CLS.I-VIII“ MIRCEA ELIADE ”)","SATU MARE",SM,1400,3,6,0,9,13,6,0,19,38,6,0,44,40,6,0,46,74,10,0,84,99,10,0,109
136492,26,"ȘCOALA GIMNAZIALĂ “ MIRCEA ELIADE ” ( ŞC. CU CLS.I-VIII“ MIRCEA ELIADE ”)","SATU MARE",SM,1229,9,1,0,10,48,1,1,50,63,2,1,66,70,2,1,73,138,4,1,143,176,9,1,186
136492,27,"GRĂDINIŢA CU PROGRAM PRELUNGIT NR. 9","SATU MARE",SM,1311,9,4,0,13,52,9,0,61,62,9,0,71,69,9,0,78,124,11,0,135,158,12,0,170
136492,28,"GRĂDINIŢA CU PROGRAM PRELUNGIT NR. 9","SATU MARE",SM,1416,13,1,0,14,25,1,0,26,39,1,0,40,49,1,0,50,93,4,0,97,109,8,0,117
136492,29,"ȘCOALA GIMNAZIALĂ “ BĂLCESCU-PETOFI ” (ŞC. CU CLS.I-VIII “ BĂLCESCU-PETOFI ”)","SATU MARE",SM,1409,14,0,0,14,48,2,0,50,63,2,0,65,83,2,0,85,163,7,0,170,199,9,0,208
136492,30,"ȘCOALA GIMNAZIALĂ “ BĂLCESCU-PETOFI ” (ŞC. CU CLS.I-VIII “ BĂLCESCU-PETOFI ”)","SATU MARE",SM,1924,14,0,0,14,36,0,0,36,53,0,0,53,67,0,0,67,176,0,0,176,228,0,0,228
136492,31,"ȘCOALA GIMNAZIALĂ “ BĂLCESCU-PETOFI ” (ŞC. CU CLS.I-VIII “ BĂLCESCU-PETOFI ”)","SATU MARE",SM,1359,11,4,0,15,49,4,0,53,66,4,0,70,77,5,0,82,145,8,0,153,175,10,64,249
136492,32,"GRĂDINIŢA CU PROGRAM PRELUNGIT NR.13","SATU MARE",SM,1296,5,0,0,5,34,2,0,36,63,5,0,68,70,5,0,75,135,12,0,147,163,14,0,177
136492,33,"GRĂDINIŢA CU PROGRAM PRELUNGIT NR. 5","SATU MARE",SM,1166,7,0,0,7,23,3,0,26,31,5,0,36,32,8,0,40,94,12,0,106,122,16,0,138
136492,34,"GRĂDINIŢA CU PROGRAM PRELUNGIT NR. 5","SATU MARE",SM,1352,10,1,0,11,28,1,0,29,45,4,0,49,61,4,0,65,124,7,0,131,160,7,0,167
136492,35,"ȘCOALA GIMNAZIALĂ “ AVRAM IANCU ”(ŞC. CU CLS.I-VIII“ AVRAM IANCU ”) (GRĂDINIŢA CU PROGRAM PRELUNGIT ""VOINICELUL"" CORP “ B “)","SATU MARE",SM,1223,12,0,0,12,30,0,0,30,56,0,0,56,66,0,0,66,116,5,0,121,154,10,0,164
136492,36,"ȘCOALA GIMNAZIALĂ “ AVRAM IANCU ” ( ŞC. CU CLS.I-VIII “ AVRAM IANCU ”)","SATU MARE",SM,1216,10,0,0,10,52,3,0,55,71,8,0,79,85,8,0,93,146,14,0,160,180,15,0,195
136492,37,"ȘCOALA GIMNAZIALĂ “ AVRAM IANCU ”(ŞC. CU CLS.I-VIII“ AVRAM IANCU ”)","SATU MARE",SM,1339,4,0,0,4,32,1,0,33,54,5,0,59,75,5,0,80,160,5,0,165,199,7,0,206
136492,38,"ȘCOALA GIMNAZIALĂ “ AVRAM IANCU ”(ŞC. CU CLS.I-VIII“ AVRAM IANCU ”)","SATU MARE",SM,1495,6,0,0,6,50,1,0,51,65,1,0,66,69,1,0,70,170,7,1,178,210,10,1,221
136492,39,"ȘCOALA GIMNAZIALĂ “ AVRAM IANCU ”(ŞC. CU CLS.I-VIII“ AVRAM IANCU ”)","SATU MARE",SM,1323,6,0,0,6,27,1,0,28,39,2,0,41,45,2,0,47,99,2,0,101,126,4,0,130
136492,40,"ȘCOALA GIMNAZIALĂ “ AVRAM IANCU ”(ŞC. CU CLS.I-VIII“ AVRAM IANCU ”) (GRĂDINIŢA CU PROGRAM PRELUNGIT ''VOINICELUL"")","SATU MARE",SM,1358,7,0,0,7,21,0,0,21,33,0,0,33,47,0,0,47,125,0,0,125,165,6,0,171
136492,41,"LICEUL TEHNOLOGIC IND.ALIM "" GEORGE EMIL PALADE "". ( GRUPUL ŞCOLAR DE IND. ALIMENTARĂ ""GEORGE EMIL PALADE"" )","SATU MARE",SM,1395,9,0,0,9,43,3,0,46,61,3,0,64,68,3,0,71,150,8,0,158,209,14,0,223
136492,42,"LICEUL TEHNOLOGIC IND.ALIM "" GEORGE EMIL PALADE "". ( GRUPUL ŞCOLAR DE IND. ALIMENTARĂ ""GEORGE EMIL PALADE"" )","SATU MARE",SM,1452,9,0,0,9,22,2,0,24,53,3,0,56,58,3,0,61,142,8,0,150,186,9,0,195
136492,43,"LICEUL TEHNOLOGIC IND.ALIM "" GEORGE EMIL PALADE "". ( GRUPUL ŞCOLAR DE IND. ALIMENTARĂ ""GEORGE EMIL PALADE"" )","SATU MARE",SM,1325,6,0,0,6,25,0,0,25,32,0,0,32,45,0,0,45,109,4,0,113,149,5,0,154
136492,44,"LICEUL TEHNOLOGIC IND.ALIM "" GEORGE EMIL PALADE "". ( GRUPUL ŞCOLAR DE IND. ALIMENTARĂ ""GEORGE EMIL PALADE"" )","SATU MARE",SM,1566,10,0,0,10,35,0,0,35,61,0,0,61,75,1,0,76,136,6,0,142,190,8,0,198
136492,45,"LICEUL TEHNOLOGIC IND.ALIM "" GEORGE EMIL PALADE "". ( GRUPUL ŞCOLAR DE IND. ALIMENTARĂ ""GEORGE EMIL PALADE"" )","SATU MARE",SM,1379,4,0,0,4,37,0,0,37,58,0,0,58,64,0,0,64,135,0,0,135,162,0,0,162
136508,46,"ȘCOALA GIMNAZIALĂ - SĂTMĂREL ( ŞC. CU CLS.I-VIII - SĂTMĂREL)",SĂTMĂREL,SM,1172,2,1,0,3,10,1,0,11,17,2,0,19,33,2,0,35,123,4,0,127,166,7,0,173
136492,47,"ASOCIAŢIA JUDEŢEANĂ DE FOTBAL ( ŞC. NR.15 )","SATU MARE",SM,1947,16,3,0,19,45,7,0,52,69,7,0,76,81,7,0,88,183,12,0,195,221,15,0,236
136492,48,"SECŢIA DE DRUMURI NAŢIONALE","SATU MARE",SM,1743,8,0,0,8,38,0,0,38,54,0,0,54,66,0,0,66,148,10,0,158,197,10,0,207
136492,49,"ȘCOALA GIMNAZIALĂ "" DR. VASILE LUCACIU "" ( SC. CU CL. I-VIII ""DR. V. LUCACIU"" )","SATU MARE",SM,1391,8,7,0,15,21,9,0,30,35,11,0,46,52,11,0,63,136,16,0,152,169,17,0,186
136492,50,"ȘCOALA GIMNAZIALĂ "" DR. VASILE LUCACIU "" ( SC. CU CL. I-VIII ""DR. V. LUCACIU"" )","SATU MARE",SM,1203,14,0,0,14,42,1,0,43,60,1,0,61,73,1,0,74,133,2,0,135,240,5,0,245
136492,51,"ȘCOALA GIMNAZIALĂ "" DR. VASILE LUCACIU "" ( SC. CU CL. I-VIII ""DR. V. LUCACIU"" )","SATU MARE",SM,1008,14,3,0,17,27,3,0,30,40,3,0,43,50,3,0,53,109,3,0,112,138,5,0,143
136492,52,"GRĂDINIŢA NR.15","SATU MARE",SM,1233,8,1,0,9,45,1,0,46,56,5,0,61,79,5,0,84,143,7,0,150,188,7,2,197
136492,53,"LICEUL TEOLOGIC“NICOLAE STEINHARDT ”","SATU MARE",SM,1583,9,0,0,9,33,4,0,37,62,6,0,68,79,7,0,86,132,24,0,156,159,28,0,187
136492,54,"LICEUL TEOLOGIC“NICOLAE STEINHARDT ”","SATU MARE",SM,1523,7,0,0,7,40,2,0,42,62,3,0,65,83,3,0,86,163,7,0,170,202,8,0,210
136492,55,"GRĂDINIŢA CU PROGRAM PRELUNGIT NR.12","SATU MARE",SM,1372,6,0,0,6,26,1,42,69,31,6,42,79,37,6,42,85,67,7,42,116,99,8,42,149
136492,56,"GRĂDINIŢA CU PROGRAM PRELUNGIT – “ 14 MAI ”","SATU MARE",SM,1613,7,2,0,9,34,4,0,38,44,9,0,53,52,10,0,62,135,11,0,146,184,12,0,196
136492,57,"GRĂDINIŢA CU PROGRAM PRELUNGIT – “ 14 MAI ”","SATU MARE",SM,1104,8,0,0,8,26,6,0,32,38,7,0,45,49,7,0,56,95,8,0,103,129,8,0,137
136492,58,"LICEUL TEHNOLOGIC "" CONSTANTIN BRÂNCUȘ ""(GRUP SCOLAR ""CONSTANTIN BRANCUS "" SATU MARE)","SATU MARE",SM,1421,9,0,0,9,50,6,0,56,66,8,0,74,79,11,0,90,156,16,12,184,211,21,12,244
136492,59,"LICEUL CU PROGRAM SPORTIV","SATU MARE",SM,1210,10,1,0,11,35,2,0,37,59,2,0,61,71,2,0,73,132,4,0,136,162,7,0,169
136492,60,"ȘCOALA GIMNAZIALĂ “ GRIGORE MOISIL ” (ŞC. CU CLS.I-VIII“ GRIGORE MOISIL ”)","SATU MARE",SM,1163,6,1,0,7,46,3,0,49,68,6,0,74,88,10,0,98,158,14,198,370,191,16,198,405
136492,61,"ȘCOALA GIMNAZIALĂ “ GRIGORE MOISIL ” (ŞC. CU CLS.I-VIII“ GRIGORE MOISIL ”)","SATU MARE",SM,1039,8,3,0,11,39,4,0,43,57,5,0,62,66,5,0,71,121,10,1,132,157,12,1,170
136492,62,"COLEGIUL TEHNICDE TRANSP. ŞI TELECOMUNICAŢII “ I.C. BRĂTIANU ”","SATU MARE",SM,1338,9,0,0,9,43,1,0,44,61,1,21,83,67,1,21,89,141,3,21,165,185,11,21,217
136492,63,"LICEUL TEOLOGIC ROMANO-CATOLIC “ HAM JANOS “ (GRUP ŞC. TEOLOGIC ROM.-CAT. “ HAM JANOS “)","SATU MARE",SM,960,12,1,0,13,58,7,0,65,74,9,0,83,84,10,0,94,127,18,0,145,150,20,0,170
136492,64,"LICEUL REFORMAT ( LICEUL TEOLOGIC REFORMAT)","SATU MARE",SM,976,4,5,0,9,23,6,0,29,41,7,0,48,64,7,0,71,112,17,13,142,144,19,13,176
136492,65,"GRĂDINIŢA CU PROG. PRELUNGIT “ DUMBRAVA MINUNATĂ “ (GRĂDINIŢA “DUMBRAVA MINUNATĂ“ )","SATU MARE",SM,1285,5,1,0,6,49,4,0,53,67,4,0,71,78,4,0,82,150,4,0,154,189,5,0,194
136492,66,"COLEGIUL NAŢIONAL” D-NA STANCA ”","SATU MARE",SM,923,3,9,0,12,28,10,0,38,28,13,0,41,39,13,0,52,84,27,0,111,97,31,0,128
136492,67,"ȘCOALA GIMNAZIALĂ NR. 10(ŞC. CU CLS.I-VIII NR. 10)","SATU MARE",SM,1213,6,2,0,8,33,4,0,37,50,5,0,55,58,5,0,63,128,11,0,139,151,11,0,162
136492,68,"ȘCOALA GIMNAZIALĂ NR. 10(ŞC. CU CLS.I-VIII NR. 10)","SATU MARE",SM,1607,12,1,0,13,40,4,0,44,72,5,0,77,83,5,0,88,180,6,0,186,225,6,0,231
136492,69,"ȘCOALA GIMNAZIALĂ “ C. BRÎNCOVEANU“ (ŞC. CU CLS.I-VIII “ C. BRÎNCOVEANU ”)","SATU MARE",SM,1585,15,1,0,16,69,3,0,72,99,6,0,105,122,6,0,128,243,16,0,259,297,25,0,322
136492,70,"COLEGIUL NAŢIONAL“ MIHAIEMINESCU ”","SATU MARE",SM,1072,15,0,0,15,60,5,0,65,85,5,0,90,90,7,0,97,161,9,0,170,189,12,0,201
136492,71,"COLEGIUL ECONOMIC “ GHEORGHE DRAGOŞ ” (GRUP ŞC. ECONOMIC“ GHEORGHE DRAGOŞ ”)","SATU MARE",SM,1533,13,1,5,19,54,10,5,69,89,13,5,107,100,14,5,119,202,18,5,225,262,23,5,290
136492,72,"GRĂDINIŢA CU PROGRAM PRELUNGIT","SATU MARE",SM,1129,11,0,0,11,33,0,0,33,48,1,0,49,58,1,0,59,111,4,0,115,127,9,0,136
136492,73,"GRĂDINIŢA CU PROGRAM PRELUNGIT","SATU MARE",SM,1202,7,0,0,7,25,6,0,31,41,6,0,47,50,6,0,56,120,10,0,130,141,15,1,157
136492,74,"GRĂDINIŢA CU PROGRAM PRELUNGIT","SATU MARE",SM,1130,8,2,0,10,25,2,0,27,47,6,0,53,55,6,0,61,124,7,0,131,174,9,0,183
136535,75,"LICEUL ROMANO-CATOLIC “JOSEPHUS CALASANTIUS”",CAREI,SM,1622,6,6,0,12,25,11,0,36,29,11,0,40,38,11,0,49,98,12,0,110,118,15,0,133
136535,76,"COLEGIUL TEHNIC “IULIU MANIU”",CAREI,SM,1388,15,0,0,15,30,0,0,30,45,0,0,45,53,0,0,53,156,2,0,158,190,4,0,194
136535,77,"LICEUL TEHNOLOGIC “SIMION BĂRNUŢIU”",CAREI,SM,1572,9,5,0,14,30,7,0,37,39,7,0,46,56,7,0,63,162,11,0,173,194,13,0,207
136535,78,"ŞCOALA GIMNAZIALĂ NR.1",CAREI,SM,1665,7,1,0,8,27,1,0,28,39,2,0,41,53,7,0,60,165,8,0,173,217,11,0,228
136535,79,"ŞCOALA GIMNAZIALĂ “VASILE LUCACIU” NR.2",CAREI,SM,1784,12,0,0,12,31,1,0,32,45,3,0,48,50,3,0,53,150,4,0,154,213,9,0,222
136535,80,"GRĂDINIŢA CU PROGRAM NORMAL NR.9",CAREI,SM,1209,7,2,0,9,16,3,0,19,29,3,0,32,41,3,0,44,89,3,0,92,114,5,0,119
136535,81,"GRĂDINIŢA CU PROGRAM NORMAL NR.10",CAREI,SM,1885,8,0,0,8,43,4,0,47,65,6,0,71,100,6,0,106,183,9,0,192,224,12,0,236
136535,82,"ŞCOALA GIMNAZIALĂ NR.3",CAREI,SM,1634,10,3,0,13,54,5,0,59,69,6,0,75,78,7,0,85,158,7,0,165,242,12,0,254
136535,83,"LICEUL TEORETIC CAREI",CAREI,SM,1399,10,6,0,16,23,12,0,35,33,12,0,45,42,13,0,55,92,16,0,108,112,18,0,130
136535,84,"GRĂDINIŢA CU PROGRAM NORMAL NR.5",CAREI,SM,2089,10,0,0,10,40,8,0,48,54,8,0,62,63,10,0,73,153,14,1,168,185,16,1,202
136535,85,"GRĂDINIŢA CU PROGRAM NORMAL NR.8",CAREI,SM,1131,2,0,0,2,13,0,0,13,17,0,0,17,28,9,0,37,72,9,0,81,105,13,0,118
136535,86,"MUZEUL MUNICIPAL CAREI",CAREI,SM,2019,3,1,0,4,14,2,0,16,35,4,0,39,41,4,0,45,138,7,0,145,191,9,0,200
136535,87,"SCOALA GENERALA NR4",CAREI,SM,1027,5,1,0,6,13,2,33,48,29,3,33,65,31,3,33,67,67,3,33,103,86,5,33,124
136544,88,"GRĂDINIŢA CU PROGRAM NORMAL IANCULEŞTI",IANCULEŞTI,SM,293,5,2,0,7,8,2,0,10,12,2,0,14,21,3,0,24,50,7,0,57,71,9,0,80
136857,89,"LICEUL TEHNOLOGIC",ARDUD,SM,1987,12,3,0,15,31,7,0,38,58,13,0,71,86,14,0,100,230,28,0,258,298,30,0,328
136857,90,"BIBLIOTECA ARDUD",ARDUD,SM,1918,7,0,0,7,13,0,0,13,18,0,0,18,26,0,0,26,72,2,0,74,87,4,0,91
136875,91,"SCOALA GENERALĂ BABA NOVAC","BABA NOVAC",SM,469,7,0,0,7,9,1,0,10,20,4,0,24,26,4,0,30,67,9,0,76,78,11,0,89
136884,92,"SCOALA GENERALĂ GERĂUŞA",GERĂUŞA,SM,432,0,2,0,2,4,3,0,7,5,3,0,8,6,5,0,11,44,14,0,58,60,17,0,77
136893,93,"SCOALA GENERALĂ MĂDĂRAS",MĂDĂRAS,SM,959,4,0,0,4,10,0,0,10,25,3,0,28,30,5,0,35,96,9,0,105,116,11,0,127
138048,94,"SCOALA GIMNAZIALĂ ""PETOFI SANDOR"" LIVADA",LIVADA,SM,1005,0,0,0,0,13,5,0,18,15,5,0,20,17,5,0,22,60,8,0,68,98,9,0,107
138048,95,"GRADINITA CU PROGRAM NORMAL LIVADA",LIVADA,SM,1430,3,3,0,6,12,3,0,15,18,4,0,22,25,4,0,29,60,5,0,65,80,5,0,85
138048,96,"ŞCOALA GIMNAZIALĂ PETOFI SANDOR LIVADA",LIVADA,SM,1664,4,3,0,7,9,5,0,14,13,6,0,19,17,6,0,23,64,7,0,71,94,29,0,123
138057,97,"ŞCOALA PRIMARĂ ADRIAN",ADRIAN,SM,431,1,0,0,1,4,0,0,4,4,2,0,6,5,2,0,7,9,3,0,12,16,4,0,20
138066,98,"ŞCOALA GIMNAZIALĂ ""IOSIF ŢIPROC"" DUMBRAVA",DUMBRAVA,SM,955,1,0,0,1,8,0,0,8,16,0,0,16,20,1,0,21,84,8,0,92,117,10,0,127
138075,99,"GRĂDINIŢA LIVADA MICĂ","LIVADA MICĂ",SM,250,0,0,0,0,0,0,0,0,3,0,0,3,5,1,0,6,28,7,0,35,30,10,0,40
136606,100,"SCOALA GEN.NR,2",NEGREŞTI-OAŞ,SM,1129,3,1,0,4,9,2,0,11,16,2,0,18,23,3,0,26,76,4,0,80,115,5,0,120
136606,101,"SCOALA GEN.NR,2",NEGREŞTI-OAŞ,SM,1176,3,3,0,6,7,3,0,10,16,3,1,20,21,3,1,25,72,5,1,78,109,8,1,118
136606,102,"SCOALA GEN.NR,3",NEGREŞTI-OAŞ,SM,1347,6,0,0,6,42,2,0,44,54,2,0,56,68,2,0,70,138,6,0,144,174,9,0,183
136606,103,"SCOALA GEN.NR.3",NEGREŞTI-OAŞ,SM,1379,2,0,0,2,16,0,0,16,18,0,0,18,37,1,0,38,103,1,0,104,147,5,0,152
136606,104,"SCOALA GENERALA NR.3",NEGREŞTI-OAŞ,SM,1473,9,1,0,10,41,1,0,42,53,1,0,54,75,4,0,79,150,6,0,156,244,11,0,255
136606,105,"SCOALA GEN.NR.1",NEGREŞTI-OAŞ,SM,1036,9,1,0,10,28,8,0,36,51,11,0,62,65,11,0,76,128,15,0,143,164,20,1,185
136606,106,"SCOALA GEN,NR.1",NEGREŞTI-OAŞ,SM,998,5,0,0,5,39,0,0,39,49,0,0,49,59,1,0,60,127,4,0,131,173,10,1,184
136606,107,"LICEUL TEORETIC",NEGREŞTI-OAŞ,SM,1301,11,1,0,12,19,1,0,20,26,1,53,80,45,2,53,100,119,5,54,178,170,6,54,230
136606,108,"LICEUL TEORETIC",NEGREŞTI-OAŞ,SM,1241,11,2,0,13,27,2,0,29,37,7,0,44,55,12,0,67,107,18,1,126,138,22,1,161
136606,109,"LICEUL TEORETIC",NEGREŞTI-OAŞ,SM,1292,3,0,0,3,25,2,0,27,46,6,0,52,69,6,0,75,139,11,0,150,190,23,0,213
136624,110,"CLADIRE DISPENSAR TUR",TUR,SM,1586,9,0,0,9,24,0,0,24,41,2,0,43,64,2,0,66,230,8,0,238,315,9,0,324
136651,111,"ŞCOALA GIMNAZIALĂ TĂŞNAD",TĂŞNAD,SM,1223,6,1,0,7,35,1,1,37,46,1,1,48,83,3,1,87,187,8,1,196,230,16,1,247
136651,112,"ŞCOALA GIMNAZIALĂ TĂŞNAD",TĂŞNAD,SM,1614,5,2,0,7,24,5,0,29,35,5,0,40,49,6,0,55,121,15,0,136,161,15,0,176
136651,113,"ŞCOALA GIMNAZIALĂ TĂŞNAD",TĂŞNAD,SM,1657,16,0,0,16,52,1,0,53,61,4,0,65,80,5,0,85,176,8,0,184,226,12,0,238
136651,114,"CASA DE CULTURĂ",TĂŞNAD,SM,1703,8,0,0,8,25,2,0,27,34,3,0,37,61,8,0,69,157,15,0,172,192,25,0,217
136660,115,"GRĂDINIŢA CU PROGRAM NORMAL BLAJA",BLAJA,SM,169,0,0,0,0,6,0,0,6,10,2,0,12,12,6,0,18,28,9,0,37,39,10,0,49
136679,116,"GRĂDINIŢA CU PROGRAM NORMAL CIG",CIG,SM,367,2,0,0,2,6,0,0,6,6,0,0,6,7,0,0,7,31,6,0,37,58,6,0,64
136697,117,"ŞCOALA GIMNAZIALĂ SĂRĂUAD",SĂRĂUAD,SM,839,1,0,0,1,10,0,0,10,10,0,0,10,16,0,0,16,42,6,0,48,99,11,0,110
136704,118,"GRĂDINIŢA CU PROGRAM NORMAL VALEA MORII","VALEA MORII",SM,145,3,0,0,3,3,1,0,4,5,1,0,6,5,1,0,6,17,1,0,18,18,5,0,23
136722,119,"PRIMĂRIA COMUNEI ACÂŞ",ACÎŞ,SM,1499,13,1,0,14,28,1,0,29,33,2,0,35,36,6,0,42,154,7,0,161,173,9,0,182
136740,120,"ŞCOALA GENERALĂ MIHAIENI",MIHĂIENI,SM,360,3,3,0,6,4,3,0,7,4,3,0,7,6,3,0,9,9,6,0,15,12,7,0,19
136759,121,"ŞCOALA GENERALĂ UNIMĂT",UNIMĂT,SM,334,2,2,0,4,6,4,0,10,6,4,0,10,8,9,0,17,35,12,0,47,41,14,0,55
137201,122,"PRIMARIA AGRIS",AGRIŞ,SM,903,7,2,0,9,16,3,0,19,21,3,0,24,23,3,0,26,63,5,0,68,97,7,0,104
137201,123,"GRĂDINIŢA CU PROGRAM NORMAL AGRIŞUL NOU",AGRIŞ,SM,235,0,5,0,5,10,7,0,17,22,7,0,29,22,8,0,30,54,9,0,63,81,9,0,90
137210,124,"ŞCOALA PRIMARĂ CIUPERCENI",CIUPERCENI,SM,489,0,0,0,0,6,4,0,10,7,4,0,11,10,4,0,14,38,6,0,44,51,11,0,62
136777,125,"SC. GIMNAZIALA ANDRID",ANDRID,SM,987,4,1,0,5,10,2,0,12,23,2,0,25,26,2,0,28,102,9,0,111,142,22,0,164
136786,126,"SC. PRIMARA DINDESTI",DINDEŞTI,SM,608,0,0,0,0,6,3,0,9,9,3,0,12,11,3,0,14,31,5,0,36,43,6,0,49
136795,127,"SC. GIMNAZIALA IRINA",IRINA,SM,420,0,1,0,1,0,2,0,2,2,3,0,5,5,3,0,8,11,3,0,14,21,6,0,27
136811,128,"CENTRU CULTURAL ""EMIL MATEI"" APA",APA,SM,1065,8,0,0,8,32,3,0,35,47,4,0,51,57,8,0,65,139,15,0,154,176,20,0,196
136811,129,"SCOALA GIMNAZIALĂ ""VASILE LUCACIU"" APA",APA,SM,840,2,2,0,4,30,5,0,35,33,11,0,44,40,12,0,52,129,21,2,152,164,26,2,192
136839,130,"GRĂDINIŢA DIN SATUL SOMEŞENI",SOMEŞENI,SM,238,2,4,0,6,5,7,0,12,7,9,0,16,10,10,0,20,35,15,0,50,47,17,0,64
136928,131,"SCOALA GIMNAZIALA BĂTARCI",BĂTARCI,SM,1870,9,0,0,9,38,1,0,39,59,2,0,61,82,2,0,84,303,9,0,312,448,10,0,458
136937,132,"SCOALA PRIMARĂ COMLĂUȘA",COMLĂUŞA,SM,896,3,2,0,5,27,3,0,30,43,4,0,47,60,4,0,64,193,10,0,203,237,12,0,249
136955,133,"ŞCOALA PRIMARĂ TĂMĂŞENI",TĂMĂŞENI,SM,323,0,0,0,0,2,0,0,2,5,4,0,9,5,6,0,11,13,8,0,21,33,9,0,42
136973,134,"SCOALA GIMNAZIALABELTIUG",BELTIUG,SM,1111,4,0,0,4,9,2,0,11,13,2,0,15,19,3,0,22,70,14,0,84,90,17,0,107
136982,135,"CĂMINUL CULTURAL BOLDA",BOLDA,SM,51,0,0,0,0,2,0,0,2,2,4,0,6,2,4,0,6,11,5,0,16,11,6,0,17
136991,136,"ŞCOALA PRIMARĂ GHIRIŞA",GHIRIŞA,SM,572,4,1,0,5,14,1,0,15,33,2,0,35,39,2,0,41,92,2,0,94,113,5,0,118
137005,137,"CĂMINUL CULTURAL GIUNGI",GIUNGI,SM,110,1,0,0,1,1,2,0,3,2,2,0,4,2,2,0,4,14,10,0,24,20,12,0,32
137014,138,"ŞCOALA GIMNAZIALĂ RĂTEŞTI",RĂTEŞTI,SM,624,1,2,0,3,1,2,0,3,4,2,0,6,10,3,0,13,46,8,0,54,83,12,0,95
137023,139,"GRĂDINIŢA DE COPII ŞANDRA",ŞANDRA,SM,216,0,0,0,0,0,5,0,5,0,7,0,7,10,9,0,19,37,9,0,46,41,10,0,51
137041,140,"SCOALA GENERALA BERVENI",BERVENI,SM,1698,3,0,0,3,15,3,0,18,16,3,0,19,24,3,0,27,67,4,0,71,91,6,0,97
137050,141,"SCOALA GENERALA LUCACENI",LUCĂCENI,SM,1237,8,2,0,10,34,3,0,37,49,5,0,54,85,7,0,92,215,19,0,234,276,24,0,300
137078,142,"SCOALA GENERALA BIXAD",BIXAD,SM,1217,1,0,0,1,6,2,0,8,14,3,0,17,25,3,0,28,70,5,0,75,100,5,0,105
137078,143,"SCOALA GENERALA BIXAD",BIXAD,SM,1140,6,0,0,6,13,0,0,13,17,0,0,17,19,0,0,19,80,0,0,80,117,0,0,117
137087,144,"BOINESTI SCOALA GENERALA",BOINEŞTI,SM,1420,8,0,0,8,24,1,0,25,24,1,0,25,36,2,0,38,138,4,0,142,164,5,0,169
137096,145,"TRIP SCOALA GENERALA",TRIP,SM,1333,9,2,0,11,21,2,0,23,25,5,0,30,34,7,0,41,83,9,0,92,118,15,0,133
137096,146,"TRIP SCOALA GENERALA",TRIP,SM,1141,5,0,0,5,11,0,0,11,16,0,0,16,28,0,0,28,91,1,0,92,117,3,0,120
137112,147,"PRIMARIA BÂRSĂU","BÎRSĂU DE SUS",SM,1328,2,0,0,2,20,0,0,20,28,5,0,33,71,6,0,77,268,20,18,306,377,28,18,423
137121,148,"SEDIU ADMINISTRATIV","BÎRSĂU DE JOS",SM,519,5,0,0,5,14,5,0,19,23,7,0,30,37,12,0,49,131,35,0,166,168,43,0,211
137149,149,"PRIMARIA COMUNEI BOGDAND",BOGDAND,SM,763,3,0,0,3,5,1,0,6,8,1,0,9,9,1,0,10,47,2,0,49,59,5,0,64
137158,150,"ŞCOALA CU CLASELE I-VIII",BABŢA,SM,524,3,1,0,4,5,1,0,6,9,2,0,11,17,3,0,20,59,9,0,68,72,13,0,85
137167,151,"ŞCOALA CU CLASELE I-VIII",CORUND,SM,368,6,3,0,9,8,7,0,15,10,7,0,17,14,7,0,21,56,9,0,65,74,10,0,84
137176,152,"ŞCOALA CU CLASELE I-IV",SER,SM,579,1,3,0,4,2,3,0,5,5,4,0,9,6,4,0,10,37,5,0,42,65,9,0,74
137194,153,"PRIMARIA BOTIZ",BOTIZ,SM,1436,6,0,0,6,17,0,0,17,26,0,0,26,33,0,0,33,119,4,0,123,151,6,0,157
137194,154,"SCOALAGIMNAZIALA CU CLASELE I-IV OSVAREU",BOTIZ,SM,1654,5,0,0,5,14,0,0,14,27,1,0,28,36,1,0,37,98,7,0,105,175,15,0,190
137238,155,"PRIMARIA CALINESTI OAS",CĂLINEŞTI-OAŞ,SM,1350,4,0,0,4,12,0,0,12,28,4,0,32,36,4,0,40,119,10,2,131,143,10,2,155
137247,156,"SCOALA COCA",COCA,SM,855,4,0,0,4,16,1,0,17,26,1,1,28,32,1,1,34,95,5,1,101,108,5,1,114
137256,157,"SCOALA LECHINTA",LECHINŢA,SM,657,2,0,0,2,7,1,0,8,16,1,0,17,25,1,0,26,110,2,0,112,151,2,0,153
137265,158,"SCOALA PASUNEA MARE","PĂŞUNEA MARE",SM,318,2,2,0,4,3,2,0,5,11,3,0,14,11,3,0,14,45,5,0,50,58,6,0,64
137238,159,"SPCLEP CALINESTI OAS",CĂLINEŞTI-OAŞ,SM,875,8,0,0,8,12,0,0,12,20,1,0,21,30,1,0,31,84,2,0,86,99,2,0,101
137283,160,"PRIMARIA COM. CAMARZANA",CĂMĂRZANA,SM,1068,6,0,0,6,17,0,0,17,29,3,0,32,37,6,0,43,125,10,0,135,167,12,22,201
137283,161,"SCOALA GENERALA CAMARZANA",CĂMĂRZANA,SM,929,0,0,0,0,5,2,0,7,14,4,0,18,17,4,0,21,97,8,0,105,140,9,6,155
136571,162,"SCOALA GIMNAZIALA CAMIN",CĂMIN,SM,1164,0,0,0,0,2,0,0,2,6,1,0,7,29,1,0,30,89,2,0,91,106,2,0,108
136562,163,"PRIMĂRIA COMUNEI CĂPLENI",CĂPLENI,SM,1202,3,1,0,4,11,1,0,12,15,1,0,16,26,1,0,27,69,1,0,70,127,2,0,129
136562,164,"ŞCOALA GIMNAZIALĂ"" FÉNYI ISTVÁN "" CĂPLENI",CĂPLENI,SM,1460,4,1,0,5,14,1,0,15,20,1,0,21,40,1,0,41,96,2,0,98,145,3,0,148
137309,165,"ȘCOALA GIMNAZIALĂ",CĂUAŞ,SM,547,4,1,0,5,11,3,0,14,24,4,0,28,26,4,0,30,86,5,0,91,133,16,0,149
137336,166,"ȘCOALA GENERALĂ",GHILEŞTI,SM,79,2,0,0,2,7,0,0,7,8,3,0,11,8,5,0,13,13,7,1,21,14,10,1,25
137354,167,"CASĂ DE LOCUIT",RĂDULEŞTI,SM,95,0,0,0,0,2,1,0,3,4,3,0,7,8,4,0,12,16,13,0,29,19,16,0,35
137318,168,"CĂMINUL CULTURAL","ADY ENDRE",SM,111,2,0,0,2,4,2,0,6,6,2,0,8,6,2,0,8,12,3,0,15,14,5,0,19
137345,169,"CĂMINUL CULTURAL",HOTOAN,SM,138,2,2,0,4,5,2,0,7,6,3,0,9,6,5,0,11,22,10,0,32,26,12,0,38
137327,170,"CĂMINUL CULTURAL",GHENCI,SM,1033,4,0,0,4,10,0,0,10,12,4,0,16,13,4,0,17,30,7,0,37,71,15,0,86
137372,171,"CAMIN CULTURAL",CEHĂLUŢ,SM,504,1,3,0,4,1,3,0,4,4,5,0,9,4,5,0,9,22,6,0,28,39,7,0,46
137381,172,"SCOALA CEHAL",CEHAL,SM,659,4,0,0,4,7,1,0,8,11,1,0,12,18,1,0,19,115,9,0,124,147,14,6,167
137390,173,"CLADIRE PRIMARIE",ORBĂU,SM,181,1,5,0,6,7,6,0,13,10,6,0,16,15,7,0,22,30,10,0,40,40,12,0,52
137416,174,"SCOALA GIMNAZIALA CERTEZE",CERTEZE,SM,1470,7,2,0,9,37,7,0,44,45,7,0,52,75,8,0,83,168,13,0,181,222,13,0,235
137416,175,"SCOALA GIMNAZIALA CERTEZE",CERTEZE,SM,1371,16,0,0,16,64,6,0,70,88,6,0,94,105,8,0,113,213,22,0,235,249,29,0,278
137425,176,"GRĂDINIŢA CU PROGRAM HUTA CERTEZE","HUTA CERTEZE",SM,960,1,0,0,1,16,0,0,16,23,0,0,23,35,4,0,39,90,9,0,99,138,12,0,150
137434,177,"GRĂDINIŢA CU PROGRAM NORMAL MOIŞENI",MOIŞENI,SM,1134,1,3,0,4,8,5,0,13,17,6,0,23,25,7,0,32,109,9,0,118,144,12,0,156
138690,178,"CĂMINUL CULTURAL",CIUMEŞTI,SM,1121,3,0,0,3,7,1,0,8,8,1,0,9,47,3,0,50,140,6,0,146,199,8,0,207
137452,179,"PRIMARIA CRAIDOROLT",CRAIDOROLŢ,SM,848,5,2,0,7,11,2,0,13,25,5,0,30,36,5,0,41,112,12,0,124,149,18,0,167
137461,180,"ŞCOALA PRIMARĂ CRIŞENI",CRIŞENI,SM,147,2,2,0,4,9,3,0,12,15,5,0,20,23,8,0,31,36,11,0,47,44,13,0,57
137470,181,"ŞCOALA PRIMARĂ ERIU SÂNCRAI","ERIU SÎNCRAI",SM,495,0,0,0,0,5,0,0,5,10,2,0,12,17,4,0,21,43,13,0,56,70,14,0,84
137489,182,"ŞCOALA PRIMARĂ SATU MIC","SATU MIC",SM,169,2,1,0,3,12,3,0,15,17,5,0,22,19,6,0,25,39,16,0,55,52,17,0,69
137513,183,"SCOALA CU CLASELE I-IV CRUCISOR",CRUCIŞOR,SM,466,2,1,0,3,3,4,0,7,4,4,0,8,10,5,0,15,57,14,0,71,88,19,0,107
137522,184,"SCOALA CU CLS. I-IV IEGHERISTE",IEGHERIŞTE,SM,436,2,0,0,2,7,2,0,9,16,4,0,20,19,4,0,23,50,8,0,58,76,10,0,86
137531,185,"SCOALA GIMNAZIALA POIANA CODRULUI","POIANA CODRULUI",SM,1226,8,3,0,11,33,3,0,36,43,3,0,46,57,3,0,60,179,7,1,187,274,8,1,283
137559,186,"SEDIUL CONSILIULUI LOCAL AL COMUNEI CULCIU","CULCIU MARE",SM,676,1,0,0,1,5,1,0,6,7,2,0,9,10,2,0,12,41,11,0,52,78,13,0,91
137568,187,GRADINIŢAAPATEU,APATEU,SM,273,2,2,0,4,6,2,0,8,6,2,0,8,9,3,0,12,25,6,0,31,39,6,0,45
137577,188,"ŞCOALA DE GIMNAZIALĂ BEM JOZSEF CĂRĂŞEU",CĂRĂŞEU,SM,934,1,0,0,1,4,0,0,4,5,0,0,5,10,0,0,10,41,1,0,42,59,5,0,64
137586,189,"GRADINIŢA COROD",COROD,SM,412,0,0,0,0,2,0,0,2,2,0,0,2,5,5,0,10,22,5,0,27,35,8,0,43
137595,190,"ŞCOALA PRIMARĂ CULCIU-MIC","CULCIU MIC",SM,591,2,1,0,3,7,3,0,10,7,3,0,10,9,3,0,12,18,4,0,22,27,7,0,34
137602,191,"ŞCOALA PRIMARĂ LIPĂU",LIPĂU,SM,464,3,4,0,7,9,4,0,13,10,6,0,16,12,7,0,19,21,9,0,30,45,19,0,64
137620,192,"PRIMARIA COMUNEI DOBA",DOBA,SM,998,3,0,0,3,7,0,0,7,14,3,0,17,21,3,0,24,84,11,0,95,115,12,0,127
137639,193,ŞCOALAGENERALĂBOGHIŞ,BOGHIŞ,SM,658,0,0,0,0,0,2,0,2,1,3,0,4,4,6,0,10,17,8,0,25,26,11,0,37
137648,194,"CĂMIN CULTURALDACIA",DACIA,SM,132,3,0,0,3,10,2,0,12,12,3,0,15,12,4,0,16,48,12,0,60,56,19,0,75
137657,195,CAMINULCULTURAL,PAULIAN,SM,414,7,0,0,7,10,3,0,13,14,5,0,19,22,5,0,27,67,9,0,76,84,12,0,96
137666,196,"CĂMIN CULTURAL TRAIAN",TRAIAN,SM,171,2,1,0,3,8,4,0,12,12,7,0,19,17,7,0,24,41,15,0,56,48,17,0,65
137684,197,"PRIMARIA COMUNEI DOROLT",DOROLŢ,SM,1442,3,1,0,4,4,1,0,5,15,5,0,20,20,5,0,25,58,8,0,66,79,9,0,88
137693,198,"CAMIN CULTURAL ATEA",ATEA,SM,315,0,0,0,0,4,4,0,8,4,4,0,8,6,4,0,10,9,4,0,13,11,5,0,16
137700,199,"SCOALA DARA",DARA,SM,1020,1,0,0,1,1,0,0,1,3,1,0,4,3,1,0,4,27,2,0,29,33,2,0,35
137719,200,"CAMIN CULTURAL PETEA",PETEA,SM,334,1,0,0,1,2,3,0,5,3,3,0,6,3,4,0,7,14,9,0,23,20,12,0,32
137737,201,"CONSILIUL LOCAL FOIENI",FOIENI,SM,1614,7,2,0,9,17,2,0,19,31,4,0,35,55,4,0,59,162,5,0,167,248,6,0,254
137755,202,"PRIMARIA COMUNEI","GHERŢA MICĂ",SM,1558,4,2,0,6,29,3,0,32,57,4,0,61,77,6,0,83,180,11,0,191,257,23,0,280
137755,203,"SCOALA GIMNAZIALA","GHERŢA MICĂ",SM,1216,5,2,0,7,13,2,0,15,31,4,0,35,41,5,0,46,129,6,0,135,218,9,0,227
137773,204,"ŞCOALA CU CLS.I-VIII HALMEU",HALMEU,SM,1687,19,2,0,21,40,2,0,42,70,10,0,80,79,10,0,89,219,15,0,234,308,20,0,328
137773,205,"ŞCOALA CU CLS.I-VIII HALMEU",HALMEU,SM,1344,18,0,0,18,48,2,0,50,80,3,0,83,102,3,0,105,220,5,0,225,274,6,0,280
137782,206,"GRĂDINIŢA BĂBEŞTI",BĂBEŞTI,SM,332,1,3,0,4,1,4,0,5,2,4,0,6,3,4,0,7,18,4,0,22,21,6,0,27
137808,207,"GRĂDINIŢA DABOLŢ",DOBOLŢ,SM,343,1,0,0,1,1,0,0,1,2,0,0,2,5,0,0,5,17,0,0,17,29,6,0,35
137826,208,"GRĂDINIŢA MESTEACĂN",MESTEACĂN,SM,364,2,0,0,2,6,0,0,6,14,3,0,17,21,4,0,25,67,5,0,72,86,8,0,94
137853,209,"SEDIUL PRIMARIEI COMUNEI HODOD",HODOD,SM,708,4,4,0,8,11,5,0,16,16,5,0,21,26,5,0,31,88,5,0,93,122,5,0,127
137862,210,"SCOALA GIMNAZIALA GIURTELECU HODODULUI","GIURTELECU HODODULUI",SM,478,1,3,0,4,3,3,0,6,4,3,0,7,14,10,0,24,37,23,0,60,56,24,0,80
137871,211,"SCOALA PRIMARA LELEI",LELEI,SM,462,1,5,0,6,2,5,0,7,2,5,0,7,5,5,0,10,56,7,0,63,86,11,0,97
137880,212,"CENTRU SOCIAL NADISU HODODULUI","NADIŞU HODODULUI",SM,625,4,5,0,9,21,5,0,26,26,7,0,33,32,8,0,40,97,18,0,115,206,23,0,229
137906,213,"SCOALA CLS. I-VIII HOMORODU DE MIJLOC","HOMORODU DE MIJLOC",SM,556,4,0,0,4,16,0,0,16,21,2,0,23,27,3,0,30,100,12,0,112,113,14,0,127
137915,214,"SCOALA CHILIA",CHILIA,SM,184,1,0,0,1,5,3,0,8,9,6,0,15,15,6,0,21,29,13,0,42,38,16,0,54
137924,215,"SCOALA CLS I-IV HOMORODU DE JOS","HOMORODU DE JOS",SM,300,1,0,0,1,5,2,0,7,5,5,0,10,6,6,0,12,24,11,0,35,38,13,0,51
137942,216,"SCOALA NECOPOI",NECOPOI,SM,176,0,0,0,0,1,1,0,2,4,4,0,8,5,5,0,10,19,14,0,33,25,15,0,40
137951,217,"SCOALA SOLDUBA",SOLDUBA,SM,206,1,1,0,2,2,1,0,3,8,5,0,13,10,6,0,16,38,15,0,53,53,17,0,70
137979,218,"CAMIN CULTURAL NOU",LAZURI,SM,2423,6,0,0,6,36,4,0,40,48,4,0,52,71,5,0,76,161,14,0,175,219,16,0,235
137988,219,"SCOALA CU CLASELE I-IV BERCU",BERCU,SM,520,0,0,0,0,0,0,0,0,3,2,0,5,7,2,0,9,25,3,0,28,34,7,0,41
137997,220,"SCOALA CU CLASELE I-VIII NISIPENI",NISIPENI,SM,737,2,1,0,3,3,1,0,4,7,1,0,8,10,5,0,15,34,5,0,39,63,7,0,70
138002,221,"SCOALA CU CLASELE I-IV NOROIENI",NOROIENI,SM,332,1,0,0,1,2,0,0,2,4,0,0,4,5,0,0,5,26,0,0,26,28,1,0,29
138011,222,"SCOALA CU CLASELE I-VIII PELES",PELEŞ,SM,744,2,4,0,6,3,4,0,7,3,4,0,7,3,6,0,9,10,6,0,16,17,6,0,23
138020,223,"SCOALA CU CLASELE I-IV PELISOR",PELIŞOR,SM,225,0,2,0,2,1,2,0,3,1,2,0,3,1,3,0,4,10,4,0,14,21,5,0,26
138093,224,"PRIMARIA MEDIESU AURIT","MEDIEŞU AURIT",SM,895,1,4,0,5,13,8,0,21,17,8,0,25,30,9,0,39,100,22,0,122,151,30,0,181
138093,225,"SCOALA MEDIESU AURIT","MEDIEŞU AURIT",SM,1271,7,3,0,10,25,3,0,28,42,3,0,45,62,4,0,66,156,6,0,162,198,12,0,210
138119,226,"SCOALA GENERALA",IOJIB,SM,932,3,0,0,3,11,1,0,12,16,2,0,18,25,5,0,30,67,9,0,76,104,10,0,114
138146,227,"SCOALA GENERALA",POTĂU,SM,844,6,0,0,6,35,2,0,37,42,6,0,48,49,7,0,56,113,20,0,133,161,21,0,182
138155,228,"SCOALA GENERALA",ROMÂNEŞTI,SM,648,0,0,0,0,7,0,0,7,13,1,0,14,17,1,0,18,99,5,0,104,146,11,0,157
138100,229,GRADINITA,BĂBĂŞEŞTI,SM,531,1,1,0,2,5,4,0,9,6,5,0,11,15,10,0,25,66,17,0,83,95,21,0,116
138128,230,"SCOALA GENERALA","MEDIEŞ RÎTURI",SM,234,1,0,0,1,12,1,0,13,15,1,0,16,23,4,0,27,56,13,0,69,61,13,0,74
138137,231,"SCOALA GENERALA","MEDIEŞ VII",SM,150,1,0,0,1,1,0,0,1,3,0,0,3,3,0,0,3,26,12,0,38,32,19,0,51
138173,232,"CENTRU CULTURAL TURISTIC",MICULA,SM,1169,8,2,0,10,17,4,0,21,34,5,0,39,48,6,0,54,100,10,0,110,135,12,0,147
138173,233,"GRADINITA NR. II MICULA",MICULA,SM,1415,14,0,0,14,51,1,0,52,74,1,0,75,91,3,0,94,218,8,0,226,299,14,0,313
138191,234,"CASĂ DE LOCUIT MICULA NOUA","MICULA NOUĂ",SM,620,4,0,0,4,11,0,0,11,31,0,0,31,45,1,0,46,111,4,0,115,153,7,0,160
138262,235,"SCOALA GENERALA","MOFTINU MARE",SM,1163,1,0,0,1,5,2,0,7,8,5,0,13,12,6,0,18,66,11,0,77,101,13,0,114
138217,236,"CAMINUL CULTURAL","MOFTINU MIC",SM,1041,2,1,0,3,9,1,0,10,15,2,0,17,20,2,0,22,125,14,0,139,161,18,0,179
138226,237,"SCOALAGENERALA CL I-VIIII",DOMĂNEŞTI,SM,898,0,0,0,0,7,0,0,7,12,1,0,13,14,3,0,17,88,9,0,97,124,13,0,137
138271,238,"GRADINITA DE COPII",SÎNMICLĂUŞ,SM,447,0,0,0,0,1,3,0,4,1,4,0,5,4,4,0,8,31,11,0,42,40,14,0,54
138299,239,"CĂMINUL CULTURAL ODOREU",ODOREU,SM,1991,5,1,0,6,17,4,0,21,23,5,0,28,41,5,0,46,118,9,0,127,155,17,0,172
138299,240,"SCOALA GIMNAZIALAODOREU",ODOREU,SM,2012,8,0,0,8,30,2,0,32,56,3,0,59,76,3,0,79,169,7,0,176,220,12,0,232
138306,241,"CASA DE TIP FAMILIAL"" IRIS""",BERINDAN,SM,105,0,0,0,0,0,0,0,0,3,1,0,4,3,2,0,5,5,4,0,9,8,5,0,13
138333,242,"AFTER SCHOOL, MARTINESTI NR. 51",MĂRTINEŞTI,SM,714,4,0,0,4,10,0,0,10,13,0,0,13,19,4,0,23,66,7,0,73,86,7,0,93
138360,243,"SCOALA GIMNAZIALAORASU NOU SALADE CLASĂ 1","ORAŞU NOU",SM,720,1,4,0,5,6,4,0,10,8,4,0,12,16,5,0,21,32,7,0,39,57,7,0,64
138360,244,"SCOALA GIMNAZIALAORASU NOU SALADE CLASĂ 2","ORAŞU NOU",SM,887,1,0,0,1,4,2,0,6,8,2,0,10,8,2,0,10,26,3,0,29,54,3,0,57
138379,245,"GRĂDINIȚĂ CU PROGRAM NORMAL","ORAŞU NOU-VII",SM,343,4,2,0,6,8,2,0,10,10,2,0,12,12,2,0,14,26,9,0,35,50,9,0,59
138388,246,"GRĂDINIȚĂ CU PROGRAM NORMAL",PRILOG,SM,522,2,0,0,2,9,0,0,9,12,0,0,12,17,1,0,18,60,1,0,61,111,5,0,116
138397,247,"IMOBIL, CASADE LOCUIT","PRILOG VII",SM,137,0,2,0,2,9,4,0,13,9,4,0,13,10,5,0,15,25,11,0,36,47,15,0,62
138397,248,"CLĂDIREA SCOLII","PRILOG VII",SM,106,0,0,0,0,1,3,0,4,1,3,0,4,1,4,0,5,28,7,0,35,34,9,0,43
138422,249,"SCOALĂ PRIMARĂ REMETEA OAȘ","REMETEA OAŞULUI",SM,436,4,0,0,4,6,1,0,7,13,2,0,15,14,2,0,16,21,4,0,25,37,8,0,45
138440,250,CAMINULCULTURALPAULESTI,PĂULEŞTI,SM,1407,14,6,0,20,39,10,0,49,58,17,0,75,74,20,0,94,184,40,0,224,233,48,0,281
138459,251,"ŞCOALA GENERALĂ AMAŢI",AMAŢI,SM,902,3,0,0,3,8,0,0,8,9,0,0,9,16,4,0,20,66,7,0,73,95,12,0,107
138468,252,"ŞCOALA SOLTESZ JANOS AMBUD",AMBUD,SM,947,4,2,0,6,13,3,0,16,19,3,0,22,21,3,0,24,60,5,0,65,83,48,0,131
138477,253,"ŞCOALA GENERALĂ HRIP",HRIP,SM,543,0,0,0,0,0,0,0,0,3,0,0,3,6,0,0,6,16,4,0,20,32,5,0,37
138486,254,"ŞCOALA GENERALĂ PETIN",PETIN,SM,620,5,2,0,7,15,2,0,17,16,2,0,18,21,2,0,23,46,3,0,49,61,4,0,65
138495,255,"ŞCOALA GENERALĂ RUŞENI",RUŞENI,SM,196,7,0,0,7,13,0,0,13,17,0,0,17,19,3,0,22,37,10,0,47,42,14,0,56
138510,256,"ŞCOALA GIMNAZIALĂ DR. STEFAN VONHÁZ",PETREŞTI,SM,1316,3,0,0,3,10,3,0,13,14,7,0,21,20,7,0,27,106,10,0,116,163,11,0,174
138529,257,"SCOALA GIMNAZIALA DR. STEFAN VONHAZ PETRESTI","DINDEŞTIU MIC",SM,326,1,0,0,1,5,5,0,10,12,5,0,17,14,5,0,19,40,5,0,45,48,7,0,55
138547,258,"SCOALA CU CLS. I-VIII PIR",PIR,SM,1141,4,0,0,4,11,0,0,11,14,1,0,15,16,1,0,17,50,4,0,54,83,6,0,89
138565,259,"SCOALA PRIMARA",SĂRVĂZEL,SM,105,0,0,0,0,3,1,0,4,4,1,0,5,7,2,0,9,18,6,0,24,24,6,0,30
138583,260,"PRIMARIA COMUNEIPISCOLT",PIŞCOLT,SM,905,6,0,0,6,9,1,0,10,14,3,0,17,20,3,0,23,86,6,0,92,114,12,0,126
138583,261,"PRIMARIA COMUNEIPISCOLT",PIŞCOLT,SM,884,1,0,0,1,4,0,0,4,4,0,0,4,11,0,0,11,36,2,0,38,88,4,0,92
138592,262,"ȘCOALA GIMNAZIALĂ PIȘCOLT",RESIGHEA,SM,346,6,0,0,6,13,8,0,21,16,9,0,25,17,11,0,28,48,15,0,63,58,19,0,77
138609,263,"ȘCOALA GIMNAZIALĂ PIȘCOLT","SCĂRIŞOARA NOUĂ",SM,335,8,3,0,11,11,9,0,20,12,12,0,24,15,14,0,29,57,28,0,85,84,35,0,119
138636,264,"CAMIN CULTURAL",ACIUA,SM,66,6,7,0,13,9,9,0,18,10,14,0,24,10,15,0,25,19,31,0,50,20,37,0,57
138645,265,"CAMIN CULTURAL",BICĂU,SM,104,0,5,0,5,2,5,0,7,4,6,0,10,5,7,0,12,32,14,0,46,38,18,0,56
138654,266,"SCOALA GENERALA",BORLEŞTI,SM,624,4,2,0,6,7,4,0,11,15,4,0,19,19,4,0,23,67,16,0,83,92,27,0,119
138627,267,PRIMARIAPOMI,POMI,SM,719,5,0,0,5,14,0,0,14,18,0,0,18,21,0,0,21,83,15,0,98,109,21,0,130
137835,268,"ŞCOALA GIMNAZIALĂ PORUMBEŞTI",PORUMBEŞTI,SM,1203,6,0,0,6,12,0,0,12,17,0,0,17,23,0,0,23,125,0,0,125,160,8,0,168
137791,269,"ŞCOALA GIMNAZIALĂ CIDREAG",CIDREAG,SM,853,2,1,0,3,7,3,0,10,18,5,0,23,33,5,0,38,74,6,0,80,116,8,0,124
138404,270,"ȘCOALA GENERALĂ",RACŞA,SM,1154,37,3,0,40,125,4,0,129,254,7,0,261,310,7,0,317,472,12,19,503,558,17,19,594
138404,271,"ȘCOALA GIMNAZIALĂ",RACŞA,SM,1058,26,3,0,29,173,4,0,177,237,4,0,241,284,4,0,288,427,8,17,452,515,9,17,541
138413,272,"ŞCOALA PRIMARĂ","RACŞA VII",SM,222,2,2,0,4,14,3,0,17,26,5,0,31,28,5,0,33,78,7,0,85,124,8,0,132
138672,273,"GRĂDINIŢA SANISLĂU",SANISLĂU,SM,1362,2,0,0,2,9,0,0,9,9,0,0,9,12,4,0,16,45,8,0,53,76,11,0,87
138672,274,"ŞCOALA CU CL. I-VIII GH. BULGĂR-SANISLĂU",SANISLĂU,SM,1234,11,1,0,12,22,4,0,26,29,4,0,33,47,4,0,51,123,11,0,134,148,15,0,163
138707,275,"CĂMIN CULTURALSAT HOREA",HOREA,SM,121,3,4,0,7,3,4,0,7,6,6,0,12,7,9,0,16,14,14,0,28,27,21,0,48
138716,276,"CĂMIN CULTURALSAT MARNA NOUĂ","MARNA NOUĂ",SM,288,5,0,0,5,12,1,0,13,15,4,0,19,16,4,0,20,82,9,0,91,107,10,0,117
138743,277,"SCOALA GIMNAZIALASANTAU",SANTĂU,SM,1422,15,2,0,17,24,2,0,26,30,2,0,32,39,3,0,42,112,5,0,117,146,13,0,159
138752,278,"SC. PRIM. CHEREUŞA",CHEREUŞA,SM,475,1,0,0,1,5,0,0,5,6,0,0,6,12,0,0,12,41,4,0,45,57,6,0,63
138761,279,"GRĂDINIŢA SUDURĂU",SUDURĂU,SM,141,3,0,0,3,5,1,0,6,7,3,0,10,9,3,0,12,15,4,0,19,17,4,0,21
138789,280,"PRIMARIA SACASENI",SĂCĂŞENI,SM,820,1,0,0,1,8,0,0,8,14,2,0,16,20,3,0,23,42,3,0,45,51,3,0,54
138798,281,"CAMIN CULTURAL CHEGEA",CHEGEA,SM,137,1,1,0,2,5,2,0,7,5,2,0,7,8,2,0,10,22,7,0,29,31,9,0,40
138814,282,"SCOALA CU CLASELE I-VIII SAUCA",SĂUCA,SM,332,5,0,0,5,7,0,0,7,12,0,0,12,15,0,0,15,34,5,0,39,65,8,0,73
138823,283,"SCALA CU CLS.I-VIII BECHENI",BECHENI,SM,418,1,2,0,3,11,2,0,13,12,3,0,15,15,3,0,18,35,4,0,39,48,5,0,53
138832,284,"SCOALA CU CLS.I-IV CEAN",CEAN,SM,223,6,0,0,6,12,2,0,14,16,5,0,21,21,6,0,27,50,11,0,61,60,14,0,74
138850,285,SCOALASILVAS,SILVAŞ,SM,123,1,3,0,4,4,6,0,10,8,12,0,20,8,12,0,20,19,16,0,35,34,18,0,52
138878,286,"SCOALA GIMNAZIALASOCOND",SOCOND,SM,532,8,2,0,10,19,2,0,21,29,6,0,35,30,6,0,36,126,10,0,136,169,12,0,181
138887,287,"CAMINUL CULTURAL CUTA",CUŢA,SM,263,4,2,0,6,5,3,0,8,12,3,0,15,16,5,0,21,36,15,0,51,50,17,0,67
138903,288,"GRADINITA CU PROGRAM NORMAL",SOCONZEL,SM,241,1,0,0,1,6,4,0,10,6,4,0,10,8,4,0,12,48,7,0,55,74,10,0,84
138896,289,"CAMINUL CULTURAL HODISA",HODIŞA,SM,183,2,0,0,2,7,2,0,9,12,5,0,17,13,7,0,20,47,11,0,58,66,18,0,84
138912,290,"SCOALA GIMNAZIALA STANA",STÎNA,SM,794,4,0,0,4,15,0,0,15,24,0,0,24,34,3,0,37,136,4,0,140,248,4,0,252
138930,291,"PRIMARIA COMUNEISUPUR","SUPURU DE JOS",SM,1012,12,0,0,12,22,5,0,27,26,7,0,33,34,7,0,41,102,25,0,127,146,31,0,177
138949,292,"ȘCOALA GIMNAZIALĂ DOBRA",DOBRA,SM,768,0,0,0,0,0,0,0,0,1,3,0,4,2,4,0,6,12,6,0,18,28,11,0,39
138958,293,"ȘCOALA GIMNAZIALĂ GIOROCUTA",GIOROCUTA,SM,585,2,1,0,3,12,2,0,14,34,7,0,41,38,7,0,45,111,16,0,127,144,18,0,162
138967,294,"ȘCOALA GIMNAZIALĂ ""MOISESORA NOVAC""HUREZU MARE","HUREZU MARE",SM,284,1,0,0,1,14,2,0,16,16,2,0,18,21,7,0,28,42,19,0,61,53,24,0,77
138976,295,"GRĂDINIȚĂ CU PROGRAM NORMAL",RACOVA,SM,155,1,3,0,4,2,5,0,7,4,5,0,9,10,5,0,15,19,6,0,25,29,8,0,37
138985,296,"CĂMIN CULTURAL SECHEREȘA",SECHEREŞA,SM,55,0,0,0,0,3,1,0,4,7,4,0,11,7,6,0,13,11,7,0,18,16,11,0,27
138994,297,"ȘCOALAPRIMARĂ "" IOAN GALU"" SUPURU DE SUS","SUPURU DE SUS",SM,414,0,2,0,2,5,6,0,11,14,6,0,20,22,11,0,33,76,20,0,96,94,24,0,118
139018,298,"PRIMARIA TARNA MARE","TARNA MARE",SM,1645,12,0,0,12,31,3,0,34,45,5,0,50,64,6,0,70,224,14,0,238,350,16,0,366
139027,299,"CĂMINUL CULTURAL BOCICĂU",BOCICĂU,SM,485,3,4,0,7,6,4,0,10,15,6,0,21,29,6,0,35,84,7,0,91,128,10,0,138
139036,300,"GRADINITA VALEA SEACA","VALEA SEACĂ",SM,967,5,3,0,8,16,5,0,21,24,7,0,31,34,7,0,41,167,15,0,182,206,18,0,224
139063,301,"PRIMARIA TEREBESTI",TEREBEŞTI,SM,607,5,0,0,5,8,1,0,9,12,1,0,13,14,3,0,17,44,4,0,48,78,4,0,82
139081,302,"CAMINUL CULTURAL GELU",GELU,SM,422,2,0,0,2,8,1,0,9,25,3,0,28,40,4,0,44,96,10,0,106,124,12,0,136
139090,303,"SCOALA PRIMARA PISCARI",PIŞCARI,SM,387,0,0,0,0,6,0,0,6,9,0,0,9,19,1,0,20,76,7,0,83,141,12,0,153
139125,304,"GRADINITA CU PROGRAM NORMAL",PORTIŢA,SM,146,2,6,0,8,6,7,0,13,7,7,0,14,9,7,0,16,15,16,0,31,28,20,0,48
139116,305,"PRIMARIA COMUNEI TIREAM",TIREAM,SM,1395,4,3,0,7,10,4,0,14,15,6,0,21,26,6,0,32,76,11,0,87,94,14,0,108
139134,306,"SCOALA PRIMARA VEZENDIU",VEZENDIU,SM,373,1,0,0,1,4,0,0,4,6,5,0,11,9,5,0,14,45,17,0,62,62,22,0,84
139152,307,"SCOALA GIMNAZIALATARSOLT",TÎRŞOLŢ,SM,1341,1,0,0,1,4,0,0,4,10,1,0,11,27,1,0,28,102,1,0,103,139,4,0,143
139152,308,"SCOALA GIMNAZIALATARSOLT",TÎRŞOLŢ,SM,808,0,0,0,0,8,0,0,8,11,0,0,11,17,0,0,17,58,1,0,59,73,1,0,74
139161,309,"SCOALA GIMNAZIALAALICENI",ALICENI,SM,340,1,0,0,1,4,2,0,6,6,2,0,8,11,2,0,13,28,4,0,32,39,6,0,45
139189,310,"LICEUL TEHNOLOGIC ANGHEL SALIGNY TURT, CORPUL A",TURŢ,SM,1480,6,1,0,7,25,2,0,27,40,4,0,44,61,4,0,65,169,5,0,174,239,6,0,245
139189,311,"LICEUL TEHNOLOGIC ANGHEL SALIGNY TURT, CORPUL B",TURŢ,SM,1289,2,0,0,2,14,3,0,17,32,4,1,37,49,4,1,54,146,6,1,153,183,9,1,193
139189,312,"SCOALA CU CLASELE I-VIII NR. 2",TURŢ,SM,1407,6,2,0,8,19,2,0,21,54,9,0,63,70,11,0,81,193,12,0,205,276,16,0,292
139189,313,"GRADINITA CU PROGRAM NORMAL SUSANI",TURŢ,SM,929,6,4,0,10,19,4,0,23,26,5,0,31,36,6,0,42,133,7,0,140,166,8,0,174
139198,314,"SCOALA CU CLASELE PRIMARE GHERTA MARE","GHERŢA MARE",SM,1344,3,2,0,5,11,2,0,13,28,5,0,33,47,6,0,53,139,7,0,146,195,9,0,204
139223,315,PRIMĂRIA,TURULUNG,SM,918,0,1,0,1,2,5,0,7,2,5,0,7,5,5,0,10,29,8,0,37,47,11,0,58
139223,316,"SCOALA GIMNAZIALATURULUNG",TURULUNG,SM,1205,0,2,0,2,0,2,0,2,4,2,0,6,13,2,0,15,52,2,0,54,69,4,0,73
139232,317,"SCOALA GIMNAZIALADRAGUSENI",DRĂGUŞENI,SM,1125,6,3,0,9,21,3,0,24,33,6,0,39,44,6,0,50,137,7,0,144,200,8,0,208
139241,318,GRADINITA,"TURULUNG VII",SM,160,0,0,0,0,0,1,0,1,0,1,0,1,0,1,0,1,5,1,0,6,7,1,0,8
139269,319,"CAMIN CULTURAL URZICENI",URZICENI,SM,1095,0,0,0,0,7,0,0,7,15,0,0,15,30,0,0,30,96,9,0,105,123,17,0,140
139278,320,"CĂMIN CULTURAL URZICENI PĂDURE","URZICENI PĂDURE",SM,156,1,0,0,1,4,4,0,8,9,7,0,16,10,7,0,17,22,8,0,30,23,10,0,33
139296,321,"PRIMARIA COMUNIE VALEA VINULUI","VALEA VINULUI",SM,644,4,0,0,4,15,0,0,15,22,3,0,25,31,4,0,35,75,10,0,85,123,19,0,142
139296,322,"SCOALA CU CLASELE I-IV MARIUS","VALEA VINULUI",SM,189,2,0,0,2,4,8,0,12,10,8,0,18,12,9,0,21,46,30,0,76,55,36,0,91
139296,323,"SCOALA CU CLASELE I-IV ROSIORI","VALEA VINULUI",SM,341,0,2,0,2,7,6,0,13,10,7,0,17,17,7,0,24,54,8,0,62,70,11,0,81
139296,324,"SCOALA CU CLASELE I-IV SII","VALEA VINULUI",SM,448,3,1,0,4,7,3,0,10,23,7,0,30,29,8,0,37,63,20,0,83,73,24,0,97
139349,325,"GRADINITA CU PROGRAM NORMAL VAMA",VAMA,SM,1745,3,0,0,3,19,1,0,20,26,2,0,28,59,2,0,61,154,4,0,158,193,13,0,206
139349,326,"SCOALA GIMNAZIALA VAMA",VAMA,SM,1584,5,1,0,6,25,2,0,27,38,3,0,41,53,5,0,58,112,10,0,122,173,15,0,188
139367,327,"CAMINUL CULTURAL VETIS",VETIŞ,SM,1888,2,0,0,2,13,0,0,13,18,1,0,19,21,2,0,23,69,5,0,74,103,8,0,111
139376,328,"CAMINUL CULTURAL DIN DECEBAL",DECEBAL,SM,1103,3,1,0,4,15,1,0,16,32,1,0,33,41,3,0,44,114,7,0,121,153,11,0,164
139385,329,"CĂMINUL CULTURAL OAR",OAR,SM,1355,0,0,0,0,6,0,0,6,6,0,0,6,7,0,0,7,20,4,0,24,21,5,0,26
139401,330,"PRIMĂRIA VIILE SATU MARE","VIILE SATU MARE",SM,1510,5,2,0,7,13,2,0,15,19,5,0,24,29,5,0,34,64,11,0,75,83,13,1,97
139401,331,"ŞCOALA PRIMARĂ DEALU MARE","VIILE SATU MARE",SM,519,0,0,0,0,3,0,0,3,4,0,0,4,4,2,0,6,19,3,0,22,30,5,0,35
139410,332,"GRADINITA CIONCHEŞTI",CIONCHEŞTI,SM,237,2,0,0,2,5,3,0,8,7,5,0,12,9,5,0,14,34,10,0,44,38,15,0,53
139429,333,"ŞCOALA PRIMARĂ MEDIŞA",MEDIŞA,SM,186,1,0,0,1,2,0,0,2,2,2,0,4,9,3,0,12,40,8,0,48,47,12,0,59
139438,334,"ŞCOALA PRIMARĂ TĂTĂREŞTI",TĂTĂREŞTI,SM,570,3,4,0,7,12,5,0,17,18,5,0,23,29,5,0,34,78,20,0,98,99,23,0,122
146272,1,"PRIMĂRIA MUNICIPIULUI SUCEAVA",SUCEAVA,SV,1653,24,5,0,29,141,9,0,150,177,13,0,190,194,15,0,209,387,39,0,426,480,58,0,538
146272,2,"COLEGIUL NAŢIONAL “PETRU RAREŞ” SALA A",SUCEAVA,SV,1744,39,8,0,47,143,13,1,157,206,18,1,225,238,19,1,258,416,40,1,457,468,55,1,524
146272,3,"COLEGIUL NAŢIONAL “PETRU RAREŞ” SALA B",SUCEAVA,SV,1751,34,3,0,37,138,7,0,145,178,8,0,186,204,10,0,214,399,15,1,415,473,17,1,491
146272,4,"COLEGIUL NAŢIONAL ” ŞTEFAN CEL MARE”",SUCEAVA,SV,1666,16,7,0,23,101,18,0,119,145,30,0,175,172,34,0,206,332,52,2,386,412,64,2,478
146272,5,"CENTRUL CULTURAL BUCOVINA",SUCEAVA,SV,1699,19,4,0,23,141,6,0,147,187,13,0,200,209,16,0,225,390,27,0,417,448,43,0,491
146272,6,"ŞCOALAGIMNAZIALĂ NR .1",SUCEAVA,SV,1313,17,6,0,23,100,10,0,110,132,14,0,146,157,14,0,171,300,36,0,336,360,44,1,405
146272,7,"COLEGIUL TEHNIC ""SAMUIL ISOPESCU""",SUCEAVA,SV,1226,25,5,0,30,109,14,0,123,159,25,0,184,188,26,0,214,324,30,0,354,392,46,0,438
146272,8,"COLEGIUL DE ARTĂ „CIPRIAN PORUMBESCU” SALA A",SUCEAVA,SV,713,16,0,0,16,69,13,0,82,103,13,0,116,110,15,0,125,182,39,0,221,212,44,0,256
146272,9,"COLEGIUL DE ARTĂ „CIPRIAN PORUMBESCU” SALA B",SUCEAVA,SV,1234,18,2,0,20,88,5,0,93,122,5,0,127,133,6,0,139,267,13,0,280,333,21,0,354
146272,10,"ŞCOALA GIMNAZIALĂ NR.3SALA A",SUCEAVA,SV,1054,14,6,0,20,67,9,0,76,103,9,1,113,113,9,1,123,233,11,2,246,282,21,2,305
146272,11,"ŞCOALA GIMNAZIALĂ NR.3SALA B",SUCEAVA,SV,1188,24,0,0,24,93,8,1,102,129,16,1,146,145,16,1,162,279,34,2,315,339,44,2,385
146272,12,"COLEGIUL ECONOMIC ” DIMITRIE CANTEMIR”",SUCEAVA,SV,1166,22,6,0,28,87,11,1,99,114,13,1,128,156,15,1,172,218,23,1,242,291,33,1,325
146272,13,"CENTRUL PENTRU SUSŢINEREA TRADIŢIILOR BUCOVINENE",SUCEAVA,SV,1567,13,1,0,14,81,4,0,85,110,4,0,114,125,4,0,129,266,17,0,283,327,21,0,348
146272,14,"UNIVERSITATEA ”ŞTEFAN CEL MARE”",SUCEAVA,SV,875,7,4,0,11,47,32,0,79,64,42,0,106,70,43,0,113,153,81,0,234,192,133,0,325
146272,15,"DIRECŢIASILVICĂ SUCEAVA",SUCEAVA,SV,1082,21,5,0,26,65,12,8,85,95,15,48,158,119,17,48,184,239,23,48,310,286,37,69,392
146272,16,"COLEGIUL NAŢIONAL DE INFORMATICĂ ,,SPIRU HARET”, SALA A",SUCEAVA,SV,1162,15,2,0,17,68,12,0,80,94,14,89,197,123,19,89,231,299,31,96,426,312,42,96,450
146272,17,"COLEGIUL NAŢIONAL DE INFORMATICĂ ” SPIRU HARET”, SALA B",SUCEAVA,SV,1002,7,7,0,14,54,8,0,62,97,9,64,170,117,9,64,190,229,13,70,312,288,26,70,384
146272,18,"GRĂDINIŢA CU PROGRAM PRELUNGIT NR.7 ""ABC """,SUCEAVA,SV,1652,34,1,0,35,103,7,0,110,144,8,0,152,162,8,0,170,313,15,0,328,385,21,0,406
146272,19,"ŞCOALAGIMNAZIALĂ NR. 4 SALA A",SUCEAVA,SV,1531,17,5,0,22,87,12,0,99,146,17,0,163,172,17,0,189,367,25,0,392,430,33,0,463
146272,20,"ŞCOALAGIMNAZIALĂ NR. 4, SALA B",SUCEAVA,SV,1381,21,5,0,26,114,5,0,119,139,5,0,144,166,5,0,171,317,11,0,328,394,17,0,411
146272,21,"ŞCOALAGIMNAZIALĂ NR. 8",SUCEAVA,SV,1980,27,4,0,31,108,4,0,112,156,5,0,161,190,6,0,196,389,15,0,404,481,23,0,504
146272,22,"GRADINIŢA CU PROGRAM NORMAL NR. 5",SUCEAVA,SV,1860,20,0,0,20,103,1,0,104,152,2,1,155,182,2,1,185,370,12,1,383,444,19,2,465
146272,23,"GRADINIŢA CU PROGRAM PRELUNGIT NR.1 ,,GULIVER”",SUCEAVA,SV,1319,22,2,0,24,78,6,0,84,111,7,0,118,133,11,0,144,263,23,0,286,333,34,0,367
146272,24,"LICEUL CU PROGRAM SPORTIV SALA A",SUCEAVA,SV,1644,13,2,0,15,100,13,0,113,141,18,0,159,167,18,0,185,324,24,1,349,401,29,1,431
146272,25,"LICEUL CU PROGRAM SPORTIV SALA B",SUCEAVA,SV,1836,25,0,0,25,106,2,0,108,147,3,0,150,178,4,0,182,334,11,0,345,408,21,0,429
146272,26,"COLEGIUL NAŢIONAL ”MIHAI EMINESCU” CORP B, SALA A",SUCEAVA,SV,2000,5,2,0,7,32,2,0,34,55,6,0,61,70,7,0,77,152,17,0,169,194,21,0,215
146272,27,"COLEGIUL NAŢIONAL ”MIHAI EMINESCU” CORP B, SALA B",SUCEAVA,SV,1663,14,3,0,17,80,3,0,83,122,4,0,126,150,4,0,154,321,12,0,333,401,18,0,419
146272,28,"COLEGIUL NAŢIONAL ”MIHAI EMINESCU” CORP B,SALA C",SUCEAVA,SV,1990,29,0,0,29,105,4,0,109,145,6,0,151,171,6,0,177,357,6,0,363,457,14,0,471
146272,29,"COLEGIUL TEHNIC DE INDUSTRIE ALIMENTARĂ, SALA A",SUCEAVA,SV,1823,22,6,0,28,105,21,0,126,170,21,0,191,177,21,0,198,348,31,0,379,442,40,0,482
146272,30,"COLEGIUL TEHNIC DE INDUSTRIE ALIMENTARĂ, SALA B",SUCEAVA,SV,1943,11,2,0,13,92,9,0,101,146,10,0,156,170,10,0,180,362,14,0,376,479,17,0,496
146272,31,"GRĂDINIŢA CU PROGRAM PRELUNGITNR.3""DUMBRAVA MINUNATĂ""",SUCEAVA,SV,645,14,1,0,15,38,1,0,39,71,3,0,74,98,4,0,102,173,5,0,178,212,7,0,219
146272,32,"COLEGIUL TEHNIC„PETRU MUŞAT”",SUCEAVA,SV,683,8,1,0,9,29,4,0,33,44,7,0,51,57,15,0,72,128,32,5,165,151,46,5,202
146272,33,"S.C. ROMTELECOMS.A.",SUCEAVA,SV,1885,16,2,0,18,80,4,0,84,117,7,0,124,142,11,0,153,310,15,0,325,398,25,0,423
146272,34,"INSPECTORATUL TERITORIAL DE MUNCĂ",SUCEAVA,SV,1880,22,6,0,28,96,8,0,104,143,11,0,154,171,11,0,182,333,17,0,350,420,21,0,441
146272,35,"AGENŢIA PENTRU PROTECŢIA MEDIULUI",SUCEAVA,SV,1944,25,2,0,27,70,6,0,76,149,15,0,164,180,21,0,201,399,29,0,428,527,43,1,571
146272,36,"ŞCOALA GIMNAZIALĂALĂNR. 9 ,,ION CREANGĂ“ SALA A",SUCEAVA,SV,1877,23,0,0,23,115,3,1,119,150,10,1,161,177,11,1,189,374,27,1,402,474,37,1,512
146272,37,"ŞCOALA GIMNAZIALĂALĂNR. 9 ,,ION CREANGĂ“ SALA B",SUCEAVA,SV,1943,17,0,0,17,95,9,0,104,130,22,0,152,153,23,0,176,365,37,0,402,475,51,0,526
146272,38,"ŞCOALA GIMNAZIALĂALĂNR. 9 ,,ION CREANGĂ“, SALA C",SUCEAVA,SV,1719,21,0,0,21,82,11,0,93,130,15,0,145,154,17,0,171,319,31,2,352,410,60,2,472
146272,39,"SCOALA GIMNAZIALA NR.9 ""ION CREANGA"", SALA D",SUCEAVA,SV,1916,22,2,0,24,97,5,0,102,139,11,0,150,163,14,0,177,364,38,1,403,488,43,1,532
146272,40,"GRĂDINIŢA CU PROGRAM NORMAL NR. 9 ,,NOROCEL” SALA A",SUCEAVA,SV,1786,11,4,0,15,31,8,0,39,55,10,0,65,68,11,0,79,155,23,0,178,199,35,0,234
146272,41,"GRĂDINIŢA CU PROGRAM NORMAL NR.9 ""NOROCEL"" SALA B",SUCEAVA,SV,1959,17,5,0,22,75,11,0,86,117,15,0,132,139,18,0,157,274,25,0,299,360,34,0,394
146272,42,"ATELIER ZONĂ CFR",SUCEAVA,SV,2053,12,13,0,25,63,13,0,76,90,16,0,106,100,24,0,124,175,43,0,218,231,58,0,289
146272,43,"GARA BURDUJENI, SALA A",SUCEAVA,SV,2260,6,5,0,11,26,6,0,32,41,15,0,56,47,21,0,68,103,33,0,136,146,45,0,191
146272,44,"ŞCOALAGIMNAZIALĂ NR. 10, SALA A",SUCEAVA,SV,1910,19,4,0,23,81,17,0,98,148,21,0,169,173,21,0,194,343,30,0,373,455,38,0,493
146272,45,"ŞCOALAGIMNAZIALĂ NR. 10, SALA B",SUCEAVA,SV,2031,26,4,0,30,106,4,0,110,165,5,0,170,194,5,0,199,389,8,0,397,469,9,0,478
146272,46,"COLEGIUL TEHNIC ""A.I.CUZA""SALA A, CALEA UNIRII, NR.49",SUCEAVA,SV,1868,16,3,0,19,68,7,0,75,101,14,0,115,121,15,0,136,272,26,0,298,371,36,0,407
146272,47,"COLEGIUL TEHNIC ""A.I.CUZA""SALA B, CALEA UNIRII, NR.49",SUCEAVA,SV,1595,23,5,0,28,70,13,0,83,95,17,0,112,111,25,0,136,291,28,0,319,382,31,0,413
146272,48,"COLEGIUL TEHNIC ""AL. I. CUZA"" SALA C",SUCEAVA,SV,1348,8,2,0,10,45,5,0,50,83,7,0,90,83,7,0,90,207,14,0,221,283,17,0,300
146272,49,"ŞCOALAGIMNAZIALĂ NR. 5 ,,JEAN BART”",SUCEAVA,SV,1619,11,5,0,16,74,17,0,91,132,23,0,155,152,23,0,175,311,49,0,360,396,63,0,459
146272,50,"CENTRULŞCOLAR PENTRU EDUCAŢIE INCLUZIVĂ SUCEAVA, CORP A",SUCEAVA,SV,1953,15,0,0,15,71,4,0,75,104,9,0,113,127,9,0,136,300,15,0,315,413,17,0,430
146272,51,"CENTRUL ŞCOLAR PENTRU EDUCAŢIE INCLUZIVĂ SUCEAVA- CORP B",SUCEAVA,SV,1799,10,4,0,14,66,5,0,71,98,5,0,103,119,7,0,126,261,12,0,273,338,15,0,353
146272,52,"GRĂDINIŢA CU PROGRAM NORMAL NR. 12 ""ŢĂNDĂRICĂ""",SUCEAVA,SV,1791,12,0,0,12,90,10,0,100,136,14,0,150,152,15,0,167,294,20,0,314,371,24,0,395
146272,53,"ŞCOALA GIMNAZIALĂ NR.11, ,,MIRON COSTIN”, SALA A",SUCEAVA,SV,1838,18,6,0,24,78,6,0,84,134,7,0,141,149,7,0,156,284,12,0,296,359,20,0,379
146272,54,"ŞCOALA GIMNAZIALĂ NR.11, ,,MIRON COSTIN”, SALA B",SUCEAVA,SV,1861,19,4,0,23,63,6,0,69,93,6,0,99,107,6,0,113,252,7,0,259,334,17,0,351
146272,55,"ŞCOALA GIMNAZIALĂ NR.11, ,,MIRON COSTIN”, SALA C",SUCEAVA,SV,1755,14,0,0,14,67,12,0,79,99,12,0,111,137,12,0,149,301,21,0,322,395,30,0,425
146272,56,"ŞCOALA GIMNAZIALĂ NR.11, ,,MIRON COSTIN”, SALA D",SUCEAVA,SV,1747,13,2,0,15,64,5,0,69,101,6,0,107,122,7,0,129,282,8,0,290,362,9,0,371
146272,57,"SCOALA GIMNAZIALA NR.11 ""MIRON COSTIN"", SALA E",SUCEAVA,SV,1691,18,5,0,23,49,5,0,54,60,5,0,65,69,5,0,74,174,6,0,180,258,10,0,268
146272,58,"PRIMĂRIA BURDUJENI",SUCEAVA,SV,1366,6,4,0,10,27,7,0,34,44,12,0,56,70,12,0,82,203,22,0,225,274,28,1,303
146272,59,"ŞCOALA GIMNAZIALĂ NR. 6, SALA A",SUCEAVA,SV,1360,10,0,0,10,47,3,0,50,60,6,0,66,88,6,0,94,224,9,0,233,300,12,0,312
146272,60,"SCOALA GIMNAZIALA NR.6 SALA B",SUCEAVA,SV,1087,13,0,0,13,41,0,0,41,61,0,0,61,82,4,0,86,208,8,0,216,264,8,0,272
146272,61,"GRĂDINIŢA CU PROGRAM NORMAL NR.7",SUCEAVA,SV,1397,20,3,0,23,44,6,0,50,72,11,0,83,95,13,0,108,229,31,0,260,306,35,0,341
146272,62,"GRĂDINIŢACU PROGRAM NORMAL NR.8",SUCEAVA,SV,2074,28,4,0,32,94,6,0,100,161,11,0,172,197,12,0,209,373,18,0,391,452,21,0,473
146272,63,"ŞCOALA GENERALĂNR. 7,,GRIGORE GHICA VOIEVOD”",SUCEAVA,SV,1922,16,2,0,18,94,9,0,103,139,12,0,151,167,14,0,181,405,27,0,432,493,32,0,525
146272,64,"COLEGIUL NATIONAL ""MIHAI EMINESCU"", CORP A, SALA A",SUCEAVA,SV,1365,17,6,0,23,89,17,0,106,126,25,0,151,148,25,0,173,274,36,0,310,331,43,0,374
146272,65,"GARA BURDUJENI, SALA CFR CĂLĂTORI",SUCEAVA,SV,1441,6,15,0,21,50,17,0,67,83,25,0,108,122,30,0,152,157,57,0,214,209,77,0,286
146511,66,"ŞCOALA GIMNAZIALĂ „THEODOR DARIE”","CÂMPULUNG MOLDOVENESC",SV,1523,21,2,0,23,53,5,0,58,82,7,0,89,107,8,0,115,252,13,0,265,340,16,0,356
146511,67,"LICEUL TEHNOLOGIC NR. 1","CÂMPULUNG MOLDOVENESC",SV,850,7,1,0,8,37,2,48,87,52,5,48,105,67,5,48,120,151,11,48,210,211,20,48,279
146511,68,"CIRCUMSCRIPŢIA SANITAR-VETERINARĂ","CÂMPULUNG MOLDOVENESC",SV,1417,14,2,0,16,54,6,0,60,73,7,0,80,95,10,0,105,247,14,0,261,322,18,0,340
146511,69,"ŞCOALA GIMNAZIALĂ „TEODOR ŞTEFANELLI”","CÂMPULUNG MOLDOVENESC",SV,862,6,0,0,6,29,5,0,34,45,5,0,50,53,5,0,58,124,7,0,131,157,13,0,170
146511,70,"COLEGIUL NAŢIONAL“DRAGOŞ VODĂ”","CÂMPULUNG MOLDOVENESC",SV,1146,11,0,0,11,58,7,0,65,79,15,0,94,90,16,0,106,178,28,0,206,204,47,0,251
146511,71,"CLUBUL COPIILOR ŞI ELEVILOR","CÂMPULUNG MOLDOVENESC",SV,1347,16,0,0,16,77,15,0,92,95,18,0,113,110,20,0,130,214,24,0,238,269,30,0,299
146511,72,"ŞCOALA GIMNAZIALĂ “BOGDAN VODĂ”","CÂMPULUNG MOLDOVENESC",SV,1425,15,5,0,20,80,27,0,107,102,30,0,132,125,31,0,156,235,59,0,294,305,61,0,366
146511,73,"CLUBUL COPIILOR ŞI ELEVILOR – SATUL DE VACANŢĂ","CÂMPULUNG MOLDOVENESC",SV,634,4,0,0,4,16,3,0,19,24,8,0,32,35,9,0,44,89,12,0,101,117,13,0,130
146511,74,"COLEGIUL SILVIC ""BUCOVINA"" (CORP A)","CÂMPULUNG MOLDOVENESC",SV,1448,14,2,0,16,70,12,0,82,83,17,0,100,98,21,0,119,206,29,0,235,260,34,0,294
146511,75,"COLEGIUL SILVIC ""BUCOVINA"" (CORP B)","CÂMPULUNG MOLDOVENESC",SV,1380,19,1,0,20,46,1,0,47,58,2,0,60,74,2,0,76,183,5,0,188,246,10,0,256
146511,76,"COLEGIUL SILVIC ""BUCOVINA"" (CORP C)","CÂMPULUNG MOLDOVENESC",SV,1447,5,0,0,5,46,1,0,47,80,5,0,85,101,5,0,106,229,7,0,236,272,9,0,281
146511,77,"GRĂDINIŢA NR. 4 „VALEA SEACĂ”","CÂMPULUNG MOLDOVENESC",SV,1139,18,1,0,19,61,2,0,63,75,3,0,78,101,3,0,104,222,9,0,231,277,11,0,288
146511,78,"ŞCOALA GIMNAZIALĂ „GEORGE VOEVIDCA” - CORP A","CÂMPULUNG MOLDOVENESC",SV,1033,7,3,0,10,19,13,0,32,33,22,0,55,40,25,0,65,145,34,0,179,189,49,0,238
146511,79,"ŞCOALA GIMNAZIALĂ „GEORGE VOEVIDCA” - CORP B","CÂMPULUNG MOLDOVENESC",SV,1099,10,0,0,10,45,0,0,45,65,0,0,65,75,0,0,75,191,0,0,191,265,0,0,265
146548,80,"COLEGIUL TEHNIC ""MIHAI BĂCESCU""",FĂLTICENI,SV,1429,20,0,0,20,104,9,0,113,135,11,75,221,162,12,75,249,323,24,75,422,400,35,76,511
146548,81,"ŞCOALA GIMNAZIALĂ ""ALEXANDRU IOAN CUZA""",FĂLTICENI,SV,1508,22,4,0,26,71,5,0,76,105,8,0,113,123,8,0,131,334,13,0,347,418,16,3,437
146548,82,"COLEGIUL NAŢIONAL ""NICU GANE""",FĂLTICENI,SV,1520,18,3,0,21,71,14,0,85,95,16,0,111,118,17,0,135,285,31,0,316,380,34,0,414
146548,83,"COLEGIUL NAŢIONAL ""NICU GANE""",FĂLTICENI,SV,1613,9,2,0,11,51,20,0,71,87,30,0,117,110,31,0,141,306,52,0,358,403,55,0,458
146548,84,"ŞCOALA GIMNAZIALĂ ""IOAN CIUREA""",FĂLTICENI,SV,1480,12,0,0,12,40,2,0,42,64,4,0,68,88,6,0,94,252,17,0,269,341,24,0,365
146548,85,"ŞCOALA GIMNAZIALĂ ""IOAN CIUREA""",FĂLTICENI,SV,841,11,4,0,15,32,7,0,39,50,7,0,57,59,7,0,66,183,11,0,194,236,15,0,251
146548,86,"ŞCOALA GIMNAZIALĂ ""IOAN CIUREA""",FĂLTICENI,SV,1188,10,1,0,11,40,5,0,45,62,5,0,67,78,5,0,83,207,8,0,215,275,9,0,284
146548,87,"ŞCOALA GIMNAZIALĂ ""MIHAIL SADOVEANU""",FĂLTICENI,SV,1681,8,1,0,9,58,5,0,63,96,9,0,105,129,13,0,142,310,34,0,344,413,46,0,459
146548,88,"ŞCOALA GIMNAZIALĂ ""MIHAIL SADOVEANU""",FĂLTICENI,SV,1272,14,4,0,18,72,5,0,77,96,5,0,101,107,8,0,115,260,12,1,273,322,13,1,336
146548,89,"ŞCOALA GIMNAZIALĂ ""MIHAIL SADOVEANU""",FĂLTICENI,SV,1194,18,2,0,20,56,7,0,63,82,9,1,92,115,11,1,127,286,19,1,306,356,23,1,380
146548,90,"ŞCOALA GIMNAZIALĂ ""ION IRIMIESCU""",FĂLTICENI,SV,1258,16,2,0,18,77,3,0,80,94,3,0,97,114,6,0,120,267,23,0,290,316,23,0,339
146548,91,"ŞCOALA GIMNAZIALĂ ""ION IRIMIESCU""",FĂLTICENI,SV,1183,13,4,0,17,58,7,0,65,82,8,0,90,103,10,0,113,235,14,0,249,288,17,0,305
146548,92,"GRĂDINIŢA CU PROGRAM PRELUNGIT ""DUMBRAVA MINUNATĂ""",FĂLTICENI,SV,1076,6,0,0,6,43,4,0,47,57,4,0,61,77,4,0,81,192,5,0,197,243,6,0,249
146548,93,"GRĂDINIŢA CU PROGRAM PRELUNGIT ""DUMBRAVA MINUNATĂ""",FĂLTICENI,SV,1137,7,4,0,11,42,9,0,51,67,10,0,77,85,10,0,95,197,14,0,211,263,17,0,280
146548,94,"GRĂDINIŢA CU PROGRAM PRELUNGIT ""DUMBRAVA MINUNATĂ""",FĂLTICENI,SV,923,6,4,0,10,26,4,8,38,42,6,8,56,48,6,8,62,163,11,8,182,217,11,11,239
146548,95,"COLEGIUL ""VASILE LOVINESCU""",FĂLTICENI,SV,1491,22,0,0,22,86,6,0,92,134,7,19,160,189,10,19,218,387,17,19,423,439,25,19,483
146548,96,"COLEGIUL ""VASILE LOVINESCU""",FĂLTICENI,SV,1471,31,0,0,31,125,3,0,128,156,4,0,160,180,7,0,187,348,10,0,358,410,10,0,420
146548,97,"COLEGIUL ""VASILE LOVINESCU""",FĂLTICENI,SV,1487,10,0,0,10,62,4,20,86,97,7,30,134,131,8,30,169,324,14,30,368,414,16,30,460
146548,98,"ŞCOALA GIMNAZIALĂ ""IOAN CIUREA""- CLĂDIRE GHEORGHE GAFENCU",FĂLTICENI,SV,1550,8,2,0,10,47,2,0,49,90,3,0,93,117,5,0,122,330,16,0,346,442,20,0,462
146548,99,"GRĂDINIŢA CU PROGRAM NORMAL ŢARNA MARE",FĂLTICENI,SV,418,0,3,0,3,16,3,0,19,25,4,0,29,28,4,0,32,92,8,0,100,154,9,0,163
146548,100,"GRĂDINIŢA CU PROGRAM NORMAL ŢARNA MICĂ",FĂLTICENI,SV,386,4,5,0,9,26,5,0,31,38,7,0,45,49,7,0,56,115,10,0,125,190,13,0,203
146637,101,"PRIMARIA RADAUTI",RĂDĂUŢI,SV,1985,8,3,0,11,75,9,0,84,110,13,0,123,147,18,0,165,373,36,0,409,477,43,0,520
146637,102,"CASA DE CULTURA",RĂDĂUŢI,SV,1771,17,5,0,22,94,11,0,105,146,15,0,161,182,15,0,197,380,22,0,402,484,26,0,510
146637,103,"GALERIILE DE ARTA",RĂDĂUŢI,SV,1962,29,1,0,30,122,13,0,135,163,17,0,180,200,20,0,220,412,35,0,447,523,47,0,570
146637,104,"SCOALA GIMNAZIALA REGINA ELISABETA NR.4",RĂDĂUŢI,SV,2004,21,4,0,25,114,6,0,120,180,9,0,189,215,10,0,225,431,22,0,453,528,26,0,554
146637,105,"COLEGIUL TEHNIC",RĂDĂUŢI,SV,1913,15,5,0,20,68,8,0,76,132,10,0,142,150,11,0,161,320,25,0,345,424,33,0,457
146637,106,"COLEGIUL EUDOXIU HURMUZACHI",RĂDĂUŢI,SV,1650,21,6,0,27,111,10,0,121,159,11,0,170,187,12,0,199,362,17,0,379,467,26,0,493
146637,107,"SCOALA GIMNAZIALA NR.5 BOGDAN VODA",RĂDĂUŢI,SV,1647,27,4,0,31,107,4,0,111,139,4,0,143,163,6,0,169,332,11,0,343,418,19,0,437
146637,108,"GRADINITA NR.8",RĂDĂUŢI,SV,1930,19,3,0,22,100,3,0,103,170,4,0,174,196,9,0,205,347,10,0,357,449,17,0,466
146637,109,"DIRECȚIA DE ASISTENȚĂ SOCIALĂ",RĂDĂUŢI,SV,1834,17,1,0,18,75,3,0,78,107,4,0,111,132,4,0,136,290,13,0,303,373,17,0,390
146637,110,POLICLINICA,RĂDĂUŢI,SV,1813,25,2,0,27,109,6,49,164,168,9,49,226,196,9,66,271,370,14,105,489,469,25,105,599
146637,111,"SCOALA GIMNAZIALA NR.3 MIHAI EMINESCU",RĂDĂUŢI,SV,1929,27,6,0,33,95,12,0,107,158,14,0,172,195,17,0,212,383,27,0,410,487,37,0,524
146637,112,"CRESA HIPODROM",RĂDĂUŢI,SV,1882,27,6,0,33,89,12,0,101,133,17,0,150,166,17,0,183,354,28,0,382,436,34,0,470
146637,113,"SCOALA GIMNAZIALA NR.2",RĂDĂUŢI,SV,2040,32,2,0,34,111,5,0,116,174,9,0,183,201,10,0,211,426,16,0,442,587,21,0,608
146637,114,"SCOALA GIMNAZIALA GHEORGHE POPADIUC NR.1",RĂDĂUŢI,SV,1744,12,6,0,18,59,6,0,65,98,8,0,106,123,8,0,131,283,16,0,299,382,19,1,402
146637,115,"GRADINITA CU PROGRAM PRELUNGIT PINOCHIO",RĂDĂUŢI,SV,1926,15,2,0,17,90,5,1,96,132,7,1,140,175,7,1,183,389,12,1,402,485,14,1,500
146753,116,"CASA DE CULTURA "" PLATON PARDAU""","VATRA DORNEI",SV,1343,24,0,0,24,75,35,27,137,100,53,27,180,125,58,27,210,270,79,31,380,316,99,32,447
146753,117,"HOTEL BRADUL","VATRA DORNEI",SV,888,7,84,0,91,52,244,0,296,76,302,0,378,84,326,0,410,174,395,0,569,230,412,0,642
146753,118,"HOTEL INTUS","VATRA DORNEI",SV,946,11,50,0,61,61,106,0,167,75,125,0,200,89,144,0,233,193,170,0,363,227,184,0,411
146753,119,"ŞCOALA GIMNAZIALĂ NR.1","VATRA DORNEI",SV,1031,8,1,0,9,46,7,0,53,60,15,0,75,76,19,0,95,188,39,0,227,229,47,0,276
146753,120,"ŞCOALA GIMNAZIALĂ NR.1","VATRA DORNEI",SV,1513,4,4,0,8,26,17,0,43,38,30,0,68,69,31,0,100,235,47,0,282,295,50,0,345
146753,121,"CENTRUL DE PRIMIRE, ASISTARE ŞI ÎNGRIJIRE A PERSOANELOR VÂRSTNICE","VATRA DORNEI",SV,530,3,0,0,3,14,0,0,14,19,0,0,19,23,2,0,25,109,7,0,116,125,7,0,132
146753,122,"ŞCOALA GIMNAZIALĂ NR.2","VATRA DORNEI",SV,883,5,0,0,5,43,5,0,48,66,6,0,72,76,7,0,83,176,15,0,191,208,16,0,224
146753,123,"ȘCOALA GIMNAZIALĂ NR.2","VATRA DORNEI",SV,1230,8,0,0,8,59,0,0,59,96,0,0,96,123,0,0,123,245,3,0,248,295,6,0,301
146753,124,"GRĂDINIȚA CU PROGRAM PRELUNGIT NR.3 ""SCUFIȚA ROȘIE""","VATRA DORNEI",SV,1082,9,4,0,13,67,27,0,94,100,33,0,133,120,36,0,156,302,56,0,358,303,69,2,374
146753,125,"GRADINITA CU PROGRAM NORMAL NR.5","VATRA DORNEI",SV,1087,7,6,0,13,33,11,0,44,44,12,0,56,59,12,0,71,179,18,0,197,226,24,0,250
146753,126,"ȘCOALA PRIMARĂ NR.3","VATRA DORNEI",SV,1034,14,4,0,18,45,10,8,63,54,15,8,77,65,19,8,92,168,22,9,199,211,24,9,244
146753,127,"ȘCOALA PRIMARĂ NR.3","VATRA DORNEI",SV,889,6,2,0,8,49,3,0,52,65,4,0,69,82,5,0,87,172,5,0,177,206,6,0,212
146753,128,"COMPLEX CFR GARA MARE","VATRA DORNEI",SV,1103,6,1,0,7,28,7,0,35,42,11,0,53,56,22,0,78,173,28,0,201,211,29,0,240
146753,129,"SCOALA GENERALA ARGESTRU","VATRA DORNEI",SV,520,14,1,0,15,30,3,0,33,44,4,0,48,50,5,0,55,140,15,0,155,186,22,0,208
147410,130,"CĂMIN CULTURAL HOLDA",HOLDA,SV,1009,2,0,0,2,25,3,0,28,35,4,0,39,55,4,0,59,221,14,0,235,286,17,0,303
147367,131,"PRIMĂRIA BROŞTENI",BROŞTENI,SV,833,4,3,0,7,13,10,0,23,21,10,0,31,26,11,0,37,122,16,0,138,154,17,0,171
147367,132,"LICEUL TEHNOLOGIC ""NICOLAI NANU"" BROŞTENI",BROŞTENI,SV,1482,5,1,0,6,34,5,0,39,56,8,0,64,70,10,0,80,198,20,0,218,248,24,0,272
147367,133,"SPITAL MEDICO SOCIAL CARMEN SYLVA",BROŞTENI,SV,444,3,1,0,4,3,1,1,5,8,2,1,11,23,5,1,29,65,6,1,72,93,7,1,101
147376,134,"ŞCOALA COTÎRGAŞI NR.1",COTÂRGAŞI,SV,1054,6,0,0,6,16,1,0,17,22,1,0,23,52,9,0,61,180,11,0,191,279,14,0,293
147394,135,"GRADINITA SAT FRASIN, BROSTENI",FRASIN,SV,417,0,1,0,1,11,3,0,14,21,4,0,25,34,5,0,39,115,12,0,127,146,16,0,162
147385,136,"ŞCOALA GENERALĂ DÎRMOXA",DÂRMOXA,SV,121,1,1,0,2,3,7,0,10,6,9,0,15,7,9,0,16,44,14,0,58,63,17,0,80
147642,137,"CĂMIN CULTURAL CAJVANA",CAJVANA,SV,1796,4,0,0,4,28,2,0,30,46,2,0,48,65,3,0,68,292,15,0,307,451,25,0,476
147642,138,"LICEUL TEHNOLOGIC CAJVANA",CAJVANA,SV,1870,5,5,0,10,32,8,0,40,49,8,0,57,57,8,0,65,256,10,2,268,443,16,2,461
147642,139,"LICEUL TEHNOLOGIC CAJVANA",CAJVANA,SV,1712,1,6,0,7,23,7,0,30,45,7,0,52,54,7,0,61,269,12,2,283,445,22,2,469
147642,140,"GRADINITA CU PROGRAM NORMAL CAJVANA",CAJVANA,SV,1460,7,0,0,7,18,0,0,18,54,5,0,59,67,6,0,73,279,16,0,295,422,20,0,442
148015,141,"LICEUL TEHNOLOGIC ,,OLTEA DOAMNA""",DOLHASCA,SV,1209,8,0,0,8,31,7,0,38,50,9,0,59,57,13,0,70,147,30,0,177,213,38,0,251
148015,142,"ŞCOALA PRIMARĂ DOLHASCA",DOLHASCA,SV,990,1,1,0,2,13,1,0,14,27,3,0,30,38,5,0,43,128,17,0,145,176,24,0,200
148015,143,"ŞCOALA PRIMARĂ SÂNDENI",DOLHASCA,SV,738,3,2,0,5,10,2,0,12,12,2,0,14,21,2,0,23,79,6,0,85,123,8,0,131
148042,144,"ŞCOALA PRIMARĂ POIANA",POIANA,SV,372,1,1,0,2,2,1,0,3,2,5,0,7,8,7,0,15,56,8,0,64,74,12,0,86
148033,145,"ŞCOALA GIMNAZIALĂ GULIA",GULIA,SV,1751,5,2,0,7,34,2,0,36,55,2,0,57,85,4,0,89,200,9,0,209,306,14,0,320
148060,146,"ŞCOALA GIMNAZIALĂ PROBOTA",PROBOTA,SV,1466,4,1,0,5,35,4,0,39,45,7,0,52,83,13,0,96,266,36,0,302,352,48,0,400
148051,147,"ŞCOALA PRIMARĂ POIENARI",POIENARI,SV,240,0,0,0,0,3,0,0,3,7,4,0,11,10,4,0,14,71,10,0,81,84,10,0,94
148079,148,"ŞCOALA PRIMARĂ SILIŞTEA","SILIŞTEA NOUĂ",SV,590,6,3,0,9,11,3,0,14,12,5,0,17,23,6,0,29,58,12,0,70,74,17,0,91
148024,149,"ŞCOALA GIMNAZIALĂ BUDENI",BUDENI,SV,1126,3,1,0,4,15,2,0,17,24,4,0,28,33,5,0,38,159,16,0,175,201,20,0,221
148088,150,"ŞCOALA PRIMARĂ VALEA POIENII","VALEA POIENEI",SV,408,0,0,0,0,6,0,0,6,6,0,0,6,11,4,0,15,43,6,0,49,79,8,0,87
148621,151,"PRIMĂRIA ORAŞULUI FRASIN",FRASIN,SV,1324,10,3,0,13,27,10,0,37,36,12,0,48,57,15,0,72,176,18,0,194,249,45,0,294
148621,152,"ŞCOALA GIMNAZIALĂ FRASIN",FRASIN,SV,1104,10,4,0,14,33,4,0,37,56,6,0,62,66,7,0,73,174,11,0,185,217,11,3,231
148630,153,"ŞCOALA GIMNAZIALĂ BUCŞOAIA",BUCŞOAIA,SV,1278,22,1,0,23,65,5,0,70,102,5,0,107,139,5,0,144,320,11,0,331,425,16,0,441
148649,154,"ŞCOALA GIMNAZIALĂ DOROTEIA",DOROTEIA,SV,737,5,0,0,5,12,3,0,15,33,6,0,39,44,7,0,51,147,12,0,159,200,18,0,218
148658,155,"CĂMINCULTURAL PLUTONIŢA",PLUTONIŢA,SV,926,10,3,0,13,34,8,0,42,59,8,0,67,65,9,0,74,204,15,0,219,274,28,0,302
146593,156,"MUZEUL OBICEIURILOR POPULARE GURA HUMORULUI","GURA HUMORULUI",SV,1774,15,3,0,18,81,12,25,118,110,16,25,151,133,17,25,175,325,46,25,396,411,59,25,495
146593,157,"GRADINITA CU PROGRAM NORMAL ""PINOCHIO""","GURA HUMORULUI",SV,1442,29,1,0,30,67,8,0,75,87,10,0,97,118,10,0,128,239,16,0,255,305,21,0,326
146593,158,"COLEGIUL ""ALEXANDRU CEL BUN""CORPUL B","GURA HUMORULUI",SV,1879,9,1,0,10,67,11,0,78,99,24,0,123,119,24,0,143,273,37,0,310,360,44,0,404
146593,159,"SCOALA GIMNAZIALA NR.1","GURA HUMORULUI",SV,1962,22,4,0,26,99,5,0,104,131,13,0,144,163,17,0,180,412,49,0,461,530,55,0,585
146593,160,"SCOALA GIMNAZIALA ""PETRU COMARNESCU""","GURA HUMORULUI",SV,1705,20,1,0,21,83,18,0,101,114,19,0,133,133,20,0,153,312,49,0,361,406,60,0,466
146593,161,"COLEGIUL"" ALEXANDRU CEL BUN"" CORPUL A","GURA HUMORULUI",SV,1797,14,4,0,18,59,5,0,64,104,8,0,112,126,9,0,135,256,15,0,271,348,28,0,376
146593,162,"SCOALA GIMNAZIALA ""TEODOR BALAN""","GURA HUMORULUI",SV,1739,14,4,0,18,75,4,0,79,109,9,0,118,138,11,0,149,313,18,0,331,376,21,0,397
146593,163,"SCOALA PRIMARA BOURENI","GURA HUMORULUI",SV,832,1,0,0,1,21,1,0,22,36,2,0,38,40,10,0,50,98,14,0,112,138,17,0,155
146600,164,"GRADINITA CU PROGRAM NORMALVORONET",VORONEŢ,SV,672,5,8,0,13,26,18,0,44,36,37,0,73,40,37,0,77,118,49,0,167,156,53,0,209
149236,165,"CASA DE CULTURĂ LITENI",LITENI,SV,1672,10,3,0,13,26,5,0,31,33,6,0,39,59,7,0,66,194,14,0,208,271,17,0,288
149236,166,"CORPUL III LICEUL TEHNOLOGIC IORGU VÂRNAV LITEANU LITENI",LITENI,SV,1271,5,0,0,5,20,0,0,20,27,0,0,27,43,1,0,44,159,6,0,165,218,7,0,225
149236,167,"CORPUL A LICEUL TEHNOLOGIC IORGU VÂRNAV LITEANU LITENI",LITENI,SV,942,3,1,0,4,11,3,0,14,16,5,0,21,22,7,0,29,74,15,0,89,121,16,0,137
149263,168,"ŞCOALA GIMNAZIALĂ NR. 1 ROTUNDA",ROTUNDA,SV,1153,1,0,0,1,3,0,0,3,4,0,0,4,9,1,0,10,90,5,0,95,138,11,0,149
149263,169,"ŞCOALA PRIMARĂ NR. 2 ROTUNDA",ROTUNDA,SV,692,0,0,0,0,4,0,0,4,8,0,0,8,8,2,0,10,64,2,0,66,113,6,0,119
149254,170,"ŞCOALA GIMNAZIALĂ ROŞCANI",ROŞCANI,SV,979,7,4,0,11,14,7,0,21,21,9,0,30,38,10,0,48,156,24,0,180,246,30,0,276
149245,171,"ŞCOALA GIMNAZIALĂ CORNI",CORNI,SV,650,6,2,0,8,10,2,0,12,14,3,0,17,23,3,0,26,72,9,0,81,99,13,0,112
149272,172,"ŞCOALA GIMNAZIALĂ SILIŞTEA",SILIŞTEA,SV,658,0,0,0,0,1,2,0,3,1,2,0,3,4,2,0,6,68,13,0,81,117,15,0,132
146986,173,"SEDIUL PRIMĂRIEI MILIȘĂUȚI",MILIŞĂUŢI,SV,1536,14,0,0,14,41,0,0,41,77,1,0,78,102,1,0,103,332,12,0,344,436,16,1,453
146986,174,"ȘCOALA GIMNAZIALĂ MILIŞĂUŢI, CORP A",MILIŞĂUŢI,SV,1645,1,1,0,2,24,3,0,27,47,3,0,50,84,7,0,91,317,14,0,331,482,18,0,500
146940,175,"GRĂDINIȚA CU PROGRAM NORMAL BĂDEUȚI",BĂDEUŢI,SV,1245,7,0,0,7,19,1,0,20,50,4,0,54,74,4,0,78,242,8,0,250,385,19,0,404
146389,176,CĂMINULCULTURALSALCEA,SALCEA,SV,1197,14,0,0,14,54,4,0,58,98,5,0,103,148,10,0,158,300,22,0,322,384,24,0,408
146389,177,"CĂMINULCULTURAL SALCEA",SALCEA,SV,1358,14,2,0,16,45,5,0,50,95,8,0,103,168,13,0,181,354,22,0,376,471,25,0,496
146405,178,"CAMIN CULTURAL PLOPENI",PLOPENI,SV,1891,25,3,0,28,85,6,0,91,150,8,0,158,200,12,0,212,460,31,0,491,521,51,0,572
146398,179,"ȘCOALA MERENI",MERENI,SV,1154,22,5,0,27,54,7,0,61,86,11,1,98,112,12,1,125,260,24,2,286,319,24,2,345
146423,180,CĂMINCULTURALVĂRATEC,VĂRATEC,SV,1230,11,1,0,12,42,4,0,46,95,5,0,100,131,9,0,140,337,23,0,360,448,30,0,478
146414,181,"ȘCOALAGIMNAZIALĂMANDACHELEOCOV - PRELIPCA",PRELIPCA,SV,1069,15,2,0,17,62,5,0,67,132,6,0,138,166,12,0,178,369,21,0,390,464,30,0,494
146664,182,"CENTRUL CULTURAL ”MIHAI TELIMAN”",SIRET,SV,1309,20,4,0,24,71,6,0,77,102,8,0,110,134,10,0,144,298,18,0,316,383,23,0,406
146664,183,"COLEGIUL LATCU VODA",SIRET,SV,1460,16,4,0,20,50,4,0,54,77,4,0,81,100,5,0,105,260,15,0,275,371,19,0,390
146664,184,"ȘCOALA GIMNAZIALA PETRU MUȘAT GRĂDINIȚA",SIRET,SV,1319,7,4,0,11,44,4,0,48,82,4,0,86,110,5,0,115,243,9,0,252,302,11,0,313
146664,185,"COLEGIUL LAȚCU VODĂ ȘCOALA PROFESIONALĂ",SIRET,SV,758,12,0,0,12,16,1,0,17,32,6,0,38,53,7,0,60,119,15,0,134,158,17,0,175
146664,186,"ȘCOALA GIMNAZIALĂ PETRU MUȘAT CORP II",SIRET,SV,1069,15,3,0,18,49,4,0,53,68,5,0,73,89,5,0,94,219,9,0,228,296,18,0,314
146664,187,"ȘCOALA GIMNAZIALĂ PETRU MUȘAT CORP I",SIRET,SV,1339,12,0,0,12,38,13,0,51,59,21,0,80,77,23,0,100,219,26,0,245,347,34,0,381
146664,188,"ȘCOALA GIMNAZIALĂ PĂDURENI",SIRET,SV,472,6,0,0,6,10,4,0,14,22,4,0,26,29,4,0,33,121,4,0,125,141,8,0,149
146664,189,"ȘCOALA GIMNAZIALĂ MANASTIOARA",SIRET,SV,470,3,0,0,3,14,2,0,16,25,2,0,27,33,9,0,42,76,12,0,88,123,14,0,137
146717,190,"PRIMĂRIA ORAŞULUI SOLCA",SOLCA,SV,1054,13,3,0,16,55,10,0,65,77,11,0,88,97,12,0,109,215,20,0,235,278,29,0,307
146717,191,"LICEUL TEHNOLOGIC TOMŞA VODĂ SOLCA",SOLCA,SV,1035,9,4,0,13,20,6,0,26,32,7,0,39,60,8,0,68,170,18,1,189,263,21,1,285
151102,192,"CĂMINUL CULTURAL VICOVU DE SUS-EST","VICOVU DE SUS",SV,1221,24,0,0,24,66,6,0,72,115,11,0,126,133,15,0,148,325,28,0,353,445,38,0,483
151102,193,"GRĂDINIŢA CU PROGRAM NORMAL NR. 1-EST","VICOVU DE SUS",SV,1640,15,1,0,16,80,9,0,89,154,10,0,164,185,13,0,198,465,19,0,484,623,25,0,648
151102,194,"LICEUL TEHHNOLOGIC ""ION NISTOR"" VICOVU DE SUS-CORPUL 4","VICOVU DE SUS",SV,1984,19,1,0,20,87,3,0,90,161,4,21,186,192,8,21,221,540,21,21,582,1008,25,21,1054
151102,195,"ŞCOALA GIMNAZIALĂ NR. 3 VICOVU DE SUS","VICOVU DE SUS",SV,1434,5,0,0,5,44,0,0,44,74,0,0,74,89,0,0,89,360,1,0,361,559,3,0,562
151102,196,"ŞCOALA GIMNAZIALĂ NR. 2 VICOVU DE SUS","VICOVU DE SUS",SV,1423,8,0,0,8,41,2,0,43,84,2,0,86,109,7,0,116,360,19,0,379,611,23,0,634
151102,197,"ŞCOALA GIMNAZIALĂ NR. 2 VICOVU DE SUS","VICOVU DE SUS",SV,1723,19,0,0,19,51,0,0,51,84,3,0,87,132,3,0,135,425,11,0,436,651,24,0,675
151111,198,"ŞCOALA GIMNAZIALĂ BIVOLĂRIA",BIVOLĂRIA,SV,1665,29,2,0,31,132,8,0,140,308,10,0,318,357,12,0,369,614,26,0,640,802,34,0,836
151111,199,"GRĂDINIŢA NOUĂ BIVOLĂRIE",BIVOLĂRIA,SV,840,9,0,0,9,39,2,0,41,66,6,0,72,81,9,0,90,221,9,0,230,291,11,0,302
146806,200,"SCOALA GIMNAZIALĂIOAN BĂNCESCU ADÂNCATA - CORPUL CU CLASELE I-IV",ADÂNCATA,SV,1431,8,0,0,8,42,4,0,46,77,8,0,85,97,9,0,106,243,18,0,261,314,20,0,334
146806,201,"SCOALA GIMNAZIALĂ IOAN BĂNCESCU ADÂNCATA - CORPUL CU CLASELE V-VIII",ADÂNCATA,SV,1002,6,1,0,7,15,4,0,19,33,5,0,38,56,7,0,63,177,18,0,195,243,23,0,266
146833,202,"ŞCOALA PRIMARĂCĂLUGĂRENI",CĂLUGĂRENI,SV,629,9,7,0,16,18,10,0,28,30,13,0,43,42,24,0,66,135,39,0,174,218,50,0,268
146842,203,"ŞCOALA GIMNAZIALĂFETEŞTI",FETEŞTI,SV,464,5,0,0,5,17,3,0,20,20,4,0,24,23,4,0,27,90,15,0,105,130,18,0,148
146879,204,"SCOALA GIMNAZIALA NR. 1 ""LUCA ARBURE"", CORP B",ARBORE,SV,1717,13,5,0,18,60,11,0,71,108,14,0,122,163,14,0,177,499,39,0,538,610,49,0,659
146879,205,"SCOALA GIMNAZIALA NR.2 ARBORE",ARBORE,SV,1682,26,5,0,31,67,6,0,73,109,13,0,122,163,15,0,178,443,26,0,469,601,30,0,631
146879,206,"SCOALA GIMNAZIALA NR.3 ARBORE",ARBORE,SV,1040,16,1,0,17,35,2,0,37,51,7,0,58,57,7,0,64,239,21,0,260,313,23,0,336
146897,207,"SALĂ DE FESTIVITĂŢI CLIT",CLIT,SV,1043,13,2,0,15,43,3,0,46,76,4,0,80,116,15,0,131,281,24,0,305,345,28,0,373
146888,208,"ŞCOALA GIMNAZIALĂ NR.6 BODNĂRENI",BODNĂRENI,SV,253,7,0,0,7,19,4,0,23,31,9,0,40,33,12,0,45,80,15,0,95,97,17,0,114
146913,209,"SEDIUL PRIMARIEI BAIA",BAIA,SV,1726,0,9,0,9,21,13,0,34,32,13,0,45,58,15,0,73,254,23,0,277,353,28,0,381
146913,210,"ŞCOALA NR. 2 BAIA",BAIA,SV,1177,4,2,0,6,18,2,0,20,25,5,0,30,39,6,0,45,210,10,0,220,316,12,0,328
146913,211,"ŞCOALA NR. 3 BAIA",BAIA,SV,1718,4,4,0,8,14,4,0,18,23,4,0,27,38,4,0,42,214,7,0,221,311,15,0,326
146922,212,"ŞCOALA BOGATA",BOGATA,SV,1086,5,4,0,9,22,6,0,28,32,11,0,43,50,11,0,61,191,24,0,215,278,29,0,307
147688,213,"ŞCOALA GIMNAZIALĂ BĂLĂCEANA",BĂLĂCEANA,SV,1221,13,3,0,16,59,14,0,73,75,16,0,91,85,16,0,101,224,47,0,271,337,61,0,398
147009,214,"SEDIUL PRIMĂRIEI COMUNEI BĂLCĂUŢI",BĂLCĂUŢI,SV,1221,11,1,0,12,35,3,0,38,41,6,0,47,66,7,0,73,230,21,0,251,348,31,2,381
147027,215,"ŞCOALA GIMNAZIALA NEGOSTINA",NEGOSTINA,SV,1108,5,2,0,7,40,6,0,46,68,7,0,75,94,8,0,102,242,13,0,255,320,25,0,345
147018,216,"ŞCOALA PRIMARAGROPENI",GROPENI,SV,298,5,0,0,5,7,1,0,8,9,2,0,11,17,5,0,22,50,10,0,60,79,19,0,98
148346,217,"ȘCOALA GIMNAZIALĂ BERCHIȘEȘTI",BERCHIŞEŞTI,SV,1963,11,1,0,12,69,8,0,77,213,13,0,226,245,15,0,260,545,74,0,619,738,94,0,832
148355,218,"SCOALA PRIMARA CORLATA",CORLATA,SV,399,2,4,0,6,12,4,0,16,27,4,0,31,34,6,0,40,127,15,0,142,204,20,0,224
147045,219,PRIMARIA,BILCA,SV,1131,10,3,0,13,40,6,0,46,61,11,0,72,87,11,0,98,228,20,1,249,323,29,2,354
147045,220,"SCOALA GIMNAZIALA NR. 2",BILCA,SV,997,7,2,0,9,22,2,0,24,36,2,0,38,50,3,0,53,213,11,0,224,292,14,4,310
147045,221,"SCOALA PRIMARA NR. 3",BILCA,SV,941,11,4,0,15,47,5,0,52,76,6,0,82,89,6,0,95,220,12,0,232,318,18,1,337
147063,222,"GRĂDINIȚA CU PROGRAM NORMAL NR. 1 BOGDĂNEȘTI",BOGDĂNEŞTI,SV,2010,11,2,0,13,32,8,0,40,44,11,0,55,69,13,0,82,377,26,0,403,514,43,30,587
147063,223,"ȘCOALA GIMNAZIALĂ NR. 2 BOGDĂNEȘTI, LOCAL NOU",BOGDĂNEŞTI,SV,1252,13,4,0,17,32,8,0,40,42,10,0,52,58,11,0,69,301,26,0,327,401,32,0,433
147081,224,"CĂMIN CULTURAL MIHAI BOLEAC",BOROAIA,SV,832,8,2,0,10,24,15,0,39,44,41,0,85,53,44,0,97,169,77,0,246,227,92,0,319
147081,225,"ŞCOALA PRIMARĂ NR.2 BOROAIA",BOROAIA,SV,728,3,4,0,7,15,4,0,19,23,4,0,27,40,6,0,46,137,20,0,157,208,29,0,237
147107,226,"CĂMIN CULTURAL GIULEŞTI",GIULEŞTI,SV,451,8,4,0,12,20,11,0,31,23,11,0,34,33,11,0,44,85,20,0,105,128,21,0,149
147090,227,"GRĂDINIŢA CU PROGRAM NORMAL BĂRĂŞTI",BĂRĂŞTI,SV,815,12,3,0,15,27,6,0,33,31,7,0,38,49,9,0,58,203,15,0,218,309,18,0,327
147125,228,"ŞCOALA PRIMARĂ SĂCUŢA",SĂCUŢA,SV,467,3,1,0,4,12,4,0,16,12,4,0,16,18,7,0,25,89,14,0,103,205,18,0,223
147116,229,"ŞCOALA GIMNAZIALĂ MOIŞA",MOIŞA,SV,563,3,5,0,8,14,7,0,21,17,8,0,25,33,10,0,43,169,27,0,196,212,34,0,246
147143,230,"CAMINUL CULTURAL BOSANCI",BOSANCI,SV,1238,12,2,0,14,52,3,0,55,106,4,0,110,139,4,0,143,300,13,0,313,410,23,0,433
147143,231,"CĂMINUL CULTURAL BOSANCI",BOSANCI,SV,1157,16,0,0,16,52,10,0,62,88,13,0,101,119,15,0,134,289,30,0,319,395,38,0,433
147143,232,"ŞCOALA GIMNAZIALĂ BOSANCI",BOSANCI,SV,1282,15,5,0,20,39,5,0,44,51,5,0,56,87,5,0,92,262,11,0,273,334,13,0,347
147143,233,"ŞCOALA PRIMARĂ BOSANCI",BOSANCI,SV,1856,29,5,0,34,98,7,0,105,144,7,0,151,221,9,0,230,455,19,0,474,593,21,0,614
147152,234,"ŞCOALA PRIMARĂ CUMPĂRĂTURA",CUMPĂRĂTURA,SV,299,5,4,0,9,7,4,0,11,13,7,0,20,21,9,0,30,79,12,0,91,113,13,0,126
147170,235,"SCOALA GIMNAZIALA CU CLASELE I-VIII BOTOSANA",BOTOŞANA,SV,1021,5,2,0,7,48,3,0,51,79,5,0,84,103,6,0,109,301,10,0,311,389,14,0,403
147170,236,"CĂMIN CULTURAL BOTOŞANA",BOTOŞANA,SV,1077,6,0,0,6,46,0,0,46,75,0,0,75,109,5,0,114,346,19,1,366,450,23,1,474
147214,237,"CAMINUL CULTURAL SAT BREAZA",BREAZA,SV,1291,9,0,0,9,32,2,0,34,47,4,0,51,81,7,0,88,325,24,0,349,396,28,0,424
147250,238,"SEDIUL NOU AL PRIMARIEICOMUNEI BRODINA",BRODINA,SV,1267,11,0,0,11,46,3,0,49,67,5,0,72,94,5,0,99,316,15,0,331,432,19,0,451
147269,239,"CENTRU DE ASISTENTA DUPA PROGRAMUL SCOLARTIPAFTER SCHOOL","BRODINA DE JOS",SV,660,2,0,0,2,15,5,0,20,19,5,0,24,37,5,0,42,129,14,0,143,164,15,0,179
147303,240,"GRADINITA CU PROGRAM NORMAL FALCAU",FALCĂU,SV,1081,23,1,0,24,61,10,0,71,101,19,0,120,123,21,0,144,303,47,0,350,395,55,0,450
147474,241,"PRIMARIA COMUNEI BUNESTI",BUNEŞTI,SV,556,6,2,0,8,19,2,0,21,26,3,0,29,36,3,0,39,140,13,13,166,218,21,13,252
147492,242,"GRADINITA CU PROGRAM NORMALPODENI",PODENI,SV,463,5,1,0,6,20,3,0,23,26,4,0,30,42,5,0,47,125,7,0,132,151,10,0,161
147483,243,"SCOALA GIMNAZIALA PETIA",PETIA,SV,630,5,0,0,5,16,1,0,17,29,2,0,31,53,3,0,56,132,17,0,149,174,18,0,192
147517,244,"SCOALA UNCESTI",UNCEŞTI,SV,545,9,3,0,12,25,4,12,41,33,4,12,49,48,9,12,69,182,18,12,212,213,26,12,251
151148,245,"CAMINUL CULTURAL BURLA - SALA MARE",BURLA,SV,1674,13,0,0,13,43,2,0,45,79,4,0,83,134,6,0,140,357,14,0,371,433,19,0,452
147535,246,"CENTRUL DE AFACERI MULTICULTURAL CACICA","PÎRTEŞTII DE SUS",SV,1566,15,2,0,17,71,4,0,75,108,5,0,113,134,5,0,139,444,13,0,457,576,22,25,623
147544,247,"ȘCOALA CACICA",CACICA,SV,1096,5,1,0,6,26,5,0,31,36,9,0,45,61,15,0,76,193,54,18,265,269,64,20,353
147571,248,"ŞCOALA SOLONEŢU NOU","SOLONEŢU NOU",SV,681,7,5,0,12,12,5,0,17,22,7,0,29,59,8,0,67,129,17,16,162,193,26,16,235
147562,249,ŞCOALARUNCU,RUNCU,SV,162,3,4,0,7,6,9,0,15,8,10,0,18,12,11,0,23,20,33,6,59,30,42,6,78
147599,250,"SALA DE SPORT CALAFINDESTI SALAA",CALAFINDEŞTI,SV,1015,9,2,0,11,43,2,0,45,108,3,0,111,121,3,0,124,354,9,0,363,431,12,0,443
147599,251,"SALA DE SPORTCALAFINDESTI- SALA B",CALAFINDEŞTI,SV,984,22,1,0,23,71,1,0,72,123,3,0,126,136,5,0,141,369,11,0,380,452,12,0,464
147606,252,"SCOALA PRIMARA BOTOŞANIŢA MARE","BOTOŞANIŢA MARE",SV,286,6,0,0,6,17,2,0,19,20,9,0,29,32,11,0,43,102,20,0,122,128,23,0,151
150917,253,"GRĂDINIŢA CU PROGRAM NORMAL NR.1 CAPU CÂMPULUI","CAPU CÂMPULUI",SV,1926,33,0,0,33,147,10,0,157,193,19,42,254,275,23,42,340,678,50,42,770,867,72,80,1019
149165,254,"CASA DE CULTURA CIOCANESTI",CIOCĂNEŞTI,SV,906,11,3,0,14,40,5,0,45,48,9,19,76,62,9,19,90,312,24,19,355,395,25,19,439
149156,255,"CAMIN CULTURAL BOTOS",BOTOŞ,SV,337,5,2,0,7,21,17,0,38,32,19,12,63,36,19,12,67,117,24,12,153,162,26,12,200
147704,256,"PRIMARIA COMUNEI CIPRIAN PORUMBESCU","CIPRIAN PORUMBESCU",SV,1566,10,1,0,11,29,6,0,35,55,10,0,65,81,13,0,94,220,33,0,253,308,41,0,349
147731,257,"LOCAL AFTER SCHOOL","CÎRLIBABA NOUĂ",SV,1563,16,4,0,20,37,7,0,44,47,9,0,56,111,13,0,124,396,22,0,418,445,34,8,487
147189,258,"SCOALA GIMNAZIALA CU CLASELE I-VIII COMANESTI",COMĂNEŞTI,SV,971,5,3,0,8,21,8,0,29,37,15,0,52,45,18,0,63,206,34,0,240,270,40,0,310
147198,259,"SCOALA GIMNAZIALA CU CLASELE I-VIII HUMORENI",HUMORENI,SV,904,5,0,0,5,16,1,0,17,24,4,0,28,32,4,0,36,138,8,0,146,195,11,0,206
147795,260,"SCOALA GIMNAZIALA CORNU LUNCII","CORNU LUNCII",SV,1047,10,1,0,11,50,1,0,51,84,3,0,87,115,6,0,121,308,22,0,330,386,29,10,425
147802,261,"SCOALA GIMNAZIALA BAISESTI",BĂIŞEŞTI,SV,1201,12,2,0,14,54,8,0,62,79,10,0,89,124,17,0,141,388,33,9,430,461,42,9,512
147811,262,"SCOALA GIMNAZIALA BRAIESTI",BRĂIEŞTI,SV,1018,6,1,0,7,31,4,0,35,40,4,0,44,58,6,0,64,242,11,0,253,354,19,0,373
147820,263,"SCOALA PRIMARA DUMBRAVA",DUMBRAVA,SV,439,5,0,0,5,10,0,0,10,15,3,0,18,19,3,0,22,91,3,0,94,138,4,0,142
147866,264,"SCOALA SASCA NOUA","SASCA NOUĂ",SV,187,4,2,0,6,7,4,0,11,11,4,0,15,15,4,0,19,62,8,0,70,89,14,0,103
147857,265,"SCOALA PRIMARA SASCA MICA","SASCA MICĂ",SV,613,4,3,0,7,26,6,0,32,40,11,0,51,57,12,0,69,156,31,0,187,202,32,2,236
147875,266,"SCOALA SINCA",ŞINCA,SV,143,0,5,0,5,7,5,0,12,11,5,0,16,21,5,0,26,51,8,0,59,60,11,1,72
147848,267,"SCOALA SASCA MARE","SASCA MARE",SV,547,4,5,0,9,19,6,0,25,22,6,0,28,32,6,0,38,129,13,0,142,184,24,6,214
147839,268,"SCOALA PAISENI",PĂISENI,SV,634,5,3,0,8,10,3,0,13,20,4,0,24,24,5,0,29,183,7,0,190,249,9,9,267
148220,269,"CĂMIN CULTURAL COȘNA",COŞNA,SV,1245,12,4,0,16,41,5,0,46,81,10,0,91,100,11,0,111,272,22,0,294,323,26,0,349
147893,270,"PRIMĂRIA COMUNEI CRUCEA SALĂ FESTIVITĂȚI",CRUCEA,SV,1257,9,0,0,9,38,1,0,39,64,3,0,67,78,4,0,82,282,18,0,300,388,22,0,410
147900,271,"CĂMIN CULTURAL CHIRIL",CHIRIL,SV,454,2,1,0,3,11,2,0,13,15,2,0,17,27,2,0,29,117,20,0,137,145,26,0,171
147964,272,"GRĂDINIŢA CU PROGRAM NORMAL NR.1 DĂRMĂNEŞTI",DĂRMĂNEŞTI,SV,974,2,0,0,2,4,4,0,8,7,4,0,11,21,4,0,25,90,15,0,105,125,17,0,142
147964,273,"ŞCOALA DĂRMĂNEŞTI NR.2",DĂRMĂNEŞTI,SV,817,5,3,0,8,10,3,0,13,15,6,0,21,25,7,0,32,124,21,0,145,167,24,0,191
147946,274,"ŞCOALA GIMNAZIALĂ MĂRIŢEI",MĂRIŢEI,SV,1460,11,0,0,11,33,2,0,35,43,2,0,45,59,6,0,65,284,21,0,305,369,25,0,394
147973,275,"ŞCOALA GIMNAZIALĂ CĂLINEŞTI ENACHE",CĂLINEŞTI,SV,516,4,5,0,9,9,6,0,15,14,9,0,23,23,10,0,33,63,26,0,89,82,32,0,114
147982,276,"ŞCOALA CĂLINEŞTI-VASILACHE",CĂLINEŞTI-VASILACHE,SV,164,1,0,0,1,10,1,0,11,13,9,0,22,16,9,0,25,46,11,0,57,55,13,0,68
147955,277,"ŞCOALA GIMNAZIALĂ DĂNILA",DĂNILA,SV,873,8,2,0,10,43,6,1,50,56,12,1,69,87,12,1,100,215,27,1,243,270,36,1,307
148104,278,"PRIMĂRIA DOLHEŞTI",DOLHEŞTII-MARI,SV,1421,13,2,0,15,59,11,0,70,75,12,0,87,99,12,0,111,322,27,0,349,422,41,0,463
148113,279,"ŞCOALA GIMNAZIALĂ DOLHEŞTII MICI","DOLHEŞTII MICI",SV,1000,10,0,0,10,24,3,0,27,35,5,0,40,60,7,0,67,169,22,0,191,271,29,0,300
148122,280,"ŞCOALA PRIMARĂ VALEA BOUREI","VALEA BOUREI",SV,609,6,2,0,8,13,3,0,16,18,5,0,23,25,10,0,35,93,13,0,106,158,18,0,176
148211,281,"PRIMĂRIA COMUNEIDORNA CANDRENILOR","DORNA CANDRENILOR",SV,1715,14,4,0,18,54,9,0,63,91,12,0,103,121,12,0,133,401,26,1,428,530,35,1,566
148248,282,"CĂMINUL CULTURAL POIANA NEGRII","POIANA NEGRII",SV,786,4,0,0,4,24,2,0,26,41,5,0,46,62,7,0,69,218,18,2,238,295,25,2,322
148159,283,"SEDIU ASOCIAŢIE ""OBŞTEA GURA NEGRII"" DORNA ARINI",DORNA-ARINI,SV,545,3,3,0,6,5,4,0,9,12,7,0,19,23,8,0,31,106,11,0,117,126,14,0,140
148140,284,"CĂMIN CULTURAL COZĂNEŞTI",COZĂNEŞTI,SV,1278,10,3,0,13,37,9,0,46,63,11,0,74,88,14,0,102,278,24,0,302,391,29,0,420
148186,285,"GRĂDINIŢA CU PROGRAM NORMAL RUSCA, SAT RUSCA, NR. 59A",RUSCA,SV,685,4,0,0,4,17,13,0,30,27,20,0,47,49,21,0,70,184,29,0,213,255,34,0,289
148300,286,"SCOALA GIMNAZIALA DORNESTI",DORNEŞTI,SV,1761,16,0,0,16,43,4,0,47,70,5,0,75,96,6,0,102,291,9,0,300,418,12,0,430
148300,287,"CAMINUL CULTURAL DORNESTI",DORNEŞTI,SV,1815,26,3,0,29,89,4,0,93,123,5,0,128,155,5,0,160,396,16,0,412,543,24,0,567
148319,288,"SCOALA PRIMARA IAZ",IAZ,SV,225,2,0,0,2,6,4,0,10,6,5,0,11,7,5,0,12,43,5,0,48,87,6,0,93
148337,289,"PRIMARIA COMUNEI DRĂGOIEŞTI",MĂZĂNĂEŞTI,SV,511,0,2,0,2,5,3,0,8,6,4,0,10,36,7,0,43,102,12,1,115,132,15,1,148
148364,290,"CĂMIN CULTURAL DRĂGOIEȘTI",DRĂGOIEŞTI,SV,1528,12,1,0,13,36,16,0,52,64,22,0,86,121,26,0,147,264,54,32,350,415,80,32,527
148373,291,"CĂMIN CULTURAL LUCĂCEȘTI",LUCĂCEŞTI,SV,220,2,0,0,2,5,6,0,11,10,7,0,17,31,12,0,43,85,17,0,102,106,20,0,126
148391,292,"PRIMĂRIA COMUNEI DRĂGUŞENI",DRĂGUŞENI,SV,1822,7,4,0,11,27,12,0,39,35,16,0,51,71,18,0,89,214,41,0,255,331,51,0,382
148408,293,"GRĂDINIŢA CU PROGRAM NORMAL BROŞTENI",BROŞTENI,SV,272,3,3,0,6,13,4,0,17,17,4,0,21,18,9,0,27,90,19,0,109,105,23,0,128
148435,294,ATENEUDUMBRAVENI,DUMBRĂVENI,SV,1564,19,1,0,20,77,15,0,92,142,20,0,162,182,23,0,205,395,47,0,442,536,59,0,595
148435,295,"LICEUL TEHNOLOGIC MIHAI EMINESCU DUMBRAVENI",DUMBRĂVENI,SV,1805,23,3,0,26,79,6,0,85,167,14,0,181,217,17,0,234,499,39,0,538,625,54,0,679
148435,296,"SCOALA TOLOACA",DUMBRĂVENI,SV,1842,15,5,0,20,102,8,0,110,166,10,0,176,214,11,0,225,551,23,0,574,735,24,0,759
148435,297,"SCOALA DEAL",DUMBRĂVENI,SV,1516,12,1,0,13,50,8,0,58,104,9,0,113,137,9,0,146,334,14,0,348,469,17,0,486
148444,298,"SCOALA SALAGENI",SĂLĂGENI,SV,405,2,4,0,6,12,5,0,17,16,5,0,21,26,6,0,32,77,14,0,91,97,19,0,116
150828,299,"SCOALA CU CLASELE I-IV FANTANA MARE","FÂNTÂNA MARE",SV,871,10,6,0,16,30,6,0,36,34,8,0,42,65,10,0,75,216,34,0,250,275,37,0,312
150800,300,"SCOALA CU CLASELE I-IV COTU BAII","COTU BĂII",SV,781,5,0,0,5,25,4,0,29,33,5,0,38,39,5,0,44,134,19,0,153,182,23,0,205
150873,301,"SCOALA CU CLASELE I-IV PRAXIA",PRAXIA,SV,130,7,0,0,7,9,2,0,11,11,2,0,13,13,2,0,15,31,11,0,42,42,17,0,59
150882,302,"SCOALA CU CLASELE I-IV SPĂTĂREȘTI",SPĂTĂREŞTI,SV,367,3,0,0,3,20,2,0,22,29,4,0,33,38,5,0,43,99,13,0,112,119,13,0,132
148462,303,"CĂMINUL CULTURAL FÎNTÎNELE",FÎNTÎNELE,SV,891,11,0,0,11,30,1,0,31,35,5,0,40,41,5,0,46,122,13,0,135,181,15,0,196
148499,304,"SCOALA DIN SATUL SLOBOZIA",SLOBOZIA,SV,172,3,2,0,5,6,3,0,9,8,4,0,12,11,4,0,15,25,4,0,29,43,6,0,49
148471,305,"CĂMINUL CULTURAL BĂNEŞTI",BĂNEŞTI,SV,932,9,0,0,9,32,1,0,33,45,5,0,50,54,6,0,60,180,15,0,195,232,22,0,254
148505,306,"CĂMINUL CULTURAL STAMATE",STAMATE,SV,1540,5,1,0,6,21,7,0,28,50,9,0,59,54,12,0,66,247,24,0,271,338,30,0,368
148480,307,"SCOALA DIN SATUL COTU DOBEI","COTU DOBEI",SV,147,5,7,0,12,18,8,0,26,22,10,0,32,25,11,0,36,44,19,0,63,57,22,0,79
148523,308,"SEDIULPRIMARIEI FORASTI",FORĂŞTI,SV,496,2,0,0,2,9,3,0,12,12,3,0,15,18,4,0,22,95,9,0,104,125,14,0,139
148532,309,"SCOALA ANTOCENI",ANTOCENI,SV,256,1,0,0,1,11,5,0,16,12,5,0,17,20,6,0,26,51,10,0,61,57,14,0,71
148569,310,"SCOALA GIMNAZIALA ONICENI",ONICENI,SV,798,11,4,0,15,13,5,0,18,19,5,0,24,28,7,0,35,114,26,0,140,162,33,0,195
148578,311,"SCOALA ROSIORI",ROŞIORI,SV,294,0,0,0,0,5,4,0,9,9,5,0,14,15,9,0,24,69,20,0,89,92,27,0,119
148587,312,"SCOALA PRIMARA RUSI",RUŞI,SV,326,1,0,0,1,7,2,0,9,10,3,0,13,26,4,0,30,105,11,0,116,125,11,0,136
148596,313,"SCOALA TOLESTI",ŢOLEŞTI,SV,340,2,0,0,2,4,1,0,5,5,3,0,8,22,3,0,25,60,4,0,64,78,4,0,82
148541,314,"SCOALA PRIMARA BOURA",BOURA,SV,462,1,0,0,1,6,1,0,7,13,1,0,14,23,4,0,27,83,7,0,90,112,12,0,124
148550,315,"SEDIUL FOSTEIPRIMARII MANOLEA",MANOLEA,SV,435,6,0,0,6,12,0,0,12,16,1,0,17,20,1,0,21,67,7,0,74,117,12,0,129
148603,316,"SCOALA PRIMARA UIDESTI",UIDEŞTI,SV,134,2,2,0,4,4,2,0,6,7,2,0,9,14,6,0,20,42,9,0,51,60,15,0,75
148550,317,"SCOALA VIISOARA, CATUN VIISOARA",MANOLEA,SV,163,7,0,0,7,9,1,0,10,9,1,0,10,14,5,0,19,40,5,0,45,59,6,0,65
148676,318,"CĂMINUL CULTURAL FRĂTĂUŢII NOI","FRĂTĂUŢII NOI",SV,1222,18,0,0,18,55,2,0,57,71,3,0,74,110,8,0,118,282,23,0,305,384,31,0,415
148676,319,"ŞCOALA GIMNAZIALĂ NR 2 FRĂTĂUŢII NOI","FRĂTĂUŢII NOI",SV,1549,7,1,0,8,24,2,0,26,59,4,0,63,59,4,0,63,219,9,0,228,283,9,0,292
148676,320,"GRADINITA CU PROGRAM NORMAL NR 3 FRĂTĂUŢII NOI","FRĂTĂUŢII NOI",SV,394,7,1,0,8,14,1,0,15,23,1,0,24,27,1,0,28,94,3,0,97,132,6,0,138
148685,321,"CĂMIN CULTURAL COSTIŞA",COSTIŞA,SV,784,7,4,0,11,29,6,0,35,46,6,0,52,68,7,0,75,167,12,0,179,236,16,0,252
148685,322,"GRĂDINIŢA CU PROGRAM NORMAL NR 2 COSTIŞA",COSTIŞA,SV,506,3,5,0,8,18,6,0,24,33,7,0,40,40,7,0,47,135,11,0,146,170,12,0,182
148701,323,"CAMIN CULTURAL FRATAUTII VECHI","FRĂTĂUŢII VECHI",SV,1501,5,1,0,6,37,6,0,43,61,7,0,68,79,7,0,86,312,20,0,332,437,22,0,459
148701,324,"ŞCOALA PRIMARĂ LIVIU V. IONESI FRĂTĂUŢII-VECHI","FRĂTĂUŢII VECHI",SV,1185,8,4,0,12,35,5,0,40,51,5,0,56,60,5,0,65,228,11,0,239,317,14,0,331
148710,325,"CAMIN CULTURAL MĂNEUŢI",MĂNEUŢI,SV,1752,15,2,0,17,38,3,0,41,63,10,0,73,89,11,0,100,374,18,0,392,576,21,0,597
148738,326,"PRIMARIA FRUMOSU",FRUMOSU,SV,1833,15,1,0,16,54,2,0,56,75,2,0,77,97,2,0,99,296,12,0,308,419,14,0,433
148747,327,"SCOALA GENERALA CU CLASELE I-IV DEIA",DEIA,SV,688,5,0,0,5,15,0,0,15,27,0,0,27,58,0,0,58,161,7,0,168,229,12,0,241
148756,328,"SCOALA DRAGOSA",DRAGOŞA,SV,353,1,0,0,1,2,0,0,2,8,2,0,10,13,2,0,15,70,2,0,72,82,3,0,85
148774,329,"ŞCOALA GIMNAZIALĂ""DIMITRIE GUSTI""","FUNDU MOLDOVEI",SV,1582,18,0,0,18,53,4,0,57,62,5,0,67,91,8,0,99,326,19,0,345,434,32,0,466
148818,330,"CĂMINUL CULTURAL COLACU",COLACU,SV,816,6,3,0,9,36,3,0,39,47,5,0,52,62,7,0,69,210,12,0,222,278,14,0,292
148792,331,"ŞCOALA GIMNAZIALĂ BOTUŞ",BOTUŞ,SV,983,9,0,0,9,19,2,0,21,29,5,0,34,40,8,0,48,166,13,0,179,260,22,0,282
148881,332,"ŞCOALA PRIMARĂ DIN SATUL GĂLĂNEŞTI",GĂLĂNEŞTI,SV,1393,6,0,0,6,29,2,0,31,48,2,0,50,67,2,0,69,225,6,0,231,359,12,0,371
148881,333,"CĂMIN CULTURAL GĂLĂNEŞTI",GĂLĂNEŞTI,SV,883,2,1,0,3,3,1,0,4,7,4,0,11,19,6,0,25,108,12,0,120,189,14,0,203
148925,334,"CĂMIN CULTURAL GRĂMEŞTI",GRĂMEŞTI,SV,1674,9,6,0,15,37,10,0,47,46,14,0,60,72,16,0,88,253,35,0,288,315,41,0,356
148934,335,"ŞCOALA PRIMARĂ BĂLINEŞTI",BĂLINEŞTI,SV,582,1,5,0,6,8,6,0,14,16,9,0,25,22,12,0,34,90,19,0,109,112,19,0,131
148943,336,"ŞCOALA CU CLASELE I-IV BOTOŞANIŢA MICĂ","BOTOŞANIŢA MICĂ",SV,197,0,4,0,4,2,4,0,6,2,4,0,6,3,5,0,8,36,7,0,43,62,8,0,70
148989,337,"ŞCOALA GIMNAZIALĂ ""MIHAIL SADOVEANU"" GRĂNICEŞTI",GRĂNICEŞTI,SV,977,14,0,0,14,52,4,0,56,78,6,1,85,108,9,1,118,287,15,1,303,344,16,1,361
148989,338,"SCOALA GIMNAZIALA MIHAIL SADOVEANU GRANICESTI",GRĂNICEŞTI,SV,923,9,0,0,9,31,0,0,31,54,3,1,58,89,4,1,94,227,12,1,240,311,15,1,327
148998,339,"ŞCOALA PRIMARĂ DUMBRAVA",DUMBRAVA,SV,331,13,0,0,13,27,9,0,36,41,13,0,54,54,13,1,68,123,19,1,143,137,21,1,159
149003,340,"ŞCOALA GIMNAZIALĂ GURA SOLCII","GURA SOLCII",SV,578,8,3,0,11,20,3,0,23,31,4,0,35,39,4,0,43,176,10,0,186,243,20,0,263
149012,341,"ŞCOALA PRIMARĂ IACOBEŞTI",IACOBEŞTI,SV,447,5,4,0,9,18,7,0,25,35,8,0,43,45,11,0,56,131,20,4,155,182,22,4,208
149021,342,"ŞCOALA GIMNAZIALĂ ROMÂNEŞTI",ROMÂNEŞTI,SV,540,3,0,0,3,19,3,0,22,29,6,0,35,36,6,0,42,149,17,0,166,193,23,0,216
149030,343,"ŞCOALA PRIMARĂ SLOBOZIA SUCEVEI","SLOBOZIA SUCEVEI",SV,566,5,1,0,6,18,4,0,22,34,13,0,47,43,13,0,56,102,23,1,126,147,27,1,175
146851,344,"SCOALA GIMNAZIALA ,,MIHAI HALUNGA” HANTESTI",HĂNŢEŞTI,SV,1423,13,2,0,15,35,2,0,37,52,3,0,55,95,6,0,101,343,22,0,365,436,33,0,469
146851,345,"ȘCOALA PRIMARĂ NR. 2 HĂNȚEȘTI VALE",HĂNŢEŞTI,SV,1185,4,3,0,7,26,5,0,31,52,10,0,62,88,10,0,98,311,23,0,334,404,30,0,434
146815,346,"ȘCOALAPRIMARĂ BEREȘTI",ARŢARI,SV,506,3,1,0,4,8,5,0,13,20,10,0,30,38,11,0,49,97,14,0,111,147,16,0,163
150016,347,"CLĂDIRE ADMINISTRATIVĂ",HÂRTOP,SV,1136,14,4,0,18,56,8,0,64,79,8,0,87,115,8,0,123,399,16,0,415,496,23,0,519
150016,348,"CLĂDIRE ADMINISTRATIVĂ",HÂRTOP,SV,877,18,1,0,19,36,1,0,37,47,2,0,49,65,2,0,67,301,8,0,309,360,8,0,368
149110,349,"CĂMINUL CULTURAL HORODNIC DE JOS","HORODNIC DE JOS",SV,1355,13,3,0,16,45,8,0,53,62,8,0,70,115,11,0,126,334,25,0,359,486,28,0,514
149110,350,"SCOALA PRIMARĂ VASILE ŢIGĂNESCU","HORODNIC DE JOS",SV,628,7,2,0,9,15,2,0,17,22,2,0,24,31,5,0,36,179,9,0,188,221,14,0,235
149129,351,"SCOALA GIMNAZIALA NR.2","HORODNIC DE SUS",SV,1171,15,0,0,15,85,4,0,89,122,8,0,130,152,12,0,164,414,19,0,433,514,29,0,543
149129,352,"SALA DE SPORT","HORODNIC DE SUS",SV,1744,24,3,0,27,81,10,0,91,118,11,0,129,168,14,0,182,573,33,0,606,730,43,0,773
149129,353,"SCOALA GIMNAZIALA NR.3","HORODNIC DE SUS",SV,1064,12,0,0,12,57,5,0,62,82,8,0,90,128,9,0,137,338,13,2,353,419,15,2,436
149058,354,"PRIMĂRIA COMUNEI HORODNICENI",HORODNICENI,SV,901,11,0,0,11,46,6,0,52,63,8,0,71,80,13,0,93,211,33,0,244,274,46,0,320
149067,355,"ȘCOALA CU CL.I-IV BOTEȘTI",BOTEŞTI,SV,382,2,4,0,6,15,4,0,19,26,4,0,30,34,7,0,41,68,14,0,82,102,25,0,127
149076,356,"ȘCOALA CU CL.I-IV BRĂDĂȚEL",BRĂDĂŢEL,SV,448,4,5,0,9,7,5,0,12,10,7,0,17,12,8,0,20,117,13,0,130,148,15,0,163
149085,357,"ȘCOALA CU CL.I-VIII MIHĂIEȘTI",MIHĂIEŞTI,SV,637,8,4,0,12,24,4,0,28,32,4,0,36,42,4,0,46,133,14,0,147,185,17,0,202
149094,358,"PUNCT DOCUMENTAR NICOALE ISTRATI",ROTOPĂNEŞTI,SV,505,9,0,0,9,20,0,0,20,25,2,0,27,30,7,0,37,80,7,0,87,105,13,0,118
149147,359,"CASA NAȚIONALĂ IACOBENI",IACOBENI,SV,920,2,0,0,2,43,4,0,47,61,6,0,67,81,6,0,87,258,21,5,284,371,33,5,409
149174,360,"CLUBUL FERMIERILOR MESTECANIS STR FERMIERILOR NR 14 SAT MESTECANIS COMUNA IACOBENI JUDETUL SUCEAVA",MESTECĂNIŞ,SV,263,8,0,0,8,19,2,0,21,27,2,0,29,30,2,0,32,84,7,0,91,116,8,0,124
149147,361,"LICEUL TEHNOLOGIC LIVIU SUHAR IACOBENI CORP A STR. MINELOR NR 17 COMUNA IACOBENI JUDETUL SUCEAVA",IACOBENI,SV,596,16,0,0,16,35,0,0,35,44,0,0,44,56,0,0,56,144,6,2,152,202,14,2,218
146968,362,"SALA MICĂ A CĂMINULUI CULTURAL IASLOVĂŢ",IASLOVĂŢ,SV,1547,24,0,0,24,64,0,0,64,109,6,0,115,151,7,0,158,449,26,0,475,568,34,0,602
146968,363,"ŞCOALA GIMNAZIALA NR. 2 IASLOVAT",IASLOVĂŢ,SV,1537,15,3,0,18,64,3,0,67,125,9,0,134,144,10,0,154,438,25,0,463,568,27,0,595
147679,364,"PRIMARIA ILISESTI",ILIŞEŞTI,SV,1915,24,5,0,29,77,44,0,121,94,50,23,167,158,58,23,239,590,117,23,730,711,108,57,876
147697,365,"CAMIN CULTURAL BRASCA",BRAŞCA,SV,302,0,6,0,6,4,7,0,11,16,8,0,24,20,8,0,28,81,23,0,104,118,27,0,145
146290,366,"ȘCOALA GIMNAZIALĂ IPOTEȘTI",IPOTEŞTI,SV,1456,29,2,0,31,127,4,0,131,239,11,0,250,274,11,0,285,504,22,0,526,595,29,0,624
146290,367,"ȘCOALA GIMNAZIALĂ IPOTEȘTI",IPOTEŞTI,SV,1514,35,1,0,36,140,8,0,148,234,20,0,254,261,26,0,287,456,37,0,493,552,47,0,599
146290,368,"ȘCOALA PRIMARĂ IPOTEȘTI",IPOTEŞTI,SV,1138,24,4,0,28,109,5,0,114,171,13,0,184,194,13,0,207,328,21,0,349,392,27,0,419
146316,369,"ŞCOALA PRIMARĂ TIŞĂUŢI",TIŞĂUŢI,SV,983,19,1,0,20,53,8,0,61,96,13,0,109,120,14,0,134,282,37,0,319,349,53,0,402
146307,370,"ŞCOALA PRIMARĂ LISAURA",LISAURA,SV,905,11,2,0,13,50,7,0,57,88,8,0,96,128,12,0,140,258,27,0,285,346,39,0,385
149192,371,"PRIMARIA IZVOARELE SUCEVEI","IZVOARELE SUCEVEI",SV,715,5,0,0,5,17,1,0,18,30,3,0,33,52,5,0,57,156,8,0,164,210,13,0,223
149209,372,"SCOALA PRIMARĂ BOBEICA",BOBEICA,SV,346,5,5,0,10,11,5,0,16,14,5,0,19,26,5,0,31,94,9,0,103,102,9,0,111
149218,373,"SCOALA GIMNAZIALĂ BRODINA - IZVOARELE SUCEVEI",BRODINA,SV,585,0,0,0,0,7,1,0,8,10,2,0,12,13,3,0,16,122,31,0,153,153,36,0,189
149307,374,"SCOALA CU CLASELE I-VIII NR. 2 MARGINEA",MARGINEA,SV,1621,21,0,0,21,83,0,0,83,139,4,0,143,207,5,0,212,511,13,0,524,634,15,0,649
149307,375,"LICEUL TEHNOLOGIC VASILE GHERASIM MARGINEA",MARGINEA,SV,1673,6,1,0,7,50,1,0,51,84,8,0,92,120,10,0,130,413,26,0,439,512,33,0,545
149307,376,"LICEUL TEHNOLOGIC VASILE GHERASIM MARGINEA",MARGINEA,SV,1575,10,2,0,12,43,3,0,46,122,8,0,130,150,10,0,160,458,12,0,470,597,17,0,614
149307,377,"LICEUL TEHNOLOGIC VASILE GHERASIM MARGINEA",MARGINEA,SV,1694,11,1,0,12,61,4,0,65,101,7,0,108,142,9,0,151,460,21,0,481,583,27,0,610
149307,378,"SCOALA CU CLASELE I-VIII NR. 3 MARGINEA",MARGINEA,SV,1809,9,0,0,9,42,6,0,48,101,13,0,114,139,24,0,163,447,73,0,520,567,76,0,643
149325,379,"PRIMARIA MALINI",MĂLINI,SV,1304,10,2,0,12,26,7,0,33,39,8,0,47,61,14,0,75,272,20,0,292,430,31,0,461
149325,380,"SCOALA GIMNAZIALA SUHA",MĂLINI,SV,1529,8,0,0,8,20,3,0,23,34,6,0,40,63,7,0,70,275,16,0,291,422,23,0,445
149343,381,"SCOALA GIMNAZIALAPIRAIE",PÎRAIE,SV,1548,8,2,0,10,23,8,0,31,33,9,0,42,47,9,0,56,310,11,0,321,487,21,0,508
149352,382,"SCOALA GIMNAZIALA POIANA MARULUI","POIANA MĂRULUI",SV,1025,0,0,0,0,8,0,0,8,17,3,0,20,22,5,0,27,174,11,0,185,239,15,0,254
149361,383,"SCOALA GIMNAZIALA VALENI-STANISOARA",VĂLENI-STÎNIŞOARA,SV,649,2,0,0,2,6,2,0,8,17,3,0,20,34,3,0,37,154,14,0,168,242,17,0,259
149389,384,"ŞCOALA GIMNAZIALĂ MĂNĂSTIREA HUMORULUI","MĂNĂSTIREA HUMORULUI",SV,992,6,0,0,6,28,0,0,28,48,1,0,49,61,3,0,64,163,4,0,167,216,11,0,227
149389,385,"ŞCOALA GIMNAZIALĂ MĂNĂSTIREA HUMORULUI","MĂNĂSTIREA HUMORULUI",SV,1056,9,0,0,9,25,4,0,29,36,6,0,42,64,9,0,73,147,23,0,170,215,41,0,256
149398,386,"CASA POLONĂ ”DOM POLSKI”",PLEŞA,SV,171,1,2,0,3,1,6,0,7,2,8,0,10,17,10,0,27,30,10,0,40,34,11,0,45
149405,387,"ŞCOALA GIMNAZIALĂ ""KRYSTINA BOCHENEK"" POIANA MICULUI","POIANA MICULUI",SV,495,0,0,0,0,2,1,0,3,4,9,0,13,11,9,0,20,101,10,0,111,118,12,0,130
149405,388,"FOSTA ""ŞCOALĂ PRIMARĂ NR. .1 POIANA MICULUI""","POIANA MICULUI",SV,346,2,1,0,3,12,4,0,16,16,6,0,22,34,6,0,40,82,14,0,96,110,15,0,125
146334,389,"CAMINUL CULTURAL AL COMUNEI MITOCU DRAGOMIRNEI","MITOCU DRAGOMIRNEI",SV,1447,13,0,0,13,60,21,0,81,96,24,0,120,121,31,0,152,335,65,0,400,468,76,0,544
146334,390,"GRĂDINIŢA CU PROGRAM NORMAL NR. 1","MITOCU DRAGOMIRNEI",SV,1434,19,1,0,20,67,6,0,73,109,15,0,124,160,19,0,179,405,49,0,454,574,64,1,639
146361,391,"ŞCOALA PRIMARĂ ""IONCREANGĂ"" MITOCAŞI",MITOCAŞI,SV,702,2,1,0,3,20,3,0,23,28,4,0,32,46,6,0,52,138,18,0,156,240,23,0,263
146352,392,"ŞCOALA PRIMARĂ LIPOVENI",LIPOVENI,SV,390,2,0,0,2,11,0,0,11,16,0,0,16,18,5,0,23,73,6,0,79,98,7,0,105
149423,393,PRIMARIE,"MOARA NICA",SV,1477,8,2,0,10,38,3,0,41,66,6,0,72,84,7,0,91,272,7,0,279,376,8,0,384
149423,394,"SCOALA GENERALA MOARA NICA","MOARA NICA",SV,1124,6,0,0,6,42,3,0,45,55,6,0,61,63,10,0,73,199,18,0,217,266,29,0,295
149478,395,"SCOALA GENERALA MOARA CARP","MOARA CARP",SV,709,8,1,0,9,35,1,0,36,38,3,0,41,52,3,0,55,146,8,0,154,207,13,0,220
149441,396,"SCOALA GENERALA FRUMOASA",FRUMOASA,SV,201,2,2,0,4,10,5,0,15,14,5,0,19,19,5,0,24,61,12,0,73,73,17,0,90
149469,397,"SCOALA GENERALA LITENI",LITENI,SV,737,1,0,0,1,18,3,0,21,23,4,0,27,30,5,0,35,107,15,0,122,161,16,0,177
149487,398,"SCOALA GENERALA VORNICENII MARI","VORNICENII MARI",SV,215,1,0,0,1,9,5,0,14,10,5,0,15,12,6,0,18,39,9,0,48,49,17,0,66
149511,399,"PRIMĂRIA COM MOLDOVA SULIȚA",MOLDOVA-SULIŢA,SV,1042,4,1,0,5,14,6,0,20,29,8,0,37,54,8,0,62,218,14,0,232,259,16,0,275
149520,400,"ȘCOALA PRIMARĂ BENIA",BENIA,SV,531,2,0,0,2,18,0,0,18,25,1,0,26,40,1,0,41,138,7,0,145,179,11,0,190
149548,401,"SALA DE SPECTACOLE",MOLDOVIŢA,SV,1887,18,4,0,22,56,15,0,71,79,15,0,94,116,19,0,135,350,33,0,383,424,44,0,468
149557,402,"ŞCOALA GIMNAZIALĂ ARGEL",ARGEL,SV,823,4,1,0,5,7,4,0,11,20,4,0,24,26,5,0,31,143,8,0,151,204,16,0,220
149566,403,"GRĂDINIŢA CU PROGRAM NORMAL DEMACUŞA",DEMACUŞA,SV,808,3,0,0,3,11,0,0,11,25,1,0,26,31,1,0,32,140,6,0,146,198,12,0,210
149575,404,"GRĂDINIŢA CU PROGRAM NORMAL RAŞCA",RAŞCA,SV,655,0,0,0,0,11,0,0,11,14,0,0,14,33,0,0,33,107,4,0,111,147,11,0,158
149593,405,"CĂMINUL CULTURAL BAINEŢ",BAINEŢ,SV,251,4,2,0,6,10,2,0,12,14,3,0,17,20,3,0,23,68,9,0,77,79,13,0,92
149619,406,"CĂMINUL CULTURAL CLIMĂUŢI",CLIMĂUŢI,SV,318,0,4,0,4,6,4,0,10,9,4,0,13,19,6,0,25,44,9,0,53,63,15,0,78
149646,407,"CLĂDIREA ""DOM POLSKI"" VICŞANI",VICŞANI,SV,187,3,3,0,6,3,3,0,6,7,3,0,10,22,4,0,26,48,6,0,54,54,7,0,61
149628,408,"ŞCOALA CU CL.I-IV MUŞENIŢA",MUŞENIŢA,SV,309,2,2,0,4,8,2,0,10,14,4,0,18,14,4,0,18,70,10,0,80,87,13,0,100
149637,409,"CĂMINUL CULTURAL VĂŞCĂUŢI",VĂŞCĂUŢI,SV,501,3,0,0,3,6,2,0,8,14,5,0,19,16,6,0,22,46,9,0,55,77,13,0,90
149664,410,"ŞCOALA GIMNAZIALĂOSTRA",OSTRA,SV,2118,8,0,0,8,47,0,0,47,65,3,0,68,99,3,0,102,332,6,0,338,455,7,0,462
149664,411,"CASA DE TIP FAMILIAL ""CIREŞARII""",OSTRA,SV,678,1,6,0,7,15,9,0,24,18,9,0,27,24,10,0,34,90,10,0,100,151,15,1,167
149691,412,"ȘCOALA GIMNAZIALĂ PANACI",PANACI,SV,669,4,9,0,13,15,9,0,24,25,13,0,38,36,14,0,50,192,23,0,215,280,32,0,312
149717,413,"SCOALA CU CLASELE I-IV COVERCA",COVERCA,SV,666,6,0,0,6,22,0,0,22,30,0,0,30,42,0,0,42,238,6,1,245,346,13,1,360
149744,414,"ȘCOALA CU CLASELE I-IV PĂLTINIȘ",PĂLTINIŞ,SV,269,1,1,0,2,18,6,0,24,25,8,0,33,35,8,0,43,107,16,0,123,132,19,0,151
149735,415,"CAMIN CULTURAL GLODU",GLODU,SV,282,3,2,0,5,11,4,0,15,15,7,0,22,26,7,0,33,106,10,0,116,137,16,0,153
149762,416,"CĂMINUL CULTURAL PĂLTINOASA",PĂLTINOASA,SV,1253,11,4,0,15,31,22,0,53,59,29,0,88,82,30,0,112,258,46,0,304,421,64,0,485
149762,417,"ŞCOALA GIMNAZIALĂ PĂLTINOASA",PĂLTINOASA,SV,1366,13,0,0,13,38,2,0,40,52,2,0,54,86,3,0,89,356,13,0,369,548,27,0,575
149771,418,"CĂMINUL CULTURAL CAPU CODRULUI","CAPU CODRULUI",SV,921,6,3,0,9,42,3,0,45,49,5,0,54,88,6,0,94,194,11,0,205,292,13,0,305
149771,419,"ŞCOALA GIMNAZIALĂ BOGDAN VODĂ CAPU CODRULUI","CAPU CODRULUI",SV,1222,4,7,0,11,22,8,0,30,35,10,0,45,60,11,0,71,282,14,0,296,454,15,3,472
149842,420,"PRIMARIA COMUNEI PATRAUTI",PĂTRĂUŢI,SV,2024,18,0,0,18,90,10,0,100,158,13,0,171,210,18,0,228,488,44,0,532,609,51,0,660
149842,421,"CAMINUL CULTURAL VECHI PATRAUTI",PĂTRĂUŢI,SV,1865,11,8,0,19,32,16,0,48,61,19,0,80,86,20,0,106,349,31,0,380,702,45,0,747
149799,422,"LICEUL TEHNOLOGIC ”NICANOR MOROȘAN” PÎRTEȘTII DE JOS","PÎRTEŞTII DE JOS",SV,1592,12,2,0,14,50,5,0,55,85,6,0,91,108,7,0,115,390,26,0,416,531,42,2,575
149806,423,"ŞCOALA DELENI",DELENI,SV,574,2,1,0,3,22,6,0,28,29,6,0,35,44,7,0,51,124,19,0,143,166,22,0,188
149824,424,"ŞCOALA VÂRFU DEALULUI","VÎRFU DEALULUI",SV,138,2,0,0,2,2,4,0,6,2,6,0,8,3,7,0,10,20,9,0,29,31,12,0,43
149860,425,"PRIMĂRIA POIANA STAMPEI","POIANA STAMPEI",SV,1603,18,0,0,18,82,1,0,83,115,4,0,119,154,4,0,158,493,14,0,507,638,23,0,661
149888,426,"COMPLEX SOCIAL DORNISOARA",DORNIŞOARA,SV,253,5,3,0,8,27,4,0,31,35,9,0,44,43,10,0,53,106,19,0,125,122,19,0,141
146726,427,"PRIMĂRIA POIENI-SOLCA",POIENI-SOLCA,SV,1714,6,0,0,6,29,2,0,31,55,2,0,57,81,4,0,85,359,14,0,373,503,27,0,530
149940,428,"ŞCOALA CU CLASELE I-IV POJORÎTA",POJORÎTA,SV,796,11,5,0,16,41,72,12,125,68,76,12,156,99,80,12,191,234,90,12,336,276,98,13,387
149940,429,"ŞCOALA GIMNAZIALĂ POJORÎTA",POJORÎTA,SV,1415,18,2,0,20,75,17,0,92,111,21,1,133,157,26,1,184,362,32,1,395,473,34,1,508
149959,430,"CĂMINUL CULTURAL VALEA PUTNEI","VALEA PUTNEI",SV,297,10,0,0,10,16,3,0,19,23,3,0,26,33,3,0,36,67,5,0,72,83,7,0,90
149986,431,"ŞCOALA GIMNAZIALĂ ARGHIRA",ARGHIRA,SV,927,4,4,0,8,19,8,0,27,34,11,0,45,63,13,0,76,187,33,0,220,271,45,0,316
149995,432,"ŞCOALA GIMNAZIALĂ BASARABI",BASARABI,SV,1420,5,0,0,5,20,1,0,21,28,2,0,30,44,6,0,50,300,18,0,318,406,20,0,426
150007,433,"ŞCOALA PRIMARĂ BAHNA ARIN","BAHNA ARIN",SV,178,2,0,0,2,24,0,0,24,29,0,0,29,31,0,0,31,83,10,0,93,101,13,0,114
149977,434,"CĂMINUL CULTURAL PREUTEŞTI",PREUTEŞTI,SV,1529,22,2,0,24,39,8,0,47,65,9,0,74,102,11,0,113,481,39,0,520,625,51,0,676
150025,435,"ŞCOALA PRIMARĂ HUŞI",HUŞI,SV,559,10,4,0,14,33,7,0,40,47,7,0,54,60,11,0,71,183,19,0,202,262,21,0,283
150034,436,"ŞCOALA GIMNAZIALĂ LEUCUŞEŞTI",LEUCUŞEŞTI,SV,924,12,2,0,14,39,3,0,42,57,7,0,64,66,8,0,74,241,19,0,260,407,31,0,438
150052,437,"CĂMINUL CULTURAL PUTNA- SALA CĂSĂTORIILOR",PUTNA,SV,1300,25,6,0,31,180,33,0,213,206,61,0,267,221,70,0,291,415,91,0,506,537,98,0,635
150052,438,"CĂMINUL CULTURAL PUTNA- SALA DE ŞEDINŢE",PUTNA,SV,793,9,4,0,13,56,12,0,68,89,36,0,125,101,39,0,140,217,49,0,266,289,58,0,347
150061,439,"CĂMINUL CULTURAL GURA PUTNEI","GURA PUTNEI",SV,1096,2,0,0,2,17,0,0,17,33,0,0,33,49,0,0,49,245,2,0,247,370,10,0,380
150089,440,"PRIMĂRIA COMUNEI RĂDĂŞENI",RĂDĂŞENI,SV,1067,9,3,0,12,28,12,0,40,35,12,0,47,59,12,0,71,220,35,0,255,350,51,0,401
150089,441,"PRIMĂRIA COMUNEI RĂDĂŞENI",RĂDĂŞENI,SV,1174,2,5,0,7,31,5,0,36,56,6,0,62,91,8,0,99,263,24,0,287,378,36,0,414
150098,442,"ȘCOALA MIHAI NICULĂIASA, SAT LĂMĂȘENI",LĂMĂŞENI,SV,1045,7,0,0,7,19,3,0,22,29,5,0,34,61,5,0,66,281,20,0,301,393,26,1,420
150105,443,"ȘCOALA POCOLENI",POCOLENI,SV,165,1,0,0,1,9,0,0,9,12,0,0,12,13,2,0,15,46,8,0,54,51,12,0,63
150123,444,"CĂMIN CULTURALRÎŞCA",RÎŞCA,SV,1532,5,2,0,7,27,5,0,32,41,7,0,48,60,8,0,68,309,26,0,335,444,31,0,475
150123,445,"ŞCOALA GENERALĂ RÎŞCA 3",RÎŞCA,SV,728,5,3,0,8,13,3,0,16,25,5,0,30,29,5,0,34,170,11,0,181,246,19,0,265
150150,446,"ȘCOALA JAHALIA",JAHALIA,SV,248,1,4,0,5,7,5,0,12,9,6,0,15,13,8,0,21,37,10,0,47,70,14,0,84
150132,447,"ȘCOALA PRIMARĂ NR. 2 RÎȘCA",BUDA,SV,604,4,7,0,11,11,11,0,22,14,12,0,26,26,13,0,39,150,33,4,187,214,32,4,250
150141,448,"ȘCOALA DUMBRĂVENI",DUMBRĂVENI,SV,318,6,2,0,8,11,3,0,14,13,3,0,16,13,5,0,18,98,12,0,110,116,14,0,130
150169,449,"ȘCOALA SLĂTIOARA",SLĂTIOARA,SV,635,7,0,0,7,21,2,0,23,28,8,0,36,35,8,0,43,178,21,0,199,231,27,0,258
150187,450,"CĂMINUL CULTURAL SADOVA",SADOVA,SV,1127,12,0,0,12,36,1,0,37,68,3,0,71,85,4,0,89,212,10,0,222,286,15,0,301
150187,451,"ŞCOALA GENERALĂ FUNDU SADOVEI",SADOVA,SV,938,6,0,0,6,16,0,0,16,33,0,0,33,88,0,0,88,245,9,0,254,347,11,0,358
150203,452,"CAMIN CULTURAL","SATU MARE",SV,1172,13,0,0,13,34,3,0,37,43,3,0,46,57,3,0,60,220,7,0,227,301,14,0,315
150203,453,"SCOALA GIMNAZIALA SATU MARE","SATU MARE",SV,1203,7,2,0,9,32,3,1,36,45,5,1,51,57,5,1,63,238,14,1,253,308,19,1,328
150212,454,"SCOALA GIMNAZIALA SAT TIBENI",ŢIBENI,SV,1156,9,0,0,9,18,0,0,18,37,0,0,37,54,1,0,55,175,5,0,180,250,10,0,260
150230,455,"CĂMINUL CULTURAL SIMINICEA",SIMINICEA,SV,1257,21,3,0,24,47,3,0,50,87,3,0,90,107,3,0,110,213,12,0,225,292,15,0,307
150230,456,"SCOALA GIMNAZIALA SIMINICEA",SIMINICEA,SV,850,6,0,0,6,27,2,0,29,46,4,0,50,54,5,0,59,143,17,0,160,197,26,0,223
150249,457,"SCOALA PRIMARA GRIGORESTI",GRIGOREŞTI,SV,260,0,1,0,1,7,8,0,15,14,9,0,23,19,11,0,30,50,22,0,72,60,29,0,89
150267,458,"PRIMARIA COMUNEI SLATINA",SLATINA,SV,1558,8,2,0,10,18,2,0,20,35,5,34,74,59,5,35,99,582,33,35,650,635,36,35,706
150285,459,"CĂMINUL CULTURAL HERLA",HERLA,SV,1100,9,4,0,13,35,4,0,39,65,6,0,71,106,7,0,113,403,25,0,428,545,36,9,590
150276,460,"ȘCOALA GIMNAZIALĂ GĂINEȘTI",GĂINEŞTI,SV,1625,9,0,0,9,41,5,0,46,69,5,18,92,113,5,18,136,500,21,18,539,780,32,18,830
150301,461,"GRĂDINIŢA DE COPII NR. 1 STRAJA",STRAJA,SV,1247,3,4,0,7,26,6,0,32,47,6,0,53,60,6,0,66,236,10,0,246,407,14,0,421
150301,462,"GRĂDINIŢA DE COPII NR. 3STRAJA",STRAJA,SV,1112,5,1,0,6,27,8,0,35,35,12,0,47,46,12,0,58,216,18,0,234,318,21,0,339
150301,463,"PRIMĂRIA COMUNEI STRAJA",STRAJA,SV,1162,4,3,0,7,38,8,0,46,63,11,0,74,85,13,0,98,247,19,0,266,331,24,0,355
150301,464,"GRĂDINIŢA DE COPII NR. 2STRAJA",STRAJA,SV,990,11,3,0,14,63,10,0,73,107,11,0,118,122,11,0,133,270,12,1,283,370,16,1,387
150329,465,"ŞCOALA GIMNAZIALĂ STROIEŞTI, SALA DE SPORT",STROIEŞTI,SV,1151,6,0,0,6,28,2,0,30,50,5,0,55,69,6,0,75,256,12,0,268,303,15,0,318
150329,466,"ŞCOALA GIMNAZIALĂ STROIEŞTI, SALA DE CLASĂ",STROIEŞTI,SV,984,9,0,0,9,26,4,0,30,39,5,0,44,44,7,0,51,144,20,0,164,223,24,0,247
150347,467,"SCOALA CU CLASELE I - IV ,, ILIE GRAMADA""",ZAHAREŞTI,SV,612,6,0,0,6,9,3,0,12,13,5,0,18,19,5,0,24,105,19,0,124,189,26,0,215
150365,468,"CAMINUL CULTURAL STULPICANI",STULPICANI,SV,1139,11,1,0,12,29,1,0,30,79,5,0,84,100,6,0,106,255,11,0,266,340,14,0,354
150365,469,"GRĂDINIŢACU PROGRAM NORMAL STULPICANI",STULPICANI,SV,1190,9,6,0,15,24,6,0,30,54,9,0,63,80,11,0,91,274,15,0,289,354,16,0,370
150383,470,"CĂMINUL CULTURAL NEGRILESA",NEGRILEASA,SV,839,5,4,0,9,18,5,0,23,26,5,0,31,36,8,0,44,151,8,0,159,245,9,0,254
150409,471,"ŞCOALA PRIMARĂ VADU NEGRILESEI","VADU NEGRILESEI",SV,465,4,3,0,7,9,3,0,12,14,3,0,17,35,4,0,39,144,14,0,158,181,20,0,201
150374,472,"ŞCOALA GIMNAZIALĂ GEMENEA",GEMENEA,SV,645,4,0,0,4,8,0,0,8,13,2,0,15,30,4,0,34,126,10,0,136,172,12,0,184
150392,473,"CĂMINUL CULTURAL SLĂTIOARA",SLĂTIOARA,SV,501,1,3,0,4,14,5,0,19,20,8,0,28,29,8,0,37,131,12,0,143,168,14,0,182
150427,474,"SCOALA GIMNAZIALĂ DIMITRIE VATAMANIUC",SUCEVIŢA,SV,1372,23,0,0,23,116,13,0,129,151,31,0,182,179,31,0,210,406,57,2,465,458,68,2,528
150436,475,"CĂMINUL CULTURAL VOIEVODEASA",VOIEVODEASA,SV,1035,12,5,0,17,62,8,0,70,100,10,0,110,134,11,0,145,380,14,0,394,446,22,0,468
150454,476,"SCOALA GIMNAZIALA NEAGRA SARULUI","NEAGRA ŞARULUI",SV,1609,24,0,0,24,90,4,0,94,120,5,0,125,160,8,0,168,391,23,1,415,559,28,1,588
150515,477,"SCOALA CU CLASELE I-VIII SARU DORNEI","ŞARU DORNEI",SV,943,6,0,0,6,17,2,0,19,29,3,0,32,50,4,0,54,212,15,0,227,287,19,0,306
150463,478,"SCOALA CU CLASELE I-IV GURA HAITII","GURA HAITII",SV,485,6,0,0,6,20,0,0,20,31,0,0,31,56,2,0,58,150,5,0,155,188,7,0,195
150490,479,"SCOALA CU CLASELE I-IV SARISORU MARE","SĂRIŞORU MARE",SV,451,1,0,0,1,12,0,0,12,20,0,0,20,26,3,0,29,127,4,0,131,164,4,0,168
146478,480,"CAMIN CULTURAL","SFÎNTU ILIE",SV,1442,11,2,0,13,59,5,0,64,109,7,0,116,124,9,0,133,296,15,0,311,385,18,0,403
146478,481,"CAMIN CULTURAL","SFÎNTU ILIE",SV,1750,13,4,0,17,54,5,0,59,93,5,0,98,122,5,0,127,284,13,0,297,363,22,0,385
146450,482,"CAMIN CULTURAL",FLORINTA,SV,172,0,0,0,0,3,0,0,3,4,0,0,4,5,6,0,11,33,8,0,41,42,8,0,50
146441,483,"ȘCOALA GIMNAZIALĂ ”DIMITRIE PĂCURARIU” ȘCHEIA",ŞCHEIA,SV,1718,15,0,0,15,67,24,0,91,124,41,0,165,159,41,0,200,386,60,0,446,504,79,0,583
146441,484,"ȘCOALA GIMNAZIALĂ ”DIMITRIE PĂCURARIU” ȘCHEIA",ŞCHEIA,SV,1490,20,3,0,23,56,6,0,62,92,8,0,100,115,8,0,123,310,21,0,331,389,25,0,414
146469,485,"ŞCOALA GIMNAZIALĂ",MIHOVENI,SV,1820,15,0,0,15,50,2,0,52,71,3,0,74,139,6,0,145,378,27,0,405,461,32,0,493
147624,486,"CAMIN CULTURAL SERBAUTI",ŞERBĂUŢI,SV,1620,6,0,0,6,35,2,0,37,66,4,0,70,81,7,0,88,295,23,0,318,408,34,0,442
147615,487,"CAMIN CULTURAL CALINESTI",CĂLINEŞTI,SV,983,3,1,0,4,14,4,0,18,26,6,0,32,41,11,0,52,207,19,0,226,274,21,0,295
150533,488,"SCOALA GIMNAZIALĂ TODIREŞTI",TODIREŞTI,SV,1216,10,0,0,10,28,3,0,31,47,3,0,50,70,6,0,76,249,29,0,278,302,38,0,340
150542,489,"SCOALA GIMNAZIALĂ ""VASILE BUMBAC"" COSTÎNA",COSTÎNA,SV,931,7,6,0,13,30,12,0,42,45,14,0,59,51,15,0,66,179,35,21,235,273,46,21,340
150551,490,"SCOALA GIMNAZIALĂ PĂRHĂUŢI",PĂRHĂUŢI,SV,1015,4,3,0,7,19,7,0,26,28,8,0,36,57,9,0,66,156,16,0,172,188,22,0,210
150579,491,"SCOALA GIMNAZIALĂ ""I.V.RACHIERU"" SOLONEŢ",SOLONEŢ,SV,1294,5,0,0,5,20,6,0,26,41,8,0,49,50,8,0,58,191,18,0,209,239,25,0,264
150597,492,"PRIMĂRIA COMUNEI UDEŞTI",UDEŞTI,SV,1976,23,1,0,24,68,7,0,75,94,9,0,103,146,13,0,159,393,51,0,444,510,62,1,573
150640,493,"CĂMINUL CULTURAL POIENI - SUCEAVA",POIENI-SUCEAVA,SV,466,5,2,0,7,36,10,0,46,67,16,0,83,76,20,0,96,148,37,0,185,202,41,0,243
150604,494,"CĂMINUL CULTURAL CHILIŞENI",CHILIŞENI,SV,628,5,1,0,6,15,3,0,18,20,4,0,24,36,7,0,43,150,10,0,160,302,22,0,324
150695,495,"CĂMINUL CULTURAL ŞTIRBĂŢ",ŞTIRBĂŢ,SV,455,8,3,0,11,22,6,0,28,50,12,0,62,68,13,0,81,135,30,0,165,163,38,0,201
150659,496,"CĂMINUL CULTURAL RACOVA",RACOVA,SV,240,3,1,0,4,10,1,0,11,19,2,0,21,28,3,0,31,93,13,0,106,111,15,0,126
150677,497,"ŞCOALA PRIMARĂ RUŞII - MĂNĂSTIOARA",RUŞII-MĂNĂSTIOARA,SV,426,8,1,0,9,26,3,0,29,37,3,0,40,47,11,0,58,114,29,0,143,137,32,0,169
150613,498,"ŞCOALA PRIMARĂ LUNCUŞOARA",LUNCUŞOARA,SV,521,14,1,0,15,65,7,0,72,111,9,0,120,120,22,0,142,216,24,0,240,253,29,0,282
150668,499,"ŞCOALA GIMNAZIALĂ REUSENI",REUSENI,SV,522,3,0,0,3,14,2,0,16,28,4,0,32,35,4,0,39,153,23,0,176,194,30,0,224
150631,500,"GRĂDINIŢA CU PROGRAM NORMAL PLĂVĂLARI",PLĂVĂLARI,SV,885,10,3,0,13,48,5,0,53,79,5,0,84,89,6,0,95,297,18,0,315,364,23,0,387
150711,501,"ŞCOALA GIMNAZIALA ULMA",ULMA,SV,551,5,5,0,10,10,5,0,15,16,7,0,23,25,7,0,32,120,8,0,128,145,8,0,153
150739,502,"ŞCOALA GIMNAZIALĂ LUPCINA",LUPCINA,SV,788,5,2,0,7,28,6,0,34,33,7,0,40,40,7,0,47,260,14,0,274,325,36,0,361
150757,503,"SALA DE ŞEDINŢE A CONSILIULUI LOCAL ULMA",NISIPITU,SV,356,2,2,0,4,20,3,0,23,24,3,0,27,32,5,0,37,109,10,0,119,130,11,0,141
150775,504,"ȘCOALA GIMNAZIALĂ NR 1 VADU MOLDOVEI","VADU MOLDOVEI",SV,874,19,1,0,20,45,4,0,49,45,4,0,49,66,8,0,74,270,26,0,296,338,37,14,389
150819,505,"ȘCOALA PRIMARĂ DUMBRĂVIȚA",DUMBRĂVIŢA,SV,826,7,0,0,7,16,0,0,16,24,3,0,27,40,5,0,45,148,21,0,169,196,27,0,223
150864,506,"ȘCOALA GIMNAZIALĂ NIGOTEȘTI",NIGOTEŞTI,SV,358,1,4,0,5,7,6,0,13,15,11,0,26,16,13,0,29,66,18,0,84,86,18,0,104
150855,507,"ȘCOALA PRIMARĂ MOVILENI",MOVILENI,SV,230,1,5,0,6,3,7,0,10,3,7,0,10,5,7,0,12,45,9,0,54,63,9,0,72
150846,508,"ȘCOALA PRIMARĂ MESTECENI",MESTECENI,SV,159,0,5,0,5,4,6,0,10,4,6,0,10,5,7,0,12,33,14,0,47,41,18,0,59
150837,509,"ȘCOALA PRIMARĂ IONEASA",IONEASA,SV,281,5,2,0,7,17,6,0,23,18,7,0,25,23,7,0,30,73,16,0,89,101,20,0,121
150793,510,"CĂMINUL CULTURAL CIUMULEȘTI",CIUMULEŞTI,SV,693,2,2,0,4,58,10,0,68,135,19,0,154,144,21,0,165,253,36,0,289,289,44,0,333
150775,511,"ȘCOALA GIMNAZIALĂ NR 2 VADU MOLDOVEI","VADU MOLDOVEI",SV,322,1,1,0,2,8,4,0,12,15,5,0,20,18,6,0,24,46,17,0,63,61,19,0,80
150908,512,"PRIMĂRIA COMUNEI VALEA MOLDOVEI, JUDEȚUL SUCEAVA","VALEA MOLDOVEI",SV,1329,9,0,0,9,28,11,0,39,35,13,0,48,67,15,0,82,258,21,0,279,336,23,0,359
150926,513,"ȘCOALA PRIMARĂ MIRONU",MIRONU,SV,1561,7,1,0,8,40,1,0,41,55,2,0,57,79,3,0,82,427,11,0,438,594,14,0,608
150944,514,"CĂMIN CULTURAL VAMA",VAMA,SV,994,9,2,0,11,23,4,0,27,35,6,0,41,42,9,0,51,142,15,0,157,177,20,0,197
150944,515,"SCOALA GIMNAZIALĂ ""IORGU G. TOMA"" LOCALUL NR.2",VAMA,SV,1710,10,0,0,10,27,3,16,46,42,8,16,66,69,8,16,93,205,13,16,234,293,18,16,327
150971,516,"ŞCOALA GIMNAZIALĂ ""IORGU G. TOMA"" LOCALUL DIN SATUL STRÂMTURA",STRÎMTURA,SV,1037,3,3,0,6,7,7,0,14,13,7,0,20,28,8,0,36,128,10,2,140,179,48,2,229
150953,517,"ŞCOLA GIMNAZIALĂ ""IORGU G. TOMA"" LOCALUL DIN SATUL MOLID",MOLID,SV,522,8,1,0,9,20,5,0,25,28,6,0,34,38,9,0,47,97,19,0,116,165,20,0,185
150962,518,"ŞCOALA GIMNAZIALĂ ""IORGU G. TOMA"" LOCALUL DIN SATUL PRISACA DORNEI","PRISACA DORNEI",SV,684,8,1,0,9,22,3,0,25,40,3,0,43,61,6,0,67,118,13,0,131,167,24,0,191
150999,519,"CĂMINUL CULTURAL VATRA MOLDOVIȚEI","VATRA MOLDOVIŢEI",SV,1172,11,0,0,11,25,6,0,31,65,10,0,75,76,12,0,88,219,37,0,256,326,47,0,373
150999,520,"ȘCOALA PRIMARĂVALEA STÂNII","VATRA MOLDOVIŢEI",SV,649,6,0,0,6,11,2,0,13,21,5,0,26,26,6,0,32,82,15,0,97,114,15,0,129
151004,521,"SALA POLIVALENTĂ CIUMÂRNA",CIUMÎRNA,SV,381,1,0,0,1,5,1,0,6,10,1,0,11,18,1,0,19,101,11,0,112,122,11,0,133
151013,522,"ȘCOALA GIMNAZIALĂPALTINU",PALTINU,SV,697,5,0,0,5,9,0,0,9,15,0,0,15,24,0,0,24,103,6,0,109,141,12,0,153
151013,523,"ŞCOALA PRIMARĂ SPĂRTURI",PALTINU,SV,671,0,0,0,0,7,0,0,7,12,0,0,12,24,0,0,24,150,4,0,154,207,6,0,213
151031,524,"CAMINUL CULTURAL VERESTI",VEREŞTI,SV,1256,7,0,0,7,35,1,0,36,65,4,0,69,103,7,0,110,246,15,0,261,327,23,0,350
151068,525,"SALA DE SEDINTE A CONSILIULUI LOCAL VERESTI",HANCEA,SV,889,2,0,0,2,6,2,0,8,21,2,0,23,37,2,0,39,210,12,0,222,261,16,0,277
151059,526,"SCOALA GIMNAZIALA COROCAIESTI",COROCĂIEŞTI,SV,1042,9,0,0,9,33,5,0,38,59,9,0,68,78,9,0,87,213,17,0,230,279,20,0,299
151059,527,"CAMINUL CULTURAL COROCAIESTI",COROCĂIEŞTI,SV,1290,8,2,0,10,32,3,0,35,48,3,0,51,80,4,0,84,221,16,0,237,304,21,0,325
151040,528,"SCOALA GIMNAZIALA BURSUCENI",BURSUCENI,SV,1149,11,0,0,11,45,0,0,45,53,5,0,58,80,9,0,89,255,23,0,278,327,23,0,350
151086,529,"SCOALACU CLASELE I-VIII IOAN VICOVEANU","VICOVU DE JOS",SV,1349,11,2,0,13,53,6,0,59,79,12,0,91,92,13,0,105,329,27,0,356,476,35,0,511
151086,530,"SCOALA CU CLASELE I-VIII NR.2 REMEZAU","VICOVU DE JOS",SV,1967,26,2,0,28,75,4,0,79,125,4,0,129,184,4,0,188,567,14,0,581,765,17,0,782
151086,531,"SCOALA CU CLASELE I-IV MARGINE","VICOVU DE JOS",SV,794,2,6,0,8,13,6,0,19,25,6,0,31,31,6,0,37,142,12,0,154,229,14,0,243
151086,532,"GRĂDINIŢA ""POD DABÎCA""","VICOVU DE JOS",SV,1032,15,0,0,15,46,0,0,46,91,1,0,92,100,1,0,101,279,6,0,285,394,8,0,402
148907,533,"CĂMINUL CULTURAL VOITINEL",VOITINEL,SV,1716,6,0,0,6,68,1,23,92,205,7,23,235,252,10,23,285,360,23,23,406,724,35,23,782
148907,534,"SCOALA CU CLASELE I-VIII VOITINEL",VOITINEL,SV,1535,11,0,0,11,84,2,8,94,190,11,8,209,223,12,8,243,425,16,8,449,591,20,8,619
151139,535,"CĂMINUL CULTURAL",VOLOVĂŢ,SV,1661,17,2,0,19,68,2,0,70,108,2,0,110,148,2,0,150,464,3,1,468,603,4,1,608
151139,536,"CĂMINUL CULTURAL",VOLOVĂŢ,SV,1679,28,1,0,29,100,2,0,102,143,3,0,146,179,3,0,182,494,9,0,503,636,20,0,656
151139,537,"PRIMĂRIA COMUNEI VOLOVĂŢ",VOLOVĂŢ,SV,850,11,1,0,12,34,1,0,35,56,1,0,57,72,1,0,73,201,2,1,204,269,7,1,277
151166,538,"ŞCOALA GIMNAZIALĂ ""CONSTANTIN TOMESCU"" PLEŞEŞTI",PLEŞEŞTI,SV,499,1,2,0,3,2,4,0,6,12,8,0,20,21,9,0,30,103,21,0,124,150,25,0,175
151228,539,"ŞCOALA GIMNAZIALĂ VALEA GLODULUI","VALEA GLODULUI",SV,734,14,1,0,15,26,4,0,30,30,4,0,34,40,5,0,45,133,8,0,141,164,11,0,175
151175,540,"SCOALA GIMNAZIALĂ GIURGEŞTI",GIURGEŞTI,SV,590,2,1,0,3,7,2,0,9,10,2,0,12,22,4,0,26,69,12,0,81,100,17,0,117
151184,541,"LOCALUL FOSTEI ŞCOLI HREAŢCA (IMOBIL PROPRIETATEA SOCIETĂŢII COOPERATIVE ""VULTURUL PLEŞUV"" VULTUREŞTI)",HREAŢCA,SV,329,0,1,0,1,5,2,0,7,7,4,0,11,13,5,0,18,54,12,0,66,70,14,0,84
151200,542,"ŞCOALA CU CLASELE I - IV",MEREŞTI,SV,201,2,0,0,2,2,2,0,4,11,5,0,16,12,7,0,19,47,13,0,60,66,22,0,88
151193,543,"LOCALUL FOSTEI ŞCOLI JACOTA",JACOTA,SV,114,1,2,0,3,5,3,0,8,8,4,0,12,8,7,0,15,21,11,0,32,29,14,0,43
151219,544,"SCOALA PRIMARĂ OSOI",OSOI,SV,275,4,3,0,7,7,3,0,10,8,3,0,11,12,6,0,18,57,13,0,70,75,19,0,94
151255,545,"CĂMINUL CULTURAL ZAMOSTEA",ZAMOSTEA,SV,1234,3,2,0,5,24,6,0,30,40,8,0,48,69,9,0,78,282,18,0,300,423,36,0,459
151273,546,"ȘCOALA PRIMARĂ CIOMÎRTAN",CIOMÎRTAN,SV,465,3,0,0,3,12,4,0,16,16,8,0,24,18,8,0,26,81,11,0,92,158,22,0,180
151308,547,"ȘCOALA PRIMARĂ LUNCA",LUNCA,SV,208,1,0,0,1,6,2,0,8,6,2,0,8,17,3,0,20,51,10,0,61,67,10,0,77
151317,548,"ȘCOALA PRIMARĂ NICANI",NICANI,SV,409,2,4,0,6,16,7,0,23,28,7,0,35,31,8,0,39,119,10,0,129,154,16,0,170
151335,549,"ȘCOALA PRIMARĂ TĂUTEȘTI",TĂUTEŞTI,SV,150,0,0,0,0,5,5,0,10,12,5,0,17,19,6,0,25,54,8,0,62,63,16,0,79
151353,550,"ŞCOALA GENERALĂ ZVORIŞTEA",ZVORIŞTEA,SV,777,8,0,0,8,17,2,0,19,24,2,50,76,35,2,50,87,123,16,50,189,159,28,50,237
151371,551,"ŞCOALA GENERALĂ BUDA",DEALU,SV,654,3,0,0,3,13,0,0,13,23,0,0,23,30,0,0,30,105,14,0,119,118,16,0,134
151362,552,"ŞCOALA GENERALĂ BUDA",BUDA,SV,930,7,0,0,7,27,0,0,27,46,0,0,46,64,0,0,64,218,8,0,226,263,12,0,275
151415,553,"CASA DE PRĂZNUIRE A PAROHIEI ORTODOXE STÎNCA",STÎNCA,SV,476,2,5,0,7,8,5,0,13,9,5,0,14,20,6,0,26,50,12,0,62,90,14,0,104
151424,554,"ŞCOALA GENERALĂ STÎNCUŢA",STÎNCUŢA,SV,130,2,0,0,2,2,2,0,4,2,3,0,5,2,6,0,8,29,16,0,45,38,17,0,55
151380,555,"CASA DE PRĂZNUIRE A PAROHIEI ORTODOXE POIANA",POIANA,SV,453,9,1,0,10,44,6,0,50,61,7,0,68,83,14,0,97,176,35,2,213,205,39,2,246
151399,556,"ŞCOALA GENERALĂ ŞERBĂNEŞTI",ŞERBĂNEŞTI,SV,925,8,2,0,10,22,2,0,24,32,3,1,36,60,3,1,64,199,20,1,220,259,24,1,284
151406,557,"CASA DE PRĂZNUIRE A PAROHIEI ORTODOXE SLOBOZIA",SLOBOZIA,SV,490,1,2,0,3,6,4,0,10,16,9,0,25,27,9,0,36,75,17,0,92,106,18,0,124
146478,558,"CĂMINUL CULTURAL, SAT SFÎNTU ILIE","SFÎNTU ILIE",SV,717,2,8,0,10,19,8,0,27,43,8,0,51,49,8,0,57,104,10,0,114,157,11,0,168
159623,1,"GRĂDINIŢA CU PROGRAM PRELUNGIT NR.18",TULCEA,TL,1081,7,1,0,8,26,3,0,29,38,7,0,45,49,7,0,56,91,10,0,101,108,11,0,119
159623,2,"GRĂDINIŢA CU PROGRAM PRELUNGIT NR.18",TULCEA,TL,1318,8,0,0,8,39,5,0,44,61,7,1,69,82,7,1,90,122,9,1,132,144,12,1,157
159623,3,"ŞCOALA GIMNAZIALĂ"" ION LUCA CARAGIALE""",TULCEA,TL,1836,16,0,0,16,59,2,0,61,72,2,0,74,91,3,0,94,168,12,0,180,197,14,0,211
159623,4,"ŞCOALA GIMNAZIALĂ"" ION LUCA CARAGIALE""",TULCEA,TL,1758,17,3,0,20,70,5,0,75,93,5,0,98,110,5,0,115,203,8,0,211,222,11,0,233
159623,5,"ŞCOALA GIMNAZIALĂ"" ION LUCA CARAGIALE""",TULCEA,TL,1799,16,4,0,20,42,4,0,46,57,5,0,62,78,5,0,83,161,15,0,176,178,18,0,196
159623,6,"GRĂDINIŢA CU PROGRAM PRELUNGIT NR.13",TULCEA,TL,1712,9,6,0,15,44,6,0,50,62,8,0,70,83,8,0,91,141,9,0,150,170,11,0,181
159623,7,"LICEUL DE ARTE ""GEORGEGEORGESCU""",TULCEA,TL,1238,29,1,0,30,86,3,0,89,102,5,0,107,134,5,0,139,223,12,0,235,255,17,0,272
159623,8,"LICEUL DE ARTE ""GEORGEGEORGESCU""",TULCEA,TL,1153,12,1,0,13,29,3,0,32,40,3,0,43,66,3,0,69,141,4,0,145,153,229,0,382
159623,9,"LICEUL DE ARTE ""GEORGEGEORGESCU""",TULCEA,TL,1356,6,0,0,6,26,3,0,29,48,4,0,52,67,4,0,71,121,5,0,126,155,7,237,399
159623,10,"LICEUL DE ARTE ""GEORGEGEORGESCU""",TULCEA,TL,980,15,0,0,15,61,7,0,68,73,18,0,91,96,20,0,116,152,30,0,182,176,35,0,211
159623,11,"LICEUL DE ARTE ""GEORGEGEORGESCU""",TULCEA,TL,977,15,0,0,15,47,7,0,54,54,7,0,61,71,7,0,78,136,8,0,144,154,9,0,163
159623,12,"GRĂDINIŢA CU PROGRAM PRELUNGIT NR.12",TULCEA,TL,1774,31,3,0,34,88,5,0,93,100,6,0,106,145,9,0,154,253,12,0,265,297,14,0,311
159623,13,"LICEUL TEORETIC ""ION CREANGĂ""",TULCEA,TL,1194,16,0,0,16,36,6,0,42,44,7,0,51,63,7,0,70,130,11,0,141,173,12,0,185
159623,14,"LICEUL TEORETIC ""ION CREANGĂ""",TULCEA,TL,990,8,2,0,10,26,5,0,31,42,5,0,47,54,5,0,59,107,5,0,112,127,5,0,132
159623,15,"ŞCOALA GIMNAZIALĂ ""ELENA DOAMNA""",TULCEA,TL,1300,9,5,0,14,43,11,0,54,55,11,0,66,71,11,0,82,151,15,0,166,192,20,0,212
159623,16,"ŞCOALA GIMNAZIALĂ ""ELENA DOAMNA""",TULCEA,TL,1002,6,1,0,7,27,4,0,31,43,5,0,48,50,5,0,55,100,5,0,105,142,6,0,148
159623,17,"SEMINARUL TEOLOGIC ORTODOX ""SF. IOAN CASIAN""",TULCEA,TL,1058,8,5,0,13,27,6,0,33,36,11,0,47,63,15,0,78,126,18,0,144,146,22,0,168
159623,18,"SEMINARUL TEOLOGIC ORTODOX ""SF. IOAN CASIAN""",TULCEA,TL,973,6,1,0,7,43,5,0,48,54,5,0,59,62,6,0,68,112,12,0,124,140,12,0,152
159623,19,"TEATRUL ""JEAN BART""",TULCEA,TL,1678,16,3,0,19,99,12,0,111,140,15,1,156,172,18,1,191,297,25,1,323,358,29,2,389
159623,20,"ŞCOALA GIMNAZIALĂ ""GRIGORE ANTIPA""",TULCEA,TL,1209,16,0,0,16,47,0,0,47,66,1,0,67,77,1,0,78,144,5,1,150,179,7,1,187
159623,21,"ŞCOALA GIMNAZIALĂ ""GRIGORE ANTIPA""",TULCEA,TL,1135,19,1,0,20,56,3,0,59,67,8,0,75,87,12,0,99,164,13,0,177,194,16,0,210
159623,22,"GRĂDINIȚA CU PROGRAM PRELUNGIT ""DRUMBAVA MINUNATĂ""",TULCEA,TL,1838,13,4,0,17,61,10,0,71,89,12,0,101,122,12,0,134,204,14,0,218,244,16,0,260
159623,23,"ŞCOALA GIMNAZIALĂ ""ALEXANDRU CIUCURENCU""",TULCEA,TL,1298,17,6,0,23,72,11,0,83,99,22,0,121,107,22,0,129,194,32,0,226,244,35,0,279
159623,24,"ŞCOALA GIMNAZIALĂ ""ALEXANDRU CIUCURENCU""",TULCEA,TL,1701,28,6,0,34,67,7,0,74,93,11,0,104,109,11,0,120,216,14,0,230,261,17,0,278
159623,25,"ŞCOALA GIMNAZIALĂ ""CONSTANTIN GĂVENEA""",TULCEA,TL,1721,13,4,0,17,54,7,0,61,79,10,0,89,90,11,0,101,182,15,0,197,217,17,0,234
159623,26,"ŞCOALA GIMNAZIALĂ ""CONSTANTIN GĂVENEA""",TULCEA,TL,1444,5,0,0,5,33,1,0,34,46,5,0,51,54,5,0,59,116,7,0,123,152,9,0,161
159623,27,"ŞCOALA GIMNAZIALĂ ""CONSTANTIN GĂVENEA""",TULCEA,TL,1564,6,0,0,6,44,2,0,46,61,4,0,65,72,7,0,79,166,8,0,174,215,12,0,227
159623,28,"PUNCT DE ÎNCASARE TAXE ŞI IMPOZITE LOCALE",TULCEA,TL,1767,13,0,0,13,52,0,0,52,67,0,0,67,95,1,0,96,187,8,0,195,236,14,0,250
159623,29,"LICEUL TEORETIC ""GRIGORE MOISIL""",TULCEA,TL,1309,11,4,0,15,49,9,0,58,69,11,0,80,90,12,0,102,166,16,0,182,195,22,0,217
159623,30,"LICEUL TEORETIC ""GRIGORE MOISIL""",TULCEA,TL,1173,10,4,0,14,41,4,84,129,65,4,84,153,82,4,84,170,154,5,84,243,183,10,84,277
159623,31,"ŞCOALA GIMNAZIALĂ NR.12",TULCEA,TL,1320,10,0,0,10,44,1,0,45,59,1,0,60,92,2,0,94,150,10,1,161,179,13,1,193
159623,32,"ŞCOALA GIMNAZIALĂ NR.12",TULCEA,TL,1446,14,0,0,14,48,1,0,49,64,1,0,65,78,1,0,79,127,5,0,132,147,6,0,153
159623,33,"SALA DE SPORT MULTIFUNCŢIONALĂ",TULCEA,TL,1522,11,0,0,11,56,1,0,57,76,1,0,77,91,1,0,92,172,1,0,173,211,9,0,220
159623,34,"GRĂDINIŢA CU PROGRAM PRELUNGIT NR.17",TULCEA,TL,1635,19,2,0,21,67,3,0,70,92,3,0,95,118,5,0,123,198,8,0,206,233,13,0,246
159623,35,"GRĂDINIŢA CU PROGRAM PRELUNGIT NR.17",TULCEA,TL,1753,11,1,0,12,38,2,0,40,45,3,0,48,54,4,0,58,101,9,0,110,130,16,0,146
159623,36,"COLEGIUL TEHNIC ""HENRY COANDĂ""",TULCEA,TL,1574,7,2,0,9,35,5,0,40,70,9,1,80,92,9,1,102,176,16,1,193,220,22,1,243
159623,37,"BIBLIOTECA JUDEŢEANĂ",TULCEA,TL,1376,18,5,0,23,74,13,0,87,97,16,0,113,128,21,0,149,205,25,0,230,239,25,0,264
159623,38,"COLEGIUL ECONOMIC "" DELTA DUNĂRII""",TULCEA,TL,1222,6,6,0,12,20,9,0,29,27,11,0,38,44,13,0,57,94,17,0,111,109,19,0,128
159623,39,"COLEGIUL ECONOMIC "" DELTA DUNĂRII""",TULCEA,TL,999,0,4,0,4,14,5,0,19,20,6,0,26,26,6,0,32,80,10,0,90,97,10,0,107
159623,40,"S.C. TRANSPORT PUBLIC S.A.",TULCEA,TL,1403,3,0,0,3,25,3,0,28,38,4,0,42,50,4,0,54,98,5,0,103,132,8,0,140
159623,41,"COLEGIUL""ANGHEL SALIGNY""",TULCEA,TL,1604,11,3,0,14,22,4,0,26,29,5,0,34,35,7,0,42,80,7,0,87,112,8,0,120
159623,42,"CASA DE CULTURĂ",TULCEA,TL,1478,7,2,0,9,53,6,0,59,64,6,0,70,89,6,0,95,149,9,0,158,185,11,0,196
159623,43,"CASA DE CULTURĂ",TULCEA,TL,541,6,10,0,16,21,16,0,37,23,16,0,39,34,20,0,54,68,22,0,90,79,29,0,108
159623,44,"COLEGIUL DOBROGEAN ""SPIRU HARET""",TULCEA,TL,1846,11,0,0,11,43,4,0,47,60,5,0,65,84,7,0,91,175,13,0,188,213,20,0,233
159623,45,"ŞCOALA GIMNAZIALĂ ""NIFON BĂLĂŞESCU""",TULCEA,TL,1131,12,0,0,12,37,5,0,42,40,5,0,45,58,5,0,63,122,6,0,128,150,6,0,156
159623,46,"ŞCOALA GIMNAZIALĂ ""NIFON BĂLĂŞESCU""",TULCEA,TL,1568,17,4,0,21,48,6,0,54,67,6,0,73,101,7,0,108,180,14,0,194,221,20,0,241
159623,47,"ŞCOALA GIMNAZIALĂ ""NIFON BĂLĂŞESCU""",TULCEA,TL,1488,9,2,0,11,49,6,0,55,71,6,9,86,105,8,9,122,175,9,9,193,201,12,9,222
159623,48,"ŞCOALA PROFESIONALĂ ""DANUBIUS""",TULCEA,TL,1192,1,0,0,1,21,1,0,22,25,1,0,26,34,3,0,37,84,5,0,89,105,6,0,111
159623,49,"ŞCOALA PROFESIONALĂ ""DANUBIUS""",TULCEA,TL,1162,6,0,0,6,14,0,0,14,19,0,0,19,42,1,0,43,69,2,0,71,89,2,0,91
159623,50,"ŞCOALA PRIMARĂ NR. 9",TULCEA,TL,1194,5,8,0,13,30,9,0,39,36,9,0,45,58,9,0,67,127,11,0,138,156,13,0,169
159623,51,"ŞCOALA PRIMARĂ NR. 9",TULCEA,TL,1357,8,4,0,12,45,5,0,50,58,5,0,63,73,5,0,78,136,5,0,141,163,5,0,168
159623,52,"ŞCOALA GIMNAZIALĂ ""IOAN NENIŢESCU""",TULCEA,TL,1315,11,3,0,14,36,3,0,39,48,4,0,52,78,5,0,83,132,9,0,141,175,12,0,187
159623,53,"ŞCOALA GIMNAZIALĂ ""IOAN NENIŢESCU""",TULCEA,TL,1379,19,3,0,22,37,3,0,40,50,6,0,56,66,6,0,72,135,9,0,144,161,11,0,172
159669,54,"GRUP SCOLAR DIMITRIE CANTEMIR",BABADAG,TL,1480,12,6,0,18,33,6,0,39,47,7,0,54,70,11,0,81,115,12,0,127,131,15,0,146
159669,55,"SCOALA GENERALA NR.1MIRCEA CEL BATRAN",BABADAG,TL,1819,24,1,0,25,60,8,0,68,78,11,0,89,120,14,0,134,196,24,0,220,224,24,0,248
159669,56,"SCOALA GENERALA NR.2",BABADAG,TL,1348,10,0,0,10,27,2,0,29,42,6,0,48,77,6,0,83,131,14,0,145,160,15,0,175
159669,57,"ŞCOALA GENERALĂ NR. 3 “CONSTANTIN BRÂNCOVEANU”",BABADAG,TL,1421,4,0,0,4,13,5,0,18,18,6,0,24,24,6,0,30,33,7,0,40,43,9,0,52
159669,58,"GRĂDINIŢA DE COPII NR.2-VETERANI",BABADAG,TL,604,1,0,0,1,5,0,0,5,7,0,0,7,16,5,0,21,33,5,0,38,44,6,0,50
159669,59,"SALA DE SPORT TOMA AUREL",BABADAG,TL,1289,12,4,0,16,44,5,0,49,65,6,0,71,84,8,0,92,143,8,0,151,162,8,0,170
159696,60,"SEDIUL ADMINISTRATIV AL PRIMĂRIEI ORAȘULUI ISACCEA",ISACCEA,TL,1350,11,0,0,11,29,0,0,29,43,0,0,43,68,1,0,69,125,2,0,127,157,8,1,166
159696,61,"LICEUL TEORETIC “CONSTANTIN BRĂTESCU""",ISACCEA,TL,1154,5,2,0,7,12,2,0,14,20,2,0,22,41,8,0,49,79,12,0,91,99,15,0,114
159696,62,"GRĂDINIŢA “CONSTANTIN BRĂTESCU”",ISACCEA,TL,1322,7,0,0,7,18,5,0,23,31,5,0,36,55,5,0,60,102,6,0,108,112,10,0,122
159712,63,"GRĂDINIȚA CU PROGRAM NORMAL REVĂRSAREA",REVĂRSAREA,TL,407,4,1,0,5,7,1,0,8,10,2,0,12,17,3,0,20,27,11,0,38,33,13,0,46
159749,64,"ŞCOALA GIMNAZIALĂ “GHEORGHE BANEA”",MĂCIN,TL,1265,14,0,0,14,26,4,0,30,36,5,0,41,51,5,0,56,98,7,0,105,128,12,0,140
159749,65,"ŞCOALA GIMNAZIALĂ “GHEORGHE BANEA”",MĂCIN,TL,1374,10,0,0,10,28,4,0,32,39,5,0,44,55,5,0,60,112,7,0,119,146,9,0,155
159749,66,"GRĂDINIŢA NR. 3",MĂCIN,TL,1213,11,0,0,11,22,0,0,22,32,1,0,33,59,2,0,61,105,7,0,112,144,11,0,155
159749,67,"ŞCOALA GIMNAZIALĂ NR. 1",MĂCIN,TL,1628,9,2,0,11,20,3,0,23,29,3,0,32,53,4,0,57,116,6,0,122,156,8,0,164
159749,68,"ŞCOALA GIMNAZIALĂ NR. 1",MĂCIN,TL,1211,17,0,0,17,42,0,0,42,53,0,0,53,70,5,0,75,130,6,0,136,157,6,0,163
159749,69,"LICEUL TEORETIC” GHEORGHE MUNTEANU MURGOCI”",MĂCIN,TL,1435,6,0,0,6,12,0,0,12,16,2,0,18,33,2,0,35,73,6,0,79,95,7,0,102
159749,70,"LICEUL TEORETIC” GHEORGHE MUNTEANU MURGOCI”",MĂCIN,TL,929,3,0,0,3,11,2,0,13,15,2,0,17,20,2,0,22,41,2,0,43,54,5,0,59
159776,71,"SCOALA I- IV - INCAPERE EXPOZITIONALA",SULINA,TL,1045,11,0,0,11,27,1,0,28,36,1,0,37,49,2,0,51,112,3,0,115,140,3,0,143
159776,72,"LICEUL “JEAN BART”, LOCALITATEA SULINA",SULINA,TL,210,3,1,0,4,8,3,0,11,9,3,0,12,11,3,0,14,19,3,0,22,23,4,0,27
159776,73,"LICEUL “JEAN BART”, LOCALITATEA SULINA",SULINA,TL,1088,9,1,0,10,20,1,0,21,27,2,0,29,40,2,0,42,95,5,0,100,121,5,0,126
159776,74,"PRIMĂRIA ORAŞULUI SULINA",SULINA,TL,1111,3,5,0,8,26,16,0,42,38,32,0,70,53,35,0,88,108,42,0,150,134,46,0,180
159794,75,"ŞCOALAGIMNAZIALĂ BAIA",BAIA,TL,1551,27,1,0,28,37,6,0,43,46,7,0,53,76,9,0,85,137,21,0,158,169,23,0,192
159794,76,"ŞCOALA CU CLASELE I-IV BAIA",BAIA,TL,817,10,0,0,10,22,0,0,22,26,0,0,26,40,0,0,40,67,0,0,67,77,0,2,79
159801,77,"ŞCOALA PRIMARĂ CAMENA",CAMENA,TL,309,4,2,0,6,19,4,0,23,21,4,0,25,26,6,0,32,40,7,0,47,51,10,0,61
159810,78,"ŞCOALA CU CLASELE I-IVCAUGAGIA",CAUGAGIA,TL,181,3,5,0,8,4,6,0,10,7,8,0,15,11,9,0,20,16,10,0,26,29,11,0,40
159838,79,"ŞCOALA PRIMARĂ PANDURU",PANDURU,TL,319,0,0,0,0,2,1,0,3,8,1,0,9,10,2,0,12,17,4,0,21,19,6,0,25
159829,80,"ŞCOALA GIMNAZIALĂ CEAMURLIA DE SUS","CEAMURLIA DE SUS",TL,540,4,1,0,5,11,1,0,12,13,1,0,14,14,1,0,15,28,3,0,31,31,4,0,35
159856,81,PUBLICA,BEIDAUD,TL,429,2,5,0,7,15,10,0,25,20,13,0,33,22,14,0,36,70,25,0,95,120,41,0,161
159865,82,"CAMINUL CULTURAL",NEATÎRNAREA,TL,383,3,0,0,3,9,2,0,11,10,3,0,13,16,4,0,20,35,12,0,47,71,16,0,87
159874,83,"CAMINUL CULTURAL","SARIGHIOL DE DEAL",TL,465,7,0,0,7,8,3,0,11,48,5,0,53,60,9,0,69,104,23,0,127,160,41,0,201
160760,84,"ŞCOALA GIMNAZIALĂ BEŞTEPE",BEŞTEPE,TL,1418,9,0,0,9,16,0,0,16,21,3,0,24,54,3,0,57,114,8,0,122,141,12,0,153
160742,85,ŞCOALA,"BĂLTENII DE JOS",TL,57,0,0,0,0,6,1,0,7,6,3,0,9,7,3,0,10,11,10,0,21,12,11,0,23
159918,86,"ŞCOALA PRIMARĂ",LETEA,TL,241,4,0,0,4,6,1,0,7,11,3,0,14,20,3,0,23,25,4,0,29,28,6,0,34
159927,87,"ŞCOALA PRIMARĂ",PERIPRAVA,TL,180,3,0,0,3,7,1,0,8,7,8,0,15,9,8,0,17,16,11,0,27,20,16,0,36
159892,88,"ŞCOALA GIMNAZIALĂ","C.A. ROSETTI",TL,243,7,2,0,9,10,4,0,14,11,4,0,15,18,4,0,22,35,8,1,44,46,10,1,57
159954,89,"ŞCOALA GIMNAZIALA CARCALIU",CARCALIU,TL,1392,8,0,0,8,16,1,0,17,21,3,0,24,47,6,0,53,115,9,0,124,158,9,0,167
159954,90,"ŞCOALA GIMNAZIALA CARCALIU",CARCALIU,TL,1146,6,0,0,6,11,0,0,11,12,4,0,16,36,5,0,41,93,13,0,106,116,15,0,131
159981,91,ŞCOALA,"CIŞMEAUA NOUĂ",TL,36,4,3,0,7,9,4,0,13,13,4,0,17,15,4,0,19,24,5,0,29,27,5,0,32
159972,92,"ŞCOALA GIMNAZIALĂ",CASIMCEA,TL,1115,9,0,0,9,23,2,0,25,38,4,0,42,79,5,0,84,160,18,0,178,196,25,0,221
159990,93,"ŞCOALA PRIMARĂ",CORUGEA,TL,336,4,1,0,5,4,1,0,5,8,1,0,9,15,3,0,18,23,6,0,29,30,6,0,36
160010,94,"ŞCOALA PRIMARĂ",RAHMAN,TL,249,6,0,0,6,15,1,0,16,22,3,0,25,33,3,0,36,58,4,0,62,64,6,0,70
160029,95,"ŞCOALA PRIMARĂ",RĂZBOIENI,TL,495,4,0,0,4,8,0,0,8,11,0,0,11,28,1,0,29,71,5,0,76,92,8,0,100
160109,96,"ȘCOALA GIMNZIALĂ CEMURLIA DE JOS","CEAMURLIA DE JOS",TL,988,8,1,0,9,11,2,0,13,25,4,0,29,30,4,0,34,55,11,0,66,70,12,0,82
160118,97,"ŞCOALA PRIMARĂ LUNCA",LUNCA,TL,1039,4,1,0,5,22,1,0,23,30,5,0,35,48,7,0,55,75,12,0,87,86,12,0,98
160065,98,"ŞCOALA VECHE",PĂTLĂGEANCA,TL,172,3,1,0,4,11,3,0,14,17,5,0,22,19,7,0,26,32,9,0,41,40,14,0,54
160056,99,"CĂMINUL CULTURAL",CEATALCHIOI,TL,387,4,4,0,8,10,6,0,16,13,6,0,19,20,11,0,31,47,16,0,63,59,21,0,80
160074,100,"ŞCOALA VECHE",PLAURU,TL,36,2,4,0,6,3,8,0,11,4,13,0,17,5,13,0,18,10,13,0,23,13,16,0,29
160154,101,"ŞCOALA MIRCEA VODĂ","MIRCEA VODĂ",TL,407,4,3,0,7,6,3,0,9,9,3,0,12,11,4,0,15,34,5,0,39,42,5,1,48
160136,102,"ŞCOALA GIMNAZIALĂ ""PANAIT CERNA""",CERNA,TL,1716,5,0,0,5,29,0,0,29,46,4,0,50,82,6,0,88,168,8,0,176,234,10,0,244
160163,103,"ŞCOALA TRAIAN",TRAIAN,TL,821,2,0,0,2,13,2,0,15,20,4,0,24,32,7,0,39,62,9,0,71,85,20,0,105
160145,104,"ŞCOALA GENERAL PRAPORGESCU","GENERAL PRAPORGESCU",TL,154,2,1,0,3,8,3,0,11,9,3,0,12,10,6,0,16,16,9,0,25,25,11,0,36
160181,105,"CAMIN CULTURAL","CHILIA VECHE",TL,836,4,0,0,4,10,0,0,10,17,11,0,28,32,16,0,48,58,27,0,85,75,27,0,102
160181,106,"CAMIN CULTURAL","CHILIA VECHE",TL,834,5,1,0,6,9,1,0,10,11,2,0,13,26,2,0,28,54,2,0,56,73,7,0,80
160234,107,"ŞCOALA GIMNAZIALĂ",CIUCUROVA,TL,1117,11,4,0,15,21,4,0,25,32,4,0,36,52,5,0,57,107,11,0,118,161,21,0,182
160243,108,"ŞCOALA PRIMARĂ",ATMAGEA,TL,150,0,3,0,3,1,5,0,6,2,5,0,7,2,5,0,7,4,5,0,9,11,9,0,20
160252,109,"ŞCOALA PRIMARĂ","FÎNTÎNA MARE",TL,442,5,2,0,7,13,5,0,18,16,5,0,21,22,7,0,29,45,9,0,54,61,12,0,73
160270,110,"ŞCOALA GIMNAZIALĂ CRISAN",CRIŞAN,TL,380,9,1,0,10,19,16,0,35,19,19,0,38,26,24,0,50,56,39,0,95,66,45,0,111
160289,111,"ŞCOALA PRIMARĂ CARAORMAN",CARAORMAN,TL,249,2,0,0,2,4,0,0,4,6,0,0,6,8,0,0,8,29,1,0,30,36,7,0,43
160298,112,"ŞCOALA GIMNAZIALĂ MILA23","MILA 23",TL,382,5,3,0,8,7,7,0,14,10,20,0,30,16,20,0,36,30,31,0,61,52,40,0,92
160314,113,"ȘCOALA GIMNAZIALĂ DĂENI",DĂENI,TL,1665,4,3,0,7,15,4,0,19,19,5,0,24,37,6,0,43,93,9,0,102,122,10,0,132
160332,114,"SCOALA GIMNAZIALA DOROBANTU",DOROBANŢU,TL,636,7,0,0,7,15,3,0,18,22,7,0,29,37,7,0,44,94,12,0,106,156,17,2,175
160350,115,"ȘCOALA CÎRJELARI",CÎRJELARI,TL,362,3,2,0,5,4,4,0,8,9,5,0,14,10,6,0,16,16,7,0,23,25,11,0,36
160378,116,"ȘCOALA MEȘTERU",MEŞTERU,TL,127,2,2,0,4,3,2,0,5,4,2,0,6,4,2,0,6,7,2,0,9,12,2,0,14
160396,117,"CAMIN CULTURAL FRECATEI",FRECĂŢEI,TL,1016,11,1,0,12,23,2,0,25,32,4,0,36,45,6,0,51,66,13,0,79,81,16,0,97
160403,118,"CENTRU MULTIFUNCTIONAL CATALOI",CATALOI,TL,1037,6,0,0,6,21,0,0,21,22,0,0,22,33,1,0,34,77,16,0,93,95,22,0,117
160412,119,"CAMIN CULTURAL POSTA",POŞTA,TL,525,6,3,0,9,20,11,0,31,31,19,0,50,37,20,0,57,65,31,0,96,73,37,0,110
160421,120,"CĂMIN CULTURAL TELIȚA",TELIŢA,TL,438,4,0,0,4,5,3,0,8,7,3,0,10,17,4,0,21,42,23,0,65,63,28,0,91
160449,121,"ŞCOALA GIMNAZIALĂ GRECI, CORP A",GRECI,TL,1521,2,1,0,3,10,2,0,12,23,5,0,28,39,8,0,47,78,10,0,88,97,10,0,107
160449,122,"ŞCOALA GIMNAZIALĂ GRECI, CORP B",GRECI,TL,1562,10,0,0,10,28,0,0,28,35,2,0,37,46,2,0,48,95,9,0,104,122,9,0,131
160449,123,"ŞCOALA GIMNAZIALĂ GRECI,CORP B",GRECI,TL,1271,2,0,0,2,10,4,0,14,16,5,0,21,25,7,0,32,53,15,0,68,69,17,0,86
160467,124,"CENTRUL SOCIAL DE ZI PENTRU PERSOANE DEFAVORIZATE",GRINDU,TL,1139,2,0,0,2,12,1,0,13,17,1,0,18,31,2,0,33,66,7,0,73,98,10,0,108
160485,125,SCOALA,HAMCEARCA,TL,281,2,0,0,2,6,0,0,6,9,1,0,10,11,1,0,12,20,3,0,23,31,10,0,41
160494,126,SCOALA,BALABANCEA,TL,271,8,0,0,8,19,5,0,24,22,7,0,29,26,8,0,34,55,12,0,67,69,17,0,86
160519,127,SCOALA,NIFON,TL,539,2,2,0,4,5,2,0,7,9,4,0,13,16,5,0,21,32,11,0,43,41,12,0,53
160546,128,"ŞCOALA CU CLASELE I-IV",CLOŞCA,TL,98,1,4,0,5,6,5,0,11,10,6,0,16,15,7,0,22,34,12,0,46,35,12,0,47
160555,129,"GRADINITA FLORESTI",FLOREŞTI,TL,223,2,1,0,3,5,2,0,7,12,2,0,14,15,4,0,19,40,15,0,55,69,18,0,87
160537,130,"GRADINITA HORIA",HORIA,TL,831,22,2,0,24,40,5,0,45,48,8,0,56,63,13,0,76,135,20,0,155,213,28,2,243
161534,131,"CĂMINUL CULTURAL",I.C.BRĂTIANU,TL,959,4,3,0,7,15,7,0,22,21,7,0,28,27,7,0,34,64,23,0,87,77,34,0,111
160573,132,"ŞCOALA GIMNAZIALĂ",IZVOARELE,TL,1309,2,1,0,3,11,1,0,12,16,2,0,18,30,3,0,33,82,14,0,96,110,16,0,126
160582,133,"ŞCOALA PRIMARĂ",ALBA,TL,207,5,0,0,5,12,6,0,18,13,13,0,26,16,15,0,31,21,16,0,37,24,16,0,40
160591,134,"ŞCOALA PRIMARĂ",IULIA,TL,261,5,1,0,6,13,7,0,20,16,7,0,23,24,7,0,31,36,10,0,46,47,13,0,60
160626,135,"CĂMINUL CULTURAL",JIJILA,TL,1867,6,0,0,6,15,0,0,15,17,0,0,17,48,2,0,50,121,6,0,127,184,6,0,190
160626,136,"CĂMINUL CULTURAL",JIJILA,TL,1634,4,1,0,5,8,1,0,9,16,1,0,17,42,1,0,43,155,2,0,157,180,8,0,188
160635,137,"CĂMINUL CULTURAL",GARVĂN,TL,1103,2,4,0,6,9,6,0,15,17,9,0,26,32,9,0,41,96,25,0,121,130,28,0,158
160671,138,"CĂMINUL CULTURAL",SĂLCIOARA,TL,1052,13,0,0,13,30,0,0,30,62,14,0,76,94,17,0,111,172,24,0,196,257,26,0,283
160662,139,"CĂMINUL CULTURAL",VIŞINA,TL,598,4,1,0,5,15,4,0,19,26,4,0,30,34,6,0,40,59,12,0,71,87,17,0,104
160653,140,"ŞCOALA GENERALĂ",JURILOVCA,TL,984,7,1,0,8,22,5,0,27,34,13,0,47,71,17,0,88,128,20,0,148,164,24,0,188
160653,141,"GRADINITA DE COPII",JURILOVCA,TL,1072,14,2,0,16,26,4,0,30,32,5,0,37,56,9,0,65,139,16,0,155,165,17,0,182
160699,142,"CĂMIN CULTURAL",LUNCAVIŢA,TL,1617,4,0,0,4,16,5,0,21,23,8,0,31,41,10,0,51,98,20,0,118,129,22,0,151
160699,143,"CĂMIN CULTURAL",LUNCAVIŢA,TL,1310,4,2,0,6,16,2,0,18,18,7,0,25,33,8,0,41,85,17,0,102,92,20,0,112
160706,144,"ŞCOALA GENERALĂ",RACHELU,TL,623,4,4,0,8,10,4,0,14,14,9,0,23,26,12,0,38,71,17,0,88,84,18,0,102
160733,145,"LICEUL TEHNOLOGIC""VASILEBACALU""",MAHMUDIA,TL,1090,6,1,0,7,34,2,0,36,49,13,0,62,65,16,0,81,158,28,0,186,203,30,0,233
160733,146,"LICEUL TEHNOLOGIC ""VASILE BACALU""",MAHMUDIA,TL,1122,7,3,0,10,28,8,0,36,44,11,0,55,80,13,0,93,140,26,0,166,183,31,0,214
160804,147,"ȘCOALA PRIMARĂ GORGOVA",GORGOVA,TL,105,5,0,0,5,9,2,0,11,12,2,0,14,20,3,0,23,31,8,0,39,36,10,0,46
160788,148,"ŞCOALA GIMNAZIALĂ MALIUC",MALIUC,TL,328,3,1,0,4,4,2,0,6,8,4,0,12,15,8,0,23,29,12,0,41,43,15,0,58
160813,149,"ŞCOALA GIMNAZIALĂ ”IOAN NENIȚESCU ” PARTIZANI",PARTIZANI,TL,363,6,1,0,7,8,3,0,11,11,4,0,15,16,5,0,21,40,7,0,47,45,7,0,52
160859,150,"ŞCOALA CU CLASELE I-IV","SATU NOU",TL,567,11,3,0,14,17,3,0,20,26,3,0,29,39,4,0,43,87,9,0,96,105,13,0,118
160840,151,"ŞCOALA CU CLASELE I-VIII","MIHAI BRAVU",TL,555,2,4,0,6,7,5,0,12,8,5,0,13,10,5,0,15,23,9,0,32,27,10,0,37
160868,152,"CĂMINUL CULTURAL",TURDA,TL,986,3,0,0,3,12,2,0,14,20,2,0,22,29,3,0,32,87,8,0,95,106,11,0,117
160895,153,"ŞCOALA PRIMARĂ LĂSTUNI",LĂSTUNI,TL,418,6,1,0,7,25,4,0,29,32,7,0,39,45,11,0,56,60,14,0,74,69,14,0,83
160902,154,"ŞCOALA PRIMARĂ RÎNDUNICA",RÎNDUNICA,TL,529,14,1,0,15,30,1,0,31,40,2,0,42,47,3,0,50,59,5,0,64,82,5,0,87
160886,155,"ŞCOALA GIMNAZIALĂ MIHAIL KOGĂLNICEANU","MIHAIL KOGĂLNICEANU",TL,1643,7,1,0,8,33,2,0,35,45,2,0,47,62,2,0,64,131,10,0,141,163,11,0,174
160920,156,"ŞCOALA GIMNAZIALĂ MURIGHIOL",MURIGHIOL,TL,1212,5,3,0,8,22,21,0,43,30,43,0,73,37,50,0,87,84,77,0,161,102,88,0,190
160939,157,"ŞCOALA CU CLASELE I-IV COLINA",COLINA,TL,125,3,1,0,4,3,3,0,6,3,4,0,7,8,5,0,13,19,8,0,27,24,13,0,37
160948,158,"ŞCOALA CU CLASELE I-IV DUNAVĂȚU DE JOS","DUNAVĂŢU DE JOS",TL,526,4,0,0,4,10,2,0,12,11,7,0,18,17,12,0,29,27,20,0,47,31,30,0,61
160957,159,"ŞCOALA CU CLASELE I-IV DUNAVĂȚU DE SUS","DUNAVĂŢU DE SUS",TL,122,1,4,0,5,1,10,0,11,1,10,0,11,1,13,0,14,3,21,0,24,3,21,0,24
160966,160,"ŞCOALA CU CLASELE I-IV PLOPUL",PLOPUL,TL,507,4,1,0,5,8,4,0,12,13,6,0,19,18,6,0,24,27,9,0,36,32,11,0,43
160975,161,"CĂMIN CULTURAL SARINASUF",SARINASUF,TL,363,3,0,0,3,8,3,0,11,18,3,0,21,23,5,0,28,42,8,0,50,54,11,0,65
161026,162,"ŞCOALA CU CLASELE I-IV",TRESTENIC,TL,268,2,1,0,3,6,7,0,13,10,9,0,19,11,10,0,21,27,13,0,40,31,13,0,44
161008,163,"ŞCOALA CU CLASELE I-VIII",NALBANT,TL,777,2,0,0,2,5,0,0,5,8,2,0,10,13,6,0,19,53,8,0,61,75,13,0,88
161017,164,"ŞCOALA CU CLASELE I-VIII","NICOLAE BĂLCESCU",TL,1040,3,1,0,4,12,1,0,13,24,2,0,26,36,2,0,38,108,6,0,114,141,12,0,153
161044,165,"ŞCOALA GIMNAZIALĂ ""NICHIFOR LUDOVIG""",NICULIŢEL,TL,1319,9,5,0,14,28,10,0,38,43,15,0,58,101,19,0,120,162,32,0,194,187,37,1,225
161044,166,"ŞCOALA GIMNAZIALĂ ""NICHIFOR LUDOVIG""",NICULIŢEL,TL,1211,1,1,0,2,16,5,0,21,23,9,0,32,53,11,0,64,113,17,0,130,143,21,0,164
161044,167,"GRĂDINIŢA DE COPII",NICULIŢEL,TL,1261,5,0,0,5,20,1,0,21,34,1,0,35,66,4,0,70,134,15,0,149,168,19,0,187
161099,168,"ŞCOALA CU CLASELE I-IV",VICTORIA,TL,179,2,2,0,4,8,8,0,16,8,9,0,17,16,16,0,32,26,22,0,48,27,26,0,53
161062,169,"ŞCOALA CU CLASELE I-VIII",NUFĂRU,TL,1044,3,2,0,5,13,11,0,24,19,11,0,30,37,19,0,56,99,35,0,134,123,48,0,171
161080,170,"CENTRUL CULTURAL ADMINISTRATIV SOCIAL",MALCOCI,TL,1020,12,3,0,15,30,3,0,33,45,3,0,48,70,5,0,75,115,17,0,132,135,22,0,157
161115,171,"GRĂDINIŢA DE COPII OSTROV",OSTROV,TL,1587,19,0,0,19,42,4,0,46,69,5,0,74,129,6,0,135,269,14,0,283,424,25,5,454
161142,172,"CAMINUL CULTURAL",PARDINA,TL,471,5,0,0,5,14,2,0,16,21,8,0,29,24,11,0,35,39,15,0,54,43,17,0,60
161160,173,"CĂMINUL CULTURAL",PECENEAGA,TL,1425,9,0,0,9,24,1,0,25,35,2,0,37,60,6,0,66,141,16,0,157,217,22,0,239
161204,174,"ŞCOALA PRIMARĂ SABANGIA",SABANGIA,TL,457,3,1,0,4,6,2,0,8,7,3,0,10,11,5,0,16,32,9,0,41,43,12,0,55
161213,175,"ŞCOALA PRIMARĂ VISTERNA",VISTERNA,TL,331,0,0,0,0,5,4,0,9,7,4,0,11,11,6,0,17,23,6,0,29,33,6,0,39
161197,176,"ŞCOALA PRIMARĂ ENISALA",ENISALA,TL,788,2,0,0,2,4,0,0,4,6,0,0,6,13,4,0,17,34,4,0,38,93,7,0,100
161222,177,"ŞCOALA GIMNAZIALĂ ZEBIL",ZEBIL,TL,1133,0,0,0,0,6,1,0,7,18,2,0,20,32,6,0,38,70,7,0,77,94,9,0,103
161188,178,"ŞCOALA GIMNAZIALĂ SARICHIOI",SARICHIOI,TL,1599,7,1,0,8,21,7,0,28,25,9,0,34,42,10,0,52,119,15,0,134,165,18,0,183
161188,179,"ŞCOALA GIMNAZIALĂ SARICHIOI",SARICHIOI,TL,1406,3,0,0,3,16,1,0,17,29,2,0,31,54,4,0,58,115,6,0,121,152,9,0,161
161240,180,"CAMIN CULTURAL","SFÎNTU GHEORGHE",TL,711,9,5,0,14,27,31,0,58,31,37,0,68,45,41,0,86,64,46,0,110,81,49,0,130
161268,181,"CONSILIUL LOCAL","SLAVA CERCHEZĂ",TL,1041,4,0,0,4,5,0,0,5,6,0,0,6,12,4,0,16,46,15,0,61,75,21,0,96
161277,182,"ŞCOALA GENERALĂ CU CLASELE I-IV","SLAVA RUSĂ",TL,921,4,0,0,4,7,1,0,8,8,2,0,10,14,2,0,16,48,11,0,59,58,14,0,72
161295,183,"ŞCOALA GIMNAZIALĂ""MAIOR IOAN MURGESCU""",SMÎRDAN,TL,901,0,0,0,0,4,1,0,5,8,1,0,9,19,2,0,21,35,6,0,41,58,6,0,64
161320,184,"ŞCOALA CU CLASELE I-IV",MINERI,TL,1418,4,0,0,4,15,2,0,17,17,3,0,20,32,6,0,38,77,7,0,84,120,7,0,127
161339,185,"ŞCOALA CU CLASELE I-IV",PARCHEŞ,TL,650,1,0,0,1,1,0,0,1,6,0,0,6,9,0,0,9,33,1,0,34,43,2,0,45
161311,186,"ŞCOALA ""TRAIAN COŞOVEI"" CU CLASELE I-VIII",SOMOVA,TL,1946,8,1,0,9,21,1,0,22,23,1,0,24,38,6,0,44,88,16,0,104,122,24,1,147
161357,187,"CĂMINUL CULTURAL",STEJARU,TL,512,9,1,0,10,16,4,0,20,19,5,0,24,28,5,0,33,46,11,0,57,79,17,1,97
161366,188,"GRĂDINIȚA MINA ALTÎN TEPE","MINA ALTÎN TEPE",TL,348,1,1,0,2,10,1,0,11,16,2,0,18,22,3,0,25,43,9,0,52,70,11,0,81
161375,189,"SEDIUL FOSTEI ŞCOLI","VASILE ALECSANDRI",TL,393,4,1,0,5,10,5,0,15,20,9,0,29,28,9,0,37,50,12,0,62,78,16,0,94
161393,190,"LICEUL TEHNOLOGIC TOPOLOG TOPOLOG",TOPOLOG,TL,919,7,1,0,8,23,6,0,29,34,6,0,40,47,6,0,53,126,20,0,146,171,25,0,196
161393,191,"LICEUL TEHNOLOGIC TOPOLOG",TOPOLOG,TL,975,8,0,0,8,27,3,0,30,36,3,0,39,46,3,0,49,141,5,0,146,194,9,0,203
161400,192,"ŞCOALA GENERALĂ",CALFA,TL,102,2,3,0,5,5,3,0,8,7,4,0,11,8,4,0,12,9,6,0,15,16,6,0,22
161419,193,"ŞCOALA GENERALĂ",CERBU,TL,183,2,1,0,3,3,1,0,4,3,2,0,5,4,3,0,7,7,5,0,12,8,8,0,16
161428,194,"ŞCOALA GENERALĂ","FĂGĂRAŞU NOU",TL,517,2,0,0,2,5,0,0,5,9,4,0,13,11,5,0,16,24,7,0,31,45,9,0,54
161437,195,"ŞCOALA GENERALĂ",LUMINIŢA,TL,210,2,2,0,4,5,3,0,8,11,3,0,14,14,3,0,17,20,4,0,24,39,8,0,47
161446,196,"ŞCOALA GENERALĂ",MĂGURELE,TL,199,2,3,0,5,6,6,0,12,7,8,0,15,8,9,0,17,32,17,0,49,39,17,0,56
161455,197,"ŞCOALA GENERALĂ","SÎMBĂTA NOUĂ",TL,435,2,1,0,3,12,2,0,14,13,3,0,16,19,3,0,22,50,13,0,63,62,16,0,78
161473,198,"ŞCOALA GIMNAZIALĂ TURCOAIA",TURCOAIA,TL,1495,9,0,0,9,26,0,0,26,33,3,0,36,63,6,0,69,136,10,0,146,174,12,0,186
161473,199,"SCOALA GIMNAZIALA TURCOAIA",TURCOAIA,TL,1216,9,0,0,9,24,0,0,24,32,1,0,33,69,1,0,70,121,2,0,123,162,2,0,164
161491,200,"CĂMINUL CULTURAL","VALEA NUCARILOR",TL,816,8,5,0,13,19,8,0,27,22,11,0,33,36,13,0,49,75,23,0,98,119,26,0,145
161507,201,"ȘCOALA GIMNAZIALĂ AGIGHIOL",AGIGHIOL,TL,1429,5,1,0,6,10,1,0,11,16,1,0,17,33,1,0,34,72,8,0,80,109,12,0,121
161516,202,"ȘCOALA IAZURILE",IAZURILE,TL,678,5,1,0,6,14,2,0,16,18,3,0,21,38,9,0,47,87,10,0,97,112,14,0,126
160608,203,"ŞCOALA GIMNAZIALĂ ""MIHAI EMINESCU""VALEA TEILOR","VALEA TEILOR",TL,1129,3,0,0,3,9,0,0,9,12,0,0,12,33,2,0,35,94,9,0,103,167,14,0,181
160715,204,"CĂMINUL CULTURAL",VĂCĂRENI,TL,1816,5,1,0,6,18,3,0,21,33,3,0,36,71,9,0,80,135,21,0,156,163,26,0,189
155252,1,"UNIVERSITATEA DE MEDICINA ŞI FARMACIE ""VICTOR BABEŞ""",TIMIŞOARA,TM,1448,10,3,0,13,56,31,0,87,88,50,24,162,94,51,24,169,137,70,24,231,165,96,24,285
155252,2,"UNIVERSITATEA DE MEDICINA ŞI FARMACIE ""VICTOR BABEŞ""",TIMIŞOARA,TM,1083,9,3,0,12,44,29,0,73,64,45,1,110,68,45,1,114,134,56,1,191,165,69,1,235
155252,3,"LICEUL PEDAGOGIC "" CARMEN SYLVA""",TIMIŞOARA,TM,661,5,6,15,26,40,17,15,72,62,41,15,118,65,42,15,122,102,72,30,204,127,100,30,257
155252,4,"COLEGIUL TEHNIC ""EMANUIL UNGUREANU""",TIMIŞOARA,TM,1450,14,5,0,19,63,21,0,84,89,36,0,125,94,38,0,132,152,73,0,225,196,94,0,290
155252,5,"LICEUL TEORETIC ""NIKOLAUS LENAU"" - CORP CLADIRE SCOALA CU CLASELE I-IV",TIMIŞOARA,TM,785,7,0,0,7,29,11,0,40,43,17,12,72,49,17,12,78,78,31,12,121,111,39,12,162
155252,6,"LICEUL TEORETIC ""NIKOLAUS LENAU"" - CORP CLADIRE SCOALA CU CLASELE I-IV",TIMIŞOARA,TM,671,11,0,0,11,49,0,0,49,62,36,0,98,67,36,0,103,117,36,0,153,140,36,0,176
155252,7,"LICEUL TEORETIC ""NIKOLAUS LENAU"" - CORP CLADIRE SCOALA CU CLASELE I-IV",TIMIŞOARA,TM,908,2,0,0,2,23,6,21,50,43,7,21,71,53,7,21,81,84,15,22,121,105,20,22,147
155252,8,"COLEGIUL TEHNIC ""HENRI COANDĂ""",TIMIŞOARA,TM,887,8,3,0,11,29,8,0,37,40,13,0,53,41,13,0,54,88,20,0,108,104,26,0,130
155252,9,"COLEGIUL TEHNIC ""HENRY COANDA""",TIMIŞOARA,TM,1238,10,0,0,10,74,5,0,79,109,11,0,120,113,11,0,124,162,13,0,175,209,14,0,223
155252,10,"COLEGIUL TEHNIC ""ION MINCU""",TIMIŞOARA,TM,649,5,6,0,11,38,16,0,54,38,18,0,56,39,22,0,61,64,38,0,102,75,54,0,129
155252,11,"INSPECTORATUL JUDETEAN AL POLIŢIEI DE FRONTIERA",TIMIŞOARA,TM,1328,8,1,0,9,38,2,0,40,57,4,0,61,59,4,0,63,109,5,0,114,147,7,0,154
155252,12,"INSPECTORATUL JUDETEAN AL POLIŢIEI DE FRONTIERA",TIMIŞOARA,TM,1383,7,1,0,8,31,4,0,35,49,10,0,59,59,11,0,70,124,22,0,146,150,28,0,178
155252,13,"FUNDAŢIA IOAN SLAVICI",TIMIŞOARA,TM,1297,13,2,0,15,57,12,0,69,98,19,0,117,101,25,0,126,156,34,0,190,227,49,0,276
155252,14,"FUNDAŢIA IOAN SLAVICI",TIMIŞOARA,TM,1453,16,2,0,18,55,9,0,64,77,11,0,88,90,12,0,102,143,18,0,161,187,23,0,210
155252,15,"FUNDAŢIA IOAN SLAVICI",TIMIŞOARA,TM,1115,11,5,0,16,55,6,0,61,77,9,0,86,78,9,0,87,140,22,0,162,177,32,0,209
155252,16,"FUNDAŢIA IOAN SLAVICI",TIMIŞOARA,TM,1048,8,2,0,10,35,3,0,38,49,4,0,53,53,5,0,58,99,11,0,110,127,11,0,138
155252,17,"FUNDAŢIA IOAN SLAVICI",TIMIŞOARA,TM,1839,26,1,0,27,91,3,0,94,122,7,0,129,143,8,0,151,231,12,0,243,272,20,0,292
155252,18,"GRĂDINIŢA CU PROGRAM PRELUNGIT NR. 36 (FOSTA GRĂDINIŢĂ NR. 37)",TIMIŞOARA,TM,1720,15,2,0,17,86,10,0,96,118,12,0,130,131,12,0,143,215,19,0,234,256,29,0,285
155252,19,"GRĂDINIŢA CU PROGRAM PRELUNGIT NR. 36 (FOSTA GRĂDINIŢĂ NR. 37)",TIMIŞOARA,TM,1531,22,2,0,24,85,10,0,95,115,18,0,133,128,19,0,147,186,27,0,213,225,35,0,260
155252,20,"UNIVERSITATEA DE ȘTIINȚE AGRICOLE ȘI MEDICINĂ VETERINARĂ A BANATULUI( ÎN INCINTA FACULTĂȚII DE TEHNOLOGIA PRODUSELOR AGROALIMENTARE)",TIMIŞOARA,TM,1800,10,0,0,10,64,11,0,75,112,20,0,132,127,27,0,154,205,42,0,247,259,48,0,307
155252,21,"UNIVERSITATEA DE ȘTIINȚE AGRICOLE ȘI MEDICINĂ VETERINARĂ A BANATULUI( ÎN INCINTA FACULTĂȚII DE TEHNOLOGIA PRODUSELOR AGROALIMENTARE)",TIMIŞOARA,TM,1767,5,4,0,9,47,12,0,59,80,24,0,104,86,26,0,112,160,70,0,230,219,86,0,305
155252,22,"UNIVERSITATEA DE ȘTIINȚE AGRICOLE ȘI MEDICINĂ VETERINARĂ A BANATULUI( ÎN INCINTA FACULTĂȚII DE TEHNOLOGIA PRODUSELOR AGROALIMENTARE)",TIMIŞOARA,TM,1661,11,1,0,12,55,5,0,60,87,7,0,94,93,11,0,104,157,34,0,191,192,51,0,243
155252,23,"UNIVERSITATEA DE ȘTIINȚE AGRICOLE ȘI MEDICINĂ VETERINARĂ A BANATULUI( ÎN INCINTA FACULTĂȚII DE TEHNOLOGIA PRODUSELOR AGROALIMENTARE )",TIMIŞOARA,TM,1780,7,0,0,7,58,2,0,60,86,4,0,90,97,4,0,101,179,8,0,187,226,29,0,255
155252,24,"UNIVERSITATEA DE ȘTIINȚE AGRICOLE ȘI MEDICINĂ VETERINARĂ A BANATULUI( ÎN INCINTA FACULTĂȚII DE TEHNOLOGIA PRODUSELOR AGROALIMENTARE)",TIMIŞOARA,TM,1743,5,2,0,7,62,6,0,68,108,7,0,115,122,9,0,131,203,14,0,217,272,22,0,294
155252,25,"ŞCOALA GIMNAZIALĂ NR.24 (GRĂDINIŢA CU PROGRAM PRELUNGIT NR.27)",TIMIŞOARA,TM,1380,13,2,0,15,61,8,0,69,88,14,0,102,96,16,0,112,167,33,0,200,208,36,0,244
155252,26,"ŞCOALA GIMNAZIALĂ NR.24 (GRĂDINIŢA CU PROGRAM PRELUNGIT NR.27)",TIMIŞOARA,TM,1333,8,2,0,10,46,5,0,51,68,7,0,75,77,8,0,85,147,25,0,172,202,32,0,234
155252,27,"ŞCOALA GIMNAZIALĂ NR.19 (ŞCOALA PRIMARĂ NR.19)",TIMIŞOARA,TM,1413,14,0,0,14,81,8,0,89,113,10,0,123,136,13,0,149,211,35,0,246,273,37,0,310
155252,28,"ŞCOALA GIMNAZIALĂ NR.19 (ŞCOALA PRIMARĂ NR.19)",TIMIŞOARA,TM,1639,19,3,0,22,63,11,0,74,106,11,0,117,118,11,0,129,201,20,0,221,263,23,0,286
155252,29,"ŞCOALA GIMNAZIALĂNR.24",TIMIŞOARA,TM,1278,12,2,0,14,78,15,0,93,113,28,0,141,127,31,0,158,188,43,0,231,222,62,0,284
155252,30,"ŞCOALA GIMNAZIALĂNR.24",TIMIŞOARA,TM,1458,16,1,0,17,78,7,0,85,113,8,0,121,127,8,0,135,208,9,0,217,258,17,0,275
155252,31,"ŞCOALA GIMNAZIALĂNR.24",TIMIŞOARA,TM,818,2,4,0,6,31,9,0,40,50,10,0,60,61,10,0,71,100,13,0,113,127,16,0,143
155252,32,"ŞCOALA GIMNAZIALĂNR.24",TIMIŞOARA,TM,961,17,2,0,19,51,4,0,55,70,6,0,76,79,7,0,86,116,9,0,125,149,9,0,158
155252,33,"ŞCOALA GIMNAZIALĂ NR. 26",TIMIŞOARA,TM,1420,14,0,0,14,74,14,0,88,94,18,0,112,107,19,0,126,173,30,0,203,212,32,0,244
155252,34,"ŞCOALA GIMNAZIALĂ NR. 26",TIMIŞOARA,TM,1156,13,3,0,16,62,8,0,70,94,11,0,105,110,13,0,123,159,14,0,173,181,29,0,210
155252,35,"ŞCOALA GIMNAZIALĂ NR. 26",TIMIŞOARA,TM,1118,6,0,0,6,40,6,0,46,47,8,0,55,59,9,0,68,110,9,0,119,142,11,0,153
155252,36,"ŞCOALA GIMNAZIALĂ NR. 26",TIMIŞOARA,TM,1329,15,0,0,15,49,3,0,52,75,5,0,80,88,6,0,94,186,7,0,193,240,11,0,251
155252,37,"ŞCOALA GIMNAZIALĂ NR.18",TIMIŞOARA,TM,1512,12,3,0,15,60,11,0,71,107,16,0,123,115,20,0,135,172,29,0,201,233,35,0,268
155252,38,"ŞCOALA GIMNAZIALĂ NR.18",TIMIŞOARA,TM,1614,11,5,0,16,77,13,0,90,110,15,0,125,127,15,0,142,220,24,0,244,269,29,0,298
155252,39,"ŞCOALA GIMNAZIALĂ NR.18",TIMIŞOARA,TM,1310,9,3,0,12,69,4,0,73,82,5,0,87,99,5,0,104,160,10,0,170,188,10,0,198
155252,40,"CLUBUL SPORTIV ŞCOLAR NR.1",TIMIŞOARA,TM,954,6,2,0,8,60,6,0,66,85,7,0,92,92,7,0,99,146,19,0,165,175,30,0,205
155252,41,"GRĂDINIŢA CU PROGRAM PRELUNGIT NR.36",TIMIŞOARA,TM,1301,17,5,0,22,69,6,0,75,91,12,0,103,100,13,0,113,154,22,1,177,182,24,1,207
155252,42,"ŞCOALA GIMNAZIALĂ NR.19 ""AVRAM IANCU""",TIMIŞOARA,TM,1106,11,1,0,12,63,6,0,69,98,9,0,107,107,9,0,116,147,18,0,165,180,21,0,201
155252,43,"ŞCOALA GIMNAZIALĂ NR.19 ""AVRAM IANCU""",TIMIŞOARA,TM,1202,21,8,0,29,85,22,0,107,113,37,0,150,121,37,0,158,171,64,0,235,201,70,0,271
155252,44,"ŞCOALA GIMNAZIALĂ NR.19 ""AVRAM IANCU""",TIMIŞOARA,TM,1265,7,4,0,11,56,9,0,65,83,19,0,102,95,22,0,117,164,33,0,197,208,41,0,249
155252,45,"ŞCOALA GIMNAZIALĂ NR.19 ""AVRAM IANCU""",TIMIŞOARA,TM,1441,12,2,0,14,50,7,0,57,75,8,0,83,84,9,0,93,154,9,0,163,200,11,0,211
155252,46,"GRĂDINIŢA CU PROGRAM PRELUNGIT NR.26",TIMIŞOARA,TM,1368,17,3,0,20,83,13,0,96,120,19,0,139,128,19,0,147,190,23,0,213,232,30,0,262
155252,47,"GRĂDINIŢA CU PROGRAM PRELUNGIT NR.26",TIMIŞOARA,TM,1345,15,1,0,16,69,7,0,76,97,8,0,105,107,8,0,115,190,17,0,207,222,24,0,246
155252,48,"GRĂDINIŢA CU PROGRAM PRELUNGIT NR.20 (GRĂDINIŢA CU PROGRAM PRELUNGIT NR.9 ""CARLA PELZ"")",TIMIŞOARA,TM,1397,17,2,0,19,56,4,0,60,95,4,0,99,114,6,0,120,192,14,0,206,255,20,0,275
155252,49,"GRĂDINIŢA CU PROGRAM PRELUNGIT NR.20 (GRĂDINIŢA CU PROGRAM PRELUNGIT NR.9 ""CARLA PELZ"")",TIMIŞOARA,TM,1490,12,2,0,14,64,5,0,69,103,9,0,112,107,11,0,118,176,19,0,195,219,26,0,245
155252,50,"BIROUL LOCUINŢE/DIRECŢIA CLĂDIRI, TERENURI ŞI DOTĂRI DIVERSE- PRIMĂRIA MUNICIPIULUI TIMIŞOARA",TIMIŞOARA,TM,768,6,0,0,6,40,3,0,43,49,7,0,56,52,8,0,60,100,16,0,116,134,23,0,157
155252,51,"LICEUL TEHNOLOGIC DE INDUSTRIE ALIMENTARĂ",TIMIŞOARA,TM,1107,10,1,0,11,53,23,0,76,82,41,0,123,93,46,0,139,164,76,0,240,213,86,0,299
155252,52,"LICEUL TEHNOLOGIC DE INDUSTRIE ALIMENTARĂ",TIMIŞOARA,TM,1237,14,0,0,14,60,16,0,76,81,20,0,101,91,20,0,111,155,31,0,186,221,34,0,255
155252,53,"LICEUL TEHNOLOGIC UCECOM ""SPIRU HARET""",TIMIŞOARA,TM,1313,12,0,0,12,67,4,0,71,98,11,1,110,104,11,1,116,178,26,1,205,229,42,1,272
155252,54,"LICEUL TEHNOLOGIC UCECOM ""SPIRU HARET""",TIMIŞOARA,TM,1404,12,0,0,12,41,2,0,43,73,6,0,79,92,6,0,98,184,13,0,197,239,15,0,254
155252,55,"COLEGIUL TEHNIC ""HENRI COANDĂ"" (ŞCOALA PRIMARĂ NR.11)",TIMIŞOARA,TM,1713,21,4,0,25,95,11,0,106,154,16,0,170,164,16,0,180,241,20,0,261,311,29,0,340
155252,56,"COLEGIUL TEHNIC ""HENRI COANDĂ"" (ŞCOALA PRIMARĂ NR.11)",TIMIŞOARA,TM,1716,24,2,0,26,102,2,0,104,167,3,0,170,184,4,0,188,287,21,0,308,336,24,0,360
155252,57,"COLEGIUL TEHNIC ""HENRI COANDĂ"" (ŞCOALA PRIMARĂ NR.11)",TIMIŞOARA,TM,1851,14,1,0,15,73,2,0,75,144,8,0,152,168,9,0,177,299,14,0,313,363,21,0,384
155252,58,"ŞCOALA GIMNAZIALĂNR.19 ""AVRAM IANCU""(ŞCOALA PRIMARĂ NR.19)",TIMIŞOARA,TM,1738,16,3,0,19,67,8,0,75,96,11,0,107,106,11,0,117,173,27,0,200,229,36,0,265
155252,59,"ŞCOALA GIMNAZIALĂNR.19 ""AVRAM IANCU""(ŞCOALA PRIMARĂ NR.19)",TIMIŞOARA,TM,1751,19,2,0,21,89,8,0,97,143,8,0,151,154,8,0,162,270,10,0,280,338,14,0,352
155252,60,"ŞCOALA GIMNAZIALĂNR.19 ""AVRAM IANCU""(ŞCOALA PRIMARĂ NR.19)",TIMIŞOARA,TM,1672,5,1,0,6,64,11,0,75,84,14,0,98,93,19,0,112,173,28,0,201,227,31,0,258
155252,61,"INSPECTORATUL TERITORIAL DE MUNCĂ TIMIŞ",TIMIŞOARA,TM,1342,6,1,0,7,53,5,0,58,83,8,0,91,89,8,0,97,132,18,0,150,162,25,0,187
155252,62,"S.C. DRUMURI MUNICIPALE TIMIŞOARA S.A.(FOSTA ADMINISTRAREA DOMENIULUI PUBLIC )",TIMIŞOARA,TM,1436,8,0,0,8,75,4,1,80,103,6,1,110,110,7,1,118,179,8,1,188,212,10,1,223
155252,63,"S.C. DRUMURI MUNICIPALE TIMIŞOARA S.A.(FOSTA ADMINISTRAREA DOMENIULUI PUBLIC )",TIMIŞOARA,TM,1401,5,4,0,9,33,10,0,43,44,15,0,59,49,15,0,64,99,23,0,122,131,33,0,164
155252,64,"COLEGIUL TEHNIC DE VEST",TIMIŞOARA,TM,1296,10,3,0,13,43,4,0,47,58,6,0,64,64,6,0,70,135,14,0,149,174,22,0,196
155252,65,"COLEGIUL TEHNIC DE VEST",TIMIŞOARA,TM,1067,11,5,0,16,48,18,0,66,66,22,0,88,71,23,0,94,102,31,0,133,121,53,0,174
155252,66,"COLEGIUL TEHNIC DE VEST",TIMIŞOARA,TM,1013,7,3,0,10,33,4,0,37,52,6,0,58,57,8,0,65,89,10,1,100,108,16,1,125
155252,67,"ŞCOALA GIMNAZIALĂ NR.12",TIMIŞOARA,TM,1015,11,0,0,11,49,6,0,55,68,9,18,95,74,13,18,105,116,21,18,155,146,29,18,193
155252,68,"ŞCOALA GIMNAZIALĂ NR.12",TIMIŞOARA,TM,1287,8,7,0,15,39,15,0,54,65,16,0,81,77,16,0,93,150,33,0,183,186,38,0,224
155252,69,"COLEGIUL ECONOMIC""F.S.NITTI""",TIMIŞOARA,TM,1232,6,4,0,10,45,7,0,52,68,16,23,107,88,17,23,128,130,18,23,171,167,25,23,215
155252,70,"COLEGIUL ECONOMIC ""F.S.NITTI""",TIMIŞOARA,TM,1177,14,5,0,19,33,6,0,39,59,8,0,67,62,8,0,70,115,9,0,124,152,13,0,165
155252,71,"COLEGIUL ECONOMIC ""F.S.NITTI""",TIMIŞOARA,TM,1328,7,6,0,13,58,7,0,65,96,10,0,106,102,10,0,112,148,13,0,161,194,14,0,208
155252,72,"COLEGIUL ECONOMIC ""F.S. NITTI""",TIMIŞOARA,TM,1307,7,0,0,7,66,2,0,68,94,4,0,98,98,4,0,102,141,6,0,147,185,11,0,196
155252,73,"LICEULTEORETIC ""GRIGORE MOISIL"" (ŞCOALA GIMNAZIALĂ NR.22)",TIMIŞOARA,TM,965,8,2,0,10,56,2,0,58,78,5,0,83,85,7,0,92,152,10,0,162,162,11,0,173
155252,74,"LICEULTEORETIC ""GRIGORE MOISIL"" (ŞCOALA GIMNAZIALĂ NR.22)",TIMIŞOARA,TM,946,6,2,0,8,47,5,0,52,65,7,0,72,69,7,0,76,112,13,0,125,136,13,0,149
155252,75,"LICEULTEORETIC ""GRIGORE MOISIL"" (ŞCOALA GIMNAZIALĂ NR.22)",TIMIŞOARA,TM,1052,12,3,0,15,56,6,0,62,66,10,0,76,74,14,0,88,116,28,0,144,147,33,1,181
155252,76,"LICEULTEORETIC ""GRIGORE MOISIL"" (ŞCOALA GIMNAZIALĂ NR.22)",TIMIŞOARA,TM,1072,6,1,0,7,27,11,0,38,49,11,0,60,56,11,0,67,117,16,0,133,147,32,0,179
155252,77,"LICEUL""GRIGORE MOISIL""",TIMIŞOARA,TM,1024,15,0,0,15,43,0,13,56,60,0,14,74,68,4,14,86,114,8,14,136,141,8,14,163
155252,78,"LICEUL ""GRIGORE MOISIL""",TIMIŞOARA,TM,1032,13,1,0,14,55,10,11,76,82,13,11,106,89,13,11,113,145,25,11,181,170,29,11,210
155252,79,"ŞCOALA SF. ANTIM IVIREANUL (FOST LICEUL DE ARTE PLASTICE -FOSTA ŞCOALA GENERALĂ NR.9)",TIMIŞOARA,TM,1593,9,2,0,11,68,6,0,74,117,9,0,126,128,11,0,139,224,19,0,243,313,20,0,333
155252,80,"ŞCOALA SF. ANTIM IVIREANUL (FOST LICEUL DE ARTE PLASTICE -FOSTA ŞCOALA GENERALĂ NR.9)",TIMIŞOARA,TM,1750,7,0,0,7,45,6,0,51,63,10,0,73,71,10,0,81,148,15,0,163,195,22,0,217
155252,81,"ŞCOALA SF. ANTIM IVIREANUL (FOST LICEUL DE ARTE PLASTICE -FOSTA ŞCOALA GENERALĂ NR.9)",TIMIŞOARA,TM,1509,9,0,0,9,49,4,0,53,83,10,0,93,95,10,0,105,147,18,0,165,203,21,0,224
155252,82,"ŞCOALA SF. ANTIM IVIREANUL (FOST LICEUL DE ARTE PLASTICE -FOSTA ŞCOALA GENERALĂ NR.9)",TIMIŞOARA,TM,1325,6,1,0,7,41,7,0,48,71,7,1,79,79,7,1,87,128,11,1,140,159,19,1,179
155252,83,"ŞCOALA GIMNAZIALĂ NR.27 (GRADINIŢA CU PROGRAM PRELUNGIT NR. 3)",TIMIŞOARA,TM,1317,8,4,0,12,51,7,0,58,80,10,0,90,92,11,0,103,174,15,0,189,209,32,0,241
155252,84,"ŞCOALA GIMNAZIALĂ NR.27 (GRADINIŢA CU PROGRAM PRELUNGIT NR. 3)",TIMIŞOARA,TM,1286,9,0,0,9,57,2,0,59,92,6,0,98,97,7,0,104,138,10,0,148,183,16,0,199
155252,85,"ŞCOALA GIMNAZIALĂ NR. 27",TIMIŞOARA,TM,1743,18,1,0,19,47,1,0,48,67,1,0,68,82,1,0,83,148,5,0,153,213,7,0,220
155252,86,"ŞCOALA GIMNAZIALĂ NR. 27",TIMIŞOARA,TM,1683,9,3,0,12,61,8,0,69,96,10,0,106,100,10,0,110,183,13,0,196,241,15,0,256
155252,87,"ŞCOALA GIMNAZIALĂ NR. 27",TIMIŞOARA,TM,1698,8,0,0,8,65,5,0,70,83,9,0,92,96,12,0,108,170,24,0,194,210,33,0,243
155252,88,"ŞCOALA GIMNAZIALĂ NR. 27",TIMIŞOARA,TM,1720,9,0,0,9,57,0,0,57,84,3,0,87,95,3,0,98,188,8,0,196,236,15,0,251
155252,89,"ŞCOALA GIMNAZIALĂ NR. 6",TIMIŞOARA,TM,1134,5,3,0,8,51,12,0,63,75,14,0,89,81,14,0,95,137,20,0,157,162,28,0,190
155252,90,"ŞCOALA GIMNAZIALĂ NR. 6",TIMIŞOARA,TM,1270,10,3,0,13,49,4,0,53,74,4,0,78,85,4,0,89,134,10,0,144,183,12,0,195
155252,91,"ŞCOALA GIMNAZIALĂ NR. 6",TIMIŞOARA,TM,1290,12,0,0,12,63,2,0,65,84,2,0,86,98,2,0,100,144,4,0,148,200,12,0,212
155252,92,"ŞCOALA GIMNAZIALĂ NR. 6",TIMIŞOARA,TM,1491,12,0,0,12,42,6,0,48,70,8,0,78,86,9,0,95,159,12,0,171,205,16,0,221
155252,93,"LICEUL TEHNOLOGIC TRANSPORTURI AUTO",TIMIŞOARA,TM,1561,15,2,0,17,51,9,0,60,78,12,0,90,89,18,0,107,162,33,0,195,211,46,0,257
155252,94,"LICEUL TEHNOLOGIC TRANSPORTURI AUTO",TIMIŞOARA,TM,1633,15,3,0,18,78,5,0,83,105,8,1,114,118,9,1,128,197,9,1,207,244,12,1,257
155252,95,"LICEUL TEHNOLOGIC TRANSPORTURI AUTO",TIMIŞOARA,TM,1804,22,0,0,22,96,1,0,97,144,4,0,148,151,4,0,155,259,17,0,276,323,23,0,346
155252,96,"LICEUL TEHNOLOGIC TRANSPORTURI AUTO (ŞCOALA GIMNAZIALĂ NR. 29)",TIMIŞOARA,TM,1422,10,1,0,11,54,3,0,57,77,6,0,83,82,7,0,89,152,10,0,162,192,16,0,208
155252,97,"LICEUL TEHNOLOGIC TRANSPORTURI AUTO (ŞCOALA GIMNAZIALĂ NR. 29)",TIMIŞOARA,TM,1413,14,0,0,14,53,0,0,53,65,5,0,70,74,6,0,80,155,15,0,170,164,24,0,188
155252,98,"LICEUL TEHNOLOGIC TRANSPORTURI AUTO (ŞCOALA GIMNAZIALĂ NR. 29)",TIMIŞOARA,TM,1140,6,0,0,6,31,0,0,31,43,0,0,43,53,0,0,53,116,1,0,117,147,6,0,153
155252,99,"ŞCOALA GIMNAZIALĂ NR.15 (ŞCOALA PRIMARĂ NR.15)",TIMIŞOARA,TM,1688,22,0,0,22,74,1,0,75,92,4,0,96,104,4,0,108,191,4,0,195,252,5,0,257
155252,100,"ŞCOALA GIMNAZIALĂ NR.15 (ŞCOALA PRIMARĂ NR.15)",TIMIŞOARA,TM,1504,7,0,0,7,51,2,0,53,91,3,0,94,104,3,0,107,161,7,0,168,226,17,0,243
155252,101,"ŞCOALA GIMNAZIALĂ NR.2 (GRĂDINIŢA CU PROGRAM PRELUNGIT NR. 29)",TIMIŞOARA,TM,1443,8,0,0,8,47,3,0,50,69,14,0,83,83,15,0,98,146,25,0,171,202,33,0,235
155252,102,"ŞCOALA GIMNAZIALĂ NR.2 (GRĂDINIŢA CU PROGRAM PRELUNGIT NR. 29)",TIMIŞOARA,TM,1275,2,0,0,2,42,2,0,44,64,3,0,67,72,3,0,75,140,7,0,147,168,12,0,180
155252,103,"ŞCOALA GIMNAZIALĂ NR.2",TIMIŞOARA,TM,1350,26,2,0,28,55,13,0,68,83,23,0,106,91,25,0,116,146,44,0,190,189,65,0,254
155252,104,"ŞCOALA GIMNAZIALĂ NR.2",TIMIŞOARA,TM,1446,10,2,0,12,56,7,0,63,80,12,0,92,91,12,0,103,148,16,0,164,203,22,0,225
155252,105,"ŞCOALA GIMNAZIALĂ NR.2",TIMIŞOARA,TM,1382,17,0,0,17,67,0,0,67,92,0,0,92,93,7,0,100,160,7,0,167,193,8,0,201
155252,106,"GRĂDINIŢA CU PROGRAM PRELUNGIT NR.2 (GRĂDINIŢA CU PROGRAM PRELUNGIT NR. 1)",TIMIŞOARA,TM,1917,13,1,0,14,86,3,0,89,145,4,0,149,157,7,0,164,250,14,0,264,328,20,0,348
155252,107,"GRĂDINIŢA CU PROGRAM PRELUNGIT NR.2 (GRĂDINIŢA CU PROGRAM PRELUNGIT NR. 1)",TIMIŞOARA,TM,1957,17,5,0,22,67,10,0,77,110,12,0,122,148,13,0,161,239,19,0,258,324,21,0,345
155252,108,"LICEUL TEORETIC ""VLAD ŢEPES"" (GRĂDINIŢA CU PROGRAM PRELUNGIT NR.28)",TIMIŞOARA,TM,1244,11,1,0,12,50,2,1,53,63,5,1,69,70,6,1,77,153,12,1,166,196,16,1,213
155252,109,"LICEUL CU PROGRAM SPORTIV ""BANATUL""",TIMIŞOARA,TM,1430,15,1,0,16,74,5,0,79,101,9,0,110,111,11,0,122,172,21,0,193,207,32,0,239
155252,110,"COLEGIUL NATIONAL DE ARTA ""ION VIDU""",TIMIŞOARA,TM,542,7,4,0,11,23,41,0,64,36,75,0,111,39,80,0,119,77,158,0,235,97,228,0,325
155252,111,"FUNDAŢIA JUDEŢEANĂ PENTRU TINERET TIMIŞ (FOSTA CASA TINERETULUI)",TIMIŞOARA,TM,1286,11,4,0,15,55,13,37,105,78,16,37,131,85,20,37,142,142,41,37,220,178,61,37,276
155252,112,"FUNDAŢIA JUDEŢEANĂ PENTRU TINERET TIMIŞ (FOSTA CASA TINERETULUI)",TIMIŞOARA,TM,1501,17,2,0,19,78,12,0,90,96,22,10,128,108,22,10,140,174,36,70,280,219,47,70,336
155252,113,"FUNDAŢIA JUDEŢEANĂ PENTRU TINERET TIMIŞ (FOSTA CASA TINERETULUI)",TIMIŞOARA,TM,1128,19,0,0,19,56,8,9,73,74,8,9,91,81,8,9,98,135,20,9,164,169,23,9,201
155252,114,"LICEUL TEORETIC ""JEAN LOUIS CALDERON"" (FOSTA ŞCOALA GIMNAZIALĂ NR.28) "" CORP B """,TIMIŞOARA,TM,923,4,0,0,4,17,4,0,21,25,10,0,35,35,11,0,46,74,22,0,96,95,46,0,141
155252,115,"ŞCOALA GIMNAZIALĂ NR.30",TIMIŞOARA,TM,1820,19,2,0,21,89,13,0,102,107,15,0,122,114,18,0,132,190,37,0,227,238,50,0,288
155252,116,"ŞCOALA GIMNAZIALĂ NR.30",TIMIŞOARA,TM,1380,11,5,0,16,70,13,0,83,88,23,0,111,101,23,0,124,170,31,0,201,222,47,0,269
155252,117,"ŞCOALA GIMNAZIALĂ NR.30",TIMIŞOARA,TM,1526,18,4,0,22,73,16,0,89,116,20,0,136,130,23,0,153,233,39,1,273,292,47,1,340
155252,118,"ŞCOALA GIMNAZIALĂ NR.30",TIMIŞOARA,TM,1512,14,0,0,14,86,1,0,87,96,16,0,112,106,16,0,122,181,19,0,200,236,22,0,258
155252,119,"ŞCOALA GIMNAZIALĂ NR.30",TIMIŞOARA,TM,1356,6,3,0,9,55,8,0,63,82,10,0,92,96,15,0,111,168,29,1,198,217,34,1,252
155252,120,"UNIVERSITATEA POLITEHNICA TIMIŞOARA - CANTINA STUDENŢEASCĂ",TIMIŞOARA,TM,1069,5,1,0,6,28,47,0,75,42,99,0,141,53,102,0,155,80,150,0,230,97,210,0,307
155252,121,"UNIVERSITATEA POLITEHNICA TIMIŞOARA- CANTINA STUDENŢEASCĂ",TIMIŞOARA,TM,962,3,5,0,8,53,58,18,129,79,100,18,197,84,106,18,208,124,185,18,327,149,269,18,436
155252,122,"LICEUL TEORETIC ""WILLIAM SHAKESPEARE"" (FOSTAŞCOALA GIMNAZIALĂ NR. 5 )",TIMIŞOARA,TM,1271,5,9,0,14,42,17,0,59,65,19,1,85,75,22,1,98,145,36,24,205,175,42,24,241
155252,123,"LICEUL TEORETIC ""WILLIAM SHAKESPEARE"" ( FOSTA ŞCOALA GIMNAZIALĂ NR. 5 )",TIMIŞOARA,TM,1222,15,2,0,17,52,2,0,54,85,8,0,93,95,8,0,103,181,17,0,198,221,25,0,246
155252,124,"GRADINIŢA CU PROGRAM PRELUNGIT NR.11",TIMIŞOARA,TM,1314,16,0,0,16,55,6,0,61,72,6,0,78,84,6,0,90,149,9,0,158,196,11,0,207
155252,125,"GRADINIŢA CU PROGRAM PRELUNGIT NR.11",TIMIŞOARA,TM,1094,18,0,0,18,63,2,0,65,89,2,0,91,93,2,0,95,146,3,0,149,191,11,0,202
155252,126,"COLEGIUL TEHNIC ""AZUR""",TIMIŞOARA,TM,1399,12,1,0,13,56,26,0,82,76,33,0,109,89,39,0,128,140,53,0,193,200,69,0,269
155252,127,"COLEGIUL TEHNIC ""AZUR""",TIMIŞOARA,TM,1276,5,0,0,5,62,4,0,66,86,7,0,93,92,7,0,99,143,30,0,173,188,43,0,231
155252,128,"COLEGIUL TEHNIC ""AZUR""",TIMIŞOARA,TM,1201,15,1,0,16,47,6,0,53,79,18,0,97,82,18,0,100,131,23,0,154,165,39,0,204
155252,129,"COLEGIUL TEHNIC ""AZUR""",TIMIŞOARA,TM,1241,19,4,0,23,72,6,0,78,85,7,0,92,87,8,0,95,133,10,0,143,172,14,0,186
155252,130,"COLEGIUL TEHNIC ""AZUR""",TIMIŞOARA,TM,1397,5,1,0,6,77,5,0,82,97,7,0,104,101,7,0,108,172,7,0,179,211,11,0,222
155252,131,"COLEGIUL TEHNIC ""AZUR""",TIMIŞOARA,TM,1205,11,4,0,15,53,5,0,58,75,5,0,80,81,7,0,88,144,9,0,153,174,9,0,183
155252,132,"LICEUL TEORETIC ""IRIS""",TIMIŞOARA,TM,1476,7,2,0,9,41,13,0,54,88,18,0,106,100,21,0,121,169,36,0,205,225,58,0,283
155252,133,"ŞCOALA GIMNAZIALĂ NR.25",TIMIŞOARA,TM,1611,16,0,0,16,67,0,0,67,98,1,0,99,111,1,0,112,182,6,0,188,220,9,0,229
155252,134,"ŞCOALA GIMNAZIALĂ NR.25",TIMIŞOARA,TM,1585,13,0,0,13,69,3,0,72,102,5,0,107,118,5,0,123,213,11,0,224,266,17,0,283
155252,135,"ŞCOALA GIMNAZIALĂ NR.25",TIMIŞOARA,TM,1911,11,4,0,15,84,13,0,97,129,31,1,161,145,34,1,180,225,55,1,281,297,62,1,360
155252,136,"ŞCOALA GIMNAZIALĂ NR.25",TIMIŞOARA,TM,1557,18,1,0,19,88,6,0,94,133,9,0,142,145,11,0,156,204,13,0,217,260,17,0,277
155252,137,"ŞCOALA GIMNAZIALĂ NR.25",TIMIŞOARA,TM,1596,15,2,0,17,46,6,0,52,79,7,0,86,88,7,0,95,146,11,0,157,203,12,0,215
155252,138,"GRĂDINIŢA CU PROGRAM PRELUNGIT NR. 11 ( GRĂDINIŢA CU PROGRAM PRELUNGIT NR.12)",TIMIŞOARA,TM,952,8,0,0,8,40,3,0,43,57,8,0,65,69,11,0,80,116,26,0,142,144,30,0,174
155252,139,"ŞCOALA GIMNAZIALĂ NR.15",TIMIŞOARA,TM,1387,10,0,0,10,51,0,0,51,81,3,0,84,98,5,0,103,144,10,0,154,177,19,0,196
155252,140,"ŞCOALA GIMNAZIALĂ NR.15",TIMIŞOARA,TM,1061,8,2,0,10,32,7,0,39,49,10,0,59,58,11,0,69,104,17,0,121,133,22,0,155
155252,141,"ŞCOALA GIMNAZIALĂ NR.15",TIMIŞOARA,TM,1279,8,1,0,9,61,2,0,63,90,3,0,93,103,3,0,106,146,6,0,152,195,7,0,202
155252,142,"ŞCOALA GIMNAZIALĂ NR.15",TIMIŞOARA,TM,1278,7,1,0,8,46,3,0,49,62,6,0,68,70,6,0,76,136,7,0,143,172,7,0,179
155252,143,"S.C.""DRUMURIMUNICIPALE TIMIŞOARA "" S.A.",TIMIŞOARA,TM,1727,6,0,0,6,31,4,0,35,56,8,0,64,69,8,0,77,128,11,0,139,168,12,0,180
155252,144,"S.C.""DRUMURIMUNICIPALE TIMIŞOARA "" S.A.",TIMIŞOARA,TM,1718,8,1,0,9,46,3,0,49,72,5,0,77,77,6,0,83,138,7,0,145,199,15,0,214
155252,145,"GRADINIŢA CU PROGRAM PRELUNGIT NR.23",TIMIŞOARA,TM,1206,22,4,0,26,70,9,0,79,104,14,0,118,121,15,0,136,177,20,0,197,205,27,0,232
155252,146,"ŞCOALA GIMNAZIALĂ NR.13",TIMIŞOARA,TM,1157,4,1,0,5,38,4,0,42,55,10,0,65,64,11,0,75,92,18,0,110,129,24,0,153
155252,147,"ŞCOALA GIMNAZIALĂ NR.13",TIMIŞOARA,TM,1383,15,3,0,18,77,14,0,91,90,19,0,109,100,21,0,121,182,33,0,215,212,42,0,254
155252,148,"ŞCOALA GIMNAZIALĂ NR.13",TIMIŞOARA,TM,1346,9,0,0,9,48,7,0,55,78,10,0,88,83,13,0,96,135,17,1,153,176,25,1,202
155252,149,"ŞCOALA GIMNAZIALĂ NR.13",TIMIŞOARA,TM,1112,8,0,0,8,41,1,0,42,63,2,0,65,67,3,0,70,115,8,0,123,140,9,0,149
155252,150,"COLEGIUL TEHNIC ELECTROTIMIŞ",TIMIŞOARA,TM,1604,18,2,0,20,63,7,0,70,99,10,0,109,103,11,0,114,196,19,0,215,241,28,0,269
155252,151,"COLEGIUL TEHNIC ELECTROTIMIŞ",TIMIŞOARA,TM,1443,15,1,0,16,48,4,0,52,81,12,0,93,91,12,0,103,158,14,0,172,192,17,0,209
155252,152,"COLEGIUL TEHNIC ELECTROTIMIŞ",TIMIŞOARA,TM,1692,17,2,0,19,72,5,0,77,111,9,0,120,125,9,0,134,209,15,0,224,250,22,0,272
155252,153,"COLEGIUL TEHNIC ELECTROTIMIŞ",TIMIŞOARA,TM,1482,11,0,0,11,35,4,0,39,61,9,0,70,71,10,0,81,118,24,0,142,155,38,0,193
155252,154,"LICEUL TEORETIC ""VLAD TEPES""",TIMIŞOARA,TM,1534,18,1,0,19,59,5,0,64,94,6,0,100,104,7,0,111,184,11,0,195,246,17,0,263
155252,155,"LICEUL TEORETIC ""VLAD TEPES""",TIMIŞOARA,TM,1351,3,3,0,6,29,6,0,35,48,8,0,56,57,8,0,65,92,12,0,104,126,13,0,139
155252,156,"CENTRUL SCOLAR PENTRU EDUCATIE INCLUZIVA ""CONSTANTIN PUFAN""",TIMIŞOARA,TM,1320,15,1,0,16,62,2,0,64,98,8,0,106,107,8,0,115,179,25,0,204,219,37,0,256
155252,157,"GRĂDINIŢA CU PROGRAM PRELUNGIT NR.38 (GRADINIŢA CU PROGRAM NORMAL NR.19 )",TIMIŞOARA,TM,1644,20,1,0,21,71,8,0,79,101,9,0,110,110,9,0,119,170,11,0,181,227,19,0,246
155252,158,"GRĂDINIŢA CU PROGRAM PRELUNGIT NR.38 (GRĂDINIŢA CU PROGRAM NORMAL NR.19 )",TIMIŞOARA,TM,1560,11,4,0,15,60,5,0,65,99,6,0,105,106,8,0,114,176,10,0,186,237,12,0,249
155252,159,"ŞCOALA GIMNAZIALĂ NR.16 "" TAKE IONESCU """,TIMIŞOARA,TM,1426,18,3,0,21,89,3,0,92,112,7,0,119,116,7,0,123,191,13,0,204,236,23,147,406
155252,160,"ŞCOALA GIMNAZIALĂ NR.16 "" TAKE IONESCU """,TIMIŞOARA,TM,1128,19,0,0,19,74,2,0,76,110,4,0,114,118,4,0,122,184,4,0,188,226,16,215,457
155252,161,"ŞCOALA GIMNAZIALĂ NR.16 "" TAKE IONESCU """,TIMIŞOARA,TM,1050,20,0,1,21,84,23,11,118,101,27,12,140,110,27,12,149,163,42,248,453,188,62,254,504
155252,162,"GRĂDINIŢA CU PROGRAM PRELUNGIT NR.53 ( GRĂDINIŢA CU PROGRAM PRELUNGIT NR.48)",TIMIŞOARA,TM,944,12,2,0,14,34,5,1,40,55,6,1,62,65,6,1,72,120,12,2,134,155,18,2,175
155252,163,"COLEGIUL TEHNIC ENERGETIC "" REGELE FERDINAND I """,TIMIŞOARA,TM,1689,13,4,0,17,76,6,0,82,107,8,0,115,117,8,0,125,214,28,24,266,254,38,24,316
155252,164,"ŞCOALA GIMNAZIALĂ NR.21 "" VICENŢIU BABEŞ """,TIMIŞOARA,TM,1439,18,7,0,25,71,27,0,98,94,34,0,128,110,36,0,146,181,57,0,238,231,69,0,300
155252,165,"ŞCOALA GIMNAZIALĂ NR.21 "" VICENŢIU BABEŞ """,TIMIŞOARA,TM,1597,18,1,0,19,42,2,0,44,70,2,0,72,90,6,0,96,152,9,0,161,188,13,0,201
155252,166,"ŞCOALA GIMNAZIALĂ NR.21 "" VICENŢIU BABEŞ """,TIMIŞOARA,TM,1564,17,1,0,18,90,4,0,94,121,8,0,129,134,13,0,147,250,28,0,278,312,46,0,358
155252,167,"ŞCOALA GIMNAZIALĂ NR.21 "" VICENŢIU BABEŞ """,TIMIŞOARA,TM,1176,12,0,0,12,51,0,0,51,73,0,0,73,80,5,0,85,122,13,0,135,166,21,0,187
155252,168,"ŞCOALA GIMNAZIALĂ NR.7 ""SFÂNTA MARIA """,TIMIŞOARA,TM,1444,11,0,0,11,60,10,0,70,87,16,0,103,101,17,0,118,179,27,0,206,210,41,0,251
155252,169,"ŞCOALA GIMNAZIALĂ NR.7 ""SFÂNTA MARIA """,TIMIŞOARA,TM,1538,19,5,0,24,64,10,0,74,99,16,0,115,109,17,0,126,192,23,0,215,241,30,0,271
155252,170,"ŞCOALA GIMNAZIALĂ NR.7 ""SFÂNTA MARIA """,TIMIŞOARA,TM,1469,3,6,0,9,46,12,0,58,73,19,0,92,87,20,0,107,178,37,0,215,220,51,0,271
155252,171,"ŞCOALA GIMNAZIALĂ NR.7 ""SFÂNTA MARIA """,TIMIŞOARA,TM,1425,9,2,0,11,61,10,0,71,89,18,0,107,95,19,0,114,157,40,0,197,191,52,0,243
155252,172,"ŞCOALA GIMNAZIALĂ NR.7 ""SFÂNTA MARIA """,TIMIŞOARA,TM,1125,13,5,0,18,46,9,0,55,59,10,0,69,65,10,0,75,108,16,0,124,159,24,0,183
155252,173,"ŞCOALA GIMNAZIALĂ NR.7 ""SFÂNTA MARIA """,TIMIŞOARA,TM,1300,10,5,0,15,55,7,0,62,75,11,0,86,85,13,0,98,139,16,0,155,169,23,0,192
155252,174,"GRĂDINIŢA CU PROGRAM PRELUNGIT NR.20",TIMIŞOARA,TM,1665,12,0,0,12,76,7,0,83,106,9,0,115,117,10,0,127,215,17,0,232,256,22,0,278
155252,175,"GRADINIŢA CU PROGRAM PRELUNGIT NR.20",TIMIŞOARA,TM,1686,14,3,0,17,56,5,0,61,85,6,0,91,97,7,0,104,175,10,0,185,221,12,0,233
155252,176,"GRADINIŢA CU PROGRAM PRELUNGIT NR.20",TIMIŞOARA,TM,1406,19,4,0,23,79,4,0,83,126,4,0,130,138,4,0,142,214,9,0,223,273,11,0,284
155252,177,"DIRECȚIADE ASISTENȚĂSOCIALĂ A MUNICIPIULUI TIMIȘOARA, COMPLEXUL DE SERVICII SOCIALE PENTRU PERSOANE VÂRSTNICE „SF. ARH. MIHAIL ȘI GAVRIL”",TIMIŞOARA,TM,1414,11,1,0,12,53,12,0,65,80,16,0,96,90,19,0,109,157,29,0,186,204,41,0,245
155252,178,"DIRECȚIADE ASISTENȚĂSOCIALĂ A MUNICIPIULUI TIMIȘOARA, COMPLEXUL DE SERVICII SOCIALE PENTRU PERSOANE VÂRSTNICE „SF. ARH. MIHAIL ȘI GAVRIL”",TIMIŞOARA,TM,1235,5,1,0,6,38,3,0,41,52,8,0,60,67,8,0,75,131,11,0,142,179,17,0,196
155252,179,"COLEGIUL TEHNIC ENERGETIC "" REGELE FERDINAND I ""- CĂMIN NR.1 ( FOSTGRUP ŞCOLAR "" TUDOR TĂNĂSESCU "")",TIMIŞOARA,TM,1466,7,0,0,7,43,0,0,43,73,1,0,74,79,1,0,80,149,3,0,152,210,9,0,219
155252,180,"COLEGIUL TEHNIC ENERGETIC "" REGELE FERDINAND I ""- CĂMIN NR.1 ( FOSTGRUP ŞCOLAR "" TUDOR TĂNĂSESCU "")",TIMIŞOARA,TM,1271,6,2,0,8,28,6,0,34,46,7,0,53,47,7,0,54,108,10,0,118,142,10,0,152
155252,181,"COLEGIUL TEHNIC ENERGETIC "" REGELE FERDINAND I ""- CĂMIN NR.1 ( FOSTGRUP ŞCOLAR "" TUDOR TĂNĂSESCU "")",TIMIŞOARA,TM,1373,6,1,0,7,25,2,0,27,37,5,0,42,42,5,0,47,108,8,0,116,151,14,0,165
155252,182,"COLEGIUL TEHNIC ENERGETIC "" REGELE FERDINAND I ""- CĂMIN NR.1 ( FOSTGRUP ŞCOLAR "" TUDOR TĂNĂSESCU "")",TIMIŞOARA,TM,1313,9,0,0,9,28,0,0,28,49,2,0,51,56,2,0,58,102,9,0,111,140,9,0,149
155252,183,"COLEGIUL TEHNIC ENERGETIC „REGELE FERDINAND I”",TIMIŞOARA,TM,1572,1,4,0,5,23,5,0,28,34,8,0,42,38,8,0,46,85,9,62,156,131,12,62,205
155252,184,"COLEGIUL TEHNIC ENERGETIC „REGELE FERDINAND I”",TIMIŞOARA,TM,978,0,4,0,4,12,4,0,16,20,5,0,25,27,5,0,32,56,6,0,62,81,6,0,87
155252,185,"LICEUL TEORETIC ""WILLIAM SHAKESPEARE""",TIMIŞOARA,TM,1414,17,1,0,18,77,4,0,81,113,9,0,122,120,9,0,129,178,18,0,196,217,28,0,245
155252,186,"CENTRUL SCOLAR PENTRU EDUCATIE INCLUZIVA "" PAUL POPESCU NEVEANU""",TIMIŞOARA,TM,1251,3,2,0,5,39,4,0,43,63,5,0,68,72,5,0,77,105,7,0,112,154,8,0,162
155252,187,"CENTRUL SCOLAR PENTRU EDUCATIE INCLUZIVA "" PAUL POPESCU NEVEANU""",TIMIŞOARA,TM,1223,3,2,0,5,26,2,0,28,37,3,0,40,51,3,0,54,81,4,0,85,113,10,0,123
155252,188,"CENTRUL SCOLAR PENTRU EDUCATIE INCLUZIVA "" PAUL POPESCU NEVEANU""",TIMIŞOARA,TM,1254,1,3,0,4,23,6,0,29,39,9,0,48,48,9,0,57,83,15,0,98,111,17,0,128
155252,189,"CENTRUL ŞCOLAR PENTRU EDUCAŢIE INCLUZIVĂ ""PAUL POPESCU NEVEANU""",TIMIŞOARA,TM,1047,5,4,0,9,40,6,0,46,51,9,0,60,51,10,0,61,94,14,0,108,139,17,0,156
155252,190,"LICEUL TEORETIC JEAN LOUIS CALDERON CORP A",TIMIŞOARA,TM,1190,6,3,0,9,21,5,0,26,62,14,0,76,64,14,0,78,104,29,0,133,155,52,0,207
155252,191,"LICEUL TEORETIC JEAN LOUIS CALDERON CORP A",TIMIŞOARA,TM,1257,13,3,0,16,67,10,0,77,81,22,0,103,90,24,0,114,145,40,1,186,191,52,1,244
155252,192,"LICEUL TEORETIC JEAN LOUIS CALDERON CORP A",TIMIŞOARA,TM,1181,5,2,0,7,52,3,0,55,69,4,0,73,76,4,0,80,144,8,2,154,192,11,2,205
155252,193,"LICEUL TEORETIC JEAN LOUIS CALDERON CORP A",TIMIŞOARA,TM,1023,10,2,0,12,51,5,0,56,67,6,0,73,69,6,0,75,126,7,0,133,159,11,0,170
155252,194,"LICEUL TEOLOGIC PENTICOSTAL LOGOS",TIMIŞOARA,TM,1439,10,3,0,13,76,6,0,82,98,12,0,110,109,13,0,122,176,23,0,199,218,29,0,247
155252,195,"LICEUL TEOLOGIC PENTICOSTAL LOGOS",TIMIŞOARA,TM,1082,6,2,0,8,37,4,0,41,64,6,0,70,70,6,0,76,115,12,0,127,142,14,0,156
155252,196,"LICEUL TEOLOGIC PENTICOSTAL LOGOS",TIMIŞOARA,TM,1130,9,1,0,10,41,1,0,42,59,3,0,62,62,3,0,65,109,4,0,113,145,9,0,154
155252,197,"LICEUL TEOLOGIC PENTICOSTAL LOGOS",TIMIŞOARA,TM,1279,8,1,0,9,52,3,0,55,68,3,0,71,74,4,0,78,120,7,0,127,163,9,0,172
155252,198,"ŞCOALA GIMNAZIALĂ NR.6 (GRADINIŢA CU PROGRAM PRELUNGIT NR. 30)",TIMIŞOARA,TM,1535,5,3,0,8,43,6,0,49,83,6,0,89,93,6,0,99,155,8,0,163,194,8,0,202
155252,199,"ŞCOALA GIMNAZIALĂ NR.6 (GRADINIŢA CU PROGRAM PRELUNGIT NR. 30)",TIMIŞOARA,TM,1786,10,1,0,11,56,5,0,61,87,5,0,92,98,6,0,104,171,6,0,177,220,9,0,229
155252,200,"COLEGIUL TEHNIC "" ELECTROTIMIŞ "" ( ŞCOALA GIMNAZIALĂ NR.20 )",TIMIŞOARA,TM,2027,13,0,0,13,72,1,0,73,118,3,0,121,157,6,0,163,297,16,2,315,388,20,2,410
155252,201,"ŞCOALA GIMNAZIALĂ NR.1( ŞCOALA GIMNAZIALĂ NR. 4 )",TIMIŞOARA,TM,1618,22,0,0,22,75,1,0,76,125,6,0,131,150,6,0,156,253,7,0,260,323,11,0,334
155252,202,"ŞCOALA GIMNAZIALĂ NR.1( ŞCOALA GIMNAZIALĂ NR. 4 )",TIMIŞOARA,TM,1438,17,5,0,22,63,7,0,70,111,10,0,121,130,10,0,140,209,11,0,220,272,15,0,287
155252,203,"GRĂDINIŢA CU PROGRAM PRELUNGIT NR.38 ( GRĂDINIŢA CU PROGRAM PRELUNGIT NR.6 )",TIMIŞOARA,TM,1308,17,0,0,17,64,1,0,65,91,1,0,92,117,1,0,118,220,5,0,225,307,9,0,316
155252,204,"GRĂDINIŢA CU PROGRAM PRELUNGIT NR.38 ( GRĂDINIŢA CU PROGRAM PRELUNGIT NR.6 )",TIMIŞOARA,TM,1312,27,3,0,30,73,5,0,78,98,6,0,104,105,6,0,111,224,9,1,234,275,9,1,285
155252,205,"TELEKOM ROMÂNIA COMMUNICATIONS S.A.",TIMIŞOARA,TM,1248,6,0,0,6,38,3,0,41,51,3,0,54,54,3,0,57,85,9,0,94,126,18,0,144
155252,206,"TELEKOM ROMÂNIA COMMUNICATIONS S.A.",TIMIŞOARA,TM,1085,7,2,0,9,38,3,0,41,59,3,2,64,69,3,2,74,113,8,2,123,141,8,2,151
155252,207,"GRADINITA AEROPORT CU PROGRAM PRELUNGIT NR.13",TIMIŞOARA,TM,511,6,1,0,7,24,1,0,25,42,1,0,43,49,1,0,50,97,9,0,106,124,11,0,135
155369,208,"COLEGIUL NAŢIONAL ,,IULIA HAŞDEU""",LUGOJ,TM,1252,11,0,0,11,57,3,0,60,90,6,0,96,96,6,0,102,173,16,0,189,211,24,0,235
155369,209,"ŞCOALA GIMNAZIALĂ NR.3",LUGOJ,TM,1582,19,4,0,23,67,5,0,72,105,9,0,114,116,10,0,126,181,25,0,206,229,31,0,260
155369,210,"GRĂDINIŢA CU PROGRAM PRELUNGIT NR.3",LUGOJ,TM,1695,15,4,0,19,91,8,0,99,134,9,0,143,154,11,0,165,308,19,0,327,365,33,0,398
155369,211,"GRĂDINIŢA CU PROGRAM PRELUNGIT NR.4",LUGOJ,TM,1329,12,1,0,13,74,6,1,81,98,6,1,105,111,7,1,119,184,7,1,192,223,9,1,233
155369,212,"GRĂDINIŢA CU PROGRAM PRELUNGIT NR.4",LUGOJ,TM,1046,14,2,0,16,51,2,0,53,80,2,0,82,85,2,0,87,152,5,0,157,194,11,0,205
155369,213,"ŞCOALA GIMNAZIALĂ NR.4",LUGOJ,TM,1013,17,6,0,23,62,10,0,72,77,10,0,87,85,10,0,95,156,15,0,171,191,17,0,208
155369,214,"GRĂDINIŢA CU PROGRAM PRELUNGIT NR.5",LUGOJ,TM,1512,10,6,0,16,65,7,0,72,89,8,0,97,101,8,0,109,175,11,1,187,216,12,1,229
155369,215,"GRĂDINIŢA CU PROGRAM PRELUNGIT NR.5",LUGOJ,TM,1160,9,0,0,9,37,1,0,38,63,1,0,64,70,1,0,71,122,2,0,124,152,10,0,162
155369,216,"ŞCOALA GIMNAZIALĂ NR.2",LUGOJ,TM,1496,10,0,0,10,63,2,0,65,82,2,0,84,93,7,0,100,153,14,0,167,182,20,0,202
155369,217,"GRĂDINIŢA CU PROGRAM PRELUNGIT NR.7",LUGOJ,TM,1451,7,2,0,9,40,2,0,42,60,2,0,62,65,2,0,67,120,4,0,124,174,5,0,179
155369,218,"GRĂDINIŢA CU PROGRAM NORMAL NR.11",LUGOJ,TM,1262,12,2,0,14,65,2,0,67,123,2,0,125,150,6,0,156,311,10,0,321,384,17,0,401
155369,219,"GRĂDINIŢA CU PROGRAM NORMAL NR.11",LUGOJ,TM,1035,20,1,0,21,58,5,0,63,91,5,0,96,110,5,0,115,219,9,0,228,291,9,0,300
155369,220,"SALA SPORTURILOR ,,IOAN KUNST GHERMĂNESCU""",LUGOJ,TM,773,8,0,0,8,32,3,0,35,48,4,0,52,63,4,0,67,115,14,0,129,144,16,0,160
155369,221,"SALA SPORTURILOR ,,IOAN KUNST GHERMĂNESCU""",LUGOJ,TM,1482,6,0,0,6,56,3,0,59,82,4,0,86,100,5,0,105,184,12,0,196,229,19,0,248
155369,222,"SALA SPORTURILOR ,,IOAN KUNST GHERMĂNESCU""",LUGOJ,TM,1337,21,1,0,22,53,1,0,54,82,2,0,84,82,2,0,84,166,12,0,178,194,19,0,213
155369,223,"SALA SPORTURILOR ,,IOAN KUNST GHERMĂNESCU""",LUGOJ,TM,1172,3,1,0,4,35,3,0,38,44,3,0,47,49,3,0,52,95,7,0,102,127,7,0,134
155369,224,"ŞCOALA GIMNAZIALĂ ""EFTIMIE MURGU""",LUGOJ,TM,1149,13,0,0,13,51,1,0,52,72,1,0,73,84,3,0,87,129,4,0,133,167,6,0,173
155369,225,"ŞCOALA GIMNAZIALĂ ,,EFTIMIE MURGU""",LUGOJ,TM,1459,6,0,0,6,43,2,0,45,62,3,0,65,73,3,0,76,147,7,0,154,204,10,0,214
155369,226,"GRĂDINIŢA CUPROGRAM NORMAL NR.13",LUGOJ,TM,1649,7,0,0,7,61,4,0,65,93,8,0,101,104,8,0,112,200,13,0,213,251,25,0,276
155369,227,"COLEGIUL TEHNIC ""VALERIU BRANIŞTE""",LUGOJ,TM,1120,5,0,0,5,33,6,13,52,53,6,13,72,62,8,13,83,140,11,13,164,185,16,13,214
155369,228,"GRĂDINIŢA CU PROGRAM PRELUNGIT NR.2",LUGOJ,TM,1550,14,0,0,14,49,1,0,50,67,4,0,71,80,5,0,85,150,7,0,157,208,12,0,220
155369,229,"ŞCOALA GIMNAZIALĂ NR.1",LUGOJ,TM,1278,9,3,0,12,45,7,0,52,78,7,0,85,86,7,0,93,173,8,0,181,224,11,0,235
155369,230,"ŞCOALA GIMNAZIALĂ NR.1",LUGOJ,TM,1293,11,0,0,11,51,3,0,54,92,4,1,97,98,6,1,105,212,10,1,223,275,15,1,291
155369,231,"ŞCOALA GIMNAZIALĂ NR.1",LUGOJ,TM,434,5,0,0,5,12,0,0,12,13,1,0,14,17,1,0,18,24,5,0,29,30,8,0,38
155369,232,"CLUBUL TINERETULUI",LUGOJ,TM,1112,9,5,0,14,28,11,0,39,47,13,0,60,58,14,0,72,116,23,0,139,144,31,0,175
155369,233,"SALA DE LUPTE ŞI GIMNASTICĂ ,,FRANCISC HORVATH""",LUGOJ,TM,1117,13,6,0,19,33,9,0,42,42,9,1,52,56,9,1,66,101,10,1,112,142,11,2,155
155369,234,"BAZA DE AGREMENT ŞTRAND",LUGOJ,TM,1256,19,1,0,20,60,1,0,61,77,2,0,79,88,3,0,91,166,7,0,173,203,7,0,210
155369,235,"SALA SPORTURILOR ,,LAVINIA MILOŞOVICI""",LUGOJ,TM,1562,11,2,0,13,45,3,0,48,79,5,0,84,105,5,0,110,191,9,0,200,250,12,0,262
155369,236,"SALA SPORTURILOR ,,LAVINIA MILOŞOVICI""",LUGOJ,TM,1529,13,1,0,14,54,4,0,58,78,10,0,88,92,13,0,105,180,19,0,199,225,29,0,254
155369,237,"SALA SPORTURILOR ,,LAVINIA MILOŞOVICI""",LUGOJ,TM,1629,8,6,0,14,44,6,0,50,73,7,0,80,91,7,0,98,188,12,0,200,282,21,0,303
155378,238,"CĂMINUL CULTURAL MĂGURI",MĂGURI,TM,762,7,4,0,11,24,8,0,32,47,9,0,56,51,10,0,61,82,10,0,92,100,13,0,113
155387,239,"GRĂDINIŢA CU PROGRAM NORMAL NR.5 TĂPIA",TAPIA,TM,253,4,2,0,6,5,8,0,13,10,9,0,19,11,11,0,22,36,15,0,51,61,20,0,81
155412,240,"ŞCOALA GIMNAZIALĂ BUZIAŞ",BUZIAŞ,TM,1520,26,11,0,37,66,22,0,88,90,26,0,116,105,26,0,131,181,43,0,224,229,57,0,286
155412,241,"ŞCOALA GENERALĂ",BUZIAŞ,TM,1363,15,9,0,24,50,53,46,149,68,61,46,175,84,64,46,194,151,94,47,292,185,110,47,342
155412,242,"LICEUL TEORETIC",BUZIAŞ,TM,1805,13,14,0,27,58,42,0,100,74,52,0,126,92,57,0,149,176,88,0,264,234,104,0,338
155430,243,"ŞCOALAGIMNAZIALĂ BACOVA",BACOVA,TM,1608,5,3,0,8,31,6,0,37,39,6,0,45,51,7,0,58,103,15,0,118,144,22,0,166
155421,244,"ŞCOALA PRIMARĂ SILAGIU",SILAGIU,TM,658,5,2,0,7,17,4,0,21,26,4,0,30,45,6,0,51,75,8,0,83,119,9,0,128
156366,245,PRIMĂRIE,CIACOVA,TM,1303,18,2,0,20,54,4,0,58,62,7,0,69,74,9,0,83,122,13,0,135,154,21,0,175
156366,246,"LICEUL AL.MOCIONI CIACOVA",CIACOVA,TM,1000,8,1,0,9,26,2,0,28,32,3,0,35,32,5,0,37,55,12,0,67,71,14,13,98
156375,247,ȘCOALAPRIMARĂCEBZA,CEBZA,TM,611,8,4,0,12,44,14,0,58,52,15,0,67,54,15,0,69,100,32,0,132,123,42,0,165
156400,248,"CĂMINUL CULTURAL MACEDONIA",MACEDONIA,TM,366,4,0,0,4,17,2,0,19,23,4,0,27,36,6,0,42,47,15,0,62,64,20,0,84
156419,249,"ŞCOALAPRIMARĂ OBAD",OBAD,TM,517,1,1,0,2,2,2,0,4,10,2,0,12,21,6,0,27,66,10,0,76,104,16,0,120
156428,250,ŞCOALAPRIMARĂPETROMAN,PETROMAN,TM,565,7,0,0,7,15,1,0,16,23,3,0,26,34,7,0,41,58,14,0,72,93,19,0,112
155467,251,"LICEUL SFÂNTUL NICOLAE DETA",DETA,TM,1617,18,2,0,20,51,3,0,54,87,10,0,97,98,10,0,108,147,17,0,164,183,23,6,212
155467,252,"ȘCOALA GIMNAZIALĂ DETA",DETA,TM,1456,10,1,0,11,39,1,0,40,65,1,0,66,73,1,0,74,142,13,0,155,175,16,0,191
155467,253,"ȘCOALA GIMNAZIALĂ DETA",DETA,TM,1136,10,0,0,10,34,0,0,34,45,0,0,45,51,2,0,53,83,7,0,90,114,9,0,123
155467,254,"A.N.I.F DETA",DETA,TM,1594,9,0,0,9,46,3,0,49,60,3,0,63,70,3,0,73,113,5,0,118,150,7,0,157
155476,255,"CĂMINUL CULTURAL OPATIŢA",OPATIŢA,TM,565,4,0,0,4,16,0,0,16,18,0,0,18,23,0,0,23,64,2,0,66,64,8,0,72
156810,256,"CASA DE CULTURA FAGET",FĂGET,TM,1576,17,4,0,21,96,8,0,104,142,11,0,153,170,11,0,181,356,23,1,380,459,44,1,504
156810,257,"SC TRANSPORT MIXT FAGETEANA SA",FĂGET,TM,320,5,4,0,9,6,4,0,10,9,4,0,13,14,4,0,18,55,9,12,76,83,10,12,105
156810,258,"GRĂDINIŢAPROGRAM NORMAL FĂGET",FĂGET,TM,1397,15,0,0,15,62,0,0,62,99,9,0,108,126,11,0,137,291,15,0,306,381,21,0,402
156829,259,"ŞCOALA PRIMARĂ BĂTEȘTI,",BĂTEŞTI,TM,398,7,1,0,8,21,1,0,22,28,2,0,30,35,4,0,39,111,8,0,119,137,11,0,148
156838,260,"FOSTA ŞCOALA GIMNAZIALĂ BEGHEIULMIC","BEGHEIU MIC",TM,277,2,0,0,2,8,2,0,10,15,3,0,18,17,3,0,20,61,5,0,66,90,6,0,96
156847,261,"CĂMINUL CULTURAL BICHIGI",BICHIGI,TM,500,8,3,0,11,26,5,0,31,54,12,0,66,62,13,0,75,150,23,0,173,184,25,0,209
156856,262,"CAMINUL CULTURAL BRĂNEŞTI",BRĂNEŞTI,TM,409,1,0,0,1,10,3,0,13,23,4,0,27,31,4,0,35,84,13,0,97,133,21,0,154
156865,263,"ȘCOALA PRIMARĂ BUNEA MARE","BUNEA MARE",TM,172,0,0,0,0,0,0,0,0,2,0,0,2,5,3,0,8,19,4,0,23,39,4,0,43
156883,264,"ŞCOALA PRIMARĂ , COLONIA MICĂ","COLONIA MICĂ",TM,269,0,0,0,0,14,0,0,14,33,2,0,35,38,5,0,43,101,13,0,114,131,17,0,148
156892,265,"FOSTA ȘCOALA GENERALĂ JUPÂNEŞTI",JUPÂNEŞTI,TM,149,4,2,0,6,5,3,0,8,7,3,0,10,11,3,0,14,41,3,0,44,47,3,0,50
156909,266,"CAMINUL CULTURAL POVERGINA",POVÂRGINA,TM,135,1,0,0,1,2,0,0,2,2,0,0,2,4,6,0,10,23,7,0,30,30,7,0,37
156918,267,"CAMINUL CULTURAL TEMEREŞTI",TEMEREŞTI,TM,436,19,0,0,19,47,1,0,48,62,6,0,68,74,7,0,81,172,14,0,186,231,18,11,260
157095,268,"LICEUL TEORETIC GĂTAIA",GĂTAIA,TM,1411,19,2,0,21,42,9,0,51,66,11,0,77,79,12,0,91,161,19,0,180,210,22,9,241
157095,269,"PRIMARIA ORAS GATAIA",GĂTAIA,TM,1335,14,1,0,15,52,11,0,63,71,12,0,83,84,14,0,98,173,30,0,203,217,33,11,261
157157,270,"SCOALA PRIMARA SCULIA",SCULIA,TM,1621,25,1,0,26,76,4,0,80,131,8,0,139,149,9,0,158,335,13,65,413,419,26,65,510
157120,271,"ŞCOALA PRIMARĂ BUTIN",BUTIN,TM,318,2,3,0,5,11,6,0,17,15,8,0,23,17,9,0,26,48,10,0,58,76,14,0,90
157148,272,"ŞCOALA PRIMARĂ PERCOSOVA",PERCOSOVA,TM,226,0,3,0,3,2,6,0,8,3,6,0,9,6,6,0,12,13,14,0,27,19,18,0,37
157175,273,"SCOALA PRIMARA SEMLACU MARE","ŞEMLACU MARE",TM,268,1,0,0,1,5,7,0,12,11,11,0,22,15,13,0,28,33,31,0,64,40,34,0,74
157184,274,"ŞCOALA PRIMARĂŞEMLACUL MIC","ŞEMLACU MIC",TM,147,0,2,0,2,4,5,0,9,5,6,0,11,7,8,0,15,16,14,0,30,18,14,0,32
155500,275,"LICEUL TEHNOLOGIC JIMBOLIA",JIMBOLIA,TM,1689,10,3,0,13,42,3,0,45,68,4,0,72,82,6,0,88,134,9,0,143,160,14,0,174
155500,276,"LICEUL TEHNOLOGIC JIMBOLIA",JIMBOLIA,TM,1555,14,2,0,16,44,2,0,46,58,6,0,64,62,7,0,69,109,10,4,123,142,13,4,159
155500,277,"ŞCOALA GIMNAZIALĂ JIMBOLIA",JIMBOLIA,TM,1643,7,0,0,7,17,0,0,17,42,3,0,45,49,4,0,53,107,10,0,117,149,30,0,179
155500,278,"ŞCOALA GIMNAZIALĂ JIMBOLIA",JIMBOLIA,TM,1622,7,0,0,7,30,6,0,36,40,6,0,46,47,7,0,54,82,8,0,90,113,8,0,121
155500,279,"INCUBATORUL DE AFACERI JIMBOLIA",JIMBOLIA,TM,1489,6,2,0,8,31,4,0,35,46,4,0,50,54,4,0,58,120,9,0,129,152,16,0,168
155500,280,"CASA DE CULTURĂ",JIMBOLIA,TM,1532,10,0,0,10,49,5,0,54,70,5,0,75,79,5,0,84,135,9,0,144,184,18,0,202
155500,281,"CASA DE CULTURĂ",JIMBOLIA,TM,1338,2,4,0,6,21,10,0,31,38,16,0,54,44,18,0,62,96,24,0,120,115,48,15,178
155500,282,"GRADINITA CU PROGRAM NORMAL CLARII VII",JIMBOLIA,TM,219,0,0,0,0,8,0,0,8,15,0,0,15,16,0,0,16,23,0,0,23,27,7,0,34
158323,283,"PRIMĂRIA RECAȘ",RECAŞ,TM,1816,17,4,0,21,43,9,0,52,68,14,0,82,87,17,0,104,197,30,0,227,259,35,0,294
158323,284,"GRĂDINIȚA CU P.P. RECAȘ",RECAŞ,TM,1391,3,3,0,6,20,5,0,25,38,7,0,45,56,7,0,63,151,11,0,162,185,12,0,197
158323,285,"LICEUL TEORETIC RECAȘ",RECAŞ,TM,1667,7,3,0,10,40,12,0,52,61,19,0,80,89,20,0,109,219,38,0,257,303,54,0,357
158332,286,"ȘCOALA GIMNAZIALĂ BAZOȘ",BAZOŞ,TM,789,7,3,0,10,14,5,0,19,32,9,0,41,50,14,0,64,82,30,0,112,116,36,0,152
158341,287,"ȘCOALA PRIMARĂ HERNEACOVA",HERNEACOVA,TM,367,3,0,0,3,9,1,0,10,23,9,0,32,28,9,0,37,54,15,0,69,86,24,0,110
158350,288,"ȘCOALA GIMNAZIALĂ IZVIN",IZVIN,TM,1300,10,3,0,13,64,7,0,71,148,14,0,162,171,19,0,190,271,31,0,302,338,42,0,380
158378,289,"ȘCOALA PRIMARĂ PETROVASELO",PETROVASELO,TM,207,2,5,0,7,10,11,0,21,15,12,0,27,23,18,0,41,36,22,0,58,40,25,0,65
158387,290,"ȘCOALA PRIMARĂ STANCIOVA",STANCIOVA,TM,304,2,0,0,2,9,0,0,9,16,3,0,19,18,4,0,22,29,14,0,43,32,22,0,54
155537,291,"SALA CASEI DE CULTURĂ (CASTEL NAKO)ETAJ 1","SÂNNICOLAU MARE",TM,1362,9,1,0,10,44,3,0,47,61,3,0,64,71,4,0,75,119,12,0,131,146,14,0,160
155537,292,"SALA CASEI DE CULTURĂ (CASTEL NAKO) DEMISOL","SÂNNICOLAU MARE",TM,1688,18,4,0,22,67,7,1,75,102,13,1,116,110,13,1,124,161,16,1,178,213,20,1,234
155537,293,"PRIMĂRIA ORAŞULUI SÂNNICOLAU MARE","SÂNNICOLAU MARE",TM,1782,12,3,0,15,47,9,0,56,87,19,0,106,104,21,0,125,188,23,0,211,243,28,0,271
155537,294,"GRĂDINIŢA PP1 NR.1 PARTER, SÂNNICOLAU MARE","SÂNNICOLAU MARE",TM,1822,12,0,0,12,53,0,0,53,70,1,0,71,93,3,0,96,157,8,0,165,202,10,0,212
155537,295,"GRĂDINIŢA PP1 NR.1 ETAJ, SÂNNICOLAU MARE","SÂNNICOLAU MARE",TM,1489,11,0,0,11,44,0,0,44,67,0,0,67,82,2,0,84,149,3,0,152,190,11,0,201
155537,296,"LICEUL TEHNOLOGIC CRISTOFOR NAKO ORAŞ SÂNNICOLAU MARE","SÂNNICOLAU MARE",TM,1873,16,3,0,19,53,10,0,63,76,10,0,86,90,10,0,100,156,13,0,169,194,21,0,215
155537,297,"ŞCOALA GIMNAZIALA THEODOR BUCURESCU NR.1, SÂNNICOLAU MARE, PARTER","SÂNNICOLAU MARE",TM,1802,19,7,0,26,47,14,15,76,65,18,15,98,82,18,15,115,171,21,15,207,231,25,15,271
155555,298,"CĂMINUL CULTURAL BALINŢ",BALINŢ,TM,420,2,2,0,4,16,14,0,30,22,16,0,38,22,16,0,38,53,28,0,81,75,50,0,125
155564,299,"GRADINITA PN BODO",BODO,TM,402,6,1,0,7,8,2,0,10,10,2,0,12,10,3,0,13,12,10,0,22,21,13,0,34
155573,300,"ŞCOALA PRIMARĂ FĂDIMAC",FĂDIMAC,TM,190,1,6,0,7,4,9,0,13,7,9,0,16,12,9,0,21,34,12,0,46,53,18,0,71
155582,301,"ŞCOALA PRIMARĂ TÎRGOVIŞTE",TÎRGOVIŞTE,TM,275,0,0,0,0,7,4,0,11,17,5,0,22,20,5,0,25,41,8,0,49,67,9,0,76
155608,302,"PRIMĂRIA BANLOC",BANLOC,TM,1356,16,0,0,16,54,1,0,55,65,3,0,68,85,4,0,89,139,9,0,148,184,10,0,194
155635,303,"GRĂDINIŢA CU PROGRAM NORMAL OFSENIŢA",OFSENIŢA,TM,331,2,1,0,3,13,3,0,16,17,3,0,20,21,3,0,24,44,6,0,50,51,6,0,57
155644,304,"GRĂDINIŢA CU PROGRAM NORMALPARTOŞ",PARTOŞ,TM,372,4,0,0,4,4,1,0,5,8,1,0,9,12,1,0,13,26,8,0,34,31,10,0,41
155653,305,"GRĂDINIŢA CU PROGRAM NORMALSOCA",SOCA,TM,449,10,1,0,11,37,1,0,38,46,6,0,52,54,7,0,61,105,17,0,122,137,21,0,158
155671,306,"PRIMARIA BARA",BARA,TM,139,4,3,0,7,10,13,2,25,19,23,2,44,27,27,2,56,47,42,2,91,55,45,2,102
155680,307,"CLĂDIREA COMUNEI BARA ( FOSTASCOALĂ DOBRESTI)",DOBREŞTI,TM,33,7,6,0,13,8,8,0,16,11,10,0,21,13,14,0,27,17,23,0,40,18,28,0,46
155699,308,"CĂMINUL CULTURALLĂPUŞNIC",LĂPUŞNIC,TM,38,4,2,0,6,7,5,0,12,13,7,0,20,14,10,0,24,18,12,0,30,20,12,0,32
155706,309,"CĂMINUL CULTURALRĂDMĂNEŞTI",RĂDMĂNEŞTI,TM,48,2,2,0,4,10,6,0,16,13,7,0,20,13,9,0,22,15,14,0,29,17,17,0,34
155733,310,"CĂMINUL CULTURAL BEBA VECHE","BEBA VECHE",TM,856,9,2,0,11,24,9,0,33,33,9,0,42,48,9,0,57,104,10,0,114,214,30,0,244
155742,311,"CĂMINUL CULTURAL CHEREŞTUR",CHERESTUR,TM,417,2,0,0,2,13,0,0,13,16,0,0,16,22,1,0,23,61,5,0,66,99,9,0,108
155779,312,"GRĂDINIŢA PP DIMITRIE ŢICHINDEAL","BECICHERECU MIC",TM,1373,8,2,0,10,39,15,0,54,54,17,0,71,71,18,0,89,162,33,0,195,230,51,0,281
155779,313,"ŞCOALA GIMNAZIALĂ DIMITRIE ŢICHINDEAL","BECICHERECU MIC",TM,1286,7,2,0,9,34,9,0,43,40,13,0,53,56,25,0,81,121,45,0,166,173,53,0,226
155804,314,"PRIMĂRIA BELINŢ",BELINŢ,TM,1187,5,1,0,6,26,8,0,34,56,13,0,69,72,21,0,93,229,45,0,274,308,53,0,361
155813,315,"GRADINITA CU PROGRAM NORMAL BABSA-GRUNI",BABŞA,TM,190,2,0,0,2,6,0,0,6,9,3,0,12,14,7,0,21,29,15,0,44,38,17,0,55
155831,316,"GRADINITA CU PROGRAM NORMAL BABSA-GRUNI",GRUNI,TM,177,7,1,0,8,11,2,0,13,17,4,0,21,32,8,0,40,55,28,0,83,77,32,0,109
155822,317,"GRADINITA CU PROGRAM NORMAL CHIZATAU",CHIZĂTĂU,TM,630,3,1,0,4,16,4,0,20,23,7,0,30,30,9,0,39,89,23,0,112,114,39,0,153
155859,318,"PRIMĂRIA BETHAUSEN",BETHAUSEN,TM,697,9,1,0,10,23,1,0,24,37,3,0,40,45,3,0,48,139,9,0,148,189,14,0,203
155868,319,"CĂMINUL CULTURAL CLADOVA",CLADOVA,TM,368,15,1,0,16,30,1,0,31,46,3,0,49,54,3,0,57,101,7,2,110,154,11,2,167
155877,320,"CĂMINUL CULTURAL CLICIOVA",CLICIOVA,TM,344,0,0,0,0,15,3,0,18,24,3,0,27,29,4,0,33,111,12,0,123,139,14,0,153
155886,321,"ŞCOALA PRIMARĂCUTINA",CUTINA,TM,242,8,1,0,9,13,5,0,18,17,5,0,22,24,5,0,29,46,10,0,56,60,18,0,78
155895,322,"ŞCOALA PRIMARĂ LEUCUŞEŞTI",LEUCUŞEŞTI,TM,354,6,0,0,6,19,0,0,19,34,1,0,35,44,3,0,47,110,13,0,123,148,19,0,167
155902,323,"GRĂDINIŢA CU PROGRAM NORMAL NEVRINCEA",NEVRINCEA,TM,189,4,2,0,6,17,2,0,19,26,2,0,28,26,3,0,29,53,10,0,63,63,13,0,76
155920,324,CAMINULCULTURALBILED,BILED,TM,1879,8,4,0,12,36,7,0,43,47,10,0,57,70,10,0,80,140,19,0,159,201,24,0,225
155920,325,GRADINITAPPBILED,BILED,TM,1513,8,4,0,12,19,4,0,23,29,4,0,33,38,5,0,43,96,9,0,105,141,19,0,160
157111,326,"ŞCOALA GIMNAZIALĂ BIRDA",BIRDA,TM,920,5,3,0,8,16,4,0,20,33,8,0,41,54,8,0,62,123,13,0,136,262,25,0,287
157102,327,"CĂMINUL CULTURAL BERECUŢA",BERECUŢA,TM,148,4,3,0,7,14,4,0,18,23,7,0,30,24,9,0,33,33,10,0,43,49,12,0,61
157139,328,"ŞCOALA PRIMARĂ MÂNĂSTIRE",MÂNĂSTIRE,TM,176,3,1,0,4,12,4,0,16,23,8,0,31,24,10,0,34,44,17,0,61,57,19,0,76
157166,329,"ŞCOALA PRIMARĂSÂNGEORGE",SÂNGEORGE,TM,440,6,1,0,7,17,1,0,18,21,1,0,22,24,3,0,27,45,9,0,54,88,11,0,99
155966,330,"CĂMINUL CULTURAL BÎRNA",BÎRNA,TM,422,5,2,0,7,14,3,0,17,21,7,0,28,23,8,0,31,44,14,0,58,79,19,0,98
155984,331,"CĂMINUL CULTURAL BOTINEŞTI",BOTINEŞTI,TM,164,3,3,0,6,7,4,0,11,12,6,0,18,14,6,0,20,53,14,0,67,60,15,0,75
155993,332,"CĂMINUL CULTURAL DRINOVA",DRINOVA,TM,162,2,2,0,4,12,4,0,16,18,4,0,22,22,4,0,26,54,7,0,61,81,12,0,93
156008,333,"CĂMINUL CULTURAL JUREŞTI",JUREŞTI,TM,187,2,0,0,2,6,0,0,6,8,3,0,11,10,3,0,13,28,6,0,34,65,12,0,77
156017,334,"CĂMINUL CULTURAL POGĂNEŞTI",POGĂNEŞTI,TM,271,3,1,0,4,7,3,0,10,20,5,0,25,20,6,0,26,59,9,0,68,85,16,0,101
156044,335,"SEDIUL PRIMĂRIEI BOGDA",BOGDA,TM,255,3,2,0,5,5,4,0,9,9,8,0,17,11,16,0,27,25,28,0,53,39,34,0,73
156062,336,"CASA DE CULTURĂ BUZAD",BUZAD,TM,152,4,4,0,8,12,9,0,21,14,9,0,23,15,12,0,27,30,18,0,48,39,20,0,59
156115,337,"ŞCOALA GIMNAZIALĂBOLDUR",BOLDUR,TM,488,8,1,0,9,19,5,0,24,34,5,0,39,43,7,0,50,77,16,0,93,111,23,0,134
156124,338,"ŞCOALA PRIMARĂ JABĂR",JABĂR,TM,359,1,3,0,4,12,6,0,18,18,6,0,24,19,6,0,25,56,20,0,76,69,27,0,96
156133,339,"ŞCOALA PRIMARĂ OHABA-FORGACI",OHABA-FORGACI,TM,634,8,0,0,8,18,3,0,21,24,6,0,30,32,6,0,38,77,22,0,99,111,30,0,141
156142,340,"ŞCOALA PRIMARĂ SINERSIG",SINERSIG,TM,501,9,1,0,10,32,2,0,34,44,7,0,51,60,9,0,69,102,15,0,117,129,21,0,150
156160,341,"PRIMĂRIA BRESTOVĂŢ",BRESTOVĂŢ,TM,232,2,0,0,2,5,3,0,8,7,3,0,10,9,3,0,12,18,3,0,21,24,6,0,30
156179,342,"CLADIREA COMUNEI BRESTOVAT (FOSTA ŞCOALA GENERALĂ COŞARII)",COŞARII,TM,110,0,0,0,0,2,2,0,4,4,2,0,6,4,2,0,6,6,5,0,11,6,5,0,11
156204,343,"CĂMINUL CULTURAL TEŞ",TEŞ,TM,229,7,1,0,8,17,2,0,19,22,3,0,25,25,6,0,31,49,11,0,60,64,13,0,77
158421,344,"CĂMINUL CULTURAL BUCOVĂŢ",BUCOVĂŢ,TM,1259,2,1,0,3,37,11,0,48,49,14,0,63,56,14,0,70,108,27,0,135,172,39,1,212
158412,345,"CĂMINUL CULTURAL BAZOŞU NOU","BAZOŞU NOU",TM,294,5,4,0,9,11,12,0,23,18,18,0,36,23,20,0,43,51,23,0,74,70,29,0,99
156222,346,"PRIMARIA CĂRPINIŞ",CĂRPINIŞ,TM,1833,18,0,0,18,70,5,0,75,99,8,0,107,111,10,0,121,200,17,0,217,274,21,0,295
156222,347,"CĂMINUL CULTURAL CĂRPINIŞ",CĂRPINIŞ,TM,1675,21,2,0,23,84,4,0,88,129,12,0,141,162,12,0,174,225,19,0,244,293,25,0,318
156240,348,"CĂMINUL CULTURAL IECEA MICĂ","IECEA MICĂ",TM,1035,5,0,0,5,25,7,0,32,42,9,0,51,57,9,0,66,130,12,0,142,152,18,0,170
156268,349,"ŞCOALA GIMNAZIALĂCENAD",CENAD,TM,1956,8,0,0,8,21,3,0,24,40,5,0,45,49,7,0,56,84,13,0,97,151,22,0,173
156268,350,"ŞCOALA GIMNAZIALĂ CENAD",CENAD,TM,1933,13,1,0,14,37,6,0,43,53,8,0,61,71,9,0,80,114,11,0,125,115,18,0,133
156286,351,"SEDIUL PRIMĂRIEI CENEI",CENEI,TM,1821,10,2,0,12,33,6,0,39,55,12,0,67,66,15,0,81,141,24,0,165,188,33,0,221
156295,352,"ŞCOALA PRIMARĂ BOBDA",BOBDA,TM,777,10,0,0,10,28,2,0,30,34,3,0,37,45,5,0,50,65,12,0,77,83,13,0,96
156302,353,"CĂMINUL CULTURAL CHECEA",CHECEA,TM,1662,7,1,0,8,36,7,6,49,40,13,6,59,53,14,6,73,110,26,6,142,135,29,6,170
156320,354,"CONSILIUL LOCAL CHEVEREŞU MARE","CHEVEREŞU MARE",TM,1081,10,3,0,13,24,6,0,30,30,8,0,38,36,9,0,45,59,16,0,75,77,24,0,101
156339,355,"ŞCOALA PRIMARĂ DRAGŞINA",DRAGŞINA,TM,489,6,2,0,8,18,9,0,27,34,12,0,46,45,15,0,60,74,33,0,107,96,40,0,136
156348,356,"ŞCOALAPRIMARĂ VUCOVA",VUCOVA,TM,314,3,1,0,4,12,3,0,15,19,7,0,26,22,9,0,31,48,26,0,74,61,33,0,94
156446,357,"ŞCOALA GIMNAZIALĂ COMLOŞU MARE","COMLOŞU MARE",TM,1470,6,1,0,7,26,7,0,33,36,8,0,44,61,11,0,72,147,15,0,162,207,18,21,246
156446,358,"CĂMINUL CULTURAL COMLOŞU MARE","COMLOŞU MARE",TM,1465,4,2,0,6,33,6,0,39,52,6,0,58,61,9,0,70,122,16,0,138,206,29,1,236
156455,359,"BIBLIOTECA DIN COMLOŞU MIC","COMLOŞU MIC",TM,890,6,0,0,6,17,0,0,17,28,0,0,28,39,0,0,39,82,3,0,85,119,6,0,125
156464,360,"ŞCOALA PRIMARĂ LUNGA",LUNGA,TM,451,1,2,0,3,12,3,0,15,23,4,0,27,27,5,0,32,72,14,0,86,96,24,0,120
156482,361,"CĂMINUL CULTURAL COŞTEIU",COŞTEIU,TM,656,14,7,0,21,26,8,0,34,36,8,0,44,44,9,0,53,101,9,0,110,123,16,0,139
156482,362,"PRIMĂRIA VECHECOŞTEIU",COŞTEIU,TM,1237,9,0,0,9,36,8,0,44,50,11,0,61,71,14,0,85,130,22,0,152,170,25,0,195
156491,363,"ŞCOALA PRIMARA HEZERIS",HEZERIŞ,TM,221,5,0,0,5,16,2,0,18,20,4,0,24,32,7,0,39,65,9,0,74,76,10,0,86
156507,364,"CAMINUL CULTURAL PARU",PĂRU,TM,195,3,2,0,5,11,3,0,14,12,4,0,16,14,5,0,19,39,5,0,44,48,11,0,59
156516,365,"CĂMINUL CULTURAL ŢIPARI",ŢIPARI,TM,721,3,3,0,6,6,5,0,11,16,5,0,21,19,6,0,25,46,9,0,55,68,10,0,78
156525,366,"CĂMINUL CULTURAL VALEA LUNGĂ ROMÂNĂ","VALEA LUNGĂ ROMÂNĂ",TM,123,0,0,0,0,3,0,0,3,6,0,0,6,9,0,0,9,11,4,0,15,22,9,0,31
156543,367,"GRĂDINIŢA CU PROGRAM NORMAL CRICIOVA",CRICIOVA,TM,594,8,0,0,8,26,4,0,30,40,5,0,45,64,7,0,71,166,13,0,179,253,23,0,276
156552,368,"CĂMINUL CULTURAL CIREŞU",CIREŞU,TM,290,3,0,0,3,8,5,0,13,12,5,0,17,16,8,0,24,39,18,0,57,87,25,0,112
156570,369,"GRĂDINIŢA CU PROGRAM NORMAL JDIOARA",JDIOARA,TM,463,4,1,0,5,20,3,0,23,32,4,0,36,38,5,0,43,119,18,0,137,194,22,0,216
156598,370,"CĂMINUL CULTURAL CURTEA",CURTEA,TM,534,7,1,0,8,25,2,0,27,46,5,0,51,60,5,0,65,144,17,0,161,191,28,0,219
156605,371,"CĂMINUL CULTURAL COŞAVA",COŞAVA,TM,456,1,0,0,1,9,0,0,9,16,1,0,17,20,1,0,21,83,20,0,103,116,24,0,140
156632,372,"SCOALA GIMNAZIALA COMUNA DAROVA",DAROVA,TM,1730,2,0,0,2,16,0,0,16,28,1,0,29,42,1,0,43,156,12,0,168,244,15,0,259
156641,373,"GRADINITA PN",HODOŞ,TM,299,7,1,0,8,11,2,0,13,14,2,0,16,19,5,0,24,41,8,0,49,51,9,0,60
156650,374,"SCOALA PRIMARA","SACOŞU MARE",TM,716,3,2,0,5,7,3,0,10,24,6,0,30,35,8,0,43,70,15,0,85,89,16,0,105
156678,375,"SCOALA GIMNAZIALA DENTA",DENTA,TM,965,10,1,0,11,26,1,0,27,34,1,0,35,47,3,0,50,115,7,0,122,165,10,0,175
156678,376,"SCOALA GIMNAZIALA DENTA",DENTA,TM,985,2,1,0,3,18,3,0,21,23,5,0,28,37,5,0,42,85,8,0,93,125,12,0,137
156687,377,"ŞCOALA PRIMARA BRESTEA",BREŞTEA,TM,407,5,0,0,5,7,1,0,8,13,2,0,15,15,2,0,17,60,10,0,70,91,19,0,110
156696,378,"CĂMINUL CULTURAL ROVINIŢA MARE","ROVINIŢA MARE",TM,306,5,1,0,6,11,8,0,19,16,8,0,24,17,8,0,25,34,10,0,44,47,11,0,58
155788,379,"ŞCOALA GIMNAZIALĂ DUDEŞTII NOI","DUDEŞTII NOI",TM,1508,7,0,0,7,31,2,0,33,56,6,0,62,67,9,0,76,159,19,0,178,205,25,0,230
155788,380,"ŞCOALA GIMNAZIALĂ DUDEŞTII NOI","DUDEŞTII NOI",TM,1325,11,0,0,11,33,4,0,37,48,4,0,52,60,5,0,65,117,11,0,128,161,22,0,183
156721,381,"LICEUL TEORETIC ""SFINȚII KIRIL ȘI METODII"" DUDESTII VECHI","DUDEŞTII VECHI",TM,1612,18,4,0,22,43,6,0,49,43,9,0,52,53,10,0,63,83,13,0,96,120,20,0,140
156721,382,"CONSILIUL LOCAL DUDEŞTII VECHI","DUDEŞTII VECHI",TM,1483,5,1,0,6,15,4,0,19,23,4,0,27,26,4,0,30,53,8,0,61,82,18,0,100
156730,383,"CĂMINUL CULTURAL CHEGLEVICI",CHEGLEVICI,TM,575,1,2,0,3,6,3,0,9,11,3,0,14,11,4,0,15,20,6,0,26,30,13,0,43
156776,384,"SEDIUL PRIMARIEI DUMBRAVA",DUMBRAVA,TM,902,3,0,0,3,14,0,0,14,19,1,0,20,31,1,0,32,87,5,1,93,117,10,1,128
156785,385,"ŞCOALA PRIMARĂBUCOVĂȚ",BUCOVĂŢ,TM,420,0,0,0,0,8,1,0,9,12,4,0,16,18,4,0,22,86,8,0,94,153,13,0,166
156794,386,"ŞCOALA GIMNAZIALĂ RĂCHITA",RĂCHITA,TM,923,8,1,0,9,28,1,0,29,41,4,0,45,53,6,0,59,124,9,0,133,159,13,0,172
155270,387,"SCOALA GIMNAZIALA DUMBRAVITA",DUMBRĂVIŢA,TM,1929,6,8,0,14,50,16,0,66,80,25,0,105,100,25,0,125,187,59,0,246,269,98,0,367
155270,388,"SCOALA GIMNAZIALA",DUMBRĂVIŢA,TM,1947,16,1,0,17,74,6,0,80,117,20,0,137,134,27,0,161,238,44,0,282,329,75,0,404
155270,389,"SCOALA GIMNAZIALA",DUMBRĂVIŢA,TM,1939,5,0,0,5,70,5,0,75,113,13,0,126,125,13,0,138,218,21,0,239,263,27,0,290
155270,390,"SALA DE MESE A COMUNEI DUMBRĂVIŢA( SALA DIN SPATE CU INTRARE DIN PARTEA DREAPTĂ)",DUMBRĂVIŢA,TM,1978,9,4,0,13,54,11,0,65,83,15,0,98,94,20,0,114,197,45,0,242,269,71,0,340
155270,391,"SALA DE MESE A COMUNEI DUMBRĂVIŢA( SALA DIN FAŢĂ)",DUMBRĂVIŢA,TM,1780,10,2,0,12,56,9,0,65,97,12,0,109,120,13,0,133,226,28,0,254,289,37,0,326
157718,392,"CĂMINUL CULTURALFIBIŞ",FIBIŞ,TM,1403,3,0,0,3,21,7,0,28,35,11,0,46,64,16,0,80,174,30,0,204,239,50,0,289
156936,393,"CĂMINUL CULTURAL FÎRDEA",FÎRDEA,TM,583,8,1,0,9,44,24,0,68,55,29,2,86,63,29,2,94,148,46,6,200,182,50,6,238
156945,394,"CĂMINUL CULTURAL DRĂGŞINEŞTI",DRĂGSINEŞTI,TM,385,3,0,0,3,9,1,0,10,25,9,0,34,31,9,0,40,79,13,0,92,136,17,0,153
156963,395,"CĂMINUL CULTURAL GLADNA ROMÂNĂ","GLADNA ROMÂNA",TM,450,6,2,0,8,38,9,0,47,48,15,0,63,50,16,0,66,102,22,0,124,145,31,0,176
157013,396,"ŞCOALA GIMNAZIALĂ FOENI",FOENI,TM,992,5,1,0,6,16,5,0,21,30,7,0,37,47,8,0,55,103,22,0,125,134,31,0,165
157022,397,"PRIMĂRIA VECHE CRUCENI",CRUCENI,TM,447,5,2,0,7,7,4,0,11,9,4,0,13,12,4,0,16,30,6,0,36,35,10,0,45
157040,398,"SEDIUL PRIMARIEI GĂVOJDIA",GAVOJDIA,TM,1095,14,4,0,18,41,9,0,50,57,11,0,68,69,11,0,80,157,21,0,178,211,25,0,236
157059,399,"ŞCOALA PRIMARĂ JENA",JENA,TM,419,1,0,0,1,9,0,0,9,14,3,0,17,18,3,0,21,56,8,0,64,76,15,0,91
157068,400,"CAMIN CULTURAL LUGOJEL",LUGOJEL,TM,569,1,1,0,2,13,1,0,14,25,5,0,30,37,7,0,44,87,16,0,103,105,23,0,128
157077,401,"CĂMINUL CULTURAL SĂLBĂGEL",SĂLBĂGEL,TM,246,0,0,0,0,13,0,0,13,17,1,0,18,24,1,0,25,79,7,0,86,109,11,0,120
156393,402,"ŞCOALA GIMNAZIALA GHILAD",GHILAD,TM,1541,9,1,0,10,35,3,0,38,57,5,0,62,77,8,0,85,128,19,0,147,179,25,0,204
156384,403,"CĂMINUL CULTURAL GAD",GAD,TM,115,1,2,0,3,3,4,0,7,5,8,0,13,5,9,0,14,9,14,0,23,9,14,0,23
155298,404,"ŞCOALA GIMNAZIALĂ GHIRODA",GHIRODA,TM,1726,15,1,0,16,82,15,0,97,129,27,0,156,165,28,0,193,329,59,0,388,401,77,0,478
155298,405,"ŞCOALA GIMNAZIALĂ GHIRODA",GHIRODA,TM,1473,18,3,0,21,94,7,0,101,135,20,1,156,177,24,1,202,288,46,1,335,349,53,1,403
155298,406,"GRĂDINIŢA CU PROGRAM PRELUNGIT GHIRODA",GHIRODA,TM,1226,11,1,0,12,59,5,0,64,91,10,0,101,121,12,0,133,240,23,0,263,307,36,0,343
155305,407,"ŞCOALA PRIMARĂ GIARMATA VII",GIARMATA-VII,TM,1549,18,2,0,20,73,13,0,86,126,19,0,145,153,24,0,177,298,42,0,340,393,56,0,449
157200,408,"SEDIUL PRIMARIEI GHIZELA",GHIZELA,TM,375,11,2,0,13,17,6,0,23,24,6,0,30,27,7,0,34,55,17,0,72,87,20,0,107
157228,409,"CĂMINUL CULTURAL PANIOVA",PANIOVA,TM,207,5,1,0,6,14,4,0,18,16,7,0,23,21,8,0,29,40,17,0,57,45,19,0,64
157237,410,"CASA NATIONALĂ""NICOLAE URSU"" ŞANOVIŢA",ŞANOVIŢA,TM,394,7,0,0,7,18,1,0,19,24,2,0,26,26,2,0,28,59,6,0,65,75,12,0,87
157255,411,"CAMIN CULTURAL",GIARMATA,TM,1598,29,0,0,29,63,17,0,80,80,21,0,101,88,23,0,111,155,39,0,194,208,46,0,254
157255,412,"SCOALA GIMNAZIALA GIARMATA",GIARMATA,TM,1737,7,1,0,8,35,9,0,44,64,11,0,75,89,14,0,103,197,28,0,225,256,34,0,290
157255,413,"GRADINITA CU PROGRAM PRELUNGIT COMUNA GIARMATA",GIARMATA,TM,1591,11,2,0,13,39,5,0,44,57,7,0,64,78,9,0,87,134,14,0,148,200,18,0,218
157264,414,"ŞCOALA PRIMARA CERNETEAZ",CERNETEAZ,TM,1105,3,1,0,4,21,10,0,31,53,15,0,68,60,15,0,75,112,35,0,147,154,48,0,202
157282,415,"SEDIUL PRIMARIEI GIERA",GIERA,TM,644,8,0,0,8,22,0,0,22,23,0,0,23,27,0,0,27,44,0,0,44,58,2,0,60
157291,416,"GRADINITA CU PROGRAM NORMAL GRĂNICERII",GRĂNICERII,TM,203,5,4,0,9,7,4,0,11,13,6,0,19,13,6,0,19,21,7,0,28,29,8,0,37
157308,417,"GRADINITA CU PROGRAM NORMAL TOAGER",TOAGER,TM,311,1,0,0,1,5,0,0,5,8,2,0,10,9,2,0,11,22,8,0,30,36,13,0,49
155323,418,"CĂMINUL CULTURAL GIROC",GIROC,TM,1964,12,1,0,13,77,9,0,86,115,17,0,132,127,18,0,145,261,36,0,297,339,60,0,399
155323,419,"CĂMINUL CULTURAL GIROC",GIROC,TM,1720,14,2,0,16,59,7,0,66,92,12,0,104,105,16,0,121,194,35,0,229,258,38,0,296
155323,420,"LICEUL TEORETIC ""DAVID VONIGA"" GIROC",GIROC,TM,1443,18,8,0,26,62,14,0,76,85,23,0,108,129,27,0,156,191,47,0,238,272,81,0,353
155323,421,"LICEUL TEORETIC DAVID VONIGA GIROC",GIROC,TM,1853,13,4,0,17,58,4,0,62,97,12,0,109,119,16,0,135,210,28,0,238,297,44,0,341
155323,422,"CALEA TIMIȘOAREI (FOSTELE U.M)",GIROC,TM,2140,6,4,0,10,58,12,0,70,100,20,0,120,114,22,0,136,200,52,0,252,260,64,0,324
155332,423,"ŞCOALA GIMNAZIALĂ ""IOSIF CIOROGARIU"" ,CHIȘODA",CHIŞODA,TM,1527,4,2,0,6,69,10,0,79,100,21,0,121,112,24,0,136,203,51,0,254,273,62,0,335
155332,424,"ŞCOALA GIMNAZIALĂ""IOSIF CIOROGARIU"" ,CHIȘODA",CHIŞODA,TM,1568,18,0,0,18,65,7,0,72,101,7,0,108,124,9,0,133,212,19,0,231,284,35,0,319
157326,425,"PRIMARA GIULVĂZ",GIULVĂZ,TM,1041,5,1,0,6,31,5,0,36,48,8,0,56,55,9,0,64,122,13,0,135,148,19,0,167
157335,426,"CĂMIN CULTURAL CRAI NOU","CRAI NOU",TM,340,5,3,0,8,15,6,0,21,15,8,0,23,20,11,0,31,39,23,0,62,53,28,0,81
157344,427,"CAMIN CULTURAL IVANDA",IVANDA,TM,481,8,1,0,9,18,4,0,22,25,5,0,30,35,7,0,42,77,12,0,89,103,15,0,118
157353,428,"CĂMIN CULTURAL RUDNA",RUDNA,TM,582,0,0,0,0,3,2,0,5,11,9,0,20,12,10,0,22,25,13,0,38,39,16,0,55
157558,429,"CLADIREA COMUNEI GOTTLOB(SALA DE SEDINTE)",GOTTLOB,TM,1834,16,2,0,18,60,7,0,67,76,8,0,84,94,8,0,102,180,14,0,194,247,22,0,269
157576,430,"GRADINITA CU PN VIZEJDIA",VIZEJDIA,TM,372,3,3,0,6,6,3,0,9,9,4,0,13,10,5,0,15,22,5,0,27,33,7,0,40
156231,431,"PRIMARIA IECEA MARE","IECEA MARE",TM,1078,8,0,0,8,20,4,0,24,36,6,0,42,55,9,0,64,113,16,0,129,172,24,0,196
156231,432,"SCOALA PRIMARĂ IECEA MARE","IECEA MARE",TM,1103,4,2,0,6,17,4,0,21,21,6,0,27,39,8,0,47,98,14,0,112,146,17,0,163
157371,433,"PRIMARIA JAMU MARE","JAMU MARE",TM,1183,17,1,0,18,37,3,0,40,54,4,0,58,67,5,0,72,128,16,0,144,159,21,0,180
157380,434,"ŞCOALAPRIMARA CLOPODIA",CLOPODIA,TM,576,5,0,0,5,16,3,0,19,23,4,0,27,32,5,0,37,64,7,0,71,86,13,0,99
157399,435,"ŞCOALAPRIMARA FERENDIA",FERENDIA,TM,350,9,2,0,11,20,2,0,22,27,3,0,30,31,5,0,36,50,14,0,64,64,19,0,83
157406,436,"CĂMINUL CULTURAL GHERMAN",GHERMAN,TM,193,0,2,0,2,4,7,0,11,9,10,0,19,13,10,0,23,32,17,0,49,45,19,0,64
157415,437,"CLADIREA COMUNEI JAMU MARE (FOSTA ŞCOALA LĂŢUNAŞ)",LĂŢUNAŞ,TM,198,3,0,0,3,8,4,0,12,9,5,0,14,12,8,0,20,26,17,0,43,31,22,0,53
157433,438,"CASA NATIONALA EFTA BOTOCA",JEBEL,TM,1514,25,7,0,32,101,25,0,126,149,27,0,176,174,31,0,205,272,57,74,403,381,75,74,530
157433,439,"GRADINITA PN JEBEL",JEBEL,TM,1480,17,3,0,20,66,5,0,71,98,10,0,108,124,12,0,136,237,25,0,262,327,38,0,365
157460,440,"GRĂDINIŢA CU PROGRAM NORMAL LENAUHEIM",LENAUHEIM,TM,1560,9,4,0,13,28,7,0,35,44,9,0,53,64,10,0,74,126,20,0,146,164,25,0,189
157479,441,"CĂMINUL CULTURAL BULGĂRUŞ",BULGĂRUŞ,TM,1801,6,1,0,7,34,1,0,35,50,3,0,53,70,6,0,76,165,14,0,179,211,20,0,231
157488,442,"CĂMINUL CULTURAL GRABAŢ",GRABĂŢ,TM,1772,11,3,0,14,34,5,0,39,40,5,0,45,41,5,0,46,117,12,0,129,146,19,0,165
157503,443,"CĂMINUL CULTURAL LIEBLING",LIEBLING,TM,1541,7,0,0,7,33,7,0,40,46,8,0,54,60,8,0,68,129,18,0,147,177,27,0,204
157503,444,"ȘCOALA GIMNAZIALĂ LIEBLING",LIEBLING,TM,1312,13,2,0,15,40,2,0,42,54,4,0,58,67,6,0,73,122,12,0,134,165,20,0,185
157512,445,"CLADIREA FOSTEI PRIMARII DIN CERNA",CERNA,TM,190,0,5,0,5,4,11,0,15,4,12,0,16,8,15,0,23,17,31,0,48,22,37,0,59
157521,446,"CĂMINUL CULTURAL SATUL IOSIF",IOSIF,TM,297,1,1,0,2,11,3,0,14,16,5,0,21,21,8,0,29,45,11,0,56,61,13,0,74
155626,447,"PRIMARIA COMUNEI LIVEZILE",LIVEZILE,TM,900,6,1,0,7,22,1,0,23,29,1,0,30,33,1,0,34,78,4,0,82,94,5,0,99
155617,448,"ŞCOALA PRIMARA DOLAŢ",DOLAŢ,TM,446,6,0,0,6,14,0,0,14,19,0,0,19,21,0,0,21,45,5,0,50,58,6,0,64
157549,449,"STATIUNEA DE CERCETARE SI DEZVOLTARE AGRICOLA LOVRIN",LOVRIN,TM,1643,8,0,0,8,32,3,0,35,54,4,0,58,63,6,0,69,120,13,0,133,163,20,0,183
157549,450,"STRAND TERMAL LOVRIN, NR 752/B",LOVRIN,TM,1758,2,4,0,6,30,7,0,37,49,9,0,58,66,9,0,75,137,19,0,156,221,23,0,244
157594,451,"CĂMINUL CULTURAL MARGINA",MARGINA,TM,971,9,2,0,11,31,3,0,34,58,7,0,65,70,7,0,77,243,17,0,260,308,22,0,330
157601,452,"CĂMINUL CULTURAL BREAZOVA",BREAZOVA,TM,213,6,4,0,10,21,5,0,26,26,10,0,36,35,10,0,45,91,15,0,106,106,19,0,125
157638,453,"CĂMINUL CULTURAL COŞTEIU DE SUS","COŞTEIU DE SUS",TM,175,1,3,0,4,9,4,0,13,13,7,0,20,18,7,0,25,52,14,0,66,56,16,0,72
157647,454,"CĂMINUL CULTURAL GROŞI",GROŞI,TM,71,1,1,0,2,4,3,0,7,6,6,0,12,6,7,0,13,16,12,0,28,21,14,0,35
157665,455,"ȘCOALA PRIMARĂ SINTEŞTI",SINTEŞTI,TM,407,4,1,0,5,19,3,0,22,34,7,0,41,52,10,0,62,121,21,0,142,152,31,0,183
157692,456,"PRIMARIA MAŞLOC",MAŞLOC,TM,864,3,0,0,3,14,9,0,23,17,17,0,34,27,19,0,46,60,25,0,85,82,28,0,110
157709,457,"CĂMINUL CULTURAL ALIOS",ALIOŞ,TM,686,7,4,0,11,30,9,0,39,48,16,0,64,56,20,0,76,109,41,10,160,151,56,10,217
157727,458,"CĂMINUL CULTURAL REMETEA MICĂ","REMETEA MICĂ",TM,459,5,3,0,8,8,3,0,11,15,3,0,18,22,3,0,25,46,11,0,57,72,12,0,84
157745,459,"ŞCOALA GIMNAZIALĂ GEORGE GÂRDA MĂNĂŞTIUR",MĂNĂŞTIUR,TM,970,8,1,0,9,33,1,0,34,41,2,0,43,55,3,0,58,119,7,0,126,190,14,0,204
157754,460,"CLĂDIREA COMUNEI MĂNĂŞTIUR (FOSTA ŞCOALĂ GENERALĂ PĂDURANI)",PĂDURANI,TM,61,1,2,0,3,6,3,0,9,9,7,0,16,10,10,0,20,17,10,0,27,24,10,0,34
157763,461,"CLĂDIREA COMUNEI MĂNĂŞTIUR ( FOSTA ŞCOALĂ GENERALĂ REMETEA LUNCĂ)",REMETEA-LUNCĂ,TM,324,8,0,0,8,20,0,0,20,28,1,0,29,37,2,0,39,101,7,0,108,125,7,0,132
157790,462,"CASANATIONALA DE CULTURA MORAVIŢA",MORAVIŢA,TM,1001,15,0,0,15,39,0,0,39,52,0,0,52,53,0,0,53,85,5,0,90,136,10,0,146
157807,463,"CASA NAŢIONALĂ DEJAN",DEJAN,TM,218,3,1,0,4,11,2,0,13,15,3,0,18,17,4,0,21,26,6,0,32,34,8,0,42
157816,464,"CASA NAȚIONALĂ GAIU MIC","GAIU MIC",TM,132,5,1,0,6,17,3,0,20,26,4,0,30,33,5,0,38,36,7,0,43,45,9,0,54
157825,465,"ŞCOALA PRIMARA STAMORA GERMANĂ","STAMORA GERMANĂ",TM,828,4,0,0,4,17,2,0,19,25,2,0,27,37,4,0,41,76,6,0,82,94,10,0,104
157843,466,"ȘCOALA GIMNAZIALĂ MOȘNIȚA NOUĂ","MOŞNIŢA NOUĂ",TM,1665,27,3,0,30,97,8,0,105,145,14,0,159,160,14,0,174,297,31,0,328,366,44,0,410
157843,467,"ȘCOALA GIMNAZIALĂ MOȘNIȚA NOUĂ","MOŞNIŢA NOUĂ",TM,1781,11,1,0,12,50,14,0,64,97,25,0,122,114,33,0,147,224,77,0,301,281,107,0,388
157852,468,"CLĂDIREA COMUNEI MOȘNIȚA NOUĂ FOSTA ȘCOALĂ PRIMARĂ ALBINA",ALBINA,TM,324,0,2,0,2,6,2,0,8,17,7,0,24,20,8,0,28,48,28,0,76,62,29,0,91
157861,469,"ŞCOALA PRIMARĂMOŞNIŢA VECHE","MOŞNIŢA VECHE",TM,1621,20,0,0,20,77,6,0,83,133,15,0,148,166,19,0,185,289,31,0,320,378,43,0,421
157889,470,"ŞCOALA PRIMARĂ URSENI",URSENI,TM,1375,10,2,0,12,40,4,0,44,61,11,0,72,77,11,0,88,139,22,0,161,179,34,0,213
157861,471,"ŞCOALA PRIMARĂ MOŞNIŢA VECHE","MOŞNIŢA VECHE",TM,816,4,1,0,5,21,7,0,28,41,23,0,64,44,23,0,67,73,41,0,114,102,48,0,150
157905,472,"GRĂDINIŢA CU PROGRAM PRELUNGIT NADRAG",NĂDRAG,TM,1065,13,2,0,15,44,8,0,52,63,12,0,75,84,12,0,96,210,20,0,230,327,26,0,353
157905,473,"LICEUL TEHNOLOGIC ""TRAIAN GROZĂVESCU"" NĂDRAG",NĂDRAG,TM,1116,10,0,0,10,37,6,0,43,61,7,0,68,75,11,0,86,209,23,0,232,295,30,0,325
157914,474,"ŞCOALA PRIMARA CRIVINA",CRIVINA,TM,240,5,2,0,7,10,3,0,13,24,6,0,30,33,6,0,39,78,13,0,91,105,19,0,124
157932,475,"HOLUL PRIMĂRIEI NIŢCHIDORF",NIŢCHIDORF,TM,1069,10,0,0,10,29,3,0,32,44,4,0,48,56,4,0,60,121,9,0,130,174,21,0,195
157941,476,"CASA NAŢIONALĂ BLAJOVA",BLAJOVA,TM,87,2,4,0,6,6,7,0,13,8,8,0,16,15,8,0,23,33,14,0,47,38,18,0,56
157950,477,"CLADIREA COMUNEI NITCHIDORF(FOSTA SCOALA CU CLASELEI - IV)",DUBOZ,TM,150,3,3,0,6,10,4,0,14,15,5,0,20,19,6,0,25,37,24,0,61,44,28,0,72
157978,478,"CĂMINUL CULTURALOHABA LUNGĂ","OHABA LUNGĂ",TM,314,4,2,0,6,11,3,0,14,19,4,0,23,23,8,0,31,65,13,0,78,100,13,0,113
157987,479,"CĂMINUL CULTURAL DUBEŞTI",DUBEŞTI,TM,197,3,0,0,3,9,3,0,12,11,5,0,16,18,6,0,24,39,9,0,48,59,11,0,70
157996,480,"CĂMINUL CULTURAL IERŞNIC",IERŞNIC,TM,135,9,3,0,12,14,5,0,19,19,7,0,26,26,7,0,33,57,18,0,75,72,23,2,97
158001,481,"CĂMINUL CULTURAL OHABA ROMÂNĂ","OHABA ROMÂNĂ",TM,172,7,2,0,9,13,3,0,16,25,6,0,31,26,8,0,34,60,13,0,73,63,13,0,76
158029,482,"ȘCOALA PRIMARĂ ORȚIȘOARA",ORŢIŞOARA,TM,1169,11,0,0,11,41,0,0,41,49,2,0,51,63,2,0,65,131,6,0,137,155,10,0,165
158029,483,"BIBLIOTECA COMUNALA ORTISOARA",ORŢIŞOARA,TM,950,17,1,0,18,29,3,0,32,48,8,0,56,61,17,0,78,110,28,0,138,146,36,0,182
158038,484,"ŞCOALA PRIMARACĂLACEA",CĂLACEA,TM,605,5,3,0,8,15,6,0,21,21,8,0,29,28,10,0,38,80,26,0,106,119,31,0,150
158047,485,"ŞCOALAPRIMARA CORNEŞTI",CORNEŞTI,TM,528,1,2,0,3,6,4,0,10,16,7,3,26,20,8,3,31,40,18,3,61,57,29,3,89
158056,486,"CĂMINUL CULTURALSECEANI",SECEANI,TM,472,4,0,0,4,19,2,0,21,23,3,0,26,30,3,0,33,51,7,0,58,68,15,0,83
159179,487,"CĂMINUL CULTURAL OTELEC",OTELEC,TM,657,1,1,0,2,4,4,0,8,9,7,0,16,13,8,0,21,36,10,0,46,51,16,0,67
159160,488,"CĂMINUL CULTURALIOHANISFELD",IOHANISFELD,TM,843,7,0,0,7,20,0,0,20,29,0,0,29,30,0,0,30,90,6,0,96,117,7,0,124
158797,489,"CĂMINUL CULTURAL PARŢA",PARŢA,TM,1891,18,5,0,23,57,14,0,71,109,17,0,126,126,21,0,147,275,51,0,326,335,73,0,408
157442,490,"ȘCOALA GIMNAZIALĂ PĂDURENI",PĂDURENI,TM,1503,7,0,0,7,21,9,0,30,37,10,0,47,52,15,0,67,107,31,0,138,155,44,0,199
158074,491,"LICEUL TEORETIC PECIU NOU","PECIU NOU",TM,1495,7,1,0,8,29,1,0,30,39,1,0,40,56,2,0,58,135,2,0,137,169,18,0,187
158074,492,"CĂMINUL CULTURALPECIU NOU","PECIU NOU",TM,1468,13,5,0,18,37,15,0,52,55,17,0,72,72,17,0,89,136,30,0,166,171,38,0,209
158083,493,"CĂMINUL CULTURAL DINIAŞ",DINIAŞ,TM,885,0,3,0,3,15,8,0,23,25,11,0,36,30,13,0,43,83,19,0,102,109,29,0,138
158092,494,"ŞCOALAPRIMARĂ SÎNMARTINU SÎRBESC","SÎNMARTINU SÎRBESC",TM,810,4,0,0,4,15,4,0,19,28,10,0,38,36,12,0,48,78,22,0,100,88,32,0,120
158118,495,"LICEUL TEORETIC PERIAM",PERIAM,TM,1365,7,9,0,16,40,18,0,58,52,24,0,76,62,30,0,92,147,60,0,207,168,78,0,246
158118,496,"LICEUL TEORETIC PERIAM",PERIAM,TM,1419,10,10,0,20,32,20,0,52,52,21,0,73,71,30,0,101,150,50,0,200,193,55,0,248
158118,497,"CASA DE CULTURĂ",PERIAM,TM,1351,9,0,0,9,29,2,0,31,40,12,0,52,54,14,0,68,88,27,0,115,112,40,0,152
158127,498,"BIBLIOTECA COMUNALĂ PESAC",PESAC,TM,911,21,0,0,21,69,2,0,71,88,2,0,90,110,4,0,114,185,12,0,197,245,17,0,262
158127,499,"ȘCOALA GIMNAZIALĂ „MARIA BRINDEA”",PESAC,TM,915,14,4,0,18,31,7,0,38,45,10,0,55,55,12,0,67,135,17,0,152,211,28,0,239
158145,500,"CĂMINUL CULTURAL PIETROASA",PIETROASA,TM,276,5,0,0,5,16,1,0,17,19,2,0,21,22,2,0,24,104,6,0,110,133,6,0,139
158154,501,"CĂMINUL CULTURAL CRIVINA DE SUS","CRIVINA DE SUS",TM,168,3,0,0,3,8,3,0,11,20,5,0,25,25,6,0,31,79,9,0,88,101,11,0,112
158163,502,"CĂMINUL CULTURAL FĂRĂŞEŞTI",FĂRĂŞEŞTI,TM,179,1,0,0,1,11,2,0,13,17,3,0,20,18,3,0,21,58,3,0,61,97,4,0,101
158172,503,"CĂMINUL CULTURAL POIENI",POIENI,TM,215,1,0,0,1,7,0,0,7,19,1,0,20,34,4,0,38,114,11,0,125,141,14,0,155
158190,504,"ȘCOALA GIMNAZIALĂ PIŞCHIA",PIŞCHIA,TM,1063,11,2,0,13,25,10,0,35,46,12,0,58,58,12,0,70,107,13,0,120,155,23,0,178
158207,505,"GRĂDINIȚA CU P.N. BENCECU DE JOS","BENCECU DE JOS",TM,322,5,1,0,6,21,4,0,25,50,12,0,62,63,16,0,79,131,27,0,158,174,37,0,211
158216,506,"ȘCOALA GIMNAZIALĂBENCECU DE SUS","BENCECU DE SUS",TM,762,13,2,0,15,32,4,0,36,39,5,0,44,55,6,0,61,133,14,0,147,200,20,0,220
158225,507,"GRĂDINIȚA CU P.N.MURANINR.383",MURANI,TM,482,6,1,0,7,16,1,0,17,22,5,0,27,29,5,0,34,57,13,0,70,78,24,1,103
158252,508,"ŞCOALA GIMNAZIALĂ RACOVIŢA",RACOVIŢA,TM,680,9,2,0,11,26,11,0,37,42,13,0,55,49,15,0,64,103,22,0,125,140,35,0,175
158261,509,"ŞCOALA PRIMARĂ CĂPĂT",CĂPĂT,TM,210,2,1,0,3,6,1,0,7,14,3,0,17,23,4,0,27,38,12,0,50,45,15,0,60
158270,510,"ŞCOALA PRIMARĂ DRĂGOIESTI",DRĂGOIEŞTI,TM,313,1,4,0,5,3,5,0,8,5,6,0,11,6,6,0,12,27,15,0,42,45,15,0,60
158289,511,"ŞCOALA PRIMARĂ FICĂTAR",FICĂTAR,TM,321,3,2,0,5,7,2,0,9,12,4,0,16,13,4,0,17,40,11,0,51,49,11,0,60
158298,512,"ŞCOALAGIMNAZIALĂ HITIAŞ",HITIAŞ,TM,675,10,0,0,10,19,0,0,19,32,10,0,42,42,10,0,52,99,17,0,116,141,20,0,161
158305,513,"ŞCOALA PRIMARĂ SÎRBOVA",SÂRBOVA,TM,231,3,2,0,5,12,4,0,16,19,7,0,26,19,7,0,26,33,10,0,43,40,11,0,51
158403,514,"ŞCOALA GIMNAZIALA REMETEA MARE","REMETEA MARE",TM,1384,1,1,0,2,16,10,0,26,44,14,0,58,79,17,0,96,162,38,0,200,212,49,0,261
158430,515,"ŞCOALA PRIMARAIANOVA",IANOVA,TM,785,3,1,0,4,12,10,0,22,30,14,0,44,53,20,0,73,100,30,0,130,128,42,0,170
158458,516,"SCOALA GIMNAZIALA SACOSU TURCESC","SACOŞU TURCESC",TM,752,3,2,0,5,22,3,0,25,37,3,0,40,50,7,0,57,107,23,0,130,124,28,0,152
158467,517,"ŞCOALA PRIMARA BERINI",BERINI,TM,403,0,0,0,0,4,1,0,5,6,3,0,9,8,4,0,12,22,11,0,33,31,14,0,45
158476,518,"CLADIREA COMUNEI SACOSU TURCESC ( FOSTA SCOALA PRIMARA ICLODA )",ICLODA,TM,213,0,3,0,3,5,6,0,11,13,9,0,22,15,13,0,28,29,25,0,54,38,29,0,67
158485,519,"ŞCOALAPRIMARA OTVESTI",OTVEŞTI,TM,283,0,0,0,0,5,2,0,7,9,3,0,12,10,3,0,13,32,10,0,42,39,12,0,51
158494,520,"CLADIREA COMUNEI SACOSU TURCESC ( FOSTA SCOALA PRIMARA STAMORA ROMANA )","STAMORA ROMÂNĂ",TM,216,1,0,0,1,5,7,0,12,6,12,0,18,11,15,0,26,36,30,0,66,41,41,0,82
158500,521,"ŞCOALA GIMNAZIALA ULIUC",ULIUC,TM,569,3,4,0,7,12,8,0,20,35,11,0,46,42,13,0,55,79,22,0,101,93,24,0,117
158519,522,"CAMIN CULTURAL UNIP",UNIP,TM,179,1,1,0,2,4,2,0,6,8,4,0,12,9,4,0,13,32,14,0,46,42,24,0,66
158760,523,"SALA PRIMARIEI NR. 167B, SARAVALE",SARAVALE,TM,1212,6,1,0,7,31,5,0,36,45,5,0,50,54,5,0,59,104,8,0,112,154,9,0,163
158760,524,"CAMINUL CULTURAL NR. 673, SARAVALE",SARAVALE,TM,911,6,0,0,6,22,2,0,24,42,3,0,45,51,3,0,54,87,6,1,94,123,7,1,131
158537,525,"SCOALA GIMNAZIALASATCHINEZ",SATCHINEZ,TM,1235,11,0,0,11,32,3,0,35,59,9,0,68,84,11,0,95,161,29,0,190,207,41,0,248
158537,526,"SCOALA GIMNAZIALA SATCHINEZ",SATCHINEZ,TM,1238,6,1,0,7,24,2,0,26,41,3,0,44,52,5,0,57,121,8,0,129,183,9,0,192
158546,527,"SCOALA GIMNAZIALĂBARATEAZ",BĂRĂTEAZ,TM,566,8,1,0,9,19,1,0,20,25,1,0,26,27,1,0,28,65,7,0,72,83,12,0,95
158555,528,"SCOALA GIMNAZIALA HODONI",HODONI,TM,999,18,4,0,22,37,6,0,43,53,7,0,60,69,9,0,78,128,10,0,138,162,18,0,180
158573,529,"ŞCOALA GIMNAZIALA SACALAZ",SĂCĂLAZ,TM,1716,12,0,0,12,51,3,0,54,78,11,0,89,94,16,0,110,189,35,0,224,244,56,0,300
158573,530,"ŞCOALA GIMNAZIALA SĂCĂLAZ",SĂCĂLAZ,TM,1706,15,1,0,16,37,4,0,41,63,7,0,70,86,10,0,96,176,20,0,196,238,30,2,270
158573,531,"CĂMINUL CULTURAL SĂCĂLAZ",SĂCĂLAZ,TM,1747,15,2,0,17,48,14,0,62,66,24,0,90,88,28,0,116,179,45,0,224,278,64,0,342
158582,532,"CĂMINUL CULTURALBEREGSĂU MARE","BEREGSĂU MARE",TM,1814,16,4,0,20,61,7,0,68,131,11,4,146,154,13,4,171,301,33,4,338,390,55,22,467
158591,533,"ŞCOALA PRIMARA BEREGSĂU MIC","BEREGSĂU MIC",TM,750,5,4,0,9,18,5,0,23,26,5,0,31,33,6,0,39,74,12,0,86,105,19,0,124
158742,534,"PRIMĂRIA COMUNEI SÎNPETRU MARE","SÂNPETRU MARE",TM,968,10,0,0,10,20,0,0,20,26,0,0,26,32,0,0,32,60,5,0,65,87,6,1,94
158742,535,"PRIMĂRIA COMUNEI SÎNPETRU MARE","SÂNPETRU MARE",TM,850,9,1,0,10,19,1,0,20,34,1,0,35,42,2,0,44,70,9,0,79,92,11,0,103
158751,536,"ŞCOALA GIMNAZIALA ACADEMICIAN PROFESOR DOCTOR MUNTEANU IOAN",IGRIŞ,TM,948,2,0,0,2,11,2,0,13,21,8,0,29,26,10,0,36,50,19,0,69,70,22,0,92
158617,537,"SEDIUL PRIMĂRIEI SECAŞ",SECAŞ,TM,220,4,2,0,6,11,5,0,16,12,6,0,18,14,11,0,25,32,11,0,43,41,13,0,54
158635,538,"CĂMINUL CULTURAL CRIVOBARA",CRIVOBARA,TM,58,1,4,0,5,1,4,0,5,4,5,0,9,6,5,0,11,12,9,0,21,14,13,0,27
158662,539,"CAMINUL CULTURAL SINANDREI",SÎNANDREI,TM,1887,7,0,0,7,38,11,0,49,66,12,0,78,96,13,0,109,213,26,0,239,258,42,0,300
158662,540,"ŞCOALA GIMNAZIALA SINANDREI",SÎNANDREI,TM,1622,8,2,0,10,41,5,0,46,64,8,0,72,89,11,0,100,171,24,0,195,224,37,0,261
158671,541,"CAMINUL CULTURAL CARANI",CARANI,TM,1691,10,0,0,10,32,1,0,33,68,2,0,70,75,2,0,77,185,16,0,201,228,21,0,249
158680,542,"ŞCOALA PRIMARA COVACI",COVACI,TM,769,8,2,0,10,33,5,0,38,44,8,0,52,49,14,0,63,96,34,0,130,124,37,0,161
158706,543,"PRIMĂRIA SÎNMIHAIU ROMÂN","SÎNMIHAIU ROMÂN",TM,1522,5,4,0,9,36,6,0,42,57,10,0,67,68,11,0,79,128,18,0,146,163,31,0,194
158706,544,"ȘCOALA GIMNAZIALA SÎNMIHAIU ROMÂN","SÎNMIHAIU ROMÂN",TM,1543,6,0,0,6,34,2,0,36,67,5,0,72,81,6,0,87,173,13,0,186,219,25,0,244
158715,545,"ŞCOALAPRIMARA SÂNMIHAIU GERMAN","SÎNMIHAIU GERMAN",TM,857,6,1,0,7,26,1,0,27,55,8,0,63,64,12,0,76,113,17,0,130,169,22,0,191
158724,546,"GRADINITA CU P.NUTVIN",UTVIN,TM,1103,20,2,0,22,46,7,0,53,64,16,0,80,79,16,0,95,141,24,0,165,197,36,0,233
158724,547,"ȘCOALA GIMNAZIALAUTVIN",UTVIN,TM,1307,19,1,0,20,74,8,0,82,118,11,0,129,152,12,0,164,261,25,0,286,334,35,0,369
158788,548,"CASA NATIONALA MIHAI VITEAZU",ŞAG,TM,1535,5,1,0,6,39,11,0,50,46,23,0,69,67,30,0,97,192,79,0,271,257,125,0,382
158788,549,"CASA NATIONALA MIHAI VITEAZUL",ŞAG,TM,1590,10,0,0,10,31,0,0,31,58,0,0,58,76,0,0,76,182,0,0,182,255,0,0,255
155939,550,"SCOALA GIMNAZIALA SANDRA",ŞANDRA,TM,1205,7,1,0,8,32,7,0,39,53,10,0,63,66,12,0,78,143,19,0,162,191,34,0,225
155939,551,"SCOALA GIMNAZIALA SANDRA",ŞANDRA,TM,825,15,0,0,15,28,1,0,29,35,3,0,38,39,5,0,44,94,12,0,106,121,15,0,136
155948,552,"ŞCOALA PRIMARA UIHEI",UIHEI,TM,470,4,1,0,5,14,1,0,15,22,3,0,25,28,4,0,32,91,12,0,103,109,16,0,125
158813,553,"CĂMINUL CULTURAL ŞTIUCA",ŞTIUCA,TM,873,9,1,0,10,23,3,0,26,52,7,0,59,67,8,0,75,238,14,0,252,353,21,0,374
158822,554,"ŞCOALA PRIMARĂDRAGOMIREŞTI",DRAGOMIREŞTI,TM,288,2,1,0,3,7,1,0,8,21,3,0,24,22,3,0,25,75,11,0,86,96,12,0,108
158831,555,"CĂMINUL CULTURAL OLOŞAG",OLOŞAG,TM,283,2,1,0,3,4,6,0,10,7,8,0,15,8,9,0,17,30,27,0,57,32,30,0,62
158840,556,"CĂMINUL CULTURAL ZGRIBEŞTI",ZGRIBEŞTI,TM,184,1,2,0,3,5,3,0,8,6,6,0,12,10,6,0,16,30,12,0,42,44,17,0,61
158868,557,"ȘCOALA GIMNAZIALĂ TEREMIA MARE","TEREMIA MARE",TM,1142,12,1,0,13,26,3,0,29,36,3,0,39,45,3,0,48,88,3,0,91,111,7,1,119
158868,558,"ȘCOALA GIMNAZIALĂ TEREMIA MARE","TEREMIA MARE",TM,1139,14,2,0,16,35,5,0,40,57,7,0,64,69,7,0,76,112,14,0,126,150,16,0,166
158877,559,"CAMINUL CULTURAL NERAU",NERĂU,TM,932,5,1,0,6,20,4,0,24,26,6,0,32,58,6,0,64,95,11,3,109,123,14,3,140
158886,560,"ŞCOALA PRIMARATEREMIA MICĂ","TEREMIA MICĂ",TM,561,2,5,0,7,8,5,0,13,21,8,0,29,24,8,0,32,53,14,0,67,83,14,0,97
158920,561,"ŞCOALAGIMNAZIALĂ ""SORIN LEIA"", COLONIA FABRICII","COLONIA FABRICII",TM,673,14,0,0,14,42,2,0,44,59,4,0,63,78,7,0,85,175,16,0,191,204,17,0,221
158911,562,"CĂMINUL CULTURALBALOȘEȘTI",BALOŞEŞTI,TM,113,6,0,0,6,8,2,0,10,10,2,0,12,12,3,0,15,62,7,0,69,70,7,0,77
158939,563,"GRĂDINIȚA CU PROGRAM NORMAL LUNCANII DE JOS","LUNCANII DE JOS",TM,296,7,1,0,8,19,3,0,22,24,5,0,29,37,5,0,42,84,5,0,89,104,8,0,112
158957,564,"GRĂDINIȚA CU PROGRAM NORMALROMÂNEŞTI",ROMÂNEŞTI,TM,416,1,2,0,3,23,14,0,37,33,16,0,49,45,17,0,62,144,31,0,175,199,39,0,238
158902,565,"GRĂDINIȚA CU PROGRAM NORMAL TOMEŞTI",TOMEŞTI,TM,269,10,1,0,11,36,3,0,39,51,6,0,57,56,7,0,63,116,9,0,125,149,11,0,160
157567,566,"PRIMARIA COMUNEI TOMNATIC , CORP A",TOMNATIC,TM,1705,22,0,0,22,47,0,0,47,63,0,0,63,80,1,0,81,142,1,0,143,175,6,0,181
157567,567,"PRIMARIA COMUNEI TOMNATIC , CORP B",TOMNATIC,TM,1380,7,0,0,7,26,0,0,26,36,1,0,37,49,1,0,50,104,6,0,110,129,7,0,136
158975,568,"PRIMĂRIA TOPOLOVĂŢU MARE","TOPOLOVĂŢU MARE",TM,938,8,2,0,10,22,7,0,29,46,10,0,56,56,12,0,68,98,26,0,124,135,33,0,168
158984,569,"CĂMINUL CULTURALCRALOVĂŢ",CRALOVĂŢ,TM,90,90,3,0,93,2,5,0,7,3,7,0,10,3,10,0,13,8,19,0,27,10,25,0,35
158993,570,"CLADIREA COMUNEI TOPOLOVATU MARE (SEDIUL FOSTULUI CAP ICTAR - BUDINŢI)",ICTAR-BUDINŢI,TM,328,4,2,0,6,11,5,0,16,26,10,0,36,26,14,0,40,58,37,0,95,74,55,0,129
159008,571,"SCOALA PRIMARĂ IOSIFALĂU",IOSIFALĂU,TM,440,0,5,0,5,10,5,0,15,15,6,0,21,21,6,0,27,51,13,0,64,57,14,0,71
159017,572,"CĂMINUL CULTURAL ŞUŞTRA",SUŞTRA,TM,322,3,0,0,3,11,1,0,12,14,6,0,20,15,8,0,23,44,14,0,58,63,17,0,80
159044,573,"CĂMINUL CULTURAL TORMAC",TORMAC,TM,1404,5,0,0,5,13,0,0,13,20,0,0,20,25,2,0,27,48,12,0,60,62,15,0,77
159053,574,"CĂMINUL CULTURAL CADĂR",CADAR,TM,218,2,0,0,2,5,3,0,8,11,6,0,17,16,7,0,23,45,12,0,57,49,18,0,67
159062,575,"CĂMINUL CULTURAL ŞIPET",ŞIPET,TM,685,9,2,0,11,18,7,0,25,28,7,0,35,39,9,0,48,90,11,0,101,106,15,0,121
159080,576,"TELECENTRUL ""TRAIAN VUIA"" SUDRIAŞ",SUDRIAŞ,TM,640,3,0,0,3,20,0,0,20,32,2,0,34,40,3,0,43,96,9,1,106,149,17,1,167
159106,577,"CĂMINUL CULTURAL SĂCENI",SĂCENI,TM,171,6,1,0,7,19,3,0,22,37,6,0,43,42,6,0,48,65,7,0,72,79,9,0,88
159115,578,"CĂMINUL CULTURAL SURDUCU MIC","SURDUCU MIC",TM,261,10,0,0,10,15,3,0,18,22,12,0,34,25,12,0,37,68,20,0,88,104,29,0,133
159124,579,"CĂMINUL CULTURAL SUSANI",SUSANI,TM,321,4,1,0,5,16,3,0,19,31,9,0,40,34,9,0,43,64,10,0,74,94,14,0,108
159133,580,"CĂMINUL CULTURAL TRAIAN VUIA","TRAIAN VUIA",TM,364,4,6,0,10,15,8,0,23,35,8,0,43,37,9,0,46,101,14,0,115,174,22,0,196
159151,581,"CĂMINUL CULTURAL UIVAR",UIVAR,TM,1150,9,3,0,12,25,4,0,29,44,9,0,53,50,10,0,60,144,17,1,162,178,22,1,201
159188,582,"CĂMINUL CULTURAL PUSTINIŞ",PUSTINIŞ,TM,595,8,0,0,8,25,4,0,29,31,6,0,37,37,6,0,43,96,18,0,114,115,20,0,135
159197,583,"CĂMINUL CULTURAL RĂUŢI",RĂUŢI,TM,503,5,0,0,5,16,3,0,19,27,3,0,30,36,4,0,40,56,6,0,62,89,11,0,100
159204,584,"CĂMINUL CULTURAL SÂNMARTINU MAGHIAR","SÂNMARTINU MAGHIAR",TM,220,0,0,0,0,7,0,0,7,13,0,0,13,18,0,0,18,26,4,0,30,34,6,0,40
159222,585,"CĂMINUL CULTURALVARIAŞ",VARIAŞ,TM,1774,22,0,0,22,51,7,0,58,65,8,0,73,87,10,0,97,160,15,18,193,219,21,18,258
159222,586,"SCOALA GIMNAZIALA VARIAS",VARIAŞ,TM,1813,9,0,0,9,31,2,0,33,63,8,0,71,78,15,0,93,161,23,0,184,246,31,0,277
159231,587,"ȘCOALA GIMNAZIALA GELU",GELU,TM,1184,15,2,0,17,30,2,0,32,52,10,0,62,62,15,0,77,157,28,0,185,233,39,0,272
159240,588,"GRADINITA CU PROGRAM NORMAL SINPETRU MIC","SÎNPETRU MIC",TM,456,3,0,0,3,7,1,0,8,11,7,0,18,18,8,0,26,50,14,0,64,58,14,0,72
156758,589,"PRIMARIA VĂLCANI",VĂLCANI,TM,1131,25,3,0,28,46,3,0,49,67,4,0,71,84,7,0,91,154,9,0,163,200,16,0,216
159268,590,"CĂMINUL CULTURAL V.V DELAMARINA","VICTOR VLAD DELAMARINA",TM,377,6,4,0,10,20,9,0,29,34,10,0,44,43,11,0,54,93,20,0,113,119,29,0,148
159277,591,"CĂMINUL CULTURAL HERENDEŞTI",HERENDEŞTI,TM,370,4,1,0,5,13,2,0,15,17,5,0,22,35,12,0,47,79,24,0,103,104,28,0,132
159286,592,"CĂMINUL CULTURAL HONORICI",HONORICI,TM,244,2,2,0,4,4,4,0,8,8,4,0,12,13,5,0,18,33,9,0,42,51,12,0,63
159295,593,"CLADIREA COMUNEI VICTOR VLAD DELAMARINA(FOSTA ŞCOALĂ CU CLS I-IV PĂDURENI)",PĂDURENI,TM,147,4,2,0,6,6,5,0,11,10,5,0,15,17,6,0,23,46,9,0,55,55,9,0,64
159302,594,"ŞCOALA GIMNAZIALĂ PETROASA MARE","PETROASA MARE",TM,877,7,0,0,7,24,2,0,26,38,3,0,41,43,3,0,46,125,8,0,133,177,13,0,190
159320,595,"ŞCOALA PRIMARĂ VIȘAG",VIŞAG,TM,286,5,0,0,5,17,7,0,24,20,8,0,28,32,12,0,44,52,25,0,77,64,29,0,93
159348,596,PRIMĂRIAVOITEG,VOITEG,TM,1652,15,1,0,16,33,4,0,37,100,28,0,128,120,29,0,149,195,47,0,242,257,59,0,316
159357,597,"ŞCOALA PRIMARĂ FOLEA",FOLEA,TM,362,4,0,0,4,12,2,0,14,22,6,0,28,23,6,0,29,41,12,0,53,61,14,0,75
151807,1,"ȘCOALA AJUTĂTOARE ALEXANDRIA",ALEXANDRIA,TR,1507,7,0,0,7,44,0,0,44,74,1,4,79,88,1,4,93,148,4,4,156,201,10,4,215
151807,2,"ȘCOALA GIMNAZIALĂNR.7",ALEXANDRIA,TR,1246,15,3,0,18,36,4,0,40,58,6,0,64,75,8,0,83,112,10,0,122,181,15,0,196
151807,3,"ȘCOALA GIMNAZIALĂ NR.7",ALEXANDRIA,TR,1249,9,4,0,13,24,4,0,28,41,4,0,45,53,4,0,57,105,7,0,112,145,12,0,157
151807,4,"ȘCOALA GIMNAZIALĂ NR.7",ALEXANDRIA,TR,1378,4,0,0,4,35,1,0,36,64,3,0,67,79,3,0,82,152,6,0,158,200,6,0,206
151807,5,"ȘCOALA GIMNAZIALĂ NR.7",ALEXANDRIA,TR,1358,11,3,0,14,53,4,0,57,86,4,0,90,108,6,0,114,165,7,0,172,252,8,0,260
151807,6,"LICEUL TEHNOLOGIC ""NICOLAE BĂLCESCU""",ALEXANDRIA,TR,1462,12,0,0,12,53,1,0,54,70,1,0,71,101,4,0,105,161,5,0,166,201,5,0,206
151807,7,"LICEUL TEHNOLOGIC ""NICOLAE BĂLCESCU""",ALEXANDRIA,TR,1167,9,0,0,9,32,2,0,34,56,3,0,59,67,4,0,71,106,5,0,111,168,11,0,179
151807,8,"COLEGIUL NAȚIONAL ""AL. D. GHICA""",ALEXANDRIA,TR,1523,16,6,0,22,66,6,0,72,90,6,0,96,110,6,0,116,177,6,0,183,235,7,0,242
151807,9,"COLEGIUL NAȚIONAL ""AL. D. GHICA""",ALEXANDRIA,TR,1304,8,4,0,12,40,5,0,45,68,7,0,75,80,7,0,87,167,9,0,176,233,10,0,243
151807,10,"LICEUL TEORETIC ""C. NOICA""",ALEXANDRIA,TR,1363,15,3,0,18,57,6,0,63,81,9,0,90,104,11,0,115,172,18,0,190,233,23,0,256
151807,11,"LICEUL TEORETIC ""C. NOICA""",ALEXANDRIA,TR,1025,14,0,0,14,48,2,0,50,88,3,0,91,103,5,0,108,183,9,0,192,219,9,0,228
151807,12,"LICEUL PEDAGOGIC ""MIRCEA SCARLAT""",ALEXANDRIA,TR,1232,16,2,0,18,52,4,0,56,68,4,0,72,84,4,0,88,164,5,0,169,245,6,0,251
151807,13,"ȘCOALA GIMNAZIALĂ NR.5",ALEXANDRIA,TR,993,12,0,0,12,53,4,7,64,80,13,7,100,99,14,7,120,165,18,7,190,229,23,7,259
151807,14,"GRĂDINIȚA CU PROGRAM PRELUNGIT NR.7",ALEXANDRIA,TR,1144,11,5,0,16,66,8,0,74,97,8,0,105,118,8,0,126,197,11,0,208,245,14,0,259
151807,15,"GRĂDINIȚA CU PROGRAM PRELUNGIT NR.7",ALEXANDRIA,TR,1068,19,5,0,24,60,5,0,65,97,5,0,102,117,5,0,122,181,8,0,189,234,8,0,242
151807,16,"STADION MUNICIPAL",ALEXANDRIA,TR,1510,11,1,0,12,45,1,0,46,69,5,0,74,95,5,0,100,154,11,0,165,207,17,0,224
151807,17,"OFICIUL POȘTAL NR. 3",ALEXANDRIA,TR,1116,28,0,0,28,69,4,0,73,110,10,0,120,130,11,0,141,192,12,0,204,235,19,0,254
151807,18,"ȘCOALA GIMNAZIALĂ ""ȘTEFAN CEL MARE""",ALEXANDRIA,TR,854,13,0,0,13,52,9,0,61,65,12,0,77,86,12,0,98,129,14,0,143,161,16,0,177
151807,19,"ȘCOALA GIMNAZIALĂ ""ȘTEFAN CEL MARE""",ALEXANDRIA,TR,994,27,0,0,27,75,5,0,80,99,8,0,107,109,8,0,117,176,10,0,186,216,12,0,228
151807,20,"ȘCOALA GIMNAZIALĂ ""MIHAI VITEAZUL""",ALEXANDRIA,TR,1388,24,2,0,26,62,10,0,72,101,13,0,114,117,20,0,137,176,24,0,200,241,24,0,265
151807,21,"ȘCOALA GIMNAZIALĂ ""MIHAI VITEAZUL""",ALEXANDRIA,TR,1110,17,2,0,19,44,4,0,48,65,6,0,71,82,7,0,89,156,11,1,168,208,15,1,224
151807,22,"ȘCOALA GIMNAZIALĂ NR.6",ALEXANDRIA,TR,989,5,2,0,7,23,2,0,25,36,3,0,39,45,3,0,48,113,7,0,120,147,11,0,158
151807,23,"ȘCOALA GIMNAZIALĂ NR.6",ALEXANDRIA,TR,1152,14,3,0,17,48,4,0,52,68,4,0,72,83,5,0,88,143,11,0,154,192,16,0,208
151807,24,"COLEGIUL NAȚIONAL ""AL. I. CUZA""",ALEXANDRIA,TR,1110,17,0,0,17,52,2,0,54,71,3,0,74,90,4,0,94,143,6,0,149,174,7,0,181
151807,25,"COLEGIUL NAȚIONAL ""AL. I. CUZA""",ALEXANDRIA,TR,1124,4,1,0,5,51,2,0,53,69,2,0,71,78,3,0,81,134,7,0,141,191,12,0,203
151807,26,"COLEGIUL NAȚIONAL ""AL. I. CUZA""",ALEXANDRIA,TR,1034,17,3,0,20,53,9,0,62,71,10,0,81,88,12,0,100,135,18,0,153,175,21,0,196
151807,27,"ȘCOALA GIMNAZIALĂ ""ALEXANDRU COLFESCU""",ALEXANDRIA,TR,1400,12,0,0,12,46,1,0,47,67,2,0,69,93,2,0,95,145,7,0,152,204,12,0,216
151807,28,"ȘCOALA GIMNAZIALĂ ""ALEXANDRU COLFESCU""",ALEXANDRIA,TR,1415,16,5,0,21,68,6,0,74,91,7,0,98,109,7,0,116,169,8,0,177,237,8,0,245
151807,29,"ȘCOALA GIMNAZIALĂ ""ALEXANDRU COLFESCU""",ALEXANDRIA,TR,1363,4,0,0,4,39,2,1,42,56,2,1,59,74,2,1,77,121,3,1,125,172,8,1,181
151807,30,"ȘCOALA GIMNAZIALĂ ""ALEXANDRU COLFESCU""",ALEXANDRIA,TR,1471,13,3,0,16,56,5,0,61,100,5,0,105,119,5,0,124,175,10,0,185,226,11,0,237
151807,31,"GRĂDINIȚA CU PROGRAM PRELUNGIT NR.4",ALEXANDRIA,TR,1424,6,0,0,6,31,1,0,32,43,1,0,44,56,3,0,59,107,4,0,111,160,4,0,164
151807,32,"GRĂDINIȚA CU PROGRAM PRELUNGIT NR.4",ALEXANDRIA,TR,1551,16,5,0,21,43,8,0,51,58,8,0,66,72,8,0,80,113,10,0,123,160,13,0,173
151807,33,"ȘCOALA DE ȘOFERI AMATORI",ALEXANDRIA,TR,1515,10,5,0,15,36,5,0,41,61,5,0,66,79,5,0,84,134,5,0,139,179,8,0,187
151807,34,"GRĂDINIȚA CU PROGRAM PRELUNGIT NR.8",ALEXANDRIA,TR,1242,12,0,0,12,21,2,0,23,38,3,0,41,50,6,0,56,81,6,0,87,108,6,0,114
151889,35,"ŞCOALA GIMNAZIALĂ ”ZAHARIA STANCU”","ROSIORI DE VEDE",TR,1209,10,2,0,12,28,3,0,31,49,3,0,52,58,3,0,61,125,7,0,132,168,12,0,180
151889,36,"ŞCOALA GIMNAZIALĂ ”ZAHARIA STANCU”","ROSIORI DE VEDE",TR,1116,14,0,0,14,36,0,0,36,52,0,0,52,63,0,0,63,114,1,0,115,144,5,0,149
151889,37,"ȘCOALA GIMNAZIALĂ ”DAN BERINDEI”","ROSIORI DE VEDE",TR,1204,11,0,0,11,39,5,0,44,53,7,28,88,65,7,28,100,107,10,28,145,122,10,28,160
151889,38,"COLEGIUL TEHNIC ”ANGHEL SALIGNY”","ROSIORI DE VEDE",TR,1122,23,1,0,24,51,6,0,57,66,7,0,73,91,8,0,99,168,15,0,183,203,18,0,221
151889,39,"GRĂDINIŢA CU PROGRAM PRELUNGIT NR.1","ROSIORI DE VEDE",TR,1108,6,5,0,11,33,8,0,41,56,11,0,67,67,11,0,78,125,17,0,142,198,18,0,216
151889,40,"CENTRUL CULTURAL","ROSIORI DE VEDE",TR,1115,9,2,0,11,35,4,0,39,55,5,0,60,77,6,0,83,152,7,0,159,182,11,0,193
151889,41,"ŞCOALA GIMNAZIALĂ ”GALA GALACTION”","ROSIORI DE VEDE",TR,1112,14,0,0,14,41,2,0,43,60,6,0,66,79,6,0,85,124,9,0,133,161,13,0,174
151889,42,"ŞCOALA GIMNAZIALĂ ”GALA GALACTION”","ROSIORI DE VEDE",TR,1205,8,0,0,8,24,3,0,27,36,3,0,39,45,3,0,48,102,8,3,113,130,9,3,142
151889,43,"MUZEUL DE ISTORIE","ROSIORI DE VEDE",TR,1105,6,6,0,12,17,13,0,30,41,20,0,61,53,20,0,73,100,23,0,123,130,25,0,155
151889,44,"CLUBUL COPIILOR","ROSIORI DE VEDE",TR,1432,10,0,0,10,35,2,39,76,62,3,39,104,80,4,39,123,148,7,39,194,197,8,39,244
151889,45,"ŞCOALA GIMNAZIALĂ ”ALEXANDRU DEPĂRĂŢEANU”","ROSIORI DE VEDE",TR,1399,15,0,0,15,34,1,0,35,48,1,0,49,71,1,0,72,128,5,0,133,165,8,0,173
151889,46,"ŞCOALA GIMNAZIALĂ ”ALEXANDRU DEPĂRĂŢEANU”","ROSIORI DE VEDE",TR,1419,9,2,0,11,25,5,0,30,36,5,0,41,49,5,0,54,97,7,0,104,133,8,0,141
151889,47,"ŞCOALA GIMNAZIALĂ ”ALEXANDRU DEPĂRĂŢEANU”","ROSIORI DE VEDE",TR,1120,10,0,0,10,27,3,0,30,44,3,0,47,69,4,0,73,124,9,0,133,173,13,0,186
151889,48,"ŞCOALA PRIMARĂ NR. 5","ROSIORI DE VEDE",TR,1496,15,0,0,15,38,0,0,38,51,0,0,51,68,0,0,68,126,6,1,133,179,9,1,189
151889,49,"ŞCOALA PRIMARĂ NR. 5","ROSIORI DE VEDE",TR,1120,15,1,0,16,43,5,0,48,65,5,0,70,88,5,0,93,147,8,0,155,190,9,0,199
151889,50,"LICEUL TEHNOLOGIC ”EMIL RACOVIŢĂ”","ROSIORI DE VEDE",TR,1370,19,1,0,20,51,3,0,54,60,4,0,64,82,6,0,88,136,18,0,154,169,21,0,190
151889,51,"CASA DE CULTURĂ","ROSIORI DE VEDE",TR,1092,11,1,0,12,34,4,14,52,57,6,14,77,71,8,14,93,117,14,14,145,166,19,14,199
151889,52,"COLEGIUL NAŢIONAL ”ANASTASESCU”","ROSIORI DE VEDE",TR,1398,15,0,0,15,55,3,0,58,80,4,0,84,107,4,0,111,172,6,0,178,215,8,0,223
151889,53,"GRĂDINIŢA CU PROGRAM NORMAL NR. 3","ROSIORI DE VEDE",TR,1345,11,0,0,11,43,1,0,44,74,5,0,79,94,8,0,102,162,14,0,176,221,16,0,237
151889,54,"LICEUL TEHNOLOGIC ”VIRGIL MADGEARU”","ROSIORI DE VEDE",TR,1244,12,6,0,18,41,6,0,47,52,7,0,59,73,7,0,80,122,11,0,133,159,13,0,172
151889,55,"GRĂDINIŢA CU PROGRAM NORMAL NR. 6","ROSIORI DE VEDE",TR,1106,11,2,1,14,29,2,1,32,55,4,1,60,65,5,1,71,112,10,1,123,160,13,1,174
151692,56,"GRĂDINIŢA CU PROGRAM NORMAL NR.3","TURNU MĂGURELE",TR,1377,6,1,0,7,17,8,0,25,25,8,0,33,37,10,0,47,110,13,0,123,176,19,0,195
151692,57,"ŞCOALA GENERALĂ NR.3","TURNU MĂGURELE",TR,1105,5,2,0,7,13,4,0,17,21,4,0,25,34,4,0,38,74,5,0,79,137,6,0,143
151692,58,"ŞCOALA GIMNAZIALĂ NR.4","TURNU MĂGURELE",TR,1885,5,1,0,6,34,3,0,37,48,3,0,51,67,6,0,73,124,6,0,130,185,9,0,194
151692,59,"GRĂDINIŢA CU PROGRAM PRELUNGIT NR.7","TURNU MĂGURELE",TR,1813,14,2,0,16,44,4,0,48,67,5,0,72,86,6,0,92,144,7,0,151,201,8,0,209
151692,60,"COLEGIUL TEHNIC ""G-RAL D. PRAPORGESCU""","TURNU MĂGURELE",TR,1460,32,0,0,32,70,0,0,70,87,2,0,89,123,2,0,125,191,5,0,196,241,6,0,247
151692,61,"COLEGIUL TEHNIC ""G-RAL D. PRAPORGESCU""","TURNU MĂGURELE",TR,1138,5,0,0,5,38,0,0,38,43,0,0,43,64,0,0,64,97,1,0,98,140,1,0,141
151692,62,"GRĂDINIŢA CU PROGRAM NORMAL NR.4","TURNU MĂGURELE",TR,883,17,5,0,22,34,5,0,39,40,7,0,47,53,7,0,60,88,9,0,97,109,11,0,120
151692,63,"GRĂDINIȚA CU PROGRAM PRELUNGIT NR.1","TURNU MĂGURELE",TR,1205,7,0,0,7,26,3,0,29,35,3,0,38,52,3,0,55,94,5,0,99,128,9,0,137
151692,64,"COLEGIUL NAŢIONAL ""UNIREA""","TURNU MĂGURELE",TR,1153,4,0,0,4,34,1,0,35,44,2,0,46,57,5,0,62,119,18,0,137,168,27,0,195
151692,65,"COLEGIUL NAŢIONAL ""UNIREA""","TURNU MĂGURELE",TR,1239,10,0,0,10,30,0,0,30,52,1,0,53,77,1,0,78,147,7,18,172,184,7,18,209
151692,66,"ŞCOALA GIMNAZIALĂ ""MIRCEA CEL BĂTRÂN""","TURNU MĂGURELE",TR,1169,18,3,0,21,53,5,0,58,68,6,0,74,75,8,0,83,125,11,0,136,155,14,0,169
151692,67,"ŞCOALA GIMNAZIALĂ ""MIRCEA CEL BĂTRÂN""","TURNU MĂGURELE",TR,1606,32,2,0,34,93,7,0,100,130,9,0,139,159,11,0,170,222,13,0,235,283,14,0,297
151692,68,"LICEUL TEHNOLOGIC ""SF. HARALAMBIE""","TURNU MĂGURELE",TR,1724,26,2,0,28,84,4,0,88,105,7,0,112,130,7,0,137,205,14,0,219,269,17,0,286
151692,69,"LICEUL TEORETIC ""MARIN PREDA""","TURNU MĂGURELE",TR,1225,22,0,0,22,51,2,0,53,66,3,0,69,95,3,0,98,152,7,0,159,189,10,0,199
151692,70,"GRĂDINIŢA CU PROGRAM PRELUNGIT NR.5","TURNU MĂGURELE",TR,1094,8,0,0,8,37,4,0,41,61,6,0,67,82,6,0,88,142,13,0,155,194,17,0,211
151692,71,"GRĂDINIŢA CU PROGRAM NORMAL NR.2","TURNU MĂGURELE",TR,1325,7,1,0,8,28,1,0,29,44,1,0,45,56,4,0,60,110,8,0,118,169,10,0,179
151692,72,"ŞCOALA GIMNAZIALĂ NR.2","TURNU MĂGURELE",TR,1423,14,5,0,19,39,7,0,46,47,12,0,59,77,12,0,89,139,14,0,153,161,15,0,176
151692,73,"DISPENSARUL UMAN MĂGURELE","TURNU MĂGURELE",TR,1368,23,1,0,24,44,1,0,45,61,4,0,65,83,6,0,89,147,9,0,156,176,16,0,192
151914,74,"ȘCOALA GIMNAZIALĂ CU CLASELE I-VIII, NR. 2",VIDELE,TR,1760,16,2,0,18,63,5,0,68,101,8,0,109,129,11,0,140,249,22,0,271,330,26,0,356
151914,75,"LICEUL TEORETIC",VIDELE,TR,1525,19,1,0,20,67,11,0,78,97,14,0,111,121,25,0,146,195,31,0,226,254,38,0,292
151914,76,"CASA DE CULTURĂ A ORAȘULUI VIDELE",VIDELE,TR,1491,12,3,0,15,36,4,0,40,68,7,0,75,105,9,0,114,200,21,0,221,259,28,0,287
151914,77,"GRĂDINIȚA CU PROGRAM NORMAL NR. 4, FOTĂCHEȘTI",VIDELE,TR,935,5,1,0,6,15,1,0,16,23,2,45,70,30,4,45,79,83,8,45,136,115,12,45,172
151914,78,"GRĂDINIȚA CU PROGRAM NORMAL NR. 3, FURCULEȘTI",VIDELE,TR,1333,6,3,0,9,13,7,0,20,40,7,0,47,59,11,0,70,134,17,0,151,192,18,0,210
151914,79,"GRĂDINIȚA CU PROGRAM NORMAL NR. 5, CARTOJANCA",VIDELE,TR,679,3,1,0,4,12,3,0,15,19,4,0,23,27,4,0,31,56,6,0,62,103,8,0,111
151914,80,"GRĂDINIȚA CU PROGRAM NORMAL NR. 2, TĂMĂȘEȘTI",VIDELE,TR,727,6,0,0,6,13,0,0,13,36,4,0,40,45,4,0,49,88,8,0,96,119,10,0,129
151914,81,"GRĂDINIȚA CU PROGRAM NORMAL NR. 6, PARISEȘTI",VIDELE,TR,477,1,4,0,5,8,4,0,12,15,5,0,20,19,5,0,24,49,11,0,60,78,12,0,90
151923,82,"GRĂDINIȚA CU PROGRAM NORMAL NR. 7, COȘOAIA",COŞOAIA,TR,276,2,4,0,6,8,6,0,14,16,8,0,24,28,10,0,38,48,19,0,67,59,24,0,83
151987,83,"ȘCOALA PRIMARĂ NR.4",ZIMNICEA,TR,1404,16,0,0,16,37,0,0,37,49,0,0,49,88,2,0,90,144,2,0,146,202,4,0,206
151987,84,"ȘCOALA PRIMARĂ NR.4",ZIMNICEA,TR,1500,17,0,0,17,50,4,1,55,67,4,1,72,110,4,1,115,226,4,1,231,308,9,1,318
151987,85,"S.C. URBANA SERV S.R.L.",ZIMNICEA,TR,1464,25,0,0,25,52,2,1,55,75,4,1,80,126,6,1,133,250,9,1,260,328,9,1,338
151987,86,"ȘCOALA GIMNAZIALĂ NR.3",ZIMNICEA,TR,1555,19,1,0,20,52,2,0,54,71,4,0,75,93,7,0,100,144,11,0,155,200,11,0,211
151987,87,"ȘCOALA GIMNAZIALĂ ""MIRON RADU PARASCHIVESCU""",ZIMNICEA,TR,1535,15,4,0,19,38,4,0,42,66,8,0,74,91,10,0,101,158,11,0,169,187,12,0,199
151987,88,"GRĂDINIȚA CU PROGRAM PRELUNGIT NR.5, NIVEL ȘCOLARIZARE PRE PP",ZIMNICEA,TR,1340,23,0,0,23,43,4,13,60,76,6,13,95,92,8,13,113,152,10,46,208,203,14,46,263
151987,89,"GRĂDINIȚA CU PROGRAM PRELUNGIT NR.5, NIVEL ȘCOLARIZARE PRE PP",ZIMNICEA,TR,1185,7,1,0,8,35,4,0,39,56,6,0,62,104,6,0,110,166,11,0,177,214,12,0,226
151987,90,"ȘCOALA GIMNAZIALĂ NR.2",ZIMNICEA,TR,1300,13,0,0,13,44,1,4,49,61,2,4,67,80,2,4,86,155,3,4,162,214,11,4,229
151987,91,"ȘCOALA GIMNAZIALĂ NR.2",ZIMNICEA,TR,1326,13,5,0,18,27,5,3,35,49,6,3,58,73,6,3,82,136,8,3,147,202,13,3,218
152001,92,"CĂMINUL CULTURAL BALCI",BALACI,TR,813,10,0,0,10,28,7,0,35,41,9,0,50,64,17,0,81,138,40,24,202,208,49,24,281
152029,93,"CĂMINUL CULTURAL TECUCI",TECUCI,TR,550,8,1,0,9,16,3,0,19,25,3,0,28,35,16,0,51,91,46,0,137,124,57,23,204
152047,94,"ŞCOALA GIMNAZIALĂ BĂBĂIŢA",BĂBĂIŢA,TR,1526,9,1,0,10,34,2,0,36,45,3,0,48,66,3,0,69,123,5,0,128,223,7,0,230
152047,95,"ŞCOALA GIMNAZIALĂ MERIŞANI",BĂBĂIŢA,TR,886,23,5,0,28,72,6,0,78,113,9,0,122,121,10,0,131,173,16,0,189,285,25,0,310
153641,96,"GRĂDINIŢA DE COPII CU PROGRAM NORMAL NR. 1BECIU",BECIU,TR,806,8,1,0,9,57,2,0,59,88,4,0,92,109,9,0,118,234,24,0,258,296,34,0,330
153687,97,"GRĂDINIŢA DE COPII CU PROGRAM NORMALNR.2 SMÂRDAN",SMÂRDAN,TR,461,7,1,0,8,14,2,0,16,37,3,0,40,56,5,0,61,111,10,0,121,172,19,0,191
152813,98,"CĂMINUL CULTURAL BEUCA",BEUCA,TR,922,4,2,0,6,30,6,0,36,51,14,53,118,81,17,53,151,123,23,53,199,157,28,53,238
152840,99,"CĂMINUL CULTURAL PLOPI",PLOPI,TR,157,5,0,0,5,9,7,0,16,13,8,0,21,19,9,0,28,49,13,0,62,60,18,11,89
152092,100,"ŞCOALA GIMNAZIALA NR.1 BLEJEŞTI",BLEJEŞTI,TR,995,9,0,0,9,36,6,0,42,77,11,0,88,96,12,0,108,200,35,0,235,290,44,7,341
152092,101,"GRĂDINIŢA CU PROGRAM NORMAL NR.2 BLEJEŞTI",BLEJEŞTI,TR,871,7,1,0,8,68,11,0,79,125,27,0,152,152,34,0,186,249,64,0,313,350,88,7,445
152109,102,"ŞCOALA GIMNAZIALĂ NR.2 BACIU COMUNA BLEJEŞTI",BACIU,TR,883,2,1,0,3,16,8,0,24,58,19,0,77,78,22,0,100,173,35,0,208,284,51,3,338
152118,103,"GRĂDINIŢA DE COPII CU PROGRAM NORMAL SERICU COMUNA BLEJEŞTI",SERICU,TR,340,1,4,0,5,45,10,0,55,89,17,0,106,95,17,0,112,142,24,1,167,185,29,1,215
152136,104,"ŞCOALA GIMNAZIALĂ BOGDANA",BOGDANA,TR,738,27,9,0,36,70,23,0,93,85,33,0,118,113,39,0,152,172,70,0,242,242,80,0,322
152154,105,"GRĂDINIŢA DE COPII CU PROGRAM NORMAL NR.2 ULMENI",ULMENI,TR,566,14,2,0,16,27,6,0,33,40,6,0,46,57,8,0,65,133,23,0,156,173,32,0,205
152163,106,"GRĂDINIŢA DE COPII CU PROGRAM NORMAL NR.3 URLUIU",URLUIU,TR,505,15,7,0,22,46,33,0,79,54,40,0,94,84,49,0,133,154,84,0,238,199,103,0,302
152181,107,"LICEUL TEHNOLOGIC ""ANDREI ŞAGUNA""",BOTOROAGA,TR,1052,1,4,0,5,22,7,0,29,34,13,0,47,55,19,0,74,107,30,0,137,126,36,0,162
152190,108,"ŞCOALA GIMNAZIALĂ NR. 1 CĂLUGĂRU",CĂLUGARU,TR,687,2,0,0,2,14,1,0,15,32,3,0,35,36,3,0,39,61,7,0,68,86,9,0,95
152207,109,"GRĂDINIŢA CU PROGRAM NORMAL NR.2",TÎRNAVA,TR,1042,5,4,0,9,22,14,0,36,32,21,0,53,59,29,0,88,109,45,0,154,135,51,0,186
152216,110,"ŞCOALA CU CLASELE I-IV TUNARI",TUNARI,TR,153,1,0,0,1,6,7,0,13,7,7,0,14,8,9,0,17,18,16,0,34,26,18,0,44
152225,111,"ŞCOALA GIMNAZIALĂ NR. 2","VALEA CIREŞULUI",TR,1205,0,3,0,3,6,4,0,10,16,11,0,27,27,11,0,38,55,24,0,79,79,26,0,105
152243,112,"PRIMĂRIA VECHE",BRAGADIRU,TR,1079,6,1,0,7,16,3,0,19,20,4,0,24,26,4,0,30,70,13,0,83,101,17,0,118
152243,113,"CĂMINUL CULTURAL",BRAGADIRU,TR,997,7,3,0,10,25,10,0,35,37,15,0,52,55,19,0,74,89,24,0,113,128,28,0,156
152243,114,"ŞCOALA ROIBA",BRAGADIRU,TR,1131,4,2,0,6,18,3,0,21,29,4,0,33,41,5,0,46,88,15,0,103,146,20,0,166
152261,115,"ȘCOALA GIMNAZIALĂ BRÎNCENI",BRÎNCENI,TR,762,3,0,0,3,12,5,0,17,21,6,0,27,34,12,0,46,108,21,0,129,180,26,0,206
152261,116,"CLĂDIRE ADMINISTRATIVĂ BRÎNCENI",BRÎNCENI,TR,1543,12,0,0,12,25,1,0,26,56,1,0,57,87,2,0,89,200,12,0,212,363,23,0,386
152289,117,"CĂMINUL CULTURAL BUJORENI",BUJORENI,TR,456,7,4,0,11,17,15,0,32,79,39,0,118,96,55,0,151,158,75,5,238,190,98,5,293
152305,118,"ŞCOALA CU CLASELE I-IV PRUNARU",PRUNARU,TR,353,4,1,0,5,17,6,0,23,43,14,0,57,63,19,0,82,101,28,4,133,138,43,4,185
152323,119,"GRĂDINIȚA CU PROGRAM NORMAL",BUJORU,TR,744,7,0,0,7,15,1,0,16,16,1,0,17,27,1,0,28,47,10,0,57,73,16,0,89
152323,120,"CĂMINUL CULTURAL",BUJORU,TR,728,6,3,0,9,13,6,0,19,20,6,0,26,29,7,0,36,60,12,0,72,84,16,0,100
152341,121,"CĂMIN CULTURAL",BUZESCU,TR,1179,1,0,0,1,15,2,0,17,25,5,0,30,32,5,0,37,90,17,0,107,211,39,0,250
152341,122,"GRĂDINIŢA CU PROGRAM NORMAL",BUZESCU,TR,1175,5,0,0,5,10,0,0,10,16,0,0,16,21,0,0,21,55,8,0,63,112,15,0,127
152341,123,"ŞCOALA GIMNAZIALĂ BUZESCU",BUZESCU,TR,1148,1,0,0,1,12,0,0,12,14,2,0,16,26,7,0,33,85,10,0,95,176,18,1,195
152369,124,"ȘCOALA GIMNAZIALĂ CĂLINEȘTI",CĂLINEŞTI,TR,1171,4,0,0,4,21,3,0,24,55,5,0,60,68,8,0,76,209,26,40,275,337,37,40,414
152396,125,"ȘCOALA GIMNAZIALĂ LICURICIU",LICURICIU,TR,403,7,3,0,10,18,7,0,25,25,7,33,65,40,10,33,83,90,22,33,145,111,36,33,180
152387,126,"ȘCOALA GIMNAZIALĂ COPĂCEANCA",COPĂCEANCA,TR,744,8,4,0,12,41,11,0,52,59,11,0,70,74,18,0,92,148,35,0,183,199,43,76,318
152378,127,"ȘCOALA GIMNAZIALĂ ANTONEŞTI",ANTONEŞTI,TR,246,9,1,0,10,25,7,0,32,33,7,19,59,48,7,19,74,100,11,19,130,110,16,19,145
152421,128,"ŞCOALA GIMNAZIALĂCĂLMĂŢUIU (FOST LOCAL AL ȘCOLII CU CLASELE I-IV)",CĂLMĂŢUIU,TR,558,10,2,0,12,37,5,0,42,56,7,0,63,72,12,0,84,161,24,0,185,222,29,0,251
152449,129,"ŞCOLALA GIMNAZIALĂ CĂLMĂȚUIU (FOST LOCAL AL ȘCOLII CU CLASELE I-IV)",CARAVANEŢI,TR,210,5,1,0,6,16,1,0,17,17,2,0,19,33,5,0,38,57,19,0,76,71,23,0,94
152430,130,"ŞCOALA GIMNAZIALĂ CĂLMĂȚUIU ( FOST LOCAL AL ȘCOLII CU CLASELE I-IV )",BUJORU,TR,211,6,4,0,10,18,8,0,26,34,16,0,50,43,17,0,60,80,22,0,102,98,31,0,129
152458,131,"ŞCOALA GIMNAZIALĂ CĂLMĂȚUIU ( FOST LOCALAL ȘCOLII NICOLAE BĂLCESCU)","NICOLAE BĂLCESCU",TR,564,6,2,0,8,30,3,0,33,47,5,0,52,67,5,0,72,119,13,0,132,149,23,0,172
152476,132,"GRĂDINIȚA DE COPII CU PROGRAM NORMAL NR.1 CĂLMĂȚUIU DE SUS","CĂLMĂŢUIU DE SUS",TR,652,3,0,0,3,14,3,0,17,41,3,0,44,76,4,0,80,154,13,0,167,244,14,0,258
152494,133,"GRĂDINIȚA DE COPII CU PROGRAM NORMAL NR. 3 IONAȘCU",IONAŞCU,TR,284,2,0,0,2,8,0,0,8,12,10,0,22,12,11,0,23,30,16,0,46,35,16,0,51
152485,134,"CLĂDIRE PRIMĂRIE -FOST SEDIU CAP BĂCĂLEȘTI",BĂCĂLEŞTI,TR,799,3,4,0,7,7,7,0,14,12,8,0,20,26,17,0,43,72,19,0,91,132,23,0,155
152519,135,"ȘCOALA GIMNAZIALĂ CERVENIA",CERVENIA,TR,1328,14,0,0,14,38,7,0,45,68,11,0,79,83,12,0,95,181,36,0,217,282,48,0,330
152519,136,"ȘCOALA GIMNAZIALĂ CERVENIA",CERVENIA,TR,1132,9,1,0,10,31,7,0,38,54,16,0,70,81,19,0,100,167,26,0,193,241,31,0,272
152537,137,"ŞCOALA GIMNAZIALĂNR. 1CIOLĂNEŞTII DIN DEAL","CIOLĂNEŞTII DIN DEAL",TR,831,6,0,0,6,12,0,0,12,19,4,0,23,40,10,0,50,61,17,0,78,100,23,0,123
152537,138,"ŞCOALA GIMNAZIALĂNR. 2 CIOLĂNEŞTII DIN DEAL","CIOLĂNEŞTII DIN DEAL",TR,495,4,1,0,5,10,8,0,18,16,8,0,24,26,11,0,37,54,23,0,77,86,32,0,118
152555,139,"ŞCOALA GENERALA NR. 3CIOLĂNEŞTII DIN VALE","CIOLĂNEŞTII DIN VALE",TR,470,0,0,0,0,12,0,0,12,17,3,0,20,24,8,0,32,53,19,0,72,88,22,0,110
152546,140,"ŞCOALA BALDOVINEŞTI",BALDOVINEŞTI,TR,353,5,2,0,7,9,2,0,11,12,2,0,14,19,3,0,22,40,7,0,47,65,7,0,72
151718,141,"ȘCOALA GIMNAZIALĂ CIUPERCENI",CIUPERCENI,TR,828,22,2,0,24,82,14,0,96,113,24,0,137,152,31,0,183,233,42,25,300,276,58,25,359
151727,142,"ȘCOALA GENERALĂ POIANA",POIANA,TR,513,18,2,0,20,73,17,0,90,100,28,37,165,119,33,37,189,164,39,38,241,188,47,38,273
152573,143,"SALA DE ŞEDINŢE A CONSILIULUI LOCAL CONŢEŞTI",CONŢEŞTI,TR,1427,35,1,0,36,133,8,16,157,205,15,16,236,269,17,16,302,456,37,16,509,594,41,16,651
152573,144,"GRĂDINIŢA CU PROGRAM NORMAL CONŢEŞTI",CONŢEŞTI,TR,1281,43,4,0,47,163,23,33,219,219,27,33,279,284,34,33,351,471,56,33,560,621,76,33,730
152591,145,"ȘCOALA GIMNAZIALĂ NR.2 COSMEȘTI",COSMEŞTI,TR,834,5,0,0,5,40,5,0,45,70,6,0,76,89,10,0,99,204,21,0,225,413,37,27,477
152608,146,"ŞCOLA GIMNAZIALĂ NR. 1 CIUPERCENI",CIUPERCENI,TR,1201,6,2,0,8,32,2,0,34,68,2,0,70,84,7,0,91,180,13,0,193,361,23,24,408
152671,147,"CĂMINUL CULTURAL DIN SATUL CRÂNGU",CRÂNGU,TR,850,15,5,0,20,69,14,0,83,87,17,0,104,98,20,15,133,140,42,15,197,215,54,15,284
152706,148,"SEDIUL ADMINISTRATIV DIN SATUL SECARA",SECARA,TR,294,7,3,0,10,48,13,0,61,58,17,0,75,68,19,0,87,103,25,18,146,174,30,18,222
151941,149,"GRĂDINIŢA CU PROGRAM NORMAL NR. 1 CREVENICU",CREVENICU,TR,716,4,2,0,6,11,2,0,13,22,8,0,30,25,11,0,36,71,25,0,96,144,50,0,194
151950,150,"CĂMINUL CULTURAL RĂDULEŞTI",RĂDULEŞTI,TR,433,1,1,0,2,3,3,0,6,6,5,0,11,14,6,0,20,22,8,0,30,66,15,0,81
152626,151,"CĂMINULUI CULTURAL CRINGENI",CRÎNGENI,TR,1215,15,1,0,16,26,3,0,29,47,9,0,56,73,12,0,85,136,26,0,162,220,30,0,250
152635,152,"CLĂDIRE PRIMĂRIE -FOSTA ŞCOALĂ CU CLASELE I-VIII BALTA SĂRATĂ","BALTA SĂRATĂ",TR,626,5,6,0,11,15,10,0,25,21,11,0,32,37,12,0,49,72,25,0,97,129,32,0,161
152644,153,"CLĂDIRE PRIMĂRIE FOSTA ŞCOALĂ CU CLASELE I-IV DOROBANŢU",DOROBANŢU,TR,222,3,5,0,8,16,10,0,26,21,13,0,34,22,13,0,35,55,29,0,84,71,35,0,106
152653,154,"CLĂDIRE PRIMĂRIE FOSTAŞCOALĂ CU CLASELE I-IV STEJARU",STEJARU,TR,144,0,7,0,7,4,7,0,11,11,12,0,23,16,14,0,30,40,33,0,73,68,44,0,112
152733,155,"CĂMINUL CULTURAL DIDEȘTI",DIDEŞTI,TR,960,4,0,0,4,15,4,0,19,24,7,0,31,28,8,0,36,79,21,0,100,129,23,0,152
152779,156,"ȘCOALA GIMNAZIALĂ NR.1",DOBROTEŞTI,TR,1310,3,2,0,5,7,14,0,21,23,14,0,37,45,14,0,59,115,33,0,148,164,43,0,207
152779,157,"CENTRUL DE ÎNGRIJIRE DE ZI PENTRU COPIII ÎN SITUAȚII DE RISC ÎN COMUNA DOBROTEȘTI",DOBROTEŞTI,TR,1338,2,0,0,2,6,2,0,8,14,7,0,21,34,12,0,46,75,16,0,91,125,24,0,149
152788,158,"ȘCOALA GIMNAZIALĂ NR. 2",MERIŞANI,TR,960,1,0,0,1,14,5,0,19,23,5,0,28,33,5,0,38,86,15,0,101,166,27,0,193
152680,159,"GRĂDINIŢA CU PROGRAM NORMAL DRACEA",DRACEA,TR,1043,17,1,0,18,44,11,0,55,73,17,0,90,89,23,0,112,262,41,16,319,340,52,16,408
152715,160,"ŞCOALA GENERALĂ ZLATA",ZLATA,TR,63,1,3,0,4,13,7,0,20,16,8,0,24,20,8,0,28,27,11,0,38,29,17,0,46
152699,161,"CĂMINUL CULTURAL FLORICA",FLORICA,TR,181,4,2,0,6,17,6,0,23,25,6,0,31,28,7,0,35,56,17,0,73,65,27,13,105
152804,162,"ŞCOALA CU CLASELE I-IV DRĂCŞENEI",DRĂCŞENEI,TR,618,11,0,0,11,20,1,0,21,34,2,0,36,51,4,0,55,80,7,0,87,117,13,8,138
152822,163,"ŞCOALA GIMNAZIALĂ DRĂCŞANI",DRĂCŞANI,TR,328,7,0,0,7,19,0,0,19,24,6,0,30,36,9,0,45,81,19,9,109,106,25,9,140
152831,164,"ŞCOALA CU CLASELE I-IV ODOBEASCA",ODOBEASCA,TR,427,1,3,0,4,5,4,0,9,7,4,0,11,13,4,0,17,52,9,7,68,90,12,7,109
152877,165,"ŞCOALA GİMNAZİALĂDRĂGĂNEŞTİ DE VEDE","DRĂGĂNEŞTI DE VEDE",TR,1176,6,0,0,6,9,1,0,10,27,6,0,33,35,9,0,44,67,12,0,79,99,16,0,115
152895,166,"GRĂDİNİŢA CU PROGRAM NORMAL NR.2",VĂCĂREŞTI,TR,543,8,0,0,8,12,2,0,14,18,4,0,22,19,5,0,24,39,6,0,45,60,8,0,68
152911,167,"LICEUL TEHNOLOGIC DRĂGĂNEŞTI VLAŞCA",DRĂGĂNEŞTI-VLAŞCA,TR,1700,3,3,0,6,26,3,0,29,29,3,0,32,46,4,0,50,107,8,0,115,166,22,0,188
152911,168,"ŞCOALA GIMNAZIALĂ DRĂGĂNEŞTI VLAŞCA",DRĂGĂNEŞTI-VLAŞCA,TR,1076,5,4,0,9,11,13,0,24,14,24,0,38,38,32,0,70,69,40,0,109,96,44,0,140
152939,169,"ȘCOALA CU CLASELE I - IV VĂCENI",VĂCENI,TR,218,3,4,0,7,9,6,0,15,10,7,0,17,14,9,0,23,23,13,0,36,30,17,0,47
152920,170,"ȘCOALA CU CLASELE I-IV COMOARA",COMOARA,TR,358,12,7,0,19,28,15,0,43,44,18,0,62,63,26,0,89,130,43,0,173,155,45,0,200
154488,171,"ŞCOALA GIMNAZIALĂ FÂNTÂNELE",FÂNTÂNELE,TR,1355,34,1,0,35,94,30,0,124,157,50,0,207,209,58,0,267,367,88,0,455,526,120,0,646
152065,172,"LOCALUL ŞCOLII GIMNAZIALE FRĂSINET",FRĂSINET,TR,1497,7,1,0,8,52,10,0,62,122,10,0,132,130,10,0,140,255,28,0,283,463,52,0,515
152056,173,"LOCALUL GRĂDINIŢEI CLĂNIŢA",CLĂNIŢA,TR,555,9,4,0,13,26,7,0,33,55,9,0,64,57,12,0,69,155,19,0,174,261,39,0,300
153008,174,"CĂMINUL CULTURAL FRUMOASA",FRUMOASA,TR,783,19,6,0,25,40,11,0,51,67,12,0,79,95,18,0,113,156,36,0,192,227,50,0,277
153008,175,"GRĂDINIȚA CU PROGRAM NORMAL NR. 2 FRUMOASA",FRUMOASA,TR,471,3,2,0,5,11,4,0,15,31,5,0,36,35,5,0,40,76,13,0,89,130,21,0,151
153017,176,"GRĂDINIȚA CU PROGRAM NORMAL NR. 2 PĂULEASCA",PĂULEASCA,TR,418,6,2,0,8,17,3,0,20,27,8,0,35,35,12,0,47,46,17,0,63,73,24,0,97
152957,177,"ŞCOALA GIMNAZIALĂ FURCULEŞTI",FURCULEŞTI,TR,1413,8,1,0,9,19,2,0,21,30,2,0,32,50,9,0,59,103,26,8,137,161,41,8,210
152975,178,"ŞCOALA CU CLASELE I - VIII SPĂTĂREI",SPĂTĂREI,TR,827,5,2,0,7,19,6,0,25,28,8,0,36,38,13,0,51,62,20,0,82,81,22,0,103
152984,179,"GRĂDINIŢA CU PROGRAM NORMAL VOIEVODA",VOIEVODA,TR,529,8,0,0,8,13,3,0,16,23,5,0,28,38,6,0,44,69,12,0,81,71,15,0,86
153035,180,"ŞCOALA PRIMARĂ GĂLĂTENI",GĂLĂTENI,TR,1235,1,0,0,1,24,3,0,27,49,3,0,52,64,6,0,70,148,18,0,166,455,27,0,482
153044,181,"ŞCOALA GIMNAZIALĂ GĂLĂTENI",BÎSCOVENI,TR,852,0,0,0,0,6,2,0,8,27,3,0,30,30,6,0,36,75,16,0,91,117,23,0,140
153071,182,"GRĂDINIȚA CU PROGRAM NORMAL NR. 1",GRATIA,TR,948,9,3,0,12,23,5,0,28,37,7,0,44,45,13,0,58,115,21,0,136,260,34,0,294
153080,183,"ȘCOALA GIMNAZIALĂ GRATIA",CIURARI-DEAL,TR,1169,8,0,0,8,35,9,0,44,52,12,0,64,64,12,0,76,124,24,0,148,231,47,0,278
151745,184,"CĂMINUL CULTURAL",ISLAZ,TR,1230,4,4,0,8,15,10,0,25,33,12,0,45,54,15,0,69,108,34,7,149,173,34,7,214
151745,185,"GRĂDINIȚA CU PROGRAM NORMAL NR. 2",ISLAZ,TR,1553,15,0,0,15,45,5,0,50,91,13,0,104,145,15,0,160,219,24,6,249,353,30,6,389
151745,186,"ŞCOALA GIMNAZIALĂ NR. 1 ISLAZ",ISLAZ,TR,767,3,5,0,8,14,7,0,21,24,7,0,31,26,8,0,34,47,14,1,62,108,22,1,131
151754,187,"ŞCOALA GENERALĂ MOLDOVENI",MOLDOVENI,TR,777,3,0,0,3,15,4,0,19,24,7,0,31,29,7,0,36,57,19,0,76,130,28,0,158
153115,188,"GRĂDINIŢA DE COPII IZVOARELE",IZVOARELE,TR,1141,7,6,0,13,19,8,0,27,32,9,0,41,57,12,0,69,128,15,2,145,233,23,2,258
153115,189,"GRĂDINIŢA DE COPII IZVOARELE",IZVOARELE,TR,938,1,0,0,1,8,0,0,8,22,1,0,23,37,1,0,38,111,14,0,125,211,20,0,231
153133,190,PRIMĂRIALISA,LISA,TR,1293,2,0,0,2,14,3,0,17,16,4,0,20,34,7,0,41,88,20,0,108,106,24,0,130
153142,191,"GRĂDINIŢA VÂNĂTORI",VÎNĂTORI,TR,545,1,0,0,1,7,1,0,8,14,2,0,16,25,5,0,30,48,11,0,59,69,14,0,83
151772,192,"ȘCOALA GIMNAZIALĂ LIȚA",LIŢA,TR,1092,3,4,0,7,18,9,0,27,34,9,0,43,52,12,0,64,125,26,0,151,177,35,0,212
151772,193,"GRĂDINIȚA CU PROGRAM NORMAL NR. 2",LIŢA,TR,1121,5,0,0,5,34,4,0,38,41,7,0,48,65,11,0,76,144,33,0,177,225,46,0,271
153160,194,"ȘCOALA GIMNAZIALĂ NUMĂRUL 1 LUNCA",LUNCA,TR,952,1,2,0,3,3,2,0,5,5,5,0,10,11,8,0,19,44,15,0,59,66,17,0,83
153160,195,"GRĂDINIȚA CU PROGRAM NORMAL NUMĂRUL 1 LUNCA",LUNCA,TR,584,1,0,0,1,5,1,0,6,7,1,0,8,9,5,0,14,25,11,0,36,40,20,0,60
153188,196,"ȘCOALA GIMNAZIALĂ NUMĂRUL 2 PRUNDU",PRUNDU,TR,1162,4,0,0,4,8,2,0,10,27,2,0,29,32,2,0,34,74,2,0,76,153,3,0,156
153213,197,"ŞCOALA GIMNAZIALĂ MAVRODIN",MAVRODIN,TR,1062,5,3,0,8,19,3,0,22,22,4,0,26,38,5,0,43,81,11,0,92,128,14,0,142
153213,198,"CĂMINUL CULTURAL MAVRODIN",MAVRODIN,TR,962,5,0,0,5,20,5,0,25,32,7,0,39,51,8,0,59,109,21,0,130,142,29,0,171
153259,199,"CĂMINUL CULTURAL MĂGURA",MĂGURA,TR,1465,36,1,0,37,87,15,0,102,167,24,0,191,220,39,0,259,418,77,49,544,518,92,49,659
153268,200,"CĂMINUL CULTURAL GURUIENI",GURUIENI,TR,773,28,3,0,31,78,15,0,93,135,20,0,155,176,30,0,206,265,48,38,351,341,60,38,439
153286,201,"SCOALA GIMNAZIALA NR.1",MĂLDĂENI,TR,1175,3,1,0,4,23,4,9,36,57,9,9,75,82,10,9,101,149,16,9,174,215,26,9,250
153286,202,"GRADINITA CU PROGRAM NORMAL NR.1",MĂLDĂENI,TR,975,6,0,0,6,19,0,0,19,38,5,8,51,49,6,8,63,93,13,8,114,170,17,8,195
153286,203,"GRADINITA CU PROGRAM NORMAL NR.2",MĂLDĂENI,TR,1309,6,2,0,8,29,6,0,35,51,13,11,75,65,13,11,89,128,20,11,159,233,29,11,273
153302,204,"SCOALA GIMNAZIALĂ CU CLASELE I-VIII MERENII DE JOS","MERENII DE JOS",TR,1317,1,7,0,8,20,8,0,28,41,11,0,52,65,13,0,78,118,24,0,142,194,29,0,223
153311,205,"SCOALA GENERALĂ CU CLASELEI-VIII","MERENII DE SUS",TR,834,3,0,0,3,10,0,0,10,15,0,0,15,26,2,0,28,73,8,0,81,118,16,0,134
153357,206,"ŞCOALA GIMNAZIALĂ NR. 2, CERNETU",CERNETU,TR,1105,6,2,0,8,16,6,0,22,26,7,0,33,35,7,0,42,75,20,0,95,111,33,0,144
153375,207,"GRĂDINIŢA CU PROGRAM NORMAL NR.3 VALEA PĂRULUI","VALEA PĂRULUI",TR,661,7,0,0,7,15,0,0,15,18,2,0,20,26,4,0,30,57,11,0,68,84,18,0,102
153348,208,"ŞCOALA GIMNAZIALĂ NR.1 MÎRZĂNEŞTI",MÎRZĂNEŞTI,TR,510,7,1,0,8,15,4,0,19,22,7,0,29,28,11,0,39,61,18,0,79,73,27,0,100
153366,209,"ŞCOALA GIMNAZIALĂ TELEORMANU",TELEORMANU,TR,742,9,1,0,10,19,2,0,21,24,4,0,28,43,7,0,50,96,16,0,112,119,27,0,146
153393,210,"ȘCOALA GIMNAZIALĂ MOȘTENI",MOŞTENI,TR,673,4,2,0,6,15,4,0,19,31,9,33,73,57,10,33,100,136,16,33,185,237,22,33,292
153393,211,"ŞCOALA GIMNAZIALĂ MOŞTENI",MOŞTENI,TR,505,4,0,0,4,17,1,0,18,28,9,30,67,32,9,30,71,83,17,30,130,167,29,30,226
151825,212,"ȘCOALA GIMNAZIALĂ NANOV",NANOV,TR,1688,6,1,0,7,39,6,0,45,62,11,0,73,104,12,0,116,179,14,0,193,226,24,0,250
151825,213,"GRĂDINIŢA CU PROGRAM NORMAL NR. 2 NANOV",NANOV,TR,1385,6,0,0,6,25,1,0,26,35,3,0,38,61,8,0,69,132,21,0,153,184,25,0,209
153419,214,"ȘCOALA GIMNAZIALĂ NĂSTURELU",NĂSTURELU,TR,1274,4,1,0,5,46,1,0,47,90,1,0,91,108,1,0,109,222,4,0,226,315,5,0,320
153428,215,"ȘCOALA GIMNAZIALĂ ZIMNICELE",ZIMNICELE,TR,812,6,1,0,7,9,1,0,10,15,1,0,16,25,2,0,27,56,5,0,61,81,11,0,92
153446,216,"LOCALUL ŞCOLII CU CLASELE I-IV NECŞEŞTI",NECŞEŞTI,TR,459,8,0,0,8,21,1,0,22,30,6,0,36,41,7,0,48,62,18,0,80,108,24,0,132
153464,217,"LOCALUL ŞCOLII CU CLASELE I-VIII GÂRDEŞTI",GÎRDEŞTI,TR,438,5,2,0,7,10,3,0,13,19,5,0,24,36,11,0,47,61,14,0,75,83,18,0,101
153222,218,"ȘCOALA GIMNAZIALĂ NENCIULEȘTI",NENCIULEŞTI,TR,718,4,3,0,7,13,8,0,21,41,9,0,50,50,10,0,60,141,24,0,165,218,32,0,250
153222,219,"GRĂDINIȚA CU PROGRAM NORMAL NR. 1 NENCIULEȘTI",NENCIULEŞTI,TR,799,6,0,0,6,23,2,0,25,50,2,0,52,68,2,0,70,179,20,0,199,240,26,0,266
153231,220,"GRĂDINIȚA CU PROGRAM NORMAL NR. 2 PĂRU ROTUND","PĂRU ROTUND",TR,469,5,0,0,5,8,0,0,8,14,0,0,14,21,0,0,21,36,3,0,39,55,5,0,60
153482,221,"ŞCOALA GIMNAZIALĂNR.1 OLTENI",OLTENI,TR,1504,10,2,0,12,35,6,0,41,45,6,0,51,56,6,0,62,112,19,0,131,175,29,0,204
153491,222,"ŞCOALA GIMNAZIALĂ NR.2 PERII-BROŞTENI","PERII BROŞTENI",TR,897,0,0,0,0,6,0,0,6,10,0,0,10,18,5,0,23,43,7,0,50,90,14,0,104
153516,223,"ŞCOALA GIMNAZIALÃ NR. 2ORBEASCA DE JOS ( CORP A)","ORBEASCA DE JOS",TR,870,7,0,0,7,21,2,0,23,34,4,0,38,41,5,0,46,83,17,0,100,139,28,0,167
153516,224,"ŞCOALA GIMNAZIALÃ NR. 2ORBEASCA DE JOS(CORP A)","ORBEASCA DE JOS",TR,928,2,1,0,3,16,3,0,19,28,6,0,34,65,7,0,72,96,24,12,132,141,33,12,186
153534,225,"ŞCOALA GIMNAZIALÃ NR. 1 ORBEASCA DE SUS (CORP B)","ORBEASCA DE SUS",TR,1134,5,3,0,8,25,9,0,34,42,12,0,54,52,18,0,70,87,36,0,123,176,51,14,241
153534,226,"ŞCOALA GIMNAZIALÃ NR. 1 ORBEASCA DE SUS (CORP B)","ORBEASCA DE SUS",TR,1293,15,0,0,15,40,6,0,46,66,10,0,76,84,11,0,95,147,18,0,165,249,23,11,283
153525,227,"ŞCOALA GIMNAZIALÃ NR.3 LACENI (CORP A)",LĂCENI,TR,887,5,2,0,7,15,7,0,22,28,8,0,36,45,11,0,56,93,17,7,117,148,19,7,174
153525,228,"ŞCOALA GIMNAZIALÃ NR.3 LACENI (CORP A)",LĂCENI,TR,1070,5,3,0,8,17,4,0,21,28,7,0,35,41,9,0,50,90,11,17,118,139,17,17,173
153552,229,"ŞCOALA GIMNAZIALĂ ""GRIGORE DIMITRIE GHICA"" PERETU",PERETU,TR,1009,4,0,0,4,9,0,0,9,18,2,0,20,22,5,0,27,52,8,0,60,105,10,0,115
153552,230,"ŞCOALA GIMNAZIALĂ ""GRIGORE DIMITRIE GHICA"" PERETU",PERETU,TR,1178,5,0,0,5,11,0,0,11,27,0,0,27,43,0,0,43,82,2,0,84,137,6,0,143
153552,231,"CĂMINUL CULTURAL PERETU",PERETU,TR,1337,3,1,0,4,12,1,0,13,18,1,0,19,29,1,0,30,55,2,0,57,99,6,0,105
153552,232,"GRĂDINIŢA CU PROGRAM NORMAL PERETU",PERETU,TR,1385,4,3,0,7,13,4,0,17,23,7,0,30,28,8,0,36,56,9,0,65,84,13,0,97
153552,233,"GRĂDINIŢA CU PROGRAM NORMAL PERETU",PERETU,TR,1117,6,0,0,6,10,0,0,10,15,0,0,15,29,0,0,29,62,5,0,67,110,8,0,118
153570,234,"ȘCOALA GIMNAZIALĂ PIATRA",PIATRA,TR,906,8,0,0,8,13,1,0,14,20,3,0,23,41,7,0,48,90,13,0,103,111,16,0,127
153570,235,"GRĂDINIȚA CU PROGRAM NORMAL PIATRA",PIATRA,TR,772,6,1,0,7,9,2,0,11,10,4,0,14,20,13,0,33,55,23,0,78,80,29,0,109
153570,236,"SALA DE PROTOCOL PRIMĂRIA COMUNEI PIATRA",PIATRA,TR,874,6,4,0,10,17,10,0,27,26,13,0,39,42,17,0,59,71,22,0,93,103,25,0,128
153598,237,"ŞCOALA GIMNAZIALĂ(ŞCOALA VECHE)",PIETROŞANI,TR,971,7,3,0,10,13,9,0,22,39,11,0,50,54,13,0,67,121,33,0,154,201,49,15,265
153598,238,"ŞCOALA GIMNAZIALĂ(ŞCOALA NOUĂ)",PIETROŞANI,TR,1149,8,1,0,9,24,6,0,30,47,8,0,55,76,14,0,90,155,35,0,190,255,50,17,322
153632,239,"ŞCOALA GIMNAZIALĂ PLOPII SLĂVITEŞTI",PLOPII-SLĂVITEŞTI,TR,571,9,1,0,10,10,2,0,12,28,2,0,30,48,18,0,66,106,36,18,160,178,43,18,239
153669,240,"GRĂDINIŢA CU PROGRAM NORMAL NR.3",BRÎNCOVEANCA,TR,831,5,2,0,7,12,3,0,15,18,6,39,63,49,11,39,99,94,14,39,147,164,25,39,228
153678,241,"GRĂDINIŢA CU PROGRAM NORMAL NR.2",DUDU,TR,620,4,0,0,4,17,2,0,19,40,6,0,46,55,10,0,65,113,15,8,136,174,22,9,205
153614,242,"CĂMINUL CULTURAL",PLOSCA,TR,1366,11,0,0,11,16,5,0,21,25,9,0,34,32,9,0,41,78,16,0,94,110,29,0,139
153614,243,"ŞCOALA RĂSFIRAŢI",PLOSCA,TR,1418,5,0,0,5,12,0,0,12,15,0,0,15,27,3,0,30,77,8,0,85,123,9,0,132
153614,244,"ŞCOALA GIMNAZIALĂ PLOSCA",PLOSCA,TR,794,0,0,0,0,10,0,0,10,14,0,0,14,20,0,0,20,48,2,0,50,75,5,0,80
153614,245,"ŞCOALA MICĂ",PLOSCA,TR,1211,8,0,0,8,12,1,0,13,14,1,0,15,24,1,0,25,59,2,0,61,84,11,0,95
153703,246,"ȘCOALAGENERALĂ POENI",POENI,TR,1138,5,3,0,8,30,6,0,36,49,6,0,55,52,8,0,60,83,18,0,101,118,30,0,148
153749,247,"ȘCOALA GENERALĂ PREAJBA",PREAJBA,TR,328,6,0,0,6,13,3,0,16,23,3,0,26,26,3,0,29,46,7,0,53,66,11,0,77
153767,248,"ȘCOALA GENERALĂ VĂTAȘI",VĂTAŞI,TR,482,1,2,0,3,3,4,0,7,5,5,0,10,9,5,0,14,19,6,0,25,25,6,0,31
153730,249,"ȘCOALA PRIMARĂCĂTUNU",CĂTUNU,TR,362,1,2,0,3,6,12,0,18,10,13,0,23,11,16,0,27,26,32,0,58,52,32,0,84
151843,250,"ŞCOALA GIMNAZIALĂ POROSCHIA",POROSCHIA,TR,1477,10,6,0,16,34,9,0,43,66,11,0,77,118,14,0,132,262,42,0,304,563,45,0,608
151843,251,"ȘCOALA GENERALĂ POROSCHIA",POROSCHIA,TR,1392,26,0,0,26,63,12,29,104,129,22,29,180,168,24,29,221,389,56,29,474,557,75,29,661
151852,252,"GRĂDINIȚA CU PROGRAM NORMAL CALOMFIREȘTI",CALOMFIREŞTI,TR,858,5,6,0,11,35,9,0,44,70,11,0,81,118,14,0,132,225,18,0,243,329,29,0,358
154255,253,"ŞCOALA GIMNAZIALĂ PURANII DE SUS",PURANI,TR,1163,8,3,0,11,15,3,0,18,31,3,10,44,38,5,10,53,121,10,10,141,190,13,10,213
153838,254,"GRĂDINIȚA CU PROGRAM NORMAL NR.1 PUTINEIU",PUTINEIU,TR,1069,10,0,0,10,36,4,0,40,47,8,1,56,86,13,1,100,168,40,1,209,271,52,1,324
153847,255,"GRĂDINIȚA CU PROGRAM NORMAL NR.2 BĂDULEASA",BĂDULEASA,TR,579,9,4,0,13,27,8,0,35,41,22,0,63,57,26,0,83,97,42,0,139,126,55,0,181
153874,256,"CĂMIN CULTURAL",RĂDOIEŞTI-VALE,TR,528,29,0,0,29,84,2,0,86,134,4,0,138,149,7,0,156,289,18,0,307,341,27,0,368
153892,257,"ȘCOALA GIMNAZIALĂ RĂDOIEȘTI",RĂDOIEŞTI-DEAL,TR,829,9,1,0,10,31,2,0,33,46,7,0,53,56,8,0,64,171,14,0,185,293,18,0,311
153883,258,"ȘCOALA GENERALĂ RĂDOIEȘTI CETATEA",CETATEA,TR,319,2,0,0,2,8,6,0,14,23,10,0,33,30,16,0,46,61,21,0,82,126,25,0,151
153918,259,"CĂMINUL CULTURAL RĂSMIREŞTI",RĂSMIREŞTI,TR,664,6,0,0,6,13,10,0,23,26,12,0,38,27,12,0,39,39,26,0,65,68,35,0,103
153197,260,"ŞCOALA GIMNAZIALĂ SAELELE",SAELELE,TR,1266,9,2,0,11,57,3,0,60,92,8,0,100,145,10,0,155,301,37,56,394,458,55,56,569
153179,261,"GRĂDINIŢA PLEAŞOV",PLEAŞOV,TR,684,10,3,0,13,23,11,0,34,39,12,0,51,48,16,0,64,133,32,0,165,245,45,31,321
153945,262,"LOCALUL CĂMINULUI CULTURAL SALCIA",SALCIA,TR,792,13,2,0,15,35,12,0,47,60,21,0,81,80,23,0,103,138,36,16,190,187,46,16,249
153954,263,"LOCALUL CĂMINULUI CULTURAL DIN SATUL BĂNEASA",BĂNEASA,TR,710,15,1,0,16,37,13,0,50,110,25,0,135,146,30,0,176,235,58,15,308,288,72,15,375
153963,264,"LOCALUL CĂMINULUI CULTURAL DIN SATUL TUDOR VLADIMIRESCU","TUDOR VLADIMIRESCU",TR,598,15,0,0,15,42,6,0,48,72,11,0,83,104,14,0,118,152,28,0,180,200,34,34,268
153981,265,"ȘCOALA GIMNAZIALĂ SĂCENI",SĂCENI,TR,572,5,0,0,5,22,4,0,26,27,7,0,34,42,9,0,51,90,23,0,113,155,40,0,195
154004,266,"CLĂDIREA FOSTA ȘCOALĂ GIMNAZIALĂ CIURARI",CIURARI,TR,376,5,5,0,10,14,7,0,21,21,8,0,29,31,8,0,39,50,13,0,63,92,17,0,109
154022,267,"CĂMIN CULTURAL SCRIOAȘTEA",SCRIOAŞTEA,TR,1870,13,2,0,15,55,4,0,59,93,7,0,100,124,11,0,135,220,32,0,252,381,38,0,419
154031,268,"GRĂDINIŢA DE COPII",BREBINA,TR,640,7,3,0,10,28,10,0,38,29,13,0,42,37,13,0,50,72,22,0,94,103,23,0,126
154040,269,"CĂMIN CULTURAL CUCUEŢI",CUCUEŢI,TR,683,5,3,0,8,12,5,0,17,24,9,0,33,29,10,0,39,71,14,0,85,104,18,0,122
154077,270,"LOCALUL ŞCOLII GENERALE CU CLASELE I – VIII SCURTU MARE","SCURTU MARE",TR,878,8,5,0,13,31,6,0,37,45,8,0,53,68,10,0,78,192,30,0,222,290,37,33,360
154095,271,"LOCALUL ŞCOLII CU CLASELE I-IV DRACESTI",DRĂCEŞTI,TR,281,6,1,0,7,22,7,0,29,37,15,0,52,41,17,0,58,100,24,0,124,136,35,3,174
154086,272,"LOCALUL ŞCOLII CU CLASELE I-IV ALBENI",ALBENI,TR,166,2,3,0,5,5,11,0,16,6,13,0,19,13,16,0,29,44,26,0,70,73,31,0,104
154148,273,"GRADINITA CU PROGRAM NORMAL ,NR.1 SEACA , SAT SEACA , JUDETUL TELEORMAN , STRADA VICTORIEI , NR.75",SEACA,TR,1229,18,2,0,20,34,3,0,37,52,5,0,57,83,11,0,94,170,33,0,203,229,41,14,284
154157,274,"GRADINITA CU PROGRAM NORMAL NR.2 NAVODARI , SAT NAVODARI, COMUNA SEACA , JUDETUL TELEORMAN, STRADA DUNARII, NR.107",NĂVODARI,TR,703,19,2,0,21,38,3,0,41,49,3,0,52,70,4,0,74,129,14,6,149,187,20,6,213
154193,275,"LOCALUL ŞCOLII CU CLASELE I-VIII SEGARCEA VALE",SEGARCEA-VALE,TR,824,7,2,0,9,41,8,0,49,54,12,0,66,80,13,0,93,152,38,0,190,222,54,1,277
154200,276,"LOCALUL ŞCOLII CU CLASELE I-VIII OLTEANCA",OLTEANCA,TR,728,6,4,0,10,16,17,0,33,27,21,0,48,40,25,0,65,97,34,0,131,162,49,0,211
154219,277,"LOCALUL ŞCOLII CU CLASELE I-VIII SEGARCEA DEAL",SEGARCEA-DEAL,TR,937,14,3,0,17,34,12,0,46,53,13,0,66,67,16,0,83,124,26,0,150,211,33,3,247
154175,278,"LOCALUL CĂMINULUI CULTURAL SFINŢEŞTI",SFINŢEŞTI,TR,920,4,0,0,4,18,2,0,20,25,5,0,30,34,5,0,39,80,8,0,88,129,14,0,143
154237,279,"CĂMINUL CULTURAL SILIŞTEA",SILIŞTEA,TR,1093,6,1,0,7,28,2,0,30,46,7,0,53,56,10,0,66,144,22,0,166,237,37,0,274
154246,280,"GRĂDINIȚA CU PROGRAM NORMAL NR. 2 BUTEȘTI (FOST LOCAL AL ȘCOLII CU CLASELE I-IV BUTEȘTI)",BUTEŞTI,TR,507,2,0,0,2,6,7,0,13,13,7,0,20,14,7,0,21,26,9,0,35,37,11,0,48
154273,281,"GRĂDINIȚA CU PROGRAM NORMAL NR. 3 SILIȘTEA MICĂ (FOST LOCAL AL ȘCOLII CU CLASELE I-IV SILIȘTEA MICĂ)","SILIŞTEA MICĂ",TR,271,7,1,0,8,12,2,0,14,15,3,0,18,16,3,0,19,32,5,0,37,40,6,0,46
154291,282,"CENTRUL MEMORIAL ”MARIN PREDA”",SILIŞTEA-GUMEŞTI,TR,1172,11,3,0,14,20,8,0,28,50,15,0,65,59,18,0,77,135,37,1,173,209,43,1,253
154291,283,"ȘCOALA CU CLASELEI-IV ”MĂGURA”",SILIŞTEA-GUMEŞTI,TR,820,4,4,0,8,14,11,0,25,21,14,0,35,24,17,0,41,59,21,0,80,106,29,0,135
154335,284,"GRĂDINIŢA CU PROGRAM NORMAL NR. 3",UDENI,TR,354,4,5,0,9,9,6,0,15,15,6,0,21,23,8,0,31,39,16,0,55,101,44,0,145
154326,285,"GRĂDINIŢA CU PROGRAM NORMAL NR. 2",SÎRBENI,TR,544,7,1,0,8,12,2,0,14,16,6,0,22,25,10,0,35,48,15,0,63,73,23,0,96
154317,286,"LOCALUL ŞCOLII GIMNAZIALE SÂRBENII DE JOS","SÎRBENII DE JOS",TR,213,8,2,0,10,13,2,0,15,19,2,0,21,22,2,0,24,35,7,0,42,44,11,0,55
154353,287,"ȘCOALA GIMNAZIALĂ SLOBOZIA MÂNDRA","SLOBOZIA MÂNDRA",TR,597,22,4,0,26,49,11,18,78,63,13,18,94,100,24,18,142,177,40,42,259,213,57,42,312
154353,288,"ȘCOALA GIMNAZIALĂ SLOBOZIA MÂNDRA","SLOBOZIA MÂNDRA",TR,765,8,1,0,9,21,4,0,25,30,8,13,51,46,14,13,73,120,26,13,159,178,42,36,256
154399,289,"ŞCOALA GIMNAZIALĂ SMÎRDIOASA",SMÎRDIOASA,TR,1528,11,2,0,13,41,4,0,45,57,9,0,66,83,11,0,94,178,27,0,205,317,36,0,353
154406,290,"ŞCOALA PRIMARĂŞOIMU",ŞOIMU,TR,363,11,4,0,15,20,7,0,27,38,12,0,50,52,17,0,69,70,24,0,94,107,31,0,138
154424,291,"CĂMIN CULTURAL STEJARU",STEJARU,TR,611,25,6,0,31,51,20,0,71,73,23,0,96,120,28,0,148,222,55,5,282,308,63,5,376
154451,292,"CLĂDIREA ŞCOLII GENERALE SOCETU",SOCETU,TR,651,10,3,0,13,56,6,0,62,83,13,0,96,101,14,0,115,173,42,8,223,277,62,8,347
154433,293,"SEDIUL FOSTEI PRIMĂRII COMUNALE BRATCOV",BRATCOVU,TR,111,1,0,0,1,19,6,0,25,30,11,0,41,35,12,0,47,51,20,5,76,71,28,5,104
154442,294,"CLĂDIREAŞCOLII ELEMENTARE GRESIA",GRESIA,TR,99,11,2,0,13,24,4,0,28,29,6,0,35,33,8,0,41,62,20,4,86,73,26,4,103
154479,295,"ŞCOALA GIMNAZIALĂ SUHAIA",SUHAIA,TR,887,3,1,0,4,13,3,0,16,23,3,0,26,37,11,0,48,61,15,0,76,88,18,0,106
154479,296,"ŞCOALA GIMNAZIALĂ SUHAIA",SUHAIA,TR,983,0,0,0,0,8,4,0,12,19,8,0,27,28,9,0,37,62,16,0,78,94,23,0,117
154503,297,"SCOALA GIMNAZIALA ""VASILE RACOTTA""",ŞTOROBĂNEASA,TR,1425,7,2,0,9,26,5,0,31,45,13,24,82,72,15,24,111,175,23,24,222,261,39,26,326
154512,298,"SCOALA CU CLASELE I-VIII "" BADEA NEGREANU """,BEIU,TR,1152,7,0,0,7,31,7,0,38,59,15,0,74,83,15,0,98,165,29,0,194,219,45,5,269
154530,299,"ȘCOALA GIMNAZIALĂ COMUNA TALPA",TALPA-OGRĂZILE,TR,761,9,6,0,15,39,17,0,56,81,28,83,192,92,33,83,208,145,51,83,279,221,62,83,366
154567,300,"ȘCOALA CU CLASELE I - IV TALPA",TALPA-BÎSCOVENI,TR,708,1,0,0,1,42,7,0,49,59,10,18,87,77,12,18,107,164,19,18,201,239,24,40,303
154594,301,"ŞCOALA GIMNAZIALĂ TĂTĂRĂŞTII DE JOS","TĂTĂRĂŞTII DE JOS",TR,1207,6,3,0,9,17,16,0,33,29,17,0,46,46,18,0,64,96,46,0,142,149,53,0,202
154656,302,"ŞCOALA GIMNAZIALĂ SLĂVEŞTI",SLĂVEŞTI,TR,776,4,4,0,8,16,6,0,22,21,9,0,30,31,10,0,41,135,22,0,157,216,27,0,243
154657,303,"GRĂDINIŢA NEGRENII DE SUS","NEGRENII DE SUS",TR,714,5,0,0,5,25,0,0,25,42,8,0,50,58,9,0,67,150,24,0,174,193,36,0,229
154674,304,"ȘCOALA GIMNAZIALĂ TĂTĂRĂȘTII DE SUS","TĂTĂRĂŞTII DE SUS",TR,1085,3,3,0,6,4,6,0,10,25,8,0,33,40,10,0,50,108,20,0,128,176,23,0,199
154692,305,"ȘCOALA GIMNAZIALĂ TĂTĂRĂȘTII DE SUS",UDUPU,TR,1211,6,0,0,6,19,6,0,25,30,9,0,39,51,14,0,65,103,27,0,130,193,42,0,235
154745,306,"SPAŢII BIROURI, STRADA PRINCIPALĂ NR. 116",TRAIAN,TR,665,7,0,0,7,26,1,0,27,43,2,0,45,64,4,0,68,140,14,0,154,243,34,0,277
154745,307,"ŞCOALA GIMNAZIALĂ TRAIAN, STRADA PRINCIPALĂ NR. 188",TRAIAN,TR,829,5,1,0,6,19,5,0,24,34,8,0,42,94,18,0,112,213,35,0,248,280,46,0,326
154763,308,"GRᾸDINIṬA TRIVALEA-SAT (FOSTA)",TRIVALEA-MOŞTENI,TR,772,10,2,0,12,26,2,0,28,32,2,0,34,44,3,0,47,90,7,0,97,132,9,0,141
154772,309,DISPENSARULBRᾸTᾸŞANI,BRĂTĂŞANI,TR,516,4,2,0,6,14,11,0,25,20,13,0,33,24,14,0,38,40,23,0,63,54,23,0,77
154781,310,GRᾸDINIṬACUPROGRAMNORMALNR.2,DEPARAŢI,TR,868,2,2,0,4,11,5,0,16,13,6,0,19,19,6,0,25,45,13,0,58,61,16,0,77
154807,311,"ȘCOALA GIMNAZIALĂ ,,ION PREOTU""",TROIANUL,TR,1306,3,0,0,3,26,4,0,30,45,4,0,49,63,4,0,67,160,15,0,175,223,24,0,247
154807,312,"ȘCOALA GENARALĂ NR. 2",TROIANUL,TR,828,12,3,0,15,32,10,0,42,39,10,0,49,56,12,0,68,110,17,0,127,140,23,0,163
154825,313,"ȘCOALA GENERALĂ",VATRA,TR,168,0,0,0,0,2,0,0,2,5,0,0,5,5,0,0,5,18,0,0,18,25,2,0,27
154816,314,"CĂMINUL CULTURAL",DULCENI,TR,69,3,0,0,3,5,0,0,5,5,2,0,7,7,8,0,15,13,13,0,26,14,17,0,31
154843,315,"ȘCOALA CU CLASELE I-IV",ŢIGĂNEŞTI,TR,1432,4,1,0,5,15,6,0,21,46,6,6,58,105,9,6,120,242,17,6,265,353,21,6,380
154843,316,"GRĂDINIȚA CU PROGRAM NORMAL",ŢIGĂNEŞTI,TR,1326,8,1,0,9,32,5,7,44,77,8,7,92,109,9,7,125,242,12,7,261,336,19,7,362
154843,317,"ȘCOALA GIMNAZIALĂ ,,I.GH.DUCA""",ŢIGĂNEŞTI,TR,1453,15,1,0,16,38,6,0,44,60,9,0,69,106,13,0,119,219,26,15,260,343,36,15,394
154362,318,"LOCALUL CĂMINULUI CULTURAL UDA CLOCOCIOV",UDA-CLOCOCIOV,TR,634,17,3,0,20,34,6,0,40,53,9,0,62,73,10,0,83,160,26,28,214,230,40,28,298
154371,319,"LOCALUL ŞCOLII CU CLASELE I – VIII UDA PACIUREA",UDA-PACIUREA,TR,650,21,5,0,26,34,8,0,42,53,8,0,61,69,12,0,81,123,20,23,166,154,30,23,207
154861,320,"ȘCOALA GIMNAZIALĂ VEDEA",VEDEA,TR,505,10,0,0,10,15,1,0,16,33,4,0,37,48,6,0,54,107,19,0,126,186,23,0,209
154870,321,"ȘCOALA CU CLASELE I - IV ALBEȘTI",ALBEŞTI,TR,550,0,0,0,0,27,6,0,33,59,9,0,68,90,15,0,105,186,33,0,219,298,55,0,353
154889,322,"ȘCOALA CU CLASELE I -IV COȘOTENI",COŞOTENI,TR,456,8,0,0,8,23,12,0,35,63,15,0,78,70,16,0,86,100,36,0,136,191,50,0,241
154898,323,"ŞCOALA CU CLASELE I – VIII DULCEANCA",DULCEANCA,TR,437,4,0,0,4,13,1,0,14,85,12,0,97,95,12,0,107,145,19,0,164,204,28,0,232
154905,324,"ŞCOALA CU CLASELE I – IV MERI",MERI,TR,383,9,0,0,9,30,2,0,32,54,3,0,57,70,3,0,73,115,16,0,131,181,27,0,208
154923,325,"ȘCOALA GIMNAZIALĂ VIIȘOARA, NR. 97",VIIŞOARA,TR,726,2,0,0,2,6,9,0,15,12,10,0,22,17,11,0,28,50,18,0,68,71,27,0,98
154923,326,"GRĂDINIȚA CU PROGRAM NORMAL VIIȘOARA, NR. 519",VIIŞOARA,TR,660,4,1,0,5,7,2,0,9,12,2,0,14,23,5,0,28,51,12,0,63,70,19,0,89
153810,327,"CĂMIN CULTURAL SAT PURANI",PURANI,TR,603,5,2,0,7,18,8,0,26,31,11,0,42,39,13,0,52,101,28,18,147,159,44,18,221
153801,328,"CĂMIN CULTURAL SAT SILIŞTEA",SILIŞTEA,TR,698,9,10,0,19,28,19,0,47,58,22,41,121,77,25,41,143,181,51,41,273,241,70,41,352
153785,329,"GRĂDINIȚA CU PROGRAM NORMAL NR. 1 VITĂNEȘTI",VITANESTI,TR,955,6,5,0,11,32,8,0,40,52,15,0,67,76,24,0,100,175,57,32,264,323,80,32,435
154941,330,"CĂMINUL CULTURAL VIRTOAPELE DE SUS","VÎRTOAPELE DE SUS",TR,838,3,1,0,4,39,15,0,54,74,19,0,93,105,28,0,133,175,54,0,229,247,68,0,315
154969,331,"CĂMINUL CULTURAL VIRTOAPELE DE JOS","VÎRTOAPELE DE JOS",TR,742,3,1,0,4,15,4,0,19,35,8,0,43,39,10,0,49,92,21,0,113,213,39,0,252
154950,332,"CĂMINUL CULTURAL GĂRĂGĂU",GĂRĂGĂU,TR,591,8,2,0,10,18,3,0,21,32,4,0,36,37,8,0,45,74,18,0,92,122,24,0,146
154987,333,"CĂMINUL CULTURAL",ZÎMBREASCA,TR,787,10,0,0,10,23,2,0,25,27,4,53,84,38,6,53,97,98,11,66,175,152,23,66,241
154987,334,"ŞCOALA PRIMARĂ",ZÎMBREASCA,TR,403,4,0,0,4,17,0,0,17,27,0,25,52,34,0,25,59,63,4,38,105,192,6,38,236
167482,1,"COLEGIUL ENERGETIC","RÂMNICU VÂLCEA",VL,1763,14,1,0,15,38,3,0,41,68,4,0,72,88,5,0,93,179,11,0,190,229,12,0,241
167482,2,"COLEGIUL ENERGETIC","RÂMNICU VÂLCEA",VL,953,2,2,0,4,25,3,0,28,44,4,0,48,53,6,0,59,110,12,0,122,149,16,0,165
167482,3,"LICEUL SANITAR ""ANTIM IVIREANU""","RÂMNICU VÂLCEA",VL,1336,10,1,0,11,30,5,0,35,50,6,0,56,61,8,0,69,127,14,0,141,182,17,0,199
167482,4,"LICEUL SANITAR ""ANTIM IVIREANU""","RÂMNICU VÂLCEA",VL,1242,6,5,0,11,21,7,0,28,27,7,0,34,36,7,0,43,72,9,0,81,113,12,0,125
167482,5,"LICEUL SANITAR ""ANTIM IVIREANU""","RÂMNICU VÂLCEA",VL,1245,10,0,0,10,35,0,0,35,58,1,0,59,69,2,0,71,137,5,0,142,168,12,0,180
167482,6,"GRĂDINIŢA CU PROGRAM PRELUNGIT NORD II","RÂMNICU VÂLCEA",VL,1025,2,0,0,2,38,2,0,40,52,5,0,57,55,5,0,60,95,7,0,102,126,11,0,137
167482,7,"GRĂDINIŢA CU PROGRAM PRELUNGIT NORD II","RÂMNICU VÂLCEA",VL,1046,7,5,0,12,38,5,0,43,58,6,0,64,70,7,0,77,132,10,0,142,167,13,0,180
167482,8,"GRĂDINIŢA CU PROGRAM PRELUNGIT NORD II","RÂMNICU VÂLCEA",VL,949,6,0,0,6,33,1,0,34,43,1,0,44,63,1,0,64,109,1,0,110,142,2,0,144
167482,9,"LICEUL TEHNOLOGIC HENRI COANDĂ","RÂMNICU VÂLCEA",VL,1065,5,0,0,5,24,1,0,25,33,1,0,34,38,1,0,39,62,1,0,63,88,5,0,93
167482,10,"LICEUL TEHNOLOGIC HENRI COANDĂ","RÂMNICU VÂLCEA",VL,1050,9,0,0,9,34,1,0,35,44,2,0,46,49,3,0,52,88,6,0,94,128,12,0,140
167482,11,"LICEUL TEHNOLOGIC HENRI COANDĂ","RÂMNICU VÂLCEA",VL,1025,10,4,0,14,37,5,0,42,46,6,0,52,58,6,0,64,124,6,0,130,149,7,0,156
167482,12,"LICEUL TEHNOLOGIC HENRI COANDĂ","RÂMNICU VÂLCEA",VL,1261,16,2,0,18,48,2,0,50,62,2,0,64,78,3,0,81,147,5,0,152,192,5,0,197
167482,13,"LICEUL TEHNOLOGIC HENRI COANDĂ","RÂMNICU VÂLCEA",VL,840,5,0,0,5,15,0,0,15,21,0,0,21,29,2,0,31,63,7,0,70,97,9,0,106
167482,14,"COLEGIUL NAŢIONAL DE INFORMATICĂ ”MATEI BASARAB”","RÂMNICU VÂLCEA",VL,1041,4,1,0,5,32,3,0,35,47,4,0,51,56,5,0,61,109,8,0,117,137,12,0,149
167482,15,"COLEGIUL NAŢIONAL DE INFORMATICĂ ”MATEI BASARAB”","RÂMNICU VÂLCEA",VL,805,1,2,0,3,28,2,0,30,38,2,0,40,48,2,0,50,92,3,0,95,112,5,0,117
167482,16,"COLEGIUL NAŢIONAL DE INFORMATICĂ ”MATEI BASARAB”","RÂMNICU VÂLCEA",VL,1075,4,0,0,4,26,0,0,26,44,1,0,45,54,1,0,55,86,1,0,87,126,2,0,128
167482,17,"COLEGIUL NAŢIONAL DE INFORMATICĂ ”MATEI BASARAB”","RÂMNICU VÂLCEA",VL,1290,19,0,0,19,70,2,0,72,98,5,0,103,109,8,0,117,197,10,0,207,235,11,0,246
167482,18,"COLEGIUL DE SILVICULTURĂ ȘI PROTECȚIA MEDIULUI","RÂMNICU VÂLCEA",VL,991,11,2,0,13,49,4,0,53,71,6,0,77,83,6,0,89,129,9,0,138,162,9,0,171
167482,19,"COLEGIUL DE SILVICULTURĂ ȘI PROTECȚIA MEDIULUI","RÂMNICU VÂLCEA",VL,907,10,4,0,14,51,7,0,58,62,9,0,71,79,10,0,89,125,17,0,142,188,19,0,207
167482,20,"COLEGIUL DE SILVICULTURĂ ȘI PROTECȚIA MEDIULUI","RÂMNICU VÂLCEA",VL,910,4,1,0,5,20,4,0,24,38,4,0,42,51,5,0,56,90,7,0,97,107,7,0,114
167482,21,"ȘCOALA GIMNAZIALĂ “IOANGH. DUCA""","RÂMNICU VÂLCEA",VL,976,4,1,0,5,20,3,0,23,30,5,0,35,37,5,0,42,77,14,0,91,101,25,0,126
167482,22,"ȘCOALA GIMNAZIALĂ “IOANGH. DUCA""","RÂMNICU VÂLCEA",VL,1010,7,3,0,10,28,9,0,37,53,9,0,62,58,10,0,68,93,14,0,107,125,17,0,142
167482,23,"ȘCOALA GIMNAZIALĂ ""IOAN GH. DUCA""","RÂMNICU VÂLCEA",VL,1028,8,3,0,11,49,5,0,54,60,5,0,65,71,6,0,77,144,6,0,150,168,9,0,177
167482,24,"ȘCOALA GIMNAZIALĂ ""IOAN GH. DUCA""","RÂMNICU VÂLCEA",VL,846,12,0,0,12,55,0,0,55,72,1,0,73,78,1,0,79,110,1,0,111,131,1,0,132
167482,25,"ȘCOALA GIMNAZIALĂ ""IOAN GH. DUCA""","RÂMNICU VÂLCEA",VL,1063,14,0,0,14,68,5,0,73,78,5,0,83,88,5,0,93,139,7,0,146,176,7,0,183
167482,26,"ȘCOALA GIMNAZIALĂ ""IOAN GH. DUCA""","RÂMNICU VÂLCEA",VL,1134,9,0,0,9,40,4,0,44,58,5,0,63,69,7,0,76,123,9,0,132,146,9,0,155
167482,27,"ȘCOALA GIMNAZIALĂ ""IOAN GH. DUCA""","RÂMNICU VÂLCEA",VL,896,10,1,0,11,48,2,0,50,66,3,0,69,80,3,0,83,133,6,0,139,179,7,0,186
167482,28,"ȘCOALA GIMNAZIALĂ TAKE IONESCU","RÂMNICU VÂLCEA",VL,1000,20,3,0,23,66,17,0,83,86,21,0,107,93,24,0,117,162,34,0,196,202,51,0,253
167482,29,"COLEGIUL NAȚIONAL ALEXANDRU LAHOVARI","RÂMNICU VÂLCEA",VL,1079,11,2,0,13,55,9,0,64,84,14,0,98,97,16,0,113,149,23,0,172,189,25,0,214
167482,30,"COLEGIUL NAȚIONAL ALEXANDRU LAHOVARI","RÂMNICU VÂLCEA",VL,1420,11,1,0,12,81,6,0,87,119,11,0,130,131,11,0,142,224,18,0,242,281,21,0,302
167482,31,"LICEUL TEHNOLOGIC OLTCHIM","RÂMNICU VÂLCEA",VL,1373,7,0,0,7,51,6,0,57,61,9,0,70,75,9,0,84,129,11,0,140,160,13,0,173
167482,32,"LICEUL TEHNOLOGIC OLTCHIM","RÂMNICU VÂLCEA",VL,1428,12,1,0,13,39,6,0,45,49,8,0,57,60,8,0,68,132,13,0,145,180,16,0,196
167482,33,"ŞCOALA GIMNAZIALĂ NR.5","RÂMNICU VÂLCEA",VL,1016,14,5,0,19,55,6,0,61,73,7,0,80,82,8,0,90,127,22,0,149,174,32,0,206
167482,34,"DADP - SEDIU, BL A17","RÂMNICU VÂLCEA",VL,1728,17,0,0,17,63,0,0,63,75,2,0,77,88,2,0,90,168,9,0,177,222,15,0,237
167482,35,"S.C. PIEȚE PREST S.A. - PT 13","RÂMNICU VÂLCEA",VL,825,13,3,0,16,52,6,0,58,69,7,0,76,87,9,0,96,151,15,0,166,183,16,0,199
167482,36,"S.C. PIEȚE PREST S.A. - PT 13","RÂMNICU VÂLCEA",VL,718,9,0,0,9,50,3,0,53,60,3,0,63,69,8,0,77,118,11,0,129,137,13,0,150
167482,37,"S.C. PIEȚE PREST S.A. - PT 13","RÂMNICU VÂLCEA",VL,939,8,0,0,8,55,8,0,63,79,9,0,88,96,9,0,105,187,11,0,198,212,12,0,224
167482,38,"GRĂDINIȚA CU PROGRAM PRELUNGIT ”COZIA”","RÂMNICU VÂLCEA",VL,1177,17,1,0,18,57,7,0,64,86,8,0,94,96,12,0,108,175,21,0,196,227,28,0,255
167482,39,"GRĂDINIŢA CU PROGRAM PRELUNGIT ”COZIA”","RÂMNICU VÂLCEA",VL,1143,16,0,0,16,56,0,0,56,76,0,0,76,92,1,0,93,143,2,0,145,192,9,0,201
167482,40,"LICEUL TEHNOLOGIC ”CĂPITAN NICOLAE PLEŞOIANU”","RÂMNICU VÂLCEA",VL,1094,10,0,0,10,63,2,0,65,88,5,0,93,101,6,0,107,185,8,0,193,219,13,0,232
167482,41,"LICEUL TEHNOLOGIC ”CĂPITAN NICOLAE PLEŞOIANU”","RÂMNICU VÂLCEA",VL,1024,7,3,0,10,50,4,0,54,76,7,0,83,90,8,0,98,176,13,0,189,217,18,0,235
167482,42,"LICEUL TEHNOLOGIC ”CĂPITAN NICOLAE PLEŞOIANU”","RÂMNICU VÂLCEA",VL,1977,12,0,0,12,57,5,0,62,87,6,0,93,101,6,0,107,212,8,0,220,283,11,0,294
167482,43,"ŞCOALA GIMNAZIALĂ ”SPIRU HARET” (FOSTĂ NR. 3)","RÂMNICU VÂLCEA",VL,1563,10,0,0,10,34,4,0,38,39,7,0,46,56,8,0,64,130,12,0,142,189,14,0,203
167482,44,"ȘCOALA GIMNAZIALĂ GORANU","RÂMNICU VÂLCEA",VL,1417,8,0,0,8,36,0,0,36,49,0,0,49,70,0,0,70,131,2,0,133,146,5,0,151
167482,45,"ŞCOALA GIMNAZIALĂ GORANU","RÂMNICU VÂLCEA",VL,1051,2,0,0,2,26,1,0,27,41,1,0,42,53,1,0,54,103,6,0,109,127,13,0,140
167482,46,"ŞCOALA LESPEZI - ARHIVĂ","RÂMNICU VÂLCEA",VL,1138,2,0,0,2,13,3,0,16,23,5,0,28,29,5,0,34,103,7,0,110,131,11,0,142
167482,47,"ŞCOALA FEŢENI","RÂMNICU VÂLCEA",VL,188,0,0,0,0,0,0,0,0,0,0,0,0,1,0,0,1,12,5,0,17,18,9,0,27
167482,48,"CARTIER PETRIŞOR - PT8","RÂMNICU VÂLCEA",VL,1589,7,1,0,8,35,1,0,36,63,1,0,64,84,1,0,85,148,8,0,156,181,10,0,191
167482,49,"ŞCOALA GIMNAZIALĂ NR.4","RÂMNICU VÂLCEA",VL,1009,12,3,0,15,41,10,0,51,65,11,0,76,78,13,0,91,150,18,0,168,187,25,0,212
167482,50,"ŞCOALA GIMNAZIALĂ NR.4","RÂMNICU VÂLCEA",VL,1324,8,1,0,9,69,3,0,72,94,3,0,97,111,4,0,115,215,6,0,221,244,11,0,255
167482,51,"ŞCOALA GIMNAZIALĂ NR.4","RÂMNICU VÂLCEA",VL,976,15,0,0,15,61,1,0,62,85,1,0,86,101,1,0,102,168,5,0,173,196,8,0,204
167482,52,"COLEGIUL ECONOMIC","RÂMNICU VÂLCEA",VL,1331,7,1,0,8,32,2,7,41,56,5,7,68,72,6,7,85,152,14,7,173,220,28,7,255
167482,53,"COLEGIUL ECONOMIC","RÂMNICU VÂLCEA",VL,1124,11,2,0,13,48,2,0,50,68,2,0,70,84,3,0,87,135,5,0,140,178,7,0,185
167482,54,"COLEGIUL ECONOMIC","RÂMNICU VÂLCEA",VL,1163,8,0,0,8,37,1,0,38,45,2,0,47,58,2,0,60,113,2,0,115,149,3,0,152
167482,55,"ȘCOALA GIMNAZIALĂ NR. 10","RÂMNICU VÂLCEA",VL,1282,8,0,0,8,42,3,0,45,62,7,0,69,68,8,0,76,123,13,0,136,152,20,0,172
167482,56,"ȘCOALA GIMNAZIALĂ NR. 10","RÂMNICU VÂLCEA",VL,1494,14,0,0,14,56,3,0,59,81,3,0,84,88,3,0,91,151,5,0,156,213,6,0,219
167482,57,"ȘCOALA GIMNAZIALĂ NR. 10","RÂMNICU VÂLCEA",VL,1160,9,0,0,9,47,1,0,48,72,1,0,73,81,1,0,82,132,4,0,136,172,4,0,176
167482,58,"GRĂDINIȚA CU PROGRAM PRELUNGIT OSTROVENI I","RÂMNICU VÂLCEA",VL,1297,9,0,0,9,38,0,0,38,53,1,0,54,69,1,0,70,126,7,0,133,170,8,0,178
167482,59,"LICEUL TEHNOLOGIC FERDINAND I","RÂMNICU VÂLCEA",VL,862,9,5,0,14,37,8,0,45,42,10,0,52,53,11,0,64,94,14,0,108,128,20,0,148
167482,60,"LICEUL TEHNOLOGIC FERDINAND I","RÂMNICU VÂLCEA",VL,777,4,0,0,4,26,3,0,29,32,3,0,35,36,3,0,39,77,5,0,82,99,11,0,110
167482,61,"LICEUL TEHNOLOGIC FERDINAND I","RÂMNICU VÂLCEA",VL,888,2,0,0,2,22,0,0,22,29,0,0,29,30,0,0,30,70,5,0,75,101,7,0,108
167482,62,"LICEUL TEHNOLOGIC FERDINAND I","RÂMNICU VÂLCEA",VL,1155,11,0,0,11,42,0,0,42,54,0,1,55,72,0,1,73,118,2,1,121,162,5,1,168
167482,63,"LICEUL TEHNOLOGIC FERDINAND I","RÂMNICU VÂLCEA",VL,849,8,0,0,8,31,0,0,31,46,0,0,46,52,0,0,52,85,4,0,89,116,4,0,120
167482,64,"LICEUL TEHNOLOGIC FERDINAND I","RÂMNICU VÂLCEA",VL,881,9,6,0,15,29,6,0,35,45,7,0,52,45,7,0,52,69,7,0,76,94,9,1,104
167482,65,"GRĂDINIȚA CU PROGRAM PRELUNGIT OSTROVENI II","RÂMNICU VÂLCEA",VL,1395,7,0,0,7,31,0,0,31,49,1,0,50,60,1,0,61,131,13,0,144,176,14,0,190
167482,66,"GRĂDINIȚA CU PROGRAM PRELUNGIT OSTROVENI II","RÂMNICU VÂLCEA",VL,1033,8,0,0,8,32,3,0,35,43,6,0,49,51,6,0,57,97,9,0,106,132,15,0,147
167482,67,"GRĂDINIŢA CU PROGRAM PRELUNGIT OSTROVENI II","RÂMNICU VÂLCEA",VL,1074,5,1,0,6,27,4,0,31,37,7,0,44,40,7,0,47,87,7,0,94,106,9,0,115
167482,68,"GRĂDINIŢA CU PROGRAM PRELUNGIT OSTROVENI II","RÂMNICU VÂLCEA",VL,1271,7,0,0,7,32,3,0,35,42,3,0,45,57,3,0,60,94,4,0,98,145,4,0,149
167482,69,"ŞCOALA GIMNAZIALĂ ""ANTON PANN""","RÂMNICU VÂLCEA",VL,1285,13,0,0,13,34,8,0,42,60,13,0,73,66,15,0,81,129,39,0,168,167,42,0,209
167482,70,"ŞCOALA GIMNAZIALĂ ""ANTON PANN""","RÂMNICU VÂLCEA",VL,1231,4,2,0,6,34,5,0,39,46,5,0,51,54,5,0,59,138,7,0,145,167,11,0,178
167482,71,"ŞCOALA GIMNAZIALĂ ""ANTON PANN""","RÂMNICU VÂLCEA",VL,1019,5,1,0,6,19,4,0,23,32,5,0,37,38,6,0,44,79,9,0,88,104,13,0,117
167482,72,"ŞCOALA GIMNAZIALĂ ""ANTON PANN""","RÂMNICU VÂLCEA",VL,1738,5,0,0,5,40,0,0,40,76,0,0,76,89,0,0,89,159,4,0,163,233,4,0,237
167482,73,"ŞCOALA GIMNAZIALĂ ""ANTON PANN""","RÂMNICU VÂLCEA",VL,1013,5,0,0,5,22,2,0,24,32,3,0,35,40,4,0,44,89,4,0,93,127,8,0,135
167482,74,"ŞCOALA GIMNAZIALĂ ""ANTON PANN""","RÂMNICU VÂLCEA",VL,804,2,0,0,2,23,0,0,23,30,0,0,30,37,0,0,37,63,0,0,63,92,1,0,93
167482,75,"ŞCOALA GIMNAZIALĂ ""ANTON PANN""","RÂMNICU VÂLCEA",VL,1121,2,0,0,2,31,2,0,33,44,4,0,48,46,4,0,50,91,7,0,98,126,10,0,136
167482,76,"ŞCOALA GIMNAZIALĂ ""ANTON PANN""","RÂMNICU VÂLCEA",VL,1345,8,0,0,8,34,2,0,36,42,2,0,44,51,4,0,55,105,4,0,109,159,11,0,170
167482,77,"ŞCOALA GIMNAZIALĂ NR. 13","RÂMNICU VÂLCEA",VL,965,5,0,0,5,20,0,0,20,40,1,0,41,48,1,0,49,89,2,0,91,113,4,0,117
167482,78,"ŞCOALA GIMNAZIALĂ NR. 13","RÂMNICU VÂLCEA",VL,965,9,3,0,12,33,4,0,37,51,6,0,57,54,6,0,60,92,7,0,99,115,11,0,126
167482,79,"ŞCOALA GIMNAZIALĂ NR. 13","RÂMNICU VÂLCEA",VL,960,1,0,0,1,24,3,0,27,38,5,0,43,48,5,0,53,101,11,0,112,140,12,0,152
167482,80,"ŞCOALA GIMNAZIALĂ NR. 13","RÂMNICU VÂLCEA",VL,1038,6,0,0,6,28,1,0,29,36,1,0,37,44,6,0,50,73,6,0,79,104,7,0,111
167482,81,"ŞCOALA GIMNAZIALĂ NR. 13","RÂMNICU VÂLCEA",VL,1032,8,1,0,9,35,2,0,37,55,2,0,57,60,2,0,62,100,2,0,102,131,4,0,135
167482,82,"ŞCOALA GIMNAZIALĂ NR. 13","RÂMNICU VÂLCEA",VL,1352,9,0,0,9,42,0,0,42,59,0,0,59,71,0,0,71,117,0,0,117,162,1,0,163
167482,83,"ŞCOALA GIMNAZIALĂ NR. 13","RÂMNICU VÂLCEA",VL,1350,7,0,0,7,27,1,0,28,43,2,0,45,50,2,0,52,90,4,0,94,125,4,0,129
167482,84,"SECŢIA 1 DE POLIŢIE RURALĂ RÂMNICU VÂLCEA","RÂMNICU VÂLCEA",VL,891,7,1,0,8,26,2,0,28,39,2,0,41,55,4,0,59,109,9,0,118,132,12,0,144
167482,85,"ŞCOALA STOLNICENI","RÂMNICU VÂLCEA",VL,564,5,3,0,8,26,11,0,37,29,11,0,40,38,12,0,50,59,17,0,76,79,18,0,97
167482,86,"ŞCOALA GIMNAZIALĂ COLONIE","RÂMNICU VÂLCEA",VL,1071,6,0,0,6,58,5,0,63,74,7,0,81,88,7,0,95,153,21,0,174,235,34,0,269
167482,87,"ŞCOALA COPĂCELU","RÂMNICU VÂLCEA",VL,1976,15,4,0,19,40,5,0,45,50,6,0,56,67,6,0,73,191,19,0,210,253,29,0,282
167482,88,"GRĂDINIŢA CĂZĂNEŞTI","RÂMNICU VÂLCEA",VL,970,7,2,0,9,20,3,0,23,33,4,0,37,59,9,0,68,109,12,0,121,139,14,0,153
167990,89,"ŞCOALA TUDOR VLADIMIRESCU",DRĂGĂŞANI,VL,1364,9,2,0,11,46,8,0,54,59,10,0,69,76,10,0,86,133,17,0,150,179,24,0,203
167990,90,"ŞCOALA TUDOR VLADIMIRESCU",DRĂGĂŞANI,VL,1391,12,0,0,12,40,3,0,43,61,6,0,67,77,13,0,90,126,19,0,145,168,30,0,198
167990,91,"LICEUL TEHNOLOGIC BRĂTIANU",DRĂGĂŞANI,VL,1449,8,0,0,8,26,2,0,28,36,2,0,38,52,2,0,54,99,5,0,104,127,5,0,132
167990,92,"LICEUL TEHNOLOGIC BRĂTIANU",DRĂGĂŞANI,VL,1374,5,0,0,5,19,7,0,26,35,8,0,43,48,9,0,57,99,13,0,112,123,20,0,143
167990,93,"GRĂDINIȚA CU PROGRAM PRELUNGIT NR. 2",DRĂGĂŞANI,VL,1330,11,0,0,11,44,1,0,45,63,1,0,64,82,1,0,83,119,3,0,122,169,3,0,172
167990,94,"GRĂDINIŢA I.C. BRĂTIANU",DRĂGĂŞANI,VL,903,4,6,0,10,10,7,0,17,16,8,0,24,29,8,0,37,55,14,0,69,79,16,0,95
167990,95,"ȘCOALA NICOLAE BĂLCESCU",DRĂGĂŞANI,VL,1179,9,1,0,10,28,3,0,31,46,3,0,49,56,3,0,59,110,8,0,118,130,12,0,142
167990,96,"ŞCOALA NICOLAE BĂLCESCU",DRĂGĂŞANI,VL,1275,6,0,0,6,26,0,0,26,41,0,0,41,63,4,0,67,135,9,0,144,173,13,0,186
167990,97,"COLEGIUL NAȚIONAL GIB MIHĂESCU",DRĂGĂŞANI,VL,1514,6,1,0,7,33,7,0,40,58,9,0,67,67,10,0,77,121,14,9,144,162,16,9,187
167990,98,"LICEUL TEHNOLOGIC BRĂTIANU - ȘCOALA PROFESIONALĂ",DRĂGĂŞANI,VL,1202,1,0,0,1,20,0,0,20,36,1,0,37,44,1,0,45,97,6,0,103,132,10,0,142
167990,99,"ŞCOALA GIMNAZIALĂ NR. 8 (BÂRSANU)",DRĂGĂŞANI,VL,940,5,2,0,7,14,2,0,16,21,2,0,23,36,2,0,38,78,4,0,82,120,6,0,126
167990,100,"GRĂDINIŢACU PROGRAM NORMAL NR. 8",DRĂGĂŞANI,VL,531,3,0,0,3,20,0,0,20,29,0,0,29,33,0,0,33,95,0,0,95,150,8,0,158
167990,101,"ŞCOALA GIMNAZIALĂ NR. 5",DRĂGĂŞANI,VL,770,4,0,0,4,16,1,0,17,24,1,0,25,40,5,0,45,80,8,0,88,105,8,0,113
167990,102,"GRĂDINIȚA CAPUL DEALULUI",DRĂGĂŞANI,VL,791,6,5,0,11,23,7,0,30,34,10,0,44,49,14,0,63,81,15,0,96,107,15,0,122
167990,103,"ȘCOALA ZLĂTĂREI",DRĂGĂŞANI,VL,1221,5,1,0,6,27,2,0,29,42,3,0,45,64,4,0,68,117,10,0,127,157,11,0,168
168381,104,"PRIMĂRIA ORAŞULUI BĂBENI",BĂBENI,VL,1797,6,2,0,8,36,9,0,45,56,9,0,65,93,12,0,105,199,27,0,226,301,45,20,366
168381,105,"LICEUL,,GEORGE ŢĂRNEA,, BĂBENI",BĂBENI,VL,1249,7,0,0,7,15,0,0,15,28,2,0,30,34,2,0,36,82,5,0,87,138,7,0,145
168381,106,"S.C. ALFA FARM S.R.L.",BĂBENI,VL,636,5,2,0,7,20,2,0,22,31,2,0,33,41,2,0,43,68,10,0,78,102,18,0,120
168381,107,"ŞCOALA GENERALĂ CU CLASELE I-IV VALEA MARE",BĂBENI,VL,858,3,0,0,3,8,5,0,13,18,5,0,23,22,6,0,28,65,7,0,72,120,10,0,130
168381,108,"ŞCOALA GIMNAZIALĂ, SAT VALEA MARE, ORAȘ BĂBENI",BĂBENI,VL,1312,9,2,0,11,20,10,0,30,39,13,0,52,40,14,0,54,136,29,0,165,310,38,0,348
168381,109,"ŞCOALA GENERALĂ TĂTĂRANI",BĂBENI,VL,504,6,2,0,8,12,2,0,14,24,5,0,29,27,6,0,33,63,17,0,80,82,24,0,106
168381,110,"ȘCOALA GENERALĂ ROMÂNI",BĂBENI,VL,1078,2,1,0,3,15,2,0,17,31,5,0,36,47,5,0,52,116,7,0,123,153,12,0,165
168381,111,"ȘCOALA PĂDUREȚU",BĂBENI,VL,181,1,0,0,1,1,0,0,1,1,0,0,1,4,0,0,4,27,6,0,33,32,11,0,43
167650,112,"SALA DE CĂSĂTORII A PRIMĂRIEI",CURĂTURILE,VL,1082,14,17,0,31,26,118,0,144,40,150,0,190,72,172,0,244,158,208,0,366,177,225,0,402
167678,113,"LICEUL TEHNOLOGIC BĂILE GOVORA",PRAJILA,VL,1025,9,2,0,11,37,7,0,44,63,10,0,73,68,11,0,79,142,24,0,166,180,26,0,206
167669,114,"ȘCOALA GENERALĂ CU CLASELE I-IV GĂTEJEȘTI",GĂTEJEŞTI,VL,321,0,1,0,1,0,1,0,1,2,1,0,3,8,1,0,9,22,8,0,30,39,11,0,50
167730,115,"LICEUL TEHNOLOGIC JUSTINIAN MARINA",LIVADIA,VL,1552,7,84,0,91,43,348,0,391,78,430,0,508,85,470,0,555,263,680,0,943,351,741,0,1092
167758,116,"ȘCOALA GIMNAZIALĂ DUMITRU BĂDESCU",OLĂNEŞTI,VL,1337,4,0,0,4,24,11,0,35,49,13,0,62,81,14,0,95,177,39,0,216,234,46,0,280
167703,117,"ȘCOALA GIMNAZIALĂ IONESCU CHEIANU",CHEIA,VL,899,7,1,0,8,35,4,0,39,43,6,0,49,72,7,0,79,112,18,0,130,157,36,0,193
168461,118,"LICEUL TEHNOLOGIC PETRACHE POENARU",BĂLCEŞTI,VL,994,8,0,0,8,32,2,0,34,38,3,0,41,44,4,0,48,116,10,0,126,148,15,0,163
168461,119,"LICEUL TEHNOLOGIC PETRACHE POENARU",BĂLCEŞTI,VL,869,7,1,0,8,17,8,0,25,24,11,0,35,35,14,0,49,87,26,0,113,122,31,0,153
168470,120,"ŞCOALA PRIMARĂ BENEŞTI",BENEŞTI,VL,367,367,2,0,369,4,2,0,6,6,3,0,9,10,4,0,14,26,5,0,31,37,8,0,45
168504,121,"ŞCOALA PRIMARĂGORUNEŞTI",GORUNEŞTI,VL,647,5,0,0,5,18,4,0,22,22,5,0,27,30,8,0,38,64,21,0,85,91,25,0,116
168513,122,"SCOALA PRIMARĂ CÂRLOGANI",IRIMEŞTI,VL,463,2,5,0,7,4,7,0,11,5,9,0,14,12,10,0,22,32,14,0,46,38,17,0,55
168522,123,"ŞCOALA PRIMARĂ OTETELIŞU",OTETELIŞU,VL,847,5,0,0,5,13,1,0,14,19,2,0,21,22,2,0,24,60,5,0,65,80,10,0,90
168639,124,"GRĂDINIȚA NR.1 (PECO)","DEALU ALUNIŞ",VL,954,1,0,0,1,15,0,0,15,18,2,0,20,21,4,0,25,53,7,0,60,72,13,0,85
168639,125,"GRĂDINIȚA NR. 2 BLOCURI","DEALU ALUNIŞ",VL,1150,5,0,0,5,23,0,0,23,31,0,0,31,41,3,0,44,82,3,0,85,103,8,0,111
168648,126,"ȘCOALA GENERALĂ CU CLASELE I- VIII BERBEȘTI",ROŞIOARA,VL,1484,5,0,0,5,12,2,0,14,22,4,0,26,49,5,0,54,145,9,0,154,235,10,0,245
168657,127,"GRUP ȘCOLAR PREDA BUZESCU","TÂRGU GÂNGULEŞTI",VL,929,2,2,0,4,13,4,0,17,19,4,0,23,26,4,0,30,70,13,0,83,92,13,0,105
167856,128,"ŞCOALA CU CLASELE I-IV PĂSCOAIA",PĂSCOAIA,VL,168,0,0,0,0,2,4,0,6,6,9,0,15,9,9,0,18,27,11,0,38,47,13,0,60
167874,129,"ŞCOALA CU CLASELE I-VIII VALEA LUI STAN","VALEA LUI STAN",VL,439,0,1,0,1,20,2,0,22,57,4,0,61,57,4,0,61,97,6,0,103,145,9,0,154
167801,130,"ȘCOALA CU CLASELE I-IV NR. 2 BREZOI",BREZOI,VL,1094,7,3,0,10,39,6,0,45,43,7,0,50,71,8,0,79,144,29,0,173,158,34,0,192
167801,131,"GRĂDINIȚA CU PROGRAM NORMAL NR.1- PARTER",BREZOI,VL,945,2,0,0,2,24,2,0,26,35,2,0,37,46,3,0,49,94,6,0,100,117,7,0,124
167801,132,"GRĂDINIȚA CU PROGRAM NORMAL NR.1- PARTER",BREZOI,VL,1150,5,0,0,5,24,2,0,26,28,2,0,30,39,2,0,41,75,7,0,82,101,8,0,109
167801,133,"ȘCOALA CU CLASELE I-IV NR 1 BREZOI",BREZOI,VL,1422,3,0,0,3,30,2,0,32,40,3,0,43,56,4,0,60,117,10,0,127,146,12,0,158
167810,135,"CĂMINUL CULTURAL CĂLINEŞTI",CĂLINEŞTI,VL,545,2,0,0,2,10,8,0,18,17,8,0,25,23,8,0,31,63,16,0,79,90,18,0,108
167918,136,"ŞCOALA GENERALĂ CU CLASELE I-IV SEACA",CĂLIMĂNEŞTI,VL,472,7,4,0,11,16,4,0,20,22,4,0,26,33,5,0,38,48,5,0,53,67,16,0,83
167918,137,"LICEUL TEHNOLOGIC DE TURISM CĂLIMĂNEŞTI (SALĂ CANTINĂ RESTAURANT)",CĂLIMĂNEŞTI,VL,899,11,9,0,20,31,49,0,80,40,58,0,98,55,61,0,116,99,85,0,184,129,93,0,222
167918,138,"ŞCOALA GIMNAZIALĂ ,,ŞERBAN VODĂ CANTACUZINO,, CĂLIMĂNEŞTI",CĂLIMĂNEŞTI,VL,1014,3,4,0,7,39,19,0,58,48,26,0,74,70,30,0,100,135,43,0,178,167,50,0,217
167918,139,"ŞCOALA GENERALĂ CU CLASELE I-IV CĂLIMĂNEŞTI (DEAL)",CĂLIMĂNEŞTI,VL,1083,10,1,0,11,34,4,0,38,53,6,0,59,80,7,0,87,169,12,0,181,203,12,0,215
167918,140,"CENTRUL DE INFORMARE TURISTICĂ CĂLIMĂNEŞTI",CĂLIMĂNEŞTI,VL,511,10,7,0,17,25,77,0,102,32,116,0,148,39,132,0,171,74,174,0,248,89,194,0,283
167918,141,"HOTEL TRAIAN (COFETĂRIA)",CĂLIMĂNEŞTI,VL,567,1,34,0,35,29,246,0,275,47,400,0,447,51,422,0,473,94,544,0,638,115,628,0,743
167918,142,"ŞCOALA GIMNAZIALĂ JIBLEA VECHE",CĂLIMĂNEŞTI,VL,989,1,3,0,4,14,4,0,18,16,4,0,20,30,5,0,35,71,6,0,77,78,8,0,86
167918,143,"ŞCOALA GIMNAZIALĂ JIBLEA VECHE",CĂLIMĂNEŞTI,VL,975,3,2,0,5,16,3,0,19,33,7,0,40,43,10,0,53,80,18,0,98,113,23,0,136
167918,144,"ŞCOALA PRIMARĂ JIBLEA NOUĂ",CĂLIMĂNEŞTI,VL,878,2,0,0,2,11,2,0,13,22,3,0,25,33,3,0,36,91,10,0,101,122,15,0,137
168112,145,"CĂMINUL CULTURAL URȘANI",URŞANI,VL,392,2,1,0,3,11,1,0,12,21,1,0,22,24,3,0,27,38,3,0,41,65,6,0,71
168050,146,"LICEUL CONSTANTIN BRÂNCOVEANU",HOREZU,VL,1213,6,2,0,8,43,9,0,52,67,13,0,80,82,13,0,95,178,35,0,213,232,49,0,281
168050,147,"CLUBUL COPIILOR HOREZU",HOREZU,VL,1075,11,0,0,11,33,2,0,35,45,2,0,47,63,5,0,68,131,10,0,141,163,11,0,174
168050,148,"CASA DE CULTURĂ CONSTANTIN BRÂNCOVEANU",HOREZU,VL,1098,9,4,0,13,42,10,0,52,49,13,0,62,70,23,0,93,147,39,0,186,196,49,0,245
168078,149,"CĂMINUL CULTURAL RÂMEȘTI",RÎMEŞTI,VL,383,1,0,0,1,5,0,0,5,10,2,0,12,13,2,0,15,40,2,0,42,57,3,0,60
168087,150,"ȘCOALA GENERALĂ CU CLASELE I - VIII ROMANII DE JOS","ROMANII DE JOS",VL,628,1,3,0,4,32,10,0,42,39,11,0,50,46,50,0,96,95,62,0,157,123,64,0,187
168096,151,"MAGAZINUL SĂTESC ROMANII DE SUS","ROMANII DE SUS",VL,837,5,0,0,5,14,6,0,20,25,6,0,31,41,6,0,47,111,7,0,118,131,9,0,140
168103,152,"CĂMINUL CULTURAL TĂNĂSEȘTI",TĂNĂSEŞTI,VL,130,1,0,0,1,5,0,0,5,5,0,0,5,6,0,0,6,10,0,0,10,14,3,0,17
168176,153,"ȘCOALA GIMNAZIALĂ COSTEA MARINOIU OCNELE MARI","GURA SUHAŞULUI",VL,1382,11,2,0,13,25,3,0,28,34,3,0,37,54,5,0,59,145,12,0,157,184,16,0,200
168194,154,"FOSTA ȘCOALA CU CLASELE I-VIII OCNIŢA",OCNIŢA,VL,1442,5,0,0,5,12,5,0,17,18,6,0,24,29,6,0,35,81,12,0,93,153,20,0,173
168265,155,"ŞCOALA GIMNAZIALĂ, COMUNA ALUNU, SAT IGOIU",IGOIU,VL,1485,2,1,0,3,11,2,0,13,16,5,0,21,19,5,0,24,67,5,0,72,96,12,0,108
168247,156,"FOSTUL LOCAL AL GRĂDINIŢEI CU PROGRAM NORMAL BODEŞTI, SAT BODEŞTI",BODEŞTI,VL,305,0,1,0,1,0,1,0,1,0,1,0,1,0,2,0,2,8,4,0,12,10,5,0,15
168256,157,"GRĂDINIŢA CU PROGRAM NORMAL COLTEŞTI, SAT COLTEŞTI",COLTEŞTI,VL,1323,2,0,0,2,12,0,0,12,14,0,0,14,23,1,0,24,113,4,0,117,152,13,0,165
168292,158,"GRĂDINIȚA CU PROGRAM NORMAL ROȘIA",ROŞIA,VL,481,0,7,0,7,4,7,0,11,10,7,0,17,12,7,0,19,48,8,0,56,72,8,0,80
168318,159,"ŞCOALA GIMNAZIALĂ AMĂRĂŞTI",AMĂRĂŞTI,VL,867,0,4,0,4,3,7,0,10,6,7,1,14,15,8,1,24,46,19,1,66,73,23,1,97
168336,160,"FOSTA ŞCOALĂ NEMOIU",NEMOIU,VL,657,0,0,0,0,5,0,0,5,6,5,0,11,10,6,0,16,29,10,0,39,47,14,0,61
168568,161,"FOSTA ŞCOALĂ CU CLASELE I-IV BODEŞTI",BODEŞTI,VL,777,7,1,0,8,12,7,0,19,16,8,0,24,45,10,0,55,95,18,0,113,123,30,0,153
168577,162,"CĂMINUL CULTURAL BĂRBĂTEŞTI",BĂRBĂTEŞTI,VL,1272,8,0,0,8,32,21,0,53,48,26,0,74,60,31,0,91,136,46,0,182,194,51,0,245
168586,163,"FOSTA ŞCOALĂ CU CLASELE I-IV BÂRZEŞTI",BÎRZEŞTI,VL,786,3,1,0,4,13,1,0,14,20,40,0,60,33,40,0,73,66,46,0,112,82,46,0,128
168693,164,"CĂMINUL CULTURAL STOENEŞTI",BERISLĂVEŞTI,VL,776,2,0,0,2,10,1,0,11,19,6,0,25,26,7,0,33,83,15,0,98,105,20,0,125
168719,165,"CĂMINUL CULTURAL DÎNGEŞTI",DÎNGEŞTI,VL,276,2,2,0,4,4,2,0,6,9,3,0,12,24,3,0,27,48,5,0,53,63,9,0,72
168728,166,"CĂMINUL CULTURAL RĂDĂCINEŞTI",RĂDĂCINEŞTI,VL,552,3,2,0,5,13,6,0,19,22,7,0,29,29,7,0,36,73,10,0,83,82,10,0,92
168737,167,"CĂMINUL CULTURAL ROBAIA",ROBAIA,VL,197,2,1,0,3,3,1,0,4,3,5,0,8,5,6,0,11,18,6,0,24,27,6,0,33
168746,168,"ŞCOALA CU CLASELE I-IV SCĂUENI",SCĂUENI,VL,405,0,0,0,0,2,1,0,3,5,1,0,6,6,1,0,7,39,3,0,42,63,9,0,72
168764,169,"ŞCOALA CU CLASELE I-VIII BOIŞOARA",BOIŞOARA,VL,1023,5,1,0,6,13,2,0,15,13,2,0,15,20,8,0,28,119,13,0,132,207,17,0,224
168808,170,"CĂMINUL CULTURAL BUDEŞTI",BUDEŞTI,VL,1276,14,4,0,18,21,6,0,27,27,7,0,34,44,7,0,51,114,13,0,127,158,23,0,181
168844,171,"ŞCOALA RACOVIŢA",LINIA,VL,546,1,3,0,4,3,3,0,6,9,3,0,12,17,4,0,21,45,6,0,51,54,10,0,64
168817,172,"ŞCOALA BARZA",BARZA,VL,861,6,4,0,10,14,5,0,19,22,5,0,27,38,6,0,44,88,8,0,96,116,13,0,129
168835,173,"ŞCOALA BÎRSEŞTI",BÎRSEŞTI,VL,751,3,2,0,5,8,2,0,10,14,5,0,19,16,7,0,23,51,10,0,61,95,17,0,112
168871,174,"CENTRU SOCIAL RUDA",RUDA,VL,450,5,2,0,7,7,2,0,9,9,4,0,13,13,4,0,17,38,10,0,48,48,12,0,60
168826,175,"ŞCOALA BERCIOIU",BERCIOIU,VL,289,0,2,0,2,5,2,0,7,10,2,0,12,13,3,0,16,31,7,0,38,55,9,0,64
168862,176,"GRĂDINIŢA RACOVIŢA",RACOVIŢA,VL,851,5,1,0,6,6,1,0,7,12,1,0,13,18,1,0,19,81,7,0,88,123,8,0,131
168899,177,"ŞCOALA CU CLASELE I-VIII OLTENI",OLTENI,VL,1487,7,3,0,10,27,11,0,38,43,18,0,61,64,20,0,84,164,38,0,202,213,51,0,264
168933,178,"ŞCOALA CU CLASELE I-IV LUNCA",LUNCA,VL,581,8,0,0,8,8,3,0,11,9,7,0,16,14,7,0,21,43,9,0,52,118,16,0,134
168906,179,"ŞCOALA CU CLASELEI-IV BOGDĂNEŞTI",BOGDĂNEŞTI,VL,682,9,3,0,12,16,4,0,20,21,7,0,28,32,11,0,43,68,20,0,88,103,24,0,127
168924,180,"ŞCOALA CU CLASELE I-VIII GURA VĂII","GURA VĂII",VL,1154,5,2,0,7,11,5,0,16,17,7,0,24,21,7,0,28,72,10,0,82,122,16,0,138
168979,181,"ŞCOALA CU CLASELE I-VIII BUNEŞTI",BUNEŞTI,VL,942,8,0,0,8,19,0,0,19,30,0,0,30,42,3,0,45,95,9,0,104,122,13,0,135
169020,182,"ŞCOALA CU CLASELE I-VIIIBUNEŞTI",TITIRECI,VL,867,3,0,0,3,12,1,0,13,16,1,0,17,24,2,0,26,78,5,0,83,91,9,0,100
169011,183,"ŞCOALA TEIUŞU, COMUNA BUNEŞTI",TEIUŞU,VL,442,1,0,0,1,9,5,0,14,11,7,0,18,11,7,0,18,33,9,0,42,42,10,0,52
169048,184,"ŞCOALA CU CLASELE I-VIII ARMĂŞEŞTI",ARMĂŞEŞTI,VL,509,1,0,0,1,4,2,0,6,8,2,0,10,12,8,0,20,40,10,0,50,60,11,0,71
169057,185,"ŞCOALA CU CLASELE I-VIII CERNIŞOARA",CERNIŞOARA,VL,701,4,1,0,5,11,1,0,12,18,1,0,19,27,6,0,33,84,12,0,96,122,14,0,136
169066,186,"ŞCOALACU CLASELE I-IV GROŞI",GROŞI,VL,764,7,0,0,7,11,0,0,11,13,1,0,14,19,1,0,20,52,5,0,57,92,17,0,109
169075,187,"ŞCOALACU CLASELE I-VIII MĂDULARI",MĂDULARI,VL,554,1,0,0,1,6,1,0,7,10,1,0,11,24,1,0,25,71,7,0,78,97,9,0,106
169093,188,"ŞCOALA CU CLASELE I-IV OBÎRŞIA",OBÎRŞIA,VL,444,3,4,0,7,9,5,0,14,9,5,0,14,10,5,0,15,50,9,0,59,61,10,0,71
169128,189,"ŞCOALA PRIMARĂ CÎINENII MICI","CÎINENII MICI",VL,492,4,1,0,5,11,1,0,12,16,2,0,18,27,5,0,32,51,14,0,65,64,16,0,80
169137,190,"ŞCOALA GIMNAZIALĂ CÎINENII MARI","CÎINENII MARI",VL,609,3,1,0,4,8,3,0,11,19,7,0,26,21,7,0,28,38,18,0,56,73,22,0,95
169146,191,"GRĂDINIŢA CU PROGRAM NORMAL GREBLEŞTI",GREBLEŞTI,VL,577,5,0,0,5,20,2,0,22,26,4,0,30,30,7,0,37,99,32,0,131,124,41,0,165
169173,192,"CĂMINUL CULTURAL ROBEȘTI",ROBEŞTI,VL,172,4,2,0,6,4,3,1,8,5,4,1,10,6,9,1,16,15,18,1,34,26,22,1,49
169191,193,"GRĂDINIŢA ULMETU",ULMETU,VL,1142,2,0,0,2,8,1,0,9,19,2,0,21,33,3,0,36,103,12,0,115,137,19,0,156
169244,194,"ŞCOALA CU CLASELE I-IV VEŢELU",VEŢELU,VL,436,5,0,0,5,7,4,0,11,9,4,0,13,18,6,0,24,38,14,0,52,47,16,0,63
169208,195,"ȘCOALACU CLASELE I-IV BĂLTENI",BĂLTENI,VL,308,1,2,0,3,3,4,0,7,4,6,0,10,4,6,0,10,21,7,0,28,28,8,0,36
169235,196,"ȘCOALA CU CLASELE I-VIII - HOTĂRASA",HOTĂRASA,VL,312,2,7,0,9,3,8,0,11,5,9,0,14,7,9,0,16,32,10,0,42,47,14,0,61
169262,197,"ŞCOALA CU CLASELE I-VIII COSTEŞTI",COSTEŞTI,VL,1554,14,0,0,14,30,1,0,31,36,4,0,40,67,7,0,74,192,21,0,213,262,28,0,290
169271,198,"ŞCOALA CU CLASELEI-IV BISTRIŢA",BISTRIŢA,VL,720,7,2,0,9,55,20,0,75,71,30,0,101,81,31,0,112,141,38,0,179,189,43,0,232
169280,199,"ŞCOALA CU CLASELE I-IV PIETRENI",PIETRENI,VL,443,4,1,0,5,7,2,0,9,13,4,0,17,16,4,0,20,46,12,0,58,59,18,0,77
169315,200,"ȘCOALA GIMNAZIALĂ CREȚENI",CREŢENI,VL,878,4,2,0,6,13,3,0,16,20,4,0,24,32,7,0,39,106,14,0,120,196,25,0,221
169324,201,"GRĂDINIȚA CU PROGRAM NORMAL IZVORU",IZVORU,VL,474,2,4,0,6,10,6,0,16,17,8,0,25,19,8,0,27,42,15,0,57,65,19,0,84
169342,202,"GRĂDINIȚA CU PROGRAM NORMAL STREMINOASA",STREMINOASA,VL,494,4,3,0,7,16,3,0,19,21,3,0,24,32,6,0,38,55,8,0,63,82,9,0,91
169360,203,ŞCOALADĂEŞTI,DĂEŞTI,VL,848,3,1,0,4,7,5,0,12,11,6,0,17,14,7,0,21,100,14,0,114,156,22,0,178
169397,204,"CĂMINUL CULTURAL SÎNBOTIN",SÎNBOTIN,VL,706,8,1,0,9,22,1,0,23,29,2,1,32,38,2,1,41,97,3,1,101,115,6,1,122
169388,205,"ŞCOALA FEDELEŞOIU",FEDELEŞOIU,VL,853,8,0,0,8,13,2,0,15,19,4,0,23,36,8,0,44,93,16,0,109,140,23,0,163
169379,206,ŞCOALABĂBUEŞTI,BĂBUEŞTI,VL,73,0,0,0,0,0,0,0,0,0,1,0,1,1,1,0,2,1,3,0,4,3,6,0,9
169529,207,"ŞCOALA GIMNAZIALĂ UDREŞTI",UDREŞTI,VL,808,4,5,0,9,8,10,0,18,14,18,0,32,24,22,0,46,133,62,0,195,221,87,0,308
169459,208,"ŞCOALA PRIMARĂ DEALU SCHEIULUI","DEALU SCHEIULUI",VL,237,3,1,0,4,9,1,0,10,12,4,0,16,22,7,0,29,63,19,0,82,83,30,0,113
169501,209,"ŞCOALA GIMNAZIALĂ LĂUNELE DE JOS","LĂUNELE DE JOS",VL,357,2,0,0,2,6,7,0,13,7,12,0,19,10,17,0,27,101,70,0,171,150,89,0,239
169431,210,"ȘCOALA PRIMARĂ CERETU",CERETU,VL,312,0,0,0,0,1,0,0,1,11,5,0,16,17,12,0,29,73,27,0,100,116,39,0,155
169609,211,"ŞCOALA CU CLASELE I-VIII BĂBENI-OLTEŢU",BĂBENI-OLTEŢU,VL,889,4,1,0,5,11,1,0,12,15,1,0,16,20,1,0,21,58,6,0,64,95,9,0,104
169618,212,"ŞCOALA CU CLASELE I-IV BUDEŞTI",BUDEŞTI,VL,660,2,0,0,2,23,4,0,27,27,5,0,32,36,7,0,43,54,8,0,62,171,10,0,181
169556,213,"ŞCOALA CU CLASELE I-VIII DRĂGOEŞTI",DRĂGOEŞTI,VL,642,0,0,0,0,4,10,0,14,7,10,0,17,12,14,0,26,60,26,0,86,98,32,0,130
169556,214,"ȘCOALA CU CLASELE I- IV GEAMĂNA- BUCIUMENI",DRĂGOEŞTI,VL,600,7,0,0,7,12,2,0,14,21,3,0,24,24,6,0,30,73,13,0,86,96,19,0,115
169556,215,"ŞCOALA CU CLASELE I-IV BONCANI",DRĂGOEŞTI,VL,441,2,0,0,2,13,0,0,13,17,0,0,17,18,1,0,19,46,14,0,60,72,21,0,93
169672,216,"ŞCOALA GIMNAZIALĂ FĂUREŞTI",MĂRCUŞU,VL,657,3,2,0,5,4,2,0,6,7,4,0,11,12,4,0,16,44,6,0,50,73,7,0,80
169592,217,"GRĂDINIŢA MILEŞTI",MILEŞTI,VL,516,5,2,0,7,11,3,0,14,18,3,0,21,22,6,0,28,57,14,0,71,72,18,0,90
169690,218,"PRIMĂRIA FÎRTĂŢEŞTI",FÎRTĂŢEŞTI,VL,330,2,4,0,6,2,6,0,8,4,6,0,10,9,6,0,15,24,13,0,37,71,16,0,87
169716,219,"FOSTA ŞCOALĂ DEJOI",BECŞANI,VL,376,5,0,0,5,7,0,0,7,9,0,0,9,20,5,0,25,51,19,0,70,88,26,0,114
169761,221,"ŞCOALA CU CLASELE I-VIII DOZEŞTI",DOZEŞTI,VL,1406,0,0,0,0,3,7,0,10,5,11,0,16,11,11,0,22,68,23,0,91,197,33,0,230
169770,222,"ŞCOALACU CLASELE I-VIII RUSĂNEŞTI",GIULEŞTI,VL,990,1,3,0,4,15,4,0,19,23,5,0,28,29,6,0,35,65,15,0,80,154,28,0,182
169903,223,"ŞCOALACU CLASELE I-VIII FRÎNCEŞTI",FRÎNCEŞTI,VL,615,3,1,0,4,13,2,0,15,20,2,0,22,20,2,0,22,44,4,0,48,69,7,0,76
169958,224,"ȘCOALA GENERALĂ CU CLASELE I-VIIIGENUNENI",MĂNĂILEŞTI,VL,647,3,1,0,4,10,1,0,11,15,4,0,19,21,8,0,29,61,21,0,82,86,26,0,112
169949,225,"GRĂDINIŢA NEGRENI",GENUNENI,VL,418,3,4,0,7,9,4,0,13,17,4,0,21,19,5,0,24,30,8,0,38,45,11,0,56
169921,226,"ŞCOALA GENERALĂ CU CLASELE I-IV COŞANI",COŞANI,VL,1155,3,1,0,4,21,5,0,26,27,5,0,32,35,5,0,40,68,9,0,77,103,16,0,119
169930,227,"GRĂDINIŢA DEZROBIŢI",DEZROBIŢI,VL,569,40,8,0,48,56,8,0,64,65,11,0,76,69,11,0,80,98,17,0,115,129,22,0,151
169967,228,"ŞCOALA GENERALĂ CU CLASELE I-IV SURPATE",MOŞTENI,VL,658,0,0,0,0,0,0,0,0,22,3,0,25,24,3,0,27,50,14,0,64,90,23,0,113
169985,229,"GRĂDINIŢA VIIŞOARA",VIIŞOARA,VL,231,0,0,0,0,2,5,0,7,7,6,0,13,9,7,0,16,43,15,0,58,60,17,0,77
170006,230,"CĂMINUL CULTURAL GALICEA",GALICEA,VL,951,6,5,0,11,21,9,0,30,27,10,0,37,32,11,0,43,87,26,0,113,127,36,0,163
170079,231,"ŞCOALA TEIU",TEIU,VL,351,7,3,0,10,12,4,0,16,22,4,0,26,32,4,0,36,77,13,0,90,104,18,0,122
170088,232,"ŞCOALA VALEA RÎULUI","VALEA RÎULUI",VL,359,3,1,0,4,11,4,0,15,16,4,0,20,27,9,0,36,49,17,0,66,64,18,0,82
170033,233,"ŞCOALA COCORU",COCORU,VL,545,4,1,0,5,15,2,0,17,18,2,0,20,21,3,0,24,50,6,0,56,68,11,0,79
170024,234,"ŞCOALA BRATIA DIN VALE","BRATIA DIN VALE",VL,379,2,1,0,3,8,3,0,11,13,3,0,16,17,6,0,23,29,6,0,35,37,8,0,45
170015,235,"ŞCOALA BRATIA DIN DEAL","BRATIA DIN DEAL",VL,278,2,2,0,4,8,3,0,11,9,6,0,15,14,7,0,21,28,13,0,41,41,19,0,60
170042,236,"CĂMINUL CULTURAL CREMENARI",CREMENARI,VL,336,8,0,0,8,13,5,0,18,16,6,0,22,24,9,0,33,57,22,0,79,74,24,0,98
170159,237,"ŞCOALA ŞTIRBEŞTI",ŞTIRBEŞTI,VL,488,11,2,0,13,17,5,0,22,20,6,0,26,22,7,0,29,35,15,0,50,40,21,0,61
170104,238,"CĂMINUL CULTURAL GHIOROIU",GHIOROIU,VL,489,1,1,0,2,11,7,0,18,21,7,0,28,23,10,0,33,61,25,1,87,87,35,1,123
170140,239,ŞCOALAPOIENARI,POIENARI,VL,228,5,2,0,7,11,4,0,15,13,4,0,17,18,8,0,26,35,13,0,48,49,17,0,66
170177,240,"ŞCOALA GIMNAZIALĂ ,,BARTOLOMEU VALERIU ANANIA""GLĂVILE",GLĂVILE,VL,865,9,0,0,9,17,0,0,17,22,0,0,22,26,2,0,28,80,10,0,90,138,17,0,155
170186,241,"ŞCOALA PRIMARĂ ANINOASA",ANINOASA,VL,156,1,6,0,7,4,7,0,11,8,7,0,15,10,8,0,18,39,18,0,57,57,23,0,80
170202,242,"ŞCOALA PRIMARĂ OLTEANCA",OLTEANCA,VL,588,1,4,0,5,4,5,0,9,6,7,0,13,14,8,0,22,97,33,0,130,144,45,0,189
170239,243,"ŞCOALA CU CLASELE I-VIII POPEŞTI",POPEŞTI,VL,756,7,3,0,10,17,3,0,20,18,3,0,21,35,4,0,39,69,13,0,82,83,15,0,98
170257,244,"ŞCOALA BLIDARI",BLIDARI,VL,858,1,0,0,1,11,0,0,11,14,1,0,15,30,3,0,33,60,6,0,66,116,18,0,134
170328,245,"ŞCOALA POENIŢA",TULEI-CÎMPENI,VL,341,1,0,0,1,5,1,0,6,5,2,0,7,12,2,0,14,37,15,0,52,45,22,0,67
170337,246,"ŞCOALA VĂTĂŞEŞTI",VĂTĂŞEŞTI,VL,205,1,1,0,2,7,2,0,9,8,3,0,11,10,6,0,16,29,15,0,44,35,17,0,52
170355,247,"SALA DE SPORT DE LA LICEUL TEORETIC GRĂDIŞTEA",GRĂDIŞTEA,VL,354,1,2,0,3,2,5,0,7,2,5,0,7,6,8,0,14,23,14,0,37,39,19,0,58
170435,248,"ŞCOALA CU CLASELE I-IV VALEA GRĂDIŞTEA","VALEA GRĂDIŞTEI",VL,117,2,5,0,7,5,6,0,11,7,7,0,14,9,8,0,17,18,12,0,30,20,12,0,32
170373,249,"ȘCOALA CU CLASELE I-VIII DOBRICEA",DOBRICEA,VL,650,3,2,0,5,8,2,0,10,11,3,0,14,20,4,0,24,53,8,0,61,72,10,0,82
170426,250,"GRĂDINIŢA CU PROGRAM NORMAL ŢUŢURU",ŢUŢURU,VL,1058,0,1,0,1,23,9,0,32,59,11,0,70,65,13,0,78,133,25,0,158,196,29,0,225
170505,251,"ŞCOALA GIMNAZIALĂGUŞOENI",SPÎRLENI,VL,756,6,4,0,10,12,8,0,20,19,9,0,28,29,9,0,38,58,14,0,72,91,18,0,109
170480,252,"CĂMINUL CULTURAL GUŞOIANCA",GUŞOIANCA,VL,478,1,0,0,1,5,0,0,5,9,1,0,10,18,1,0,19,41,5,0,46,70,9,0,79
170523,253,"ŞCOALAIONEŞTII GOVORII",IONEŞTI,VL,1129,6,0,0,6,12,3,0,15,17,5,0,22,23,6,0,29,65,13,0,78,121,15,0,136
170550,254,"ŞCOALA FIŞCĂLIA",DELURENI,VL,879,2,0,0,2,4,1,0,5,10,5,0,15,13,6,0,19,41,6,0,47,61,11,0,72
170578,255,ŞCOALAFOTEŞTI,FOTEŞTI,VL,694,5,3,0,8,12,3,0,15,13,4,0,17,17,5,0,22,50,9,0,59,63,9,0,72
170596,256,"ŞCOALA MARCEA",MARCEA,VL,693,7,2,0,9,13,4,0,17,17,4,0,21,22,6,0,28,60,15,0,75,70,20,0,90
170621,257,"ŞCOALA PRIMARĂ LALOŞU",LALOŞU,VL,763,1,0,0,1,5,0,0,5,10,0,0,10,14,0,0,14,28,0,0,28,39,8,0,47
170658,258,"ŞCOALA GIMNAZIALĂ MOLOGEŞTI",MOLOGEŞTI,VL,522,2,1,0,3,6,2,0,8,14,2,0,16,14,2,0,16,24,7,0,31,38,8,0,46
170630,259,"ŞCOALA PRIMARĂ BERBEŞTI",BERBEŞTI,VL,364,0,0,0,0,4,0,0,4,6,0,0,6,11,3,0,14,24,7,0,31,35,9,0,44
170667,260,"ŞCOALA PRIMARĂ OLTEŢANI",OLTEŢANI,VL,203,0,0,0,0,4,3,0,7,6,3,0,9,9,3,0,12,19,3,0,22,29,8,0,37
174389,261,"ŞCOALA CU CLASELE I-IV LĂCUSTENI",LĂCUSTENI,VL,418,2,1,0,3,7,3,0,10,9,3,0,12,12,5,0,17,35,11,0,46,53,15,0,68
174334,262,"ŞCOALA CU CLASELE V-VIII LĂCUSTENI",CONTEA,VL,249,1,0,0,1,5,0,0,5,8,1,0,9,12,1,0,13,17,6,0,23,24,10,0,34
174370,263,"ŞCOALA CU CLASELE I-IV GĂNEŞTI",GĂNEŞTI,VL,456,1,0,0,1,5,1,0,6,13,2,0,15,19,2,0,21,42,6,0,48,98,8,0,106
170694,264,"CĂMINUL CULTURAL LĂDEȘTI",LĂDEŞTI,VL,743,1,0,0,1,10,3,0,13,11,7,0,18,31,14,0,45,97,52,10,159,132,58,10,200
170747,265,"ȘCOALA PRIMARĂ GĂGENI",GĂGENI,VL,192,0,0,0,0,1,4,0,5,1,4,0,5,6,4,0,10,26,16,0,42,46,34,0,80
170710,266,"ȘCOALA PRIMARĂ CHIRICEȘTI",CHIRICEŞTI,VL,412,2,2,0,4,10,4,0,14,17,6,0,23,31,7,0,38,78,22,0,100,127,32,0,159
170765,267,"ȘCOALA PRIMARĂ OLTEANCA",OLTEANCA,VL,81,0,0,0,0,2,1,0,3,4,1,0,5,4,3,0,7,17,8,0,25,33,17,0,50
170809,268,"ŞCOALA GIMNAZIALĂ SĂRULEŞTI",SĂRULEŞTI,VL,1143,4,1,0,5,18,2,0,20,19,3,0,22,35,7,0,42,80,22,0,102,167,28,0,195
170827,269,"ŞCOALA PRIMARĂ BROŞTENI",BROŞTENI,VL,548,3,3,0,6,4,4,0,8,8,5,0,13,17,10,0,27,38,21,0,59,58,27,0,85
170881,270,"CLĂDIRE ȘCOALĂ I-IV TINA",LIVEZI,VL,598,0,0,0,0,5,7,0,12,7,7,0,14,9,7,0,16,40,14,0,54,62,19,0,81
170934,271,"ŞCOALA CU CLASELE I-IV PLEŞOIU",PLEŞOIU,VL,328,1,0,0,1,6,1,0,7,6,3,0,9,9,4,0,13,34,9,0,43,48,15,0,63
170935,272,"CLĂDIRE GRĂDINIȚĂ PÎRÎIENII DE JOS","PÎRÎIENII DE JOS",VL,942,4,2,0,6,11,2,0,13,19,4,0,23,27,5,0,32,54,23,0,77,116,25,0,141
170961,273,"ŞCOALA LUNGEŞTI",LUNGEŞTI,VL,829,2,1,0,3,11,1,0,12,17,2,0,19,23,4,0,27,44,11,0,55,63,19,0,82
171012,274,"ŞCOALA CU CLASELE I-IV STĂNEŞTI-LUNCA",STĂNEŞTI-LUNCA,VL,814,2,0,0,2,9,0,0,9,11,0,0,11,18,1,0,19,54,7,0,61,69,7,0,76
170998,275,"CĂMINUL CULTURAL FUMURENI",FUMURENI,VL,565,1,0,0,1,4,0,0,4,9,0,0,9,18,1,0,19,33,5,0,38,40,15,0,55
170989,276,"ŞCOALA CU CLASELE I-IV DUMBRAVA",DUMBRAVA,VL,319,3,0,0,3,3,1,0,4,5,2,0,7,10,2,0,12,15,5,0,20,21,7,0,28
171030,277,"ŞCOALA GIMNAZIALĂ MALAIA",MALAIA,VL,873,6,3,0,9,26,10,0,36,33,12,0,45,47,13,0,60,130,22,0,152,191,26,0,217
171049,278,"ŞCOALA PRIMARĂ CIUNGET",CIUNGETU,VL,401,2,0,0,2,5,4,0,9,9,8,0,17,14,10,0,24,37,19,0,56,41,24,0,65
171058,279,"GRĂDINIŢA CU PROGRAM NORMAL SĂLIŞTE",SĂLIŞTEA,VL,240,4,0,0,4,9,2,0,11,9,2,0,11,11,4,0,15,39,13,0,52,61,18,0,79
171076,280,"ŞCOALA GIMNAZIALĂ MATEEŞTI",MATEEŞTI,VL,1085,2,0,0,2,9,0,0,9,16,2,0,18,41,3,0,44,125,16,0,141,143,17,0,160
171085,281,"GRĂDINIŢA GRECI",GRECI,VL,479,2,0,0,2,6,2,0,8,9,3,0,12,19,5,0,24,61,14,0,75,78,14,0,92
171094,282,"ŞCOALA GIMNAZIALĂ TURCEŞTI",TURCEŞTI,VL,1004,4,1,0,5,4,5,0,9,12,14,0,26,18,16,0,34,68,26,0,94,88,26,0,114
171110,283,"SEDIU VECHI PRIMĂRIE CENTRU CIVIC",OVESELU,VL,798,1,0,0,1,11,3,0,14,14,8,0,22,28,10,0,38,72,40,0,112,105,52,0,157
171174,284,"ŞCOALA GENERALĂ POPEŞTI, COMUNA MĂCIUCA, SATUL POPEŞTI",POPEŞTI,VL,378,3,0,0,3,10,1,0,11,11,2,0,13,17,2,0,19,62,14,0,76,77,19,0,96
171183,285,"ȘCOALA CU CLASELE I-IV ZĂVOIENI",ŞTEFĂNEŞTI,VL,250,1,0,0,1,1,1,0,2,3,2,0,5,7,2,0,9,30,6,0,36,44,8,0,52
171218,286,"ȘCOALA CU CLASELE . I-VIII MĂDULARI",MĂDULARI,VL,642,5,0,0,5,17,2,0,19,31,6,0,37,38,8,0,46,89,15,0,104,173,27,0,200
171227,287,"ŞCOALA CU CLASELE I-IV BĂLŞOARA",BĂLŞOARA,VL,262,0,0,0,0,4,2,0,6,9,2,0,11,19,2,0,21,58,12,0,70,82,18,0,100
171236,288,"ȘCOALA CU CLASELE. I-IV BĂNȚEȘTI",BĂNŢEŞTI,VL,258,0,0,0,0,4,1,0,5,8,2,0,10,13,4,0,17,46,8,0,54,95,14,0,109
171281,289,"ŞCOALA VECHEMĂLDĂREŞTI",MĂLDĂREŞTI,VL,1509,10,0,0,10,26,4,0,30,31,5,0,36,46,5,0,51,126,11,0,137,166,17,0,183
171316,290,"ŞCOALA TELECHEŞTI",TELECHEŞTI,VL,133,0,0,0,0,0,0,0,0,3,0,0,3,4,0,0,4,11,0,0,11,14,12,0,26
171334,291,"GRĂDINIȚA BULETA",BULETA,VL,1193,2,4,0,6,18,8,0,26,31,9,0,40,46,9,0,55,132,19,0,151,189,26,0,215
171389,292,"CĂMINUL CULTURAL MĂGURA",MĂGURA,VL,724,6,2,0,8,19,13,0,32,23,13,0,36,39,15,0,54,84,33,0,117,100,33,0,133
171450,293,"CĂMINUL CULTURAL VULPUEŞTI",VULPUEŞTI,VL,643,5,4,0,9,13,5,0,18,19,5,0,24,29,6,0,35,76,10,0,86,95,14,0,109
171352,294,"ŞCOALA CU CLASELE I-IV BÎRSEŞTI",BÎRSEŞTI,VL,671,5,0,0,5,13,2,0,15,15,3,0,18,16,4,0,20,56,10,0,66,78,14,0,92
171441,295,"GRĂDINIŢA STUPĂREI",STUPĂREI,VL,718,4,4,0,8,15,5,0,20,34,7,0,41,52,10,0,62,122,16,0,138,221,36,0,257
171398,296,"GRĂDINIȚA MIHĂEȘTI",MIHĂEŞTI,VL,910,5,0,0,5,11,0,0,11,21,30,0,51,25,31,0,56,67,36,0,103,107,61,0,168
171370,297,"ȘCOALA GENERALĂ",GURIŞOARA,VL,762,6,0,0,6,17,0,0,17,23,2,0,25,37,3,0,40,106,10,0,116,112,14,0,126
171478,298,"PRIMĂRIA MILCOIU",MILCOIU,VL,601,2,1,0,3,6,3,0,9,11,5,0,16,26,8,0,34,52,17,0,69,95,30,0,125
171502,299,"GRĂDINIŢA IZBĂŞEŞTI",IZBĂSEŞTI,VL,204,5,0,0,5,8,1,0,9,10,5,0,15,17,8,0,25,25,11,0,36,40,18,0,58
171496,300,"GRĂDINIŢA CIUTEŞTI",CIUTEŞTI,VL,234,8,0,0,8,15,7,0,22,18,7,0,25,23,7,0,30,38,12,0,50,46,13,0,59
173659,301,"CÃMINUL CULTURAL MITROFANI",MITROFANI,VL,577,3,0,0,3,7,0,0,7,9,0,0,9,10,4,0,14,48,7,0,55,64,9,0,73
173668,302,"FOSTA ŞCOALÃ RACU",RACU,VL,239,1,2,0,3,1,3,0,4,1,4,0,5,4,4,0,8,10,4,0,14,20,8,0,28
171548,303,"ŞCOALA MUEREASCA DE JOS",MUEREASCA,VL,931,1,0,0,1,3,1,0,4,5,1,0,6,12,1,0,13,68,14,0,82,93,16,0,109
171593,304,"ŞCOALA MUEREASCA DE SUS","MUEREASCA DE SUS",VL,1161,0,1,0,1,28,14,0,42,35,18,0,53,56,19,0,75,142,33,0,175,177,39,0,216
171637,305,"ŞCOALA CU CLASELE I-VIII ROTĂRĂŞTI",ROTĂRĂŞTI,VL,915,2,0,0,2,10,0,0,10,15,3,0,18,34,8,0,42,84,24,0,108,140,50,1,191
171655,306,"ŞCOALA CU CLASELE I-IV CORBI","CORBII DIN VALE",VL,328,2,0,0,2,9,1,0,10,16,5,0,21,21,7,0,28,51,20,0,71,66,29,0,95
171762,307,"ŞCOALA CU CLASELE I-IVŞERBĂNEASA",ŞERBĂNEASA,VL,756,2,2,0,4,14,4,0,18,26,5,0,31,37,5,0,42,72,6,0,78,121,9,0,130
171744,308,"ȘCOALA CU CLASELE I-VIII PREDEȘTI",PREDEŞTI,VL,682,6,1,0,7,10,1,0,11,16,1,0,17,20,2,0,22,42,6,0,48,82,11,0,93
171682,309,"ŞCOALA CU CLASELE I-IV GÂLTOFANI",GÎLTOFANI,VL,137,1,1,0,2,2,2,0,4,4,3,0,7,11,3,0,14,25,15,0,40,27,20,0,47
171815,310,"ŞCOALACU CLASELE I-IV PERETU",OLANU,VL,469,1,0,0,1,7,2,0,9,9,2,0,11,13,3,0,16,25,4,0,29,63,8,0,71
171824,311,"ŞCOALA CU CLASELE.I-IV CASAVECHE","CASA VECHE",VL,587,3,0,0,3,7,1,0,8,10,1,0,11,15,3,0,18,35,7,0,42,58,9,0,67
171833,312,"ŞCOALACU CLASELE I-IV CIOBOŢI",CIOBOŢI,VL,602,1,0,0,1,2,2,0,4,14,6,0,20,19,7,0,26,50,10,0,60,70,16,0,86
171842,313,"ŞCOALA CU CLASELE I-IV DRĂGIOIU",DRĂGIOIU,VL,491,4,0,0,4,20,2,0,22,24,3,0,27,28,6,0,34,74,15,0,89,104,16,0,120
171860,314,"ŞCOALA CU CLASELE I-IV STOICĂNEŞTI",STOICĂNEŞTI,VL,350,0,0,0,0,1,1,0,2,4,2,0,6,6,3,0,9,41,10,0,51,71,23,0,94
171888,315,"CĂMIN CULTURAL(FOSTUL CĂMIN CULTURAL DIN CURTEA PRIMĂRIEI)",ORLEŞTI,VL,1505,8,3,0,11,26,5,0,31,35,5,0,40,49,6,0,55,133,17,0,150,238,33,0,271
171922,316,"GRĂDINIŢA SILEA",SILEA,VL,879,4,1,0,5,12,4,0,16,26,5,0,31,36,6,0,42,98,18,0,116,165,19,0,184
171940,317,"CĂMINUL CULTURAL OTEŞANI",OTEŞANI,VL,1124,8,1,0,9,15,3,0,18,25,3,0,28,40,3,0,43,106,8,0,114,130,16,0,146
171968,318,"ŞCOALA CÎRSTĂNEŞTI",CÎRSTĂNEŞTI,VL,1120,7,2,0,9,11,3,0,14,16,5,0,21,20,5,0,25,68,11,0,79,94,13,0,107
172117,319,"ŞCOALA GIMNAZIALĂ ACHIM POPESCU",PIETRARI,VL,1081,13,3,0,16,28,6,0,34,36,9,0,45,58,13,0,71,119,38,0,157,146,45,0,191
172091,320,"ŞCOALA GIMNAZIALĂ ACHIM POPESCU",PĂUŞEŞTI-MĂGLAŞI,VL,1285,9,0,0,9,20,0,0,20,39,0,0,39,56,1,0,57,138,8,0,146,189,17,0,206
172135,321,"ŞCOALA PRIMARĂ VALEA CHEII","VALEA CHEII",VL,925,5,1,0,6,23,5,0,28,35,6,0,41,43,10,0,53,88,17,0,105,112,21,0,133
172019,322,"ŞCOALA PRIMARĂ BARCANELE",BARCANELE,VL,495,3,0,0,3,9,1,0,10,16,2,0,18,22,2,0,24,83,9,0,92,100,14,0,114
172000,323,"CĂMINUL CULTURAL PĂUŞEŞTI",PĂUŞEŞTI,VL,774,14,3,0,17,18,10,0,28,28,12,0,40,42,17,0,59,101,32,0,133,144,40,0,184
172037,324,"CĂMINUL CULTURAL ŞERBĂNEŞTI",CERNELELE,VL,521,5,1,0,6,7,5,0,12,12,5,0,17,14,5,0,19,39,19,0,58,57,19,0,76
172028,325,"ŞCOALA GIMNAZIALĂ ŞERBĂNEŞTI",BUZDUGAN,VL,400,3,0,0,3,6,1,0,7,11,1,0,12,14,1,0,15,42,2,0,44,67,7,0,74
172162,326,"ŞCOALA CU CLASELE I-VIII PERIŞANI",PERIŞANI,VL,470,6,3,0,9,14,4,0,18,16,4,0,20,21,4,0,25,50,5,0,55,95,10,0,105
172206,327,"CĂMINUL CULTURAL MLĂCENI",MLĂCENI,VL,440,2,0,0,2,11,3,0,14,16,7,0,23,20,7,0,27,73,7,0,80,130,18,0,148
172224,328,"ŞCOALA CU CLASELE I-VIII POIANA",POIANA,VL,489,4,0,0,4,10,1,0,11,11,2,0,13,23,4,0,27,71,7,0,78,129,8,0,137
172242,329,"CĂMINUL CULTURAL SPINU",SPINU,VL,301,3,0,0,3,9,1,0,10,12,3,0,15,13,3,0,16,29,7,0,36,44,7,0,51
172215,330,"ŞCOALA PODENI",PODENI,VL,53,0,0,0,0,0,0,0,0,2,5,0,7,2,5,0,7,12,6,0,18,13,7,0,20
172288,331,"ŞCOALA CU CLASELE I-IV PESCEANA (ŞCOALA VECHE NR. 2 PESCEANA)",PESCEANA,VL,1363,2,2,0,4,8,2,0,10,12,2,0,14,25,2,0,27,77,22,0,99,129,26,0,155
172359,332,"ŞCOALĂ GIMNAZIALĂ PIETRARI",PIETRARI,VL,1383,7,4,0,11,17,4,0,21,25,5,0,30,65,11,0,76,157,25,0,182,184,37,0,221
172368,333,"ŞCOALA PRIMARĂ PIETRARII DE SUS","PIETRARII DE SUS",VL,1138,0,0,0,0,4,1,0,5,11,3,0,14,23,6,0,29,57,8,0,65,103,14,0,117
172402,334,"ŞCOALA CU CLASELE I-VIII DĂEŞTI",DĂEŞTI,VL,774,0,0,0,0,4,4,0,8,6,5,0,11,15,5,0,20,73,12,0,85,126,29,0,155
172420,335,"CĂMINUL CULTURAL POPEŞTI",MEIENI,VL,382,0,1,0,1,3,2,0,5,7,3,0,10,17,6,0,23,69,14,0,83,114,16,0,130
172386,336,"ŞCOALA CU CLASELE I-IV POPEŞTI",POPEŞTI,VL,510,4,2,0,6,12,3,0,15,18,4,0,22,32,4,0,36,92,26,0,118,153,38,0,191
172439,337,"ŞCOALA CU CLASELE I-VIII URŞI",URŞI,VL,854,4,0,0,4,15,0,0,15,19,0,0,19,20,3,0,23,210,25,0,235,342,39,0,381
172466,338,"ȘCOALA PRUNDENI",PRUNDENI,VL,1295,6,3,0,9,18,6,0,24,38,12,0,50,53,14,0,67,109,26,0,135,159,34,0,193
172484,339,"ȘCOALA CĂLINA",CĂLINA,VL,1185,6,3,0,9,15,4,0,19,22,5,0,27,43,7,0,50,109,9,0,118,145,15,0,160
172475,340,"ȘCOALA BĂRBUCENI",BĂRBUCENI,VL,991,1,1,0,2,7,3,0,10,15,4,0,19,25,5,0,30,84,11,0,95,118,15,0,133
172518,341,"CĂMINUL CULTURAL RACOVIŢA",RACOVIŢA,VL,768,7,3,0,10,21,15,0,36,22,16,0,38,25,18,0,43,85,29,0,114,109,35,0,144
172563,342,"ŞCOALA GRUIUL LUPULUI","GRUIU LUPULUI",VL,123,2,4,0,6,12,12,0,24,12,12,0,24,19,13,0,32,27,13,0,40,30,14,0,44
172572,343,"OCOLUL SILVIC LOVIŞTEA",TUŢULEŞTI,VL,118,0,0,0,0,9,3,0,12,11,3,0,14,11,4,0,15,17,7,0,24,35,8,0,43
172527,344,"CĂMINUL CULTURAL BALOTA",BALOTA,VL,318,1,1,0,2,3,2,0,5,6,4,0,10,7,4,0,11,25,6,0,31,28,15,0,43
172607,345,"ŞCOALA CU CLASELEI-IV ROEŞTI",BĂIAŞA,VL,622,2,0,0,2,8,6,0,14,11,7,0,18,15,8,0,23,59,13,0,72,78,13,0,91
172634,346,"ŞCOALA CU CLASELE I-VIII CIOCÎLTEI",CIOCÎLTEI,VL,504,2,0,0,2,5,0,0,5,5,0,0,5,8,0,0,8,43,0,0,43,76,0,0,76
172643,347,"ŞCOALA CU CLASELE I-VIII CUENI",CUENI,VL,510,0,0,0,0,3,0,0,3,5,3,0,8,16,5,0,21,42,13,0,55,53,16,0,69
172625,348,"ŞCOALA CU CLASELE I-IV BĂRBĂRIGENI",BĂRBĂRIGENI,VL,169,1,2,0,3,4,2,0,6,4,2,0,6,4,2,0,6,23,5,0,28,30,10,0,40
172705,349,"ŞCOALA GIMNAZIALĂ ROŞIILE",ROŞIILE,VL,878,1,0,0,1,3,0,0,3,6,1,0,7,11,3,0,14,37,15,0,52,51,17,0,68
172796,350,"ŞCOALA PRIMARĂ ROMANEŞTI",ROMÂNEŞTI,VL,843,2,0,0,2,5,0,0,5,5,0,0,5,16,2,0,18,34,6,0,40,41,8,0,49
172803,351,"GRĂDINIŢA CU PROGRAM NORMAL ZGUBEA",ZGUBEA,VL,277,2,1,0,3,3,3,0,6,10,5,0,15,18,7,0,25,30,11,0,41,48,12,0,60
172769,352,"FOSTA ŞCOALĂ PERTEŞTI",PERTEŞTI,VL,53,0,0,0,0,1,3,0,4,4,3,0,7,5,4,0,9,13,11,0,24,16,14,0,30
172821,353,"ŞCOALAGIMNAZIALĂ CU CLASELE I-VIII RUNCU",RUNCU,VL,441,0,3,0,3,6,5,0,11,9,9,0,18,15,10,0,25,59,14,0,73,78,25,0,103
172876,354,"ŞCOALA GENERALĂ CU CLASELE I-IV VALEA BABEI","VALEA BABEI",VL,208,2,4,0,6,5,7,0,12,7,7,0,14,12,9,0,21,23,14,0,37,30,16,0,46
172867,355,"ŞCOALA GENERALĂ CU CLASELE I-IV SURPAŢI",SURPAŢI,VL,114,2,0,0,2,5,0,0,5,5,0,0,5,9,0,0,9,19,5,0,24,27,8,0,35
172901,356,"CĂMINUL CULTURAL SĂLĂTRUCEL",SĂLĂTRUCEL,VL,1172,5,0,0,5,11,1,0,12,22,3,0,25,43,4,0,47,154,21,0,175,223,28,0,251
172938,357,ŞCOALAŞERBĂNEŞTI,ŞERBĂNEŞTI,VL,399,1,0,0,1,7,0,0,7,7,3,0,10,9,3,0,12,39,8,0,47,63,12,0,75
172910,358,ŞCOALAPATEŞTI,PĂTEŞTI,VL,103,103,0,0,103,6,0,0,6,6,2,0,8,7,2,0,9,20,2,0,22,35,6,0,41
172929,359,ŞCOALASEACA,SEACA,VL,89,0,0,0,0,1,5,0,6,4,5,0,9,4,5,0,9,15,5,0,20,19,6,0,25
172956,360,"ȘCOALA CU CLASELEI-VIII SCUNDU",SCUNDU,VL,980,9,1,0,10,24,8,0,32,33,8,0,41,53,13,0,66,217,38,0,255,352,51,25,428
172983,361,"ȘCOALA CU CLASELE I-VIII AVRĂMEȘTI",CRÎNGU,VL,656,3,0,0,3,15,3,0,18,27,4,0,31,43,4,0,47,172,22,0,194,259,35,0,294
173007,362,"ȘCOALA GIMNAZIALĂ COMUNASINEȘTI",SINEŞTI,VL,700,1,0,0,1,6,1,0,7,7,1,0,8,16,2,0,18,48,7,0,55,79,18,0,97
173034,363,"ȘCOALA URZICA, SAT URZICA",MIJLOCU,VL,823,1,2,0,3,5,2,0,7,8,7,0,15,15,8,0,23,49,10,0,59,90,15,0,105
173043,364,"ȘCOALA PRIMARĂ, SAT POPEȘTI",POPEŞTI,VL,530,0,0,0,0,3,3,0,6,6,3,0,9,10,3,0,13,34,6,0,40,55,9,0,64
173114,365,"CASA DE CULTURĂ SLĂTIOARA",MOGEŞTI,VL,821,3,4,0,7,10,11,0,21,15,12,0,27,33,12,0,45,89,20,1,110,125,26,1,152
173105,366,"ȘCOALA CU CLASELE I-VIII MILOSTEA",MILOSTEA,VL,647,3,0,0,3,7,0,0,7,7,0,0,7,9,4,0,13,73,14,0,87,84,18,0,102
173123,367,"ȘCOALA CU CLASELE I-VIII RUGETU",RUGETU,VL,536,3,0,0,3,9,1,0,10,15,1,0,16,26,1,0,27,77,11,0,88,102,16,0,118
173098,368,"ŞCOALA GENERALĂ GORUNEȘTI",GORUNEŞTI,VL,364,0,1,0,1,4,2,0,6,4,5,0,9,8,6,0,14,37,8,0,45,59,9,0,68
173070,369,"GRĂDINIŢA CUMPENE",SLĂTIOARA,VL,412,5,0,0,5,11,1,0,12,13,1,0,14,14,1,0,15,35,7,0,42,54,9,0,63
173141,370,"ŞCOALA CU CLASELE I-VIII STĂNEŞTI",STĂNEŞTI,VL,422,2,0,0,2,8,0,0,8,12,3,0,15,14,3,0,17,45,6,0,51,78,15,0,93
173221,371,"ŞCOALA CU CLASELEI-IV VÂRLENI",VÎRLENI,VL,378,4,0,0,4,6,1,0,7,13,4,0,17,19,6,0,25,38,9,0,47,59,15,0,74
173196,372,"ŞCOALA CU CLASELE I-IV LINIA DEALULUI","LINIA DEALULUI",VL,136,1,0,0,1,3,0,0,3,8,1,0,9,14,9,0,23,22,11,0,33,28,15,0,43
173249,373,"ŞCOALA GIMNAZIALĂ STOENEŞTI",STOENEŞTI,VL,898,4,0,0,4,11,7,0,18,22,9,0,31,29,13,0,42,75,21,0,96,147,37,0,184
173258,374,"CĂMINUL CULTURALBÂRLOGU",BÎRLOGU,VL,299,2,1,0,3,7,3,0,10,10,4,0,14,15,9,0,24,46,12,0,58,86,17,0,103
173285,375,"ŞCOALA GIMNAZIALĂ DOBRICENI",DOBRICENI,VL,1035,7,1,0,8,18,2,0,20,33,3,0,36,51,4,0,55,106,9,0,115,154,25,0,179
173338,376,"CĂMINUL CULTURALPISCU MARE","PISCU MARE",VL,503,0,0,0,0,5,3,0,8,7,5,0,12,12,6,0,18,33,20,0,53,56,23,0,79
173365,377,"CĂMINUL CULTURALZMEURĂTU",ZMEURĂTU,VL,142,2,0,0,2,9,4,0,13,16,6,0,22,19,7,0,26,39,15,0,54,43,29,0,72
173515,378,"ŞCOALA CU CLASELE I-VIII URŞI",URŞI,VL,1183,7,2,0,9,16,2,0,18,38,4,0,42,53,7,0,60,202,13,0,215,283,19,0,302
173383,379,"ȘCOALA CU CLASELE I-VIII STOILEȘTI",STOILEŞTI,VL,607,3,0,0,3,8,7,0,15,19,8,0,27,30,10,0,40,103,19,0,122,164,30,0,194
173436,380,"ŞCOALA CU CLASELE I-IV GEAMĂNA",GEAMĂNA,VL,780,8,2,0,10,12,5,0,17,16,5,0,21,22,5,0,27,60,11,0,71,105,13,0,118
173409,381,"ŞCOALA CU CLASELE I-IV BÎRSOIU",BÎRSOIU,VL,524,3,1,0,4,8,8,0,16,12,11,0,23,26,15,0,41,80,26,0,106,114,35,0,149
173542,382,"ŞCOALA CU CLASELE I-VIII CĂPITAN MĂRĂŞANU STROEŞTI",STROEŞTI,VL,754,4,0,0,4,11,0,0,11,13,0,0,13,24,4,0,28,57,12,0,69,96,18,0,114
173551,383,"ŞCOALA CU CLASELE I-VIII CIREŞU",CIREŞU,VL,659,6,3,0,9,12,5,0,17,16,5,0,21,23,7,0,30,56,15,0,71,89,18,0,107
173560,384,"ŞCOALA CU CLASELE I-VIII DIANU",DIANU,VL,410,3,4,0,7,10,5,0,15,16,6,0,22,22,9,0,31,42,12,0,54,66,19,0,85
173579,385,"CENTRUL SOCIAL OBROCEŞTI",OBROCEŞTI,VL,279,4,0,0,4,7,0,0,7,8,1,0,9,10,4,0,14,35,7,0,42,44,10,0,54
173588,386,"CĂMINUL CULTURAL POJOGI - CERNA",POJOGI-CERNA,VL,209,2,6,0,8,4,12,0,16,5,12,0,17,8,12,0,20,15,19,0,34,22,22,0,44
173640,387,"CĂMINUL CULTURAL SUTEŞTI",MĂZILI,VL,1323,6,4,0,10,23,7,0,30,35,9,0,44,48,10,0,58,98,19,0,117,140,24,0,164
173677,388,"FOSTA ŞCOALA VERDEA",VERDEA,VL,440,1,1,0,2,6,1,0,7,11,2,0,13,15,2,0,17,31,2,0,33,44,3,0,47
173695,389,"ŞCOALA GIMNAZIALĂ ŞIRINEASA",ŞIRINEASA,VL,1186,3,0,0,3,10,2,0,12,20,4,0,24,27,7,0,34,67,10,0,77,121,17,0,138
173711,390,"ŞCOALA PRIMARĂ CIORĂŞTI",CIORĂŞTI,VL,491,7,0,0,7,13,3,0,16,14,3,0,17,19,5,0,24,45,10,0,55,69,14,0,83
173720,391,"ŞCOALA PRIMARĂ SLĂVITEŞTI",SLĂVITEŞTI,VL,254,1,2,0,3,3,3,0,6,4,4,0,8,5,5,0,10,14,5,0,19,26,7,0,33
173757,392,"ŞCOALA CU CLASELE I-VIII ŞTEFĂNEŞTI",ŞTEFĂNEŞTI,VL,957,6,0,0,6,15,2,0,17,24,3,0,27,29,4,0,33,59,5,0,64,97,6,0,103
173784,393,"GRĂDINIŢA ŞERBĂNEŞTI",ŞERBĂNEŞTI,VL,689,6,1,0,7,17,1,0,18,28,1,0,29,37,1,0,38,71,8,0,79,117,9,0,126
173775,394,"ŞCOALA GENERALĂ CU CLASELE.I-IV DOBRUŞA DE JOS",DOBRUŞA,VL,530,4,3,0,7,9,3,0,12,13,4,0,17,18,4,0,22,45,9,0,54,66,17,1,84
173775,395,"GRĂDINIŢA DOBRUŞA DE SUS",DOBRUŞA,VL,507,2,4,0,6,9,4,0,13,26,4,0,30,28,4,0,32,58,10,0,68,90,15,0,105
173846,396,"CĂMINUL CULTURAL UŞUREI",UŞUREI,VL,449,2,0,0,2,10,3,0,13,13,5,0,18,18,6,0,24,45,12,0,57,81,18,0,99
173800,397,"ŞCOALA ŞUŞANII DE SUS",ŞUŞANI,VL,494,0,3,0,3,2,3,0,5,3,6,0,9,6,6,0,12,33,8,0,41,56,13,0,69
173800,398,"ŞCOALAŞUŞANII DE JOS",ŞUŞANI,VL,454,3,0,0,3,4,0,0,4,9,0,0,9,13,0,0,13,43,11,0,54,67,15,0,82
173837,399,ŞCOALASTOICULEŞTI,STOICULEŞTI,VL,309,3,0,0,3,6,1,0,7,16,1,0,17,21,1,0,22,43,3,0,46,63,8,0,71
173819,400,"ŞCOALA RÎMEŞTI",RÎMEŞTI,VL,894,6,0,0,6,6,0,0,6,11,2,0,13,12,3,0,15,53,8,0,61,121,19,0,140
173873,401,"ŞCOALA CU CLASELE I-IV BĂROIU",BĂROIU,VL,319,3,2,0,5,8,5,0,13,14,6,0,20,17,7,0,24,26,7,0,33,41,11,0,52
173864,402,"CĂMINUL CULTURAL TETOIU",TETOIU,VL,546,0,0,0,0,6,0,0,6,6,4,0,10,11,5,0,16,25,15,0,40,41,18,0,59
173926,403,"ŞCOALA GENERALĂ CU CLASELE.I-VIII ŢEPEŞTI",ŢEPEŞTI,VL,703,0,0,0,0,5,0,0,5,5,0,0,5,10,0,0,10,42,17,0,59,68,24,0,92
173908,404,"ŞCOALA GENERALĂ CU CLASELE.I-IV NENCIULEŞTI",NENCIULEŞTI,VL,277,5,1,0,6,8,3,0,11,14,6,0,20,17,8,0,25,29,15,0,44,37,18,0,55
173882,405,"SCOALA GENERALĂ CU CLASELE.I-IV BUDELE",BUDELE,VL,153,0,1,0,1,1,1,0,2,5,2,0,7,15,6,0,21,24,11,0,35,35,15,0,50
172260,406,"ŞCOALA CU CLASELE I-VIII TITEŞTI (SALĂ DE FESTIVITĂȚI)",TITEŞTI,VL,470,7,1,0,8,11,4,0,15,18,7,0,25,29,8,0,37,57,17,0,74,81,19,0,100
172180,407,"ŞCOALA CU CLASELE I-IV BRATOVEŞTI",BRATOVEŞTI,VL,145,2,2,0,4,3,4,0,7,9,5,0,14,11,6,0,17,35,20,0,55,52,26,0,78
173944,408,"CĂMINUL CULTURAL TOMŞANI",TOMŞANI,VL,964,7,3,0,10,17,5,0,22,25,6,0,31,39,10,0,49,145,14,0,159,236,24,0,260
174003,409,"ŞCOALA GENERALĂ FOLEŞTII DE SUS","FOLEŞTII DE SUS",VL,957,6,2,0,8,11,5,0,16,12,5,0,17,17,9,0,26,90,20,0,110,125,26,0,151
173999,410,"CĂMINUL CULTURAL FOLEȘTII DE JOS","FOLEŞTII DE JOS",VL,666,0,0,0,0,13,8,0,21,16,13,0,29,21,16,0,37,63,27,0,90,98,35,0,133
173962,411,"CĂMINUL CULTURAL BOGDĂNEȘTI",BOGDĂNEŞTI,VL,592,8,2,0,10,13,2,0,15,22,4,0,26,32,6,0,38,92,18,0,110,129,18,0,147
174030,412,"CĂMINUL CULTURAL VAIDEENI",VAIDEENI,VL,935,8,2,0,10,23,5,0,28,41,8,0,49,63,16,0,79,138,31,0,169,217,42,0,259
174030,413,"CĂMINUL CULTURAL VAIDEENI",VAIDEENI,VL,1191,10,1,0,11,40,3,0,43,58,5,0,63,98,7,0,105,230,10,0,240,399,20,0,419
174067,414,"CĂMINUL CULTURAL IZVORU RECE","IZVORU RECE",VL,664,6,1,0,7,16,3,0,19,20,3,0,23,39,3,0,42,103,18,0,121,187,27,0,214
174076,415,"CĂMINUL CULTURAL MARIŢA",MARIŢA,VL,464,2,3,0,5,10,9,0,19,11,11,0,22,17,13,0,30,48,30,0,78,71,37,0,108
174110,416,"ŞCOALA CU CLASELE I-IV DELURENI",DELURENI,VL,421,2,7,0,9,5,7,0,12,8,7,0,15,13,9,0,22,19,11,0,30,26,16,0,42
174094,417,"GRĂDINIŢA VALEA MARE","VALEA MARE",VL,517,5,3,0,8,9,4,0,13,15,4,0,19,19,4,0,23,37,10,0,47,66,12,0,78
174101,418,"ŞCOALA CU CLASELE I-VIII BĂTĂŞANI",BĂTĂŞANI,VL,408,3,5,0,8,7,7,0,14,8,9,0,17,14,10,0,24,35,11,0,46,93,14,0,107
174138,419,"ŞCOALA MĂRGINENI",MĂRGINENI,VL,311,2,1,0,3,7,4,0,11,9,9,0,18,13,11,0,24,46,20,0,66,70,25,0,95
174129,420,"CĂMINUL CULTURAL DRĂGANI",DRĂGANU,VL,437,1,4,0,5,4,4,0,8,6,6,0,12,14,8,0,22,33,13,0,46,62,19,0,81
174165,421,"ŞCOALA CU CLASELE I-VIII VLĂDEŞTI",VLĂDEŞTI,VL,1528,12,1,0,13,38,2,0,40,47,3,0,50,88,8,0,96,204,35,0,239,260,46,0,306
174192,422,"ŞCOALA CU CLASELE I-VIII VLĂDEŞTI",PRIPORU,VL,1152,7,1,0,8,26,4,0,30,34,4,0,38,60,6,0,66,120,10,0,130,153,16,0,169
174227,423,"GRĂDINIŢA CU PROGRAM NORMAL VOICEŞTI",VOICEŞTI,VL,1267,11,0,0,11,20,3,0,23,31,3,0,34,39,5,0,44,61,11,0,72,93,14,0,107
174263,424,"LOCALUL PRIMĂRIEI VOINEASA",VOINEASA,VL,711,4,1,0,5,13,9,0,22,16,12,0,28,21,12,0,33,76,21,0,97,88,28,0,116
174281,425,"ŞCOALA CU CLASELE I-VIII VOINEASA",VOINEŞIŢA,VL,617,5,3,0,8,14,5,0,19,19,9,0,28,27,9,0,36,64,12,0,76,78,22,0,100
174307,426,"ŞCOALA GIMNAZIALĂ ZĂTRENI",ZĂTRENI,VL,549,0,0,0,0,4,0,0,4,6,0,0,6,9,2,0,11,27,15,0,42,101,16,0,117
174450,427,"ŞCOALA PRIMARĂ STANOMIRU",STANOMIRU,VL,379,3,0,0,3,6,1,0,7,10,2,0,12,12,2,0,14,30,9,0,39,42,10,0,52
174478,428,"ŞCOALA PRIMARĂ VĂLENI",VĂLENI,VL,370,3,2,0,5,7,2,0,9,12,5,0,17,19,6,0,25,34,13,0,47,61,20,0,81
174352,429,"ŞCOALA DEALUL VĂLENI","DEALU VĂLENI",VL,220,0,1,0,1,2,7,0,9,2,12,0,14,6,13,0,19,14,20,0,34,33,30,0,63
174441,430,"ŞCOALA PRIMARĂ SĂSCIOARA",SĂŞCIOARA,VL,332,2,2,0,4,4,4,0,8,4,7,0,11,8,7,0,15,32,18,0,50,60,30,0,90
174753,1,"DIRECTIA SILVICĂ VRANCEA",FOCŞANI,VN,1442,25,2,0,27,89,7,0,96,114,7,0,121,133,9,0,142,228,17,0,245,283,23,0,306
174753,2,"TEATRUL MUNICIPAL FOCŞANI",FOCŞANI,VN,1594,21,4,0,25,87,11,0,98,138,16,0,154,152,18,0,170,255,26,0,281,317,43,0,360
174753,3,"BIBLIOTECA JUDEŢEANĂ ""DUILIU ZAMFIRESCU""",FOCŞANI,VN,1511,17,3,0,20,87,8,0,95,170,9,0,179,175,10,0,185,273,23,0,296,350,29,0,379
174753,4,"BIBLIOTECA JUDEŢEANĂ ""DUILIU ZAMFIRESCU""",FOCŞANI,VN,1312,4,0,0,4,33,3,0,36,67,10,0,77,78,10,0,88,156,11,0,167,209,15,0,224
174753,5,"ŞCOALA GIMNAZIALĂ ""ŞTEFAN CEL MARE"" - INTRAREA PRINCIPALĂ",FOCŞANI,VN,1134,12,2,0,14,38,9,0,47,63,10,0,73,79,15,0,94,141,28,0,169,181,40,0,221
174753,6,"ŞCOALA GIMNAZIALĂ ""ŞTEFAN CEL MARE"" - INTRAREA ELEVILOR",FOCŞANI,VN,1242,5,2,0,7,53,4,0,57,87,6,0,93,100,8,0,108,176,14,0,190,234,28,0,262
174753,7,"ŞCOALA GIMNAZIALĂ ""ŞTEFAN CEL MARE"" - INTRAREA SECUNDARA",FOCŞANI,VN,849,9,0,0,9,50,2,0,52,67,2,0,69,83,5,0,88,163,14,0,177,190,20,0,210
174753,8,"COLEGIUL TEHNIC AUTO „TRAIAN VUIA""",FOCŞANI,VN,597,4,4,0,8,25,8,0,33,37,8,0,45,40,8,0,48,95,11,0,106,121,16,0,137
174753,9,"COLEGIUL TEHNIC AUTO „TRAIAN VUIA""",FOCŞANI,VN,1020,7,5,0,12,39,5,0,44,54,5,0,59,60,6,0,66,137,8,0,145,182,10,0,192
174753,10,"COLEGIUL ECONOMIC „MIHAIL KOGĂLNICEANU”",FOCŞANI,VN,1708,7,0,0,7,41,3,0,44,84,6,0,90,96,6,0,102,186,14,1,201,239,20,1,260
174753,11,"COLEGIUL ECONOMIC „MIHAIL KOGĂLNICEANU”",FOCŞANI,VN,1670,5,5,0,10,35,7,0,42,58,9,0,67,64,10,0,74,149,16,0,165,227,18,0,245
174753,12,"COLEGIUL ECONOMIC ""MIHAIL KOGĂLNICEANU""",FOCŞANI,VN,1589,10,6,0,16,71,15,0,86,102,19,0,121,120,21,0,141,251,36,0,287,327,46,0,373
174753,13,"COLEGIUL ECONOMIC ""MIHAIL KOGĂLNICEANU""",FOCŞANI,VN,1659,14,0,0,14,55,0,0,55,93,1,0,94,117,3,0,120,207,7,0,214,285,23,0,308
174753,14,"ŞCOALA GIMNAZIALĂ NR. 7",FOCŞANI,VN,1285,17,1,0,18,52,6,0,58,74,12,0,86,100,16,0,116,166,26,0,192,209,35,0,244
174753,15,"GRĂDINIŢA CU PROGRAM PRELUNGIT NR. 15",FOCŞANI,VN,957,13,1,0,14,25,1,0,26,53,2,0,55,69,3,0,72,126,8,0,134,172,12,0,184
174753,16,"GRĂDINIŢA CU PROGRAM PRELUNGIT NR. 15",FOCŞANI,VN,1800,13,0,0,13,42,3,0,45,86,6,0,92,108,6,0,114,199,13,0,212,268,15,0,283
174753,17,"LICEUL TEHNOLOGIC ""G.G.LONGINESCU""",FOCŞANI,VN,1974,9,2,0,11,44,5,0,49,59,8,0,67,88,14,0,102,189,27,0,216,261,39,0,300
174753,18,"ŞCOALA GIMNAZIALĂ ""ION BASGAN""",FOCŞANI,VN,1779,18,2,0,20,61,5,0,66,89,11,0,100,118,19,0,137,230,37,0,267,303,47,0,350
174753,19,"OCOLUL SILVIC FOCȘANI",FOCŞANI,VN,1539,12,0,0,12,54,2,0,56,89,4,0,93,104,4,0,108,192,12,0,204,245,15,0,260
174753,20,"COLEGIUL TEHNIC ""VALERIU D. COTEA""",FOCŞANI,VN,1182,12,1,0,13,49,4,0,53,78,7,106,191,98,8,106,212,162,18,116,296,210,28,116,354
174753,21,"COLEGIUL NAŢIONAL ""AL. I. CUZA""",FOCŞANI,VN,873,8,4,0,12,25,4,0,29,42,5,0,47,50,9,0,59,99,18,0,117,131,26,0,157
174753,22,"ŞCOALA GIMNAZIALĂ ""ANGHEL SALIGNY""",FOCŞANI,VN,1329,14,1,0,15,47,4,0,51,71,5,0,76,100,6,0,106,179,12,0,191,231,29,0,260
174753,23,"ȘCOALA GIMNAZIALĂ „ANGHEL SALIGNY” INTRAREA SECUNDARĂ",FOCŞANI,VN,1761,18,0,0,18,45,1,0,46,68,2,0,70,83,2,0,85,159,3,0,162,222,17,1,240
174771,24,"CONSILIUL LOCAL AL MUNICIPIULUI FOCŞANI (FOST SEDIU AL ȘCOLII CU CLASELE I-IV MÎNDREȘTI)",MÎNDREŞTI-MUNTENI,VN,1365,3,0,0,3,25,1,158,184,38,1,158,197,52,4,158,214,128,5,158,291,187,9,158,354
174753,25,"AGENŢIA NAŢIONALĂ DE ÎMBUNĂTĂŢIRI FUNCIARE",FOCŞANI,VN,1060,7,0,0,7,20,1,196,217,31,3,196,230,46,3,196,245,113,10,196,319,156,11,196,363
174753,26,"GRĂDINIŢA CU PROGRAM PRELUNGIT NR. 16",FOCŞANI,VN,1388,13,3,0,16,30,3,0,33,57,3,0,60,71,4,0,75,135,5,0,140,186,9,1,196
174753,27,"GRĂDINIŢA CU PROGRAM PRELUNGIT NR. 16",FOCŞANI,VN,1704,7,0,0,7,29,0,0,29,52,4,0,56,82,8,0,90,174,14,0,188,240,21,0,261
174753,28,"COLEGIUL NAŢIONAL ""UNIREA""",FOCŞANI,VN,1189,9,1,0,10,35,1,49,85,57,2,49,108,69,2,49,120,134,13,49,196,175,17,49,241
174753,29,"ŞCOALAGIMNAZIALĂ NR. 3",FOCŞANI,VN,1210,11,1,0,12,47,2,0,49,75,10,0,85,83,12,0,95,164,17,0,181,222,22,0,244
174753,30,"AGENŢIA JUDEŢEANĂ PENTRU PLĂŢI ŞI INSPECŢIE SOCIALĂ",FOCŞANI,VN,1471,12,0,0,12,64,4,0,68,85,6,0,91,102,6,0,108,199,13,0,212,248,24,0,272
174753,31,"COLEGIUL TEHNIC ""EDMOND NICOLAU""",FOCŞANI,VN,1202,6,0,0,6,17,4,0,21,27,6,0,33,51,7,0,58,138,12,0,150,175,15,0,190
174753,32,"SALA SPORTURILOR",FOCŞANI,VN,1237,11,1,0,12,45,2,0,47,67,6,0,73,75,10,0,85,153,19,0,172,182,21,0,203
174753,33,"INSPECTORATUL TERITORIAL DE MUNCĂ VRANCEA",FOCŞANI,VN,1354,9,2,0,11,57,10,0,67,85,14,0,99,108,16,0,124,182,27,0,209,241,36,0,277
174753,34,"DIRECŢIA JUDEŢEANĂ A SPORTURILOR VRANCEA",FOCŞANI,VN,1495,8,2,0,10,35,5,0,40,60,8,0,68,77,9,0,86,163,29,0,192,228,33,0,261
174753,35,"CENTRUL MEDICAL FOCŞANI",FOCŞANI,VN,1024,13,0,0,13,51,2,0,53,70,5,0,75,83,5,0,88,159,6,0,165,201,18,0,219
174753,36,"ŞCOALA GIMNAZIALĂ ""DUILIU ZAMFIRESCU""",FOCŞANI,VN,919,4,5,0,9,27,8,0,35,44,9,0,53,56,9,0,65,102,17,0,119,134,20,0,154
174753,37,"ŞCOALA GIMNAZIALĂ ""DUILIU ZAMFIRESCU""",FOCŞANI,VN,1472,14,0,0,14,67,5,0,72,94,7,0,101,111,8,0,119,188,18,0,206,254,29,0,283
174753,38,"ŞCOALA GIMNAZIALĂ ""DUILIU ZAMFIRESCU""",FOCŞANI,VN,1661,10,0,0,10,72,0,0,72,101,0,0,101,125,2,0,127,229,7,0,236,281,8,0,289
174753,39,"LICEUL PEDAGOGIC ""SPIRU HARET""",FOCŞANI,VN,1658,14,2,0,16,58,2,0,60,92,2,0,94,113,2,0,115,220,6,0,226,289,12,0,301
174753,40,"SC FEDERAL COOP SA",FOCŞANI,VN,1514,10,2,0,12,53,10,0,63,81,12,0,93,99,14,0,113,201,25,0,226,281,33,0,314
174753,41,"GRĂDINIŢA CU PROGRAM PRELUNGIT NR. 18",FOCŞANI,VN,1042,11,2,0,13,69,2,0,71,95,2,0,97,117,4,0,121,180,14,0,194,223,20,0,243
174753,42,"COLEGIUL TEHNIC ""ION MINCU""",FOCŞANI,VN,907,7,0,0,7,25,0,0,25,45,5,0,50,50,5,0,55,99,7,0,106,135,12,0,147
174753,43,"ŞCOALA GIMNAZIALĂ ""NICOLAE IORGA""",FOCŞANI,VN,1465,9,2,0,11,35,4,0,39,65,7,0,72,79,10,0,89,132,18,0,150,172,24,0,196
174753,44,"ŞCOALA GIMNAZIALĂ ""NICOLAE IORGA""",FOCŞANI,VN,1500,17,0,0,17,39,6,0,45,56,6,0,62,75,10,0,85,159,20,0,179,208,24,0,232
174753,45,"ŞCOALA GIMNAZIALĂ ""NICOLAE IORGA""",FOCŞANI,VN,1550,10,0,0,10,51,0,0,51,76,1,0,77,94,4,0,98,172,8,0,180,218,9,0,227
174753,46,"ŞCOALA GIMNAZIALĂ ""ALEXANDRU VLAHUŢĂ""",FOCŞANI,VN,901,10,5,0,15,25,9,0,34,34,22,0,56,44,26,0,70,96,42,0,138,128,54,0,182
174753,47,"ŞCOALA GIMNAZIALĂ ""ALEXANDRU VLAHUŢĂ""",FOCŞANI,VN,1471,13,0,0,13,55,0,0,55,88,0,0,88,117,0,0,117,201,0,0,201,264,0,0,264
174753,48,"ŞCOALA GIMNAZIALĂ ""ALEXANDRU VLAHUŢĂ""",FOCŞANI,VN,925,5,4,0,9,23,6,0,29,38,6,0,44,53,8,0,61,103,9,0,112,142,9,0,151
174753,49,"GRĂDINIŢA CU PROGRAM PRELUNGIT NR. 13",FOCŞANI,VN,1681,14,2,0,16,46,5,0,51,79,8,0,87,102,9,0,111,189,17,0,206,260,23,0,283
174753,50,"GRĂDINIŢA CU PROGRAM PRELUNGIT NR. 13",FOCŞANI,VN,1796,14,1,0,15,59,2,0,61,83,4,0,87,102,4,0,106,200,8,0,208,289,19,0,308
174753,51,"GRĂDINIŢA CU PROGRAM PRELUNGIT NR. 1",FOCŞANI,VN,926,3,0,0,3,30,0,0,30,48,0,0,48,51,2,0,53,115,4,0,119,161,13,0,174
174753,52,"ȘCOALA GIMNAZIALĂ „NICOLAE IORGA”",FOCŞANI,VN,992,12,2,0,14,40,3,0,43,61,3,0,64,73,3,0,76,148,8,0,156,201,12,0,213
174753,53,"DIRECŢIA SANITAR-VETERINARĂ",FOCŞANI,VN,1672,16,2,0,18,45,4,0,49,74,6,0,80,83,8,0,91,186,14,0,200,253,17,0,270
174753,54,"GRĂDINIŢA CU PROGRAM PRELUNGIT NR. 8",FOCŞANI,VN,973,5,7,0,12,26,9,0,35,39,12,0,51,51,12,0,63,109,14,0,123,156,17,0,173
174753,55,"GRĂDINIŢA CU PROGRAM PRELUNGIT NR. 4",FOCŞANI,VN,1729,14,5,0,19,60,9,0,69,96,10,0,106,120,10,0,130,244,21,0,265,315,26,0,341
174753,56,"SCOALA GIMNAZIALA „NICOLAE IORGA”",FOCŞANI,VN,1685,11,0,0,11,45,0,0,45,77,0,0,77,92,0,0,92,185,0,0,185,243,4,0,247
174753,57,"GRĂDINIŢA CU PROGRAM PRELUNGIT NR. 17",FOCŞANI,VN,1135,10,1,0,11,53,1,0,54,84,2,0,86,100,6,0,106,157,8,0,165,209,12,0,221
174753,58,"ŞCOALA GIMNAZIALĂ NR. 3",FOCŞANI,VN,741,1,1,0,2,17,8,0,25,32,10,0,42,39,12,0,51,74,14,0,88,103,18,0,121
174879,59,"CASA DE CULTURĂ ""TUDOR VORNICU""",ADJUD,VN,972,8,3,0,11,27,11,0,38,39,11,0,50,60,11,0,71,133,22,0,155,161,29,0,190
174879,60,"SCOALĂ GIMNAZIALĂ ""MIHAIL ARMENCEA""",ADJUD,VN,1077,8,0,0,8,41,3,0,44,53,4,0,57,66,10,0,76,120,15,0,135,185,21,0,206
174879,61,"SCOALĂ GIMNAZIALĂ ""MAREȘAL ALEXANDRU AVERESCU""",ADJUD,VN,1329,6,1,0,7,18,2,0,20,26,2,0,28,47,2,0,49,107,9,0,116,145,14,0,159
174879,62,"SCOALĂ GIMNAZIALĂ ""PRINCIPELE RADU""A",ADJUD,VN,1252,5,0,0,5,35,7,0,42,46,7,0,53,69,8,0,77,143,8,0,151,184,11,0,195
174879,63,"SCOALĂ GIMNAZIALĂ ""PRINCIPELE RADU"" B",ADJUD,VN,1309,12,0,0,12,32,0,0,32,44,0,0,44,58,0,0,58,150,1,0,151,184,6,0,190
174879,64,"SCOALĂ GIMNAZIALĂ ""PRINCIPELE RADU"" C",ADJUD,VN,1301,3,5,0,8,32,7,0,39,51,8,0,59,61,8,0,69,144,9,0,153,191,10,0,201
174879,65,"MIXTCOM SRL ADJUD",ADJUD,VN,1477,8,4,0,12,31,8,0,39,50,8,0,58,67,11,0,78,147,18,0,165,198,20,0,218
174879,66,"SALA DE SPORT",ADJUD,VN,1219,13,0,0,13,32,10,0,42,41,10,0,51,56,10,0,66,141,17,0,158,189,18,43,250
174879,67,"SCOALĂ GIMNAZIALĂ ""ANGELA GHEORGHIU""",ADJUD,VN,1667,10,7,0,17,50,54,0,104,59,55,0,114,77,58,0,135,203,71,0,274,270,87,0,357
174879,68,"COLEGIUL TEHNIC ""GHEORGHE BALŞ"" A",ADJUD,VN,1393,6,2,0,8,32,8,0,40,47,8,0,55,68,9,0,77,175,15,0,190,230,17,0,247
174879,69,"COLEGIUL TEHNIC ""GHEORGHE BALŞ"" B",ADJUD,VN,1040,2,0,0,2,18,0,0,18,24,2,0,26,40,6,0,46,115,9,0,124,143,11,0,154
174888,70,"SCOALĂ PRIMARA BURCIOAIA",BURCIOAIA,VN,452,2,0,0,2,7,2,0,9,16,2,0,18,36,3,0,39,96,4,0,100,129,8,0,137
174904,71,"SCOALĂ PRIMARA SISCANI",ŞIŞCANI,VN,698,7,0,0,7,8,3,0,11,10,3,0,13,24,3,0,27,58,9,0,67,100,13,0,113
174897,72,"SCOALĂ GENERALA ADJUDU VECHI","ADJUDU VECHI",VN,1380,2,0,0,2,23,3,0,26,35,3,0,38,60,5,0,65,177,18,0,195,233,20,0,253
174931,73,"SCOALA GIMNAZIALĂ ""ECATERINA TEODOROIU""",MĂRĂŞEŞTI,VN,1384,9,0,0,9,26,1,0,27,37,4,0,41,70,6,0,76,159,11,0,170,192,17,0,209
174931,74,"SCOALA PRIMARĂ ""SIRETU""",MĂRĂŞEŞTI,VN,1638,1,0,0,1,9,0,0,9,13,0,0,13,44,0,0,44,231,1,0,232,378,6,0,384
174931,75,"CLUBUL ELEVILOR",MĂRĂŞEŞTI,VN,791,4,1,0,5,11,1,0,12,15,1,0,16,26,2,0,28,83,8,0,91,103,8,0,111
174931,76,"LICEUL TEHNOLOGIC ""EREMIA GRIGORESCU""",MĂRĂŞEŞTI,VN,1693,6,1,0,7,30,1,0,31,46,2,0,48,71,3,0,74,167,9,1,177,207,11,1,219
174931,77,"LICEUL TEHNOLOGIC ''EREMIA GRIGORESCU""",MĂRĂŞEŞTI,VN,1439,14,0,0,14,30,0,0,30,42,0,0,42,77,0,0,77,151,0,0,151,192,0,0,192
174931,78,"SCOALA GENERALA NR.2",MĂRĂŞEŞTI,VN,1177,9,4,0,13,27,4,0,31,41,4,0,45,61,4,0,65,123,7,0,130,164,8,0,172
174931,79,"STATIE CFR MARASESTI",MĂRĂŞEŞTI,VN,296,3,0,0,3,10,2,0,12,11,4,0,15,15,4,0,19,30,9,0,39,42,20,0,62
174968,80,"ŞCOALA PRIMARĂ HARET",HARET,VN,491,1,2,0,3,2,3,0,5,4,6,0,10,12,8,0,20,29,9,0,38,52,9,0,61
174995,81,"ŞCOALA PRIMARĂ PĂDURENI",PĂDURENI,VN,423,7,0,0,7,22,4,0,26,35,6,0,41,43,8,0,51,87,17,0,104,108,22,0,130
174977,82,"ŞCOALA PRIMARĂ CĂLIMĂNEŞTI",CĂLIMĂNEŞTI,VN,449,7,0,0,7,10,0,0,10,14,0,0,14,33,2,0,35,76,4,0,80,101,4,0,105
174959,83,"ŞCOALA PRIMARĂ DOAGA",TIŞIŢA,VN,225,2,0,0,2,6,0,0,6,12,0,0,12,27,3,0,30,35,4,0,39,45,6,0,51
175028,84,"BIBLIOTECA ORASENEASCA ""ANA GEORGESCU""",ODOBEŞTI,VN,1598,12,3,0,15,41,8,0,49,62,9,0,71,110,12,0,122,270,34,0,304,378,42,1,421
175028,85,"LICEUL TEORETIC""DUILIU ZAMFIRESCU"" ODOBESTI",ODOBEŞTI,VN,1640,17,4,0,21,55,12,0,67,86,14,0,100,134,23,0,157,262,36,0,298,338,37,0,375
175028,86,"GRUPUL SCOLAR AGRICOL ODOBESTI",ODOBEŞTI,VN,1591,15,2,0,17,37,3,0,40,51,4,0,55,102,7,0,109,250,13,0,263,318,16,0,334
175028,87,"GRADINITA NR.2CARAGEA",ODOBEŞTI,VN,931,3,3,0,6,22,8,0,30,28,12,0,40,39,13,0,52,105,23,0,128,147,25,0,172
175037,88,"ȘCOALA PRIMARĂ UNIREA ODOBEȘTI",UNIREA,VN,755,2,4,0,6,9,4,0,13,11,6,0,17,18,9,0,27,84,22,0,106,123,32,0,155
175037,89,"SCOALA GENERALA UNIREA",UNIREA,VN,1368,6,2,0,8,23,2,0,25,34,2,0,36,52,6,0,58,164,13,0,177,230,13,0,243
175064,90,"CASA DE CULTURA A ORASULUI PANCIU",PANCIU,VN,1406,20,0,0,20,49,0,0,49,68,3,0,71,81,3,0,84,167,10,0,177,257,16,0,273
175064,91,"SCOALA GENERALA NR. 1",PANCIU,VN,1305,9,4,0,13,39,10,0,49,64,11,0,75,86,17,0,103,206,37,0,243,285,55,0,340
175064,92,"FOSTUL SEDIU BANCPOST",PANCIU,VN,1029,5,0,0,5,19,0,0,19,26,0,0,26,42,8,0,50,95,15,0,110,146,17,0,163
175064,93,"SPITALUL ORASENESC",PANCIU,VN,1197,17,4,0,21,41,10,0,51,53,17,0,70,71,19,0,90,130,26,0,156,189,31,21,241
175117,94,"SCOALA GENERALA SATU-NOU","SATU NOU",VN,837,5,0,0,5,17,0,0,17,26,1,0,27,58,9,0,67,114,16,0,130,179,23,0,202
175073,95,"CLUBUL DE SOCIALIZARE CRUCEA DE JOS","CRUCEA DE JOS",VN,389,6,0,0,6,9,6,0,15,15,7,0,22,34,9,0,43,64,16,0,80,89,18,0,107
175091,96,"SCOALA GENERALA DUMBRAVA",DUMBRAVA,VN,402,7,0,0,7,13,0,0,13,15,0,0,15,21,6,0,27,63,7,0,70,77,7,0,84
175082,97,"SCOALA GENERALA CUCEA DE SUS","CRUCEA DE SUS",VN,724,14,3,0,17,40,3,0,43,43,4,0,47,71,5,0,76,135,13,0,148,171,14,0,185
175108,98,"CAMINUL CULTURAL NEICU",NEICU,VN,543,6,0,0,6,23,7,0,30,26,7,0,33,43,8,0,51,81,12,0,93,104,13,0,117
175135,99,"ȘCOALAGIMNAZIALĂANDREIAȘU DE JOS","ANDREIAŞU DE JOS",VN,476,9,0,0,9,11,4,0,15,13,4,0,17,25,7,0,32,162,25,0,187,191,31,0,222
175180,100,"ȘCOALAPRIMARĂ NR.1 RĂCHITAȘU",RĂCHITAŞU,VN,574,0,0,0,0,8,0,0,8,11,3,0,14,26,3,0,29,143,5,0,148,186,5,0,191
175144,101,"ȘCOALAGIMNAZIALĂANDREIAȘU DE SUS","ANDREIAŞU DE SUS",VN,393,3,0,0,3,9,0,0,9,10,0,0,10,18,3,0,21,88,6,0,94,144,7,0,151
175215,102,"SCOALA GIMNAZIALA CU CLASELE I-VIII BALESTI",BĂLEŞTI,VN,853,4,0,0,4,26,2,0,28,36,5,0,41,63,6,0,69,144,31,0,175,188,41,0,229
175215,103,"SCOALA GIMNAZIALA CU CLASELE I-VIII BALESTI",BĂLEŞTI,VN,722,5,0,0,5,23,3,0,26,31,4,0,35,41,5,0,46,116,7,0,123,167,8,0,175
175233,104,"CAMIN CULTURAL(SALA FESTIVITATI)",BÂRSEŞTI,VN,1196,10,0,0,10,28,0,5,33,40,4,17,61,92,8,17,117,280,16,17,313,426,24,48,498
177860,105,"SCOALA GIMNAZIALA BILIESTI",BILIEŞTI,VN,1021,7,2,0,9,23,3,0,26,33,5,0,38,49,7,0,56,132,22,0,154,201,31,7,239
177860,106,"SCOALA GENERALA NR. 2 BILIESTI",BILIEŞTI,VN,1046,4,2,0,6,36,7,7,50,50,12,7,69,81,14,7,102,213,40,7,260,310,48,10,368
175279,107,PRIMARIE,BOGHEŞTI,VN,679,5,0,0,5,6,2,0,8,11,2,0,13,14,2,0,16,63,16,0,79,87,22,0,109
175340,108,SCOALA,PRISECANI,VN,427,7,0,0,7,7,1,0,8,12,1,0,13,13,2,0,15,62,18,0,80,117,31,0,148
175313,109,"SCOALA IUGANI",IUGANI,VN,125,1,2,0,3,3,3,0,6,4,4,0,8,11,6,0,17,37,16,0,53,50,19,0,69
175377,110,"CAMINUL CULTURAL BOLOTESTI",BOLOTEŞTI,VN,608,4,2,0,6,12,5,0,17,18,9,0,27,37,17,0,54,93,34,0,127,123,41,0,164
175411,111,"SCOALA GIMNAZIALA PUTNA",PUTNA,VN,525,5,1,0,6,9,1,0,10,12,2,0,14,21,5,0,26,46,14,1,61,74,18,1,93
175395,112,"SCOALA CU CL. I - IV IVANCESTI",IVĂNCEŞTI,VN,368,0,0,0,0,1,1,0,2,3,6,0,9,4,8,0,12,29,9,0,38,49,9,0,58
175386,113,"SCOALA GIMNAZIALA GAGESTI",GĂGEŞTI,VN,1275,5,1,0,6,8,1,0,9,13,1,0,14,39,1,0,40,157,13,0,170,235,21,0,256
175386,114,"SCOALA GIMNAZIALA GAGESTI",GĂGEŞTI,VN,490,1,2,0,3,3,2,0,5,7,4,0,11,12,8,0,20,51,22,0,73,72,26,0,98
175420,115,"SCOALA CU CLASELE I - IV VITANESTII DE SUB MAGURA","VITĂNEŞTII DE SUB MĂGURĂ",VN,595,4,0,0,4,7,0,0,7,17,2,0,19,26,5,0,31,78,14,0,92,119,27,0,146
175448,116,"CAMINUL CULTURAL",BORDEŞTI,VN,1017,6,0,0,6,14,2,0,16,26,2,0,28,44,2,0,46,101,7,0,108,145,13,0,158
175457,117,"SCOALA CU CLASELE I-IV","BORDEŞTII DE JOS",VN,416,3,2,0,5,15,5,0,20,21,10,0,31,35,11,0,46,79,25,0,104,140,33,0,173
175475,118,"CAMIN CULTURAL",BROŞTENI,VN,1354,7,0,0,7,28,10,0,38,41,13,0,54,77,20,0,97,255,28,0,283,330,34,0,364
175484,119,GRADINITA,ARVA,VN,514,2,0,0,2,5,3,0,8,9,3,0,12,21,4,0,25,67,4,0,71,87,5,0,92
175518,120,"GRĂDINIȚA CU PROGRAM NORMAL CHIOJDENI",CHIOJDENI,VN,796,0,0,0,0,2,0,0,2,6,0,0,6,18,2,0,20,71,9,0,80,110,11,0,121
175527,121,"ȘCOALA PRIMARĂ CĂTĂUȚI",CĂTĂUŢI,VN,288,1,0,0,1,4,0,0,4,4,0,0,4,8,1,0,9,39,5,0,44,50,5,0,55
175545,122,"ȘCOALA PRIMARĂ LUNCILE",LUNCILE,VN,740,2,0,0,2,10,1,0,11,17,2,0,19,18,2,0,20,53,3,0,56,88,6,0,94
175607,123,"CAMIN CULTURAL CIORASTI",CIORĂŞTI,VN,711,6,2,0,8,17,4,0,21,34,7,0,41,39,10,0,49,81,19,0,100,100,24,0,124
175616,124,"MAGAZIN SC SAND VAD SRL",CODREŞTI,VN,170,1,0,0,1,4,2,0,6,6,6,0,12,7,8,0,15,24,12,0,36,34,19,0,53
175625,125,"SCOALA PRIMARA MIHALCENI",MIHĂLCENI,VN,563,4,0,0,4,12,2,0,14,20,2,0,22,27,3,0,30,59,11,0,70,84,20,0,104
175634,126,"CAMIN CULTURAL SAT SALCIA NOUA","SALCIA NOUĂ",VN,339,6,3,0,9,49,11,0,60,60,11,0,71,74,14,0,88,87,20,0,107,90,22,0,112
175643,127,"SCOALA SALCIA VECHE","SALCIA VECHE",VN,235,3,0,0,3,19,1,0,20,26,1,0,27,28,5,0,33,47,8,0,55,52,8,0,60
175652,128,"SCOALA SATU NOU","SATU NOU",VN,206,0,2,0,2,7,3,0,10,10,4,0,14,12,4,0,16,15,6,0,21,15,7,0,22
175661,129,"SC OVION COM SERV SRL",SPĂTĂREASA,VN,164,0,0,0,0,6,1,0,7,16,2,0,18,19,2,0,21,31,7,0,38,39,8,0,47
174799,130,"SCOALA PRIMARA CIMPINEANCA",CÎMPINEANCA,VN,1870,9,1,0,10,46,10,0,56,69,10,0,79,88,10,0,98,242,24,0,266,324,41,0,365
174799,131,"SCOALA PRIMARA CIMPINEANCA",CÎMPINEANCA,VN,1608,6,0,0,6,39,1,0,40,64,3,0,67,89,3,0,92,208,9,0,217,294,13,0,307
175689,132,"SCOALA PRIMARA CÎMPURI",CÎMPURI,VN,825,5,0,0,5,18,2,0,20,32,8,0,40,46,8,0,54,205,14,4,223,250,14,4,268
175689,133,"ŞCOALA GIMNAZIALA CÎMPURI",CÎMPURI,VN,900,4,5,0,9,13,7,0,20,15,9,0,24,24,9,0,33,144,12,0,156,203,15,0,218
175723,134,"SCOALA GIMNAZIALA ROTILESTII MICI","ROTILEŞTII MICI",VN,534,2,0,0,2,11,0,0,11,13,4,0,17,15,6,0,21,88,16,0,104,130,19,0,149
175698,135,"SCOALA PRIMARA FETESTI",FETEŞTI,VN,764,3,0,0,3,7,7,0,14,10,8,0,18,15,10,0,25,103,23,0,126,141,26,0,167
175741,136,"CĂMIN CULTURAL",CÎRLIGELE,VN,1061,6,4,0,10,25,6,0,31,31,9,0,40,55,11,0,66,101,24,0,125,172,40,0,212
175750,137,"SCOALA BLIDARI",BLIDARI,VN,465,4,0,0,4,8,5,0,13,13,13,0,26,19,14,0,33,50,22,0,72,72,29,0,101
175769,138,"ȘCOALA GIMNAZIALĂ CU CLASELE I-IV ,, EPISCOP MITROFAN ,,",BONŢEŞTI,VN,383,1,2,0,3,8,5,0,13,12,9,0,21,17,11,0,28,52,15,0,67,81,19,0,100
175778,139,GRĂDINIȚĂ,DĂLHĂUŢI,VN,560,5,3,0,8,24,43,0,67,27,44,0,71,45,47,0,92,75,50,0,125,88,52,0,140
175796,140,PRIMARIE,ŞERBĂNEŞTI,VN,346,1,0,0,1,9,4,0,13,15,5,0,20,24,11,0,35,79,23,0,102,109,30,0,139
175803,141,"SCOALA PRIMARA BUDA",BUDA,VN,413,1,0,0,1,8,0,0,8,18,2,0,20,21,2,0,23,64,8,0,72,88,14,0,102
175858,142,"SCOALA RADACINESTI",RĂDĂCINEŞTI,VN,355,2,1,0,3,12,6,0,18,16,6,0,22,27,9,0,36,60,14,0,74,89,25,0,114
175849,143,"SCOALA OCHEŞEŞTI",OCHEŞEŞTI,VN,273,3,0,0,3,10,0,0,10,13,0,0,13,16,2,0,18,53,3,0,56,100,7,0,107
175894,144,"SCOALAGENERALA COTESTI",COTEŞTI,VN,1119,6,3,0,9,25,5,0,30,35,5,0,40,60,8,0,68,143,43,0,186,186,50,0,236
175894,145,"SCOALA PRIMARA COTESTI",COTEŞTI,VN,464,2,0,0,2,6,2,0,8,11,4,0,15,17,5,0,22,33,9,0,42,59,11,0,70
175901,146,"CAMINUL CULTURAL BUDESTI",BUDEŞTI,VN,1511,11,1,0,12,34,7,0,41,43,9,0,52,62,13,0,75,153,31,0,184,217,37,0,254
175929,147,"SCOALA VALEA COTESTI","VALEA COTEŞTI",VN,574,0,1,0,1,3,1,0,4,5,2,0,7,8,2,0,10,43,14,0,57,80,15,0,95
175910,148,"GRADINITA GOLESTII DE SUS","GOLEŞTII DE SUS",VN,346,4,0,0,4,14,0,0,14,23,2,0,25,27,2,0,29,66,8,0,74,106,13,0,119
175947,149,"CAMIN CULTURAL DUMBRAVENI",DUMBRĂVENI,VN,1617,10,0,0,10,29,0,0,29,39,4,0,43,91,5,0,96,183,10,0,193,241,28,0,269
175965,150,"SCOALA GIMNAZIALA CINDESTI",CÎNDEŞTI,VN,1153,1,1,0,2,17,5,0,22,26,5,0,31,42,14,0,56,154,36,1,191,195,45,1,241
175947,151,"ȘCOALA PRIMARĂ ALEXANDRU VLAHUȚĂ DRAGOSLOVENI",DUMBRĂVENI,VN,917,1,0,0,1,6,4,0,10,10,4,0,14,31,8,0,39,83,10,0,93,115,14,0,129
175992,152,"LICEUL TEORETIC ''GRIGORE GHEBA'' DUMITREȘTI",DUMITREŞTI,VN,622,4,0,0,4,15,1,0,16,21,12,0,33,33,12,0,45,102,21,0,123,155,32,0,187
176043,153,"ȘCOALAPRIMARĂ DUMITREȘTIIDE SUS","DUMITREŞTII DE SUS",VN,225,3,2,0,5,3,2,0,5,6,3,0,9,14,3,0,17,59,9,0,68,75,11,0,86
176089,154,"ȘCOALAPRIMARĂ MOTNĂU",MOTNĂU,VN,286,1,0,0,1,5,0,0,5,13,0,0,13,17,0,0,17,67,5,0,72,81,6,0,87
176132,155,"ȘCOALA PRIMARĂ TRESTIA",TRESTIA,VN,134,0,0,0,0,0,0,0,0,6,0,0,6,7,0,0,7,30,4,0,34,38,6,0,44
176123,156,"ȘCOALAPRIMARĂ TINOASA",TINOASA,VN,142,0,0,0,0,3,0,0,3,4,0,0,4,11,0,0,11,38,0,0,38,59,1,0,60
176061,157,ȘCOALAGIMNAZIALĂLĂSTUNI,LĂSTUNI,VN,272,5,1,0,6,9,1,0,10,12,2,0,14,20,4,0,24,52,6,0,58,88,8,0,96
176098,158,"ȘCOALAPRIMARĂ POIENIȚA",POIENIŢA,VN,189,2,1,0,3,7,2,0,9,7,2,0,9,14,3,0,17,43,5,0,48,57,6,0,63
176034,159,"ȘCOALAPRIMARĂ DUMITREȘTII - FAȚĂ",DUMITREŞTII-FAŢĂ,VN,175,1,4,0,5,7,9,0,16,17,9,4,30,23,9,4,36,48,9,4,61,76,15,4,95
176016,160,"ȘCOALA PRIMARĂBICEȘTIIDE SUS","BICEŞTII DE SUS",VN,611,2,0,0,2,9,1,0,10,15,3,0,18,42,7,0,49,159,16,0,175,220,25,0,245
176052,161,"ȘCOALAPRIMARĂ GĂLOIEȘTI",GĂLOIEŞTI,VN,470,3,0,0,3,5,0,0,5,12,2,0,14,23,2,0,25,91,6,0,97,129,15,0,144
176007,162,"ȘCOALAPRIMARĂ BICEȘTII DE JOS","BICEŞTII DE JOS",VN,536,4,0,0,4,28,4,0,32,44,5,0,49,65,5,0,70,101,10,0,111,148,13,0,161
176169,163,"CĂMIN CULTURAL",FITIONEŞTI,VN,703,0,0,0,0,7,1,0,8,12,1,0,13,13,1,0,14,83,16,0,99,147,31,0,178
176169,164,"SCOALA CU CLASELE I-IV PISC",FITIONEŞTI,VN,557,0,0,0,0,6,3,0,9,12,3,0,15,18,4,0,22,64,4,0,68,97,9,0,106
176187,165,"GRADINITA GHIMICESTI",GHIMICEŞTI,VN,338,4,3,0,7,8,6,0,14,9,6,0,15,15,8,0,23,52,18,0,70,75,30,0,105
176203,166,"SCOALA I-IV MANASTIOARA",MĂNĂSTIOARA,VN,485,2,0,0,2,5,0,0,5,12,0,0,12,19,2,0,21,64,8,0,72,95,11,0,106
176203,167,"CENTRUL DE ZI SOCIO-EDUCATIONAL MULTIFUNCTIONAL COMUNA FITIONESTI",MĂNĂSTIOARA,VN,133,1,4,0,5,1,9,0,10,1,9,0,10,1,10,0,11,6,14,0,20,9,15,0,24
176221,168,"CAMINUL CULTURAL",GAROAFA,VN,1591,7,0,0,7,32,3,0,35,39,4,0,43,65,9,0,74,233,30,0,263,326,47,0,373
176230,169,"ŞCOALA PRIMARĂ",BIZIGHEŞTI,VN,596,7,3,0,10,13,3,0,16,24,3,0,27,35,5,0,40,94,10,0,104,126,13,0,139
176258,170,ŞCOALA,DOAGA,VN,373,2,4,0,6,4,4,0,8,9,5,0,14,15,8,0,23,57,16,0,73,102,26,0,128
176249,171,"ŞCOALA GIMNAZIALĂ ""PETRACHE BLÎNDU""",CIUŞLEA,VN,1305,10,3,0,13,52,17,0,69,86,25,0,111,109,27,0,136,192,44,0,236,242,54,0,296
174833,172,"ŞCOALA GIMNAZIALĂ GOLEŞTI",GOLEŞTI,VN,1379,16,0,0,16,42,4,0,46,58,5,0,63,96,7,0,103,214,22,0,236,282,31,0,313
174833,173,"CĂMIN CULTURAL GOLEŞTI",GOLEŞTI,VN,1887,16,1,0,17,56,7,0,63,69,7,0,76,101,7,0,108,236,19,0,255,329,26,0,355
174842,174,"GRĂDINIŢA GOLEŞTI",CEARDAC,VN,556,1,0,0,1,14,0,0,14,21,0,0,21,30,0,0,30,67,3,0,70,90,7,0,97
176766,175,"GRĂDINIȚA CU PROGRAM NORMAL GOLOGANU",GOLOGANU,VN,1190,6,3,0,9,19,3,0,22,22,3,0,25,33,5,0,38,104,8,0,112,151,8,0,159
176766,176,"ȘCOALA GIMNAZIALĂ ”PROF. GENERAL GHEORGHE GHEORGHIU” GOLOGANU",GOLOGANU,VN,1449,4,0,0,4,20,6,0,26,29,7,0,36,53,11,0,64,165,15,0,180,217,25,0,242
176310,177,"CĂMINUL CULTURAL „NICOLAE CIORĂSCU” GUGEŞTI",GUGEŞTI,VN,1641,7,0,0,7,32,0,0,32,42,1,0,43,81,2,0,83,165,9,0,174,218,14,0,232
176310,178,"ŞCOALAGIMNAZIALĂ NR.2 GUGEŞTI",GUGEŞTI,VN,1492,9,2,0,11,19,4,0,23,31,5,0,36,57,9,0,66,185,14,0,199,247,23,0,270
176310,179,"GRĂDINIȚACU PROGRAM NORMAL NR.3 GUGEŞTI",GUGEŞTI,VN,901,6,2,0,8,33,4,0,37,45,6,0,51,69,6,0,75,150,9,0,159,188,10,0,198
176310,180,"ŞCOALAGIMNAZIALĂ ,,ALEXANDRUVLAHUȚĂ” GUGEŞTI",GUGEŞTI,VN,1016,14,1,0,15,30,1,0,31,41,1,0,42,54,4,0,58,125,5,0,130,168,5,0,173
176329,181,"ŞCOALAGIMNAZIALĂ NR.4 OREAVU",OREAVU,VN,444,4,2,0,6,14,6,0,20,21,6,0,27,27,9,0,36,65,19,0,84,82,20,0,102
176347,182,"SCOALA GENERALA GURA CALITEI","GURA CALIŢEI",VN,828,7,1,0,8,11,1,0,12,13,1,0,14,27,4,0,31,101,14,0,115,132,18,0,150
176347,183,"SCOALA GENERALA LACU LUI BABAN","GURA CALIŢEI",VN,377,2,1,0,3,4,2,0,6,7,2,0,9,19,4,0,23,60,8,0,68,70,10,0,80
176347,184,"SCOALA GENERALA POIENILE","GURA CALIŢEI",VN,321,2,0,0,2,4,1,0,5,5,2,0,7,15,2,0,17,73,2,0,75,79,6,0,85
176347,185,"SCOALA GENERALA PLOPU","GURA CALIŢEI",VN,277,3,0,0,3,9,0,0,9,11,1,0,12,12,1,0,13,35,5,0,40,50,5,0,55
176347,186,"SCOALA GENERALA DEALUL LUNG","GURA CALIŢEI",VN,340,3,0,0,3,6,0,0,6,9,0,0,9,18,0,0,18,38,0,0,38,54,0,0,54
176454,187,"CAMINUL CULTURAL",HOMOCEA,VN,1564,3,0,0,3,23,0,0,23,31,2,0,33,56,4,0,60,215,13,0,228,328,18,0,346
176481,188,"CAMINUL CULTURAL",LESPEZI,VN,1047,2,3,0,5,7,4,0,11,13,5,0,18,36,9,0,45,141,18,0,159,221,22,0,243
176472,189,"SCOALA CU CLASELE I-IV",COSTIŞA,VN,295,2,0,0,2,5,0,0,5,5,0,0,5,10,0,0,10,34,11,0,45,67,19,0,86
176454,190,"GRADINITA NR. 1 CENTRU HOMOCEA",HOMOCEA,VN,1659,4,5,0,9,20,6,0,26,30,8,0,38,44,8,0,52,215,19,0,234,356,20,0,376
176454,191,"SCOALA CU CLASELE I-VIII",HOMOCEA,VN,1263,2,0,0,2,15,4,0,19,22,4,0,26,37,4,0,41,165,10,0,175,273,13,0,286
176515,192,"SCOALA GIMNAZIALA JARISTEA",JARIŞTEA,VN,1682,5,5,0,10,20,5,0,25,28,8,0,36,63,14,0,77,170,27,0,197,222,29,0,251
176515,193,"SCOALA PRIMARA NR 2 MARGINEA",JARIŞTEA,VN,699,4,1,0,5,12,4,0,16,17,5,0,22,35,11,0,46,78,38,0,116,117,55,0,172
176542,194,"SCOALA PRIMARA VARSATURA",VĂRSĂTURA,VN,470,2,0,0,2,10,0,0,10,21,0,0,21,24,4,0,28,52,12,0,64,70,20,0,90
176524,195,"SCOALA PRIMARA PADURENI",PĂDURENI,VN,393,6,2,0,8,9,4,0,13,16,10,0,26,25,11,0,36,56,25,0,81,104,30,0,134
176533,196,"SCOALA PRIMARA SCINTEIA",SCÎNTEIA,VN,170,2,2,0,4,3,3,0,6,5,3,0,8,6,4,0,10,25,8,0,33,43,18,0,61
176560,197,"SCOALA CU CLASELE I-IV JITIA",JITIA,VN,797,7,0,0,7,13,0,0,13,20,0,0,20,54,4,0,58,142,12,0,154,180,16,1,197
176597,198,"SCOALA CU CLASELE I-IV JITIA DE JOS NR.1","JITIA DE JOS",VN,328,5,2,0,7,8,4,0,12,8,5,0,13,13,5,0,18,75,7,0,82,132,9,0,141
176588,199,"SCOALA CU CLASELE I-IV DEALU SARII","DEALU SĂRII",VN,153,3,0,0,3,14,0,0,14,16,0,0,16,22,0,0,22,63,9,0,72,73,14,0,87
176622,200,"SCOALA GIMNAZIALA MAICANESTI",MĂICĂNEŞTI,VN,1189,10,1,0,11,50,4,0,54,59,5,0,64,119,14,0,133,193,23,0,216,288,31,9,328
176622,201,"SCOALAGENERALA TATARU",MĂICĂNEŞTI,VN,682,3,0,0,3,13,0,0,13,20,0,0,20,35,3,0,38,82,3,0,85,93,3,0,96
176640,202,"SCOALA GIMNAZIALA RIMNICENI",RÎMNICENI,VN,1279,11,1,0,12,33,6,0,39,68,6,0,74,160,15,0,175,324,32,0,356,412,37,0,449
176622,203,"SCOALA GENERALA SLOBOZIA-BOTESTI",MĂICĂNEŞTI,VN,233,3,0,0,3,5,0,0,5,10,4,0,14,17,10,0,27,36,16,0,52,48,21,0,69
176622,204,SCOALAGENERALASATU-NOU,MĂICĂNEŞTI,VN,228,2,2,0,4,19,5,0,24,28,8,0,36,30,10,0,40,49,13,0,62,62,20,0,82
176622,205,"GRADINITA CU PROGRAM NORMAL STUPINA",MĂICĂNEŞTI,VN,295,1,0,0,1,13,1,0,14,14,2,0,16,18,2,0,20,65,4,0,69,86,9,0,95
176695,206,"CĂMINUL CULTURAL ""DIMITRIE CANTEMIR""",MERA,VN,1620,7,2,0,9,17,2,0,19,20,2,0,22,44,4,0,48,211,27,0,238,310,39,0,349
176739,207,"SCOALA VULCANEASA",VULCĂNEASA,VN,1599,2,0,0,2,15,1,0,16,22,4,0,26,33,4,0,37,277,20,0,297,363,24,0,387
176757,208,"ȘCOALA GIMNAZIALĂ MILCOVUL",MILCOVUL,VN,1109,4,2,0,6,13,5,0,18,25,11,0,36,46,13,0,59,156,20,2,178,219,24,2,245
176757,209,"ȘCOALA GIMNAZIALĂ MILCOVUL",MILCOVUL,VN,1097,3,0,0,3,25,1,0,26,40,1,0,41,62,1,0,63,172,13,4,189,235,31,4,270
176775,210,"GRĂDINIȚA CU PROGRAM NORMAL LĂMOTEȘTI",LĂMOTEŞTI,VN,861,11,0,0,11,31,3,0,34,37,8,0,45,50,9,0,59,131,14,7,152,173,20,7,200
176819,211,"SCOALA PRIMARA DIOCHETI-REDIU",DIOCHEŢIREDIU,VN,580,1,0,0,1,8,0,0,8,12,0,0,12,35,4,0,39,106,11,0,117,200,20,0,220
176800,212,"GRADINITA SPERIETI",MOVILIŢA,VN,388,2,1,0,3,7,3,0,10,11,4,0,15,21,5,0,26,73,17,0,90,115,22,0,137
176800,213,"SCOALA NR.2",MOVILIŢA,VN,676,8,1,0,9,13,2,0,15,17,2,0,19,39,3,0,42,89,9,0,98,137,13,0,150
176800,214,"SCOALA NR.1",MOVILIŢA,VN,734,6,1,0,7,10,2,0,12,11,4,0,15,19,4,0,23,95,15,0,110,136,21,0,157
176837,215,"SCOALA PRIMARA TROTUSANU",TROTUŞANU,VN,380,1,1,0,2,4,2,0,6,16,5,0,21,21,10,0,31,55,13,0,68,81,16,0,97
176828,216,"SCOALA PRIMARA FRECATEI",FRECĂŢEI,VN,408,0,0,0,0,2,0,0,2,3,0,0,3,9,3,0,12,44,4,0,48,79,12,0,91
176864,217,"CAMIN CULTURAL NANESTI",NĂNEŞTI,VN,1077,5,5,0,10,12,9,0,21,17,15,0,32,27,15,0,42,61,23,0,84,117,42,0,159
176882,218,"CAMIN CULTURAL CALIENII-VECHI","CĂLIENII VECHI",VN,585,4,1,0,5,16,5,0,21,20,8,0,28,31,10,0,41,73,26,0,99,94,31,0,125
176873,219,"SCOALA CALIENII-NOI","CĂLIENII NOI",VN,272,1,1,0,2,6,5,0,11,6,6,0,12,15,8,0,23,41,20,0,61,49,24,0,73
176908,220,"CĂMINUL CULTURAL",NĂRUJA,VN,1004,6,4,0,10,23,11,0,34,33,11,0,44,58,15,0,73,270,27,0,297,442,38,22,502
176917,221,"ŞCOALA CU CLASELE I-IV","PODU NĂRUJEI",VN,540,0,0,0,0,17,0,0,17,24,2,0,26,53,4,0,57,118,16,0,134,186,23,6,215
175242,222,"ȘCOALA GIMNAZIALĂ ,,DUMITRU PRICOP''",NEGRILEŞTI,VN,1428,13,0,0,13,51,4,35,90,61,7,35,103,103,8,35,146,293,14,40,347,362,18,40,420
176953,223,"SCOALA "" DIMITRIE GUSTI""NEREJU",NEREJU,VN,1408,10,6,0,16,42,6,0,48,56,7,0,63,97,9,0,106,368,19,0,387,469,28,0,497
176980,224,"SCOALA GIMNAZIALA NEREJU-MIC","NEREJU MIC",VN,1466,8,0,0,8,39,0,0,39,56,0,0,56,113,5,0,118,394,14,0,408,533,19,0,552
176980,225,"INTERNAT SCOLAR","NEREJU MIC",VN,587,1,1,0,2,8,1,0,9,10,3,0,13,48,9,0,57,176,15,0,191,232,18,0,250
177095,226,"ȘCOALA GIMNAZIALĂ NISTOREȘTI",BÎTCARI,VN,919,5,0,0,5,10,0,12,22,14,2,31,47,38,3,31,72,170,10,31,211,227,13,31,271
177094,227,"CĂMINUL CULTURAL",VETREŞTI-HERĂSTRĂU,VN,837,1,0,5,6,19,4,40,63,21,4,49,74,53,5,49,107,137,9,49,195,197,11,49,257
178064,228,"SCOALA GIMNAZIALĂ OBREJIŢA",OBREJIŢA,VN,1284,7,0,0,7,20,0,0,20,24,0,0,24,33,0,0,33,111,8,0,119,170,12,0,182
177110,229,"CAMIN CULTURAL PALTIN",PALTIN,VN,1122,9,1,0,10,28,6,0,34,38,11,0,49,58,11,0,69,271,15,0,286,352,20,0,372
177110,230,"CAMIN CULTURAL PRAHUDA",PALTIN,VN,468,1,3,0,4,9,3,0,12,23,8,0,31,45,8,0,53,160,24,0,184,205,29,0,234
178171,231,"CAMIN CULTURAL PĂULEȘTI",PĂULEŞTI,VN,621,13,0,0,13,21,1,0,22,26,1,0,27,37,1,0,38,172,8,0,180,213,13,1,227
178171,232,"ŞCOALA CU CLASELE I-IV FUNDATURA",PĂULEŞTI,VN,435,6,3,0,9,22,4,0,26,26,4,0,30,35,4,0,39,109,7,0,116,152,7,0,159
178153,233,"CĂMINUL CULTURAL HĂULIȘCA",HĂULIŞCA,VN,556,4,3,0,7,18,8,0,26,29,12,0,41,52,14,0,66,167,16,0,183,201,20,0,221
177245,234,"SCOALA PRIMARA SURLEA",PĂUNEŞTI,VN,1126,1,0,0,1,3,0,0,3,9,0,0,9,34,3,0,37,95,10,0,105,134,13,0,147
177245,235,"SCOALA PRIMARA NOVACESTI",PĂUNEŞTI,VN,1461,3,0,0,3,11,4,0,15,22,5,0,27,46,7,0,53,192,23,0,215,279,35,0,314
177245,236,"SCOALA PRIMARA BOSTANESTI",PĂUNEŞTI,VN,925,5,3,0,8,7,4,0,11,8,4,0,12,48,5,0,53,105,14,0,119,138,18,0,156
177254,237,"GRADINITA CU PROGRAM NORMAL VIISOARA",VIIŞOARA,VN,810,1,1,0,2,6,1,0,7,14,2,0,16,36,4,0,40,107,5,0,112,143,11,0,154
177245,238,"CAMIN CULTURAL PAUNESTI",PĂUNEŞTI,VN,1105,3,6,0,9,9,7,0,16,9,7,0,16,30,9,0,39,70,29,0,99,111,36,1,148
176490,239,"SCOALA GENERALA NR.1, CORP A",PLOSCUŢENI,VN,1003,9,0,0,9,16,1,0,17,19,1,0,20,57,2,0,59,103,6,1,110,159,11,1,171
176490,240,"SCOALA GENERALA NR.1, CORP B",PLOSCUŢENI,VN,1126,14,2,0,16,27,4,0,31,35,4,0,39,57,6,0,63,132,10,5,147,199,16,5,220
176463,241,"SCOALA PRIMARA SAT ARGEA",ARGEA,VN,339,3,0,0,3,9,0,0,9,12,0,0,12,17,1,0,18,46,1,0,47,103,6,0,109
177272,242,"CAMIN CULTURAL POIANA CRISTEI, PRIMARIA COMUNEI POIANA CRISTEI","POIANA CRISTEI",VN,946,11,1,0,12,19,1,0,20,33,2,0,35,44,2,0,46,144,5,0,149,215,10,0,225
177334,243,"SCOALA CU CLASELE I-IV SAT PODU LACULUI, SCOALA COORDONATOARE POIANA CRISTEI","PODU LACULUI",VN,529,4,1,0,5,10,3,0,13,21,4,0,25,31,4,0,35,144,12,0,156,190,13,0,203
177307,244,"SCOALA CU CLASELE I-IV SAT MAHRIU, SCOALA COORDONATORARE POIANA CRISTEI",MAHRIU,VN,317,1,0,0,1,3,0,0,3,9,0,0,9,11,2,0,13,75,3,0,78,117,9,0,126
177325,245,"SCOALA CU CLASELE I-IV SAT PETREANU. SCOALA COORDONATOARE POIANA CRISTEI",PETREANU,VN,123,0,0,0,0,5,1,0,6,9,4,0,13,15,5,0,20,28,8,0,36,41,8,0,49
177343,246,"SCOALA CU CLASELE I-VIII SAT TIRITU, SCOALA COORDONATOARE POIANA CRISTEI",TÎRÎTU,VN,232,5,0,0,5,11,0,0,11,25,2,0,27,25,2,0,27,64,2,0,66,96,4,0,100
178297,247,"SCOALA GIMNAZIALA PROFESOR DOCTOR GENERAL GHEORGHE V. ZAHARIA",POPEŞTI,VN,1130,2,0,0,2,8,3,0,11,18,4,0,22,23,4,0,27,74,13,0,87,105,21,0,126
178297,248,"GRĂDINIȚA CU PROGRAMNORMAL NR.2 POPEȘTI",POPEŞTI,VN,921,0,0,0,0,6,0,0,6,14,0,0,14,20,0,0,20,74,2,0,76,123,5,0,128
178304,249,"SCOALA PRIMARA TERCHESTI",TERCHEŞTI,VN,505,1,0,0,1,6,0,0,6,8,1,0,9,11,1,0,12,24,5,0,29,29,10,0,39
177361,250,"ŞCOALA GIMNAZIALĂPUFEŞTI",PUFEŞTI,VN,1318,5,0,0,5,26,1,0,27,31,2,0,33,46,5,0,51,106,13,0,119,162,16,0,178
177370,251,"GRĂDINIŢA CIORANI",CIORANI,VN,817,8,0,0,8,14,4,0,18,18,6,0,24,28,7,0,35,100,17,0,117,137,19,0,156
177398,252,"ŞCOALA GIMNAZIALĂ DOMNEŞTI",DOMNEŞTI-TÎRG,VN,1233,3,1,0,4,18,1,0,19,25,2,0,27,42,2,0,44,95,10,0,105,161,13,0,174
177414,253,"SCOALA GENERALA RACOASA",RĂCOASA,VN,916,5,1,0,6,13,1,0,14,24,4,0,28,39,5,0,44,139,18,0,157,203,28,0,231
177423,254,"SCOALA PRIMARA GOGOIU",GOGOIU,VN,179,0,0,0,0,0,0,0,0,5,0,0,5,12,2,0,14,34,6,0,40,52,10,0,62
177432,255,"SCOALA PRIMARA MARASTI",MĂRĂŞTI,VN,434,1,1,0,2,5,1,0,6,9,4,0,13,19,4,0,23,66,12,0,78,117,15,0,132
177441,256,"SCOALA PRIMARA VARNITA",VARNIŢA,VN,448,5,2,0,7,8,3,0,11,15,4,0,19,26,5,0,31,68,11,0,79,99,14,0,113
177450,257,"SCOALA PRIMARA VERDEA",VERDEA,VN,588,0,1,0,1,6,1,0,7,11,1,0,12,22,2,0,24,157,15,0,172,225,29,0,254
176784,258,"ŞCOALA GIMNAZIALĂ CU CLASELE I-VIII RĂSTOACA",RĂSTOACA,VN,1242,10,0,0,10,29,1,0,30,35,1,0,36,55,3,0,58,154,8,0,162,230,12,27,269
176784,259,"ŞCOALA GIMNAZIALĂ CU CLASELE I-VIII RĂSTOACA",RĂSTOACA,VN,864,4,2,0,6,19,2,0,21,27,2,0,29,48,3,0,51,114,6,14,134,169,7,16,192
177520,260,"SCOALA GIMNAZIALA SINDRILARI NR. 1",ŞINDRILARI,VN,985,4,1,0,5,20,2,0,22,24,4,0,28,57,5,0,62,255,16,0,271,344,19,0,363
177478,261,"SCOALA PRIMARA REGHIU",REGHIU,VN,532,2,1,0,3,10,4,0,14,13,4,0,17,27,4,0,31,108,12,0,120,142,20,0,162
177511,262,"ȘCOALA PRIMARĂ RĂIUȚI",RĂIUŢI,VN,286,2,1,0,3,11,1,0,12,18,1,0,19,24,3,0,27,100,9,0,109,120,12,0,132
177566,263,"GRĂDINIȚA CU PROGRAM NORMAL RUGINEȘTI",RUGINEŞTI,VN,791,8,3,0,11,11,4,0,15,20,6,5,31,43,10,5,58,131,25,5,161,175,33,6,214
177566,264,"GRĂDINIȚA CU PROGRAM NORMAL RUGINEȘTI",RUGINEŞTI,VN,788,6,0,0,6,11,1,0,12,12,2,10,24,37,4,10,51,117,18,10,145,157,22,13,192
177575,265,"GRĂDINIȚA CU PROGRAM NORMAL ANGHELEȘTI",ANGHELEŞTI,VN,1017,2,0,0,2,25,3,0,28,38,5,0,43,53,6,0,59,182,20,5,207,292,33,6,331
177584,266,"SCOALA GENERALA",COPĂCEŞTI,VN,588,5,2,0,7,6,2,0,8,13,2,0,15,23,2,0,25,83,13,0,96,154,17,0,171
177593,267,"SCOALA GENERALA",VĂLENI,VN,256,4,0,0,4,15,1,0,16,16,2,0,18,25,2,5,32,54,8,5,67,69,11,5,85
177619,268,"PRIMARIA COMUNEI SIHLEA",SIHLEA,VN,1893,12,1,0,13,45,4,0,49,61,11,0,72,81,12,0,93,213,30,0,243,336,38,0,374
177637,269,"SCOALA CĂIATA",CĂIATA,VN,565,3,3,0,6,8,6,0,14,14,9,0,23,19,9,0,28,58,14,0,72,77,23,0,100
177628,270,"GRADINIŢA BOGZA",BOGZA,VN,743,12,2,0,14,45,4,0,49,58,4,0,62,82,8,0,90,168,32,0,200,220,45,0,265
177646,271,"SCOALA VOETIN",VOETIN,VN,902,10,1,0,11,18,3,0,21,30,7,0,37,37,14,0,51,91,20,0,111,138,27,0,165
177664,272,"ŞCOALA GIMNAZIALĂ SLOBOZIA BRADULUI SALA A","SLOBOZIA BRADULUI",VN,648,7,5,0,12,21,5,0,26,40,8,0,48,47,12,0,59,125,25,0,150,212,30,0,242
177664,273,"ŞCOALA GIMNAZIALĂ SLOBOZIA BRADULUI SALA B","SLOBOZIA BRADULUI",VN,758,10,0,0,10,29,2,0,31,41,4,0,45,55,5,0,60,160,7,0,167,239,14,0,253
177664,274,"ŞCOALA GIMNAZIALĂ SLOBOZIA BRADULUI SALA C","SLOBOZIA BRADULUI",VN,1061,3,2,0,5,21,2,0,23,56,2,0,58,60,3,0,63,193,4,0,197,292,4,0,296
177682,275,"ŞCOALA GIMNAZIALĂ COROTENI",COROTENI,VN,778,2,2,0,4,11,4,0,15,11,7,0,18,25,8,0,33,88,16,0,104,132,19,0,151
177673,276,"ŞCOALA PRIMARĂCORNETU SALA A",CORNETU,VN,494,3,3,0,6,25,6,0,31,37,7,0,44,48,7,0,55,90,9,0,99,145,12,0,157
177673,277,"ŞCOALA PRIMARĂ CORNETU SALA B",CORNETU,VN,545,3,0,0,3,16,0,0,16,32,0,0,32,38,0,0,38,109,2,0,111,164,4,0,168
177735,278,"CĂMINUL CULTURAL","SLOBOZIA CIORĂŞTI",VN,1110,15,5,0,20,29,16,0,45,65,23,0,88,86,28,0,114,196,46,19,261,296,59,19,374
177753,279,"GRĂDINIȚA CU PROGRAM NORMAL JILIȘTE",JILIŞTE,VN,569,4,3,0,7,11,5,0,16,18,6,0,24,33,7,0,40,102,11,0,113,177,21,16,214
177771,280,"SCOALA GENERAL[ SIMION MEHEDINTI",DRAGOSLOVENI,VN,1078,7,4,0,11,27,10,0,37,33,10,0,43,63,15,0,78,191,34,0,225,241,40,0,281
177780,281,"FOSTA SCOALA GENERALA",RUCĂRENI,VN,777,8,1,0,9,23,2,0,25,35,3,0,38,48,7,0,55,144,24,0,168,187,29,0,216
177174,282,CAMINULCULTURAL,SPULBER,VN,1010,4,0,0,4,24,1,0,25,29,1,0,30,51,2,0,53,299,16,0,315,425,18,0,443
177806,283,"CAMINUL CULTURAL STRAOANE DE JOS",STRĂOANE,VN,1175,8,3,0,11,29,5,0,34,41,6,0,47,67,11,0,78,176,23,0,199,263,38,0,301
177806,284,"CAMINUL CULTURAL STRAOANE DE SUS",STRĂOANE,VN,733,6,5,0,11,18,5,0,23,20,6,0,26,38,9,0,47,99,19,0,118,144,24,0,168
177824,285,"SCOALA GENERALA REPEDEA",REPEDEA,VN,286,7,2,0,9,10,2,0,12,14,4,0,18,31,5,0,36,56,5,0,61,81,5,0,86
177815,286,"CAMIN CULTURAL",MUNCELU,VN,792,5,1,0,6,20,1,0,21,26,5,0,31,51,10,0,61,126,28,0,154,183,39,0,222
177851,287,"SCOALA GIMNAZIALA SURAIA",SURAIA,VN,1780,2,0,0,2,22,1,0,23,35,1,14,50,47,1,14,62,149,3,14,166,215,17,14,246
177851,288,"GRADINITA NR. 2 SURAIA",SURAIA,VN,1544,6,2,0,8,20,3,0,23,33,4,11,48,43,6,14,63,115,10,14,139,156,12,14,182
177851,289,"SCOALA VECHE SURAIA",SURAIA,VN,1605,7,0,0,7,19,4,6,29,32,4,6,42,40,4,6,50,114,12,6,132,169,17,6,192
177888,290,"CAMIN CULTURAL",TĂNĂSOAIA,VN,748,20,1,0,21,33,2,4,39,39,2,4,45,50,4,5,59,125,24,5,154,166,24,5,195
177889,291,"BIROU ASISTENŢĂ",FELDIOARA,VN,567,2,0,0,2,3,1,0,4,4,1,7,12,33,3,7,43,77,6,8,91,112,8,8,128
177888,292,"SCOALA GENERALA",TĂNĂSOAIA,VN,197,5,2,1,8,16,6,19,41,19,6,19,44,34,8,20,62,65,10,20,95,92,20,20,132
177888,293,"SCOALA GENERALA",TĂNĂSOAIA,VN,205,1,1,0,2,4,2,0,6,6,2,12,20,15,2,12,29,67,23,12,102,85,24,12,121
177995,294,"SCOALA GIMNAZIALA TATARANU",TĂTĂRANU,VN,1190,12,1,0,13,30,2,0,32,32,2,0,34,46,3,0,49,136,10,1,147,194,17,1,212
178028,295,"FOSTA SCOALA GENERALA MARTINESTI",MĂRTINEŞTI,VN,561,6,0,0,6,15,8,0,23,18,11,0,29,21,14,0,35,53,25,0,78,92,30,0,122
178037,296,"FOSTA SCOALA PRIMARA VIJIITOAREA",VÎJÎITOAREA,VN,192,10,5,0,15,23,12,0,35,34,13,0,47,46,16,0,62,68,20,0,88,77,22,0,99
178019,297,"SCOALA GIMNAZIALA NR. 2 BORDEASCA VECHE","BORDEASCA VECHE",VN,653,2,3,0,5,11,5,0,16,23,15,0,38,44,20,0,64,98,27,0,125,114,29,0,143
178000,298,"FOSTA SCOALA GENERALA BORDEASCA NOUA","BORDEASCA NOUĂ",VN,347,1,0,0,1,11,5,0,16,17,6,0,23,19,7,0,26,46,13,0,59,66,20,0,86
178019,299,"FOSTA SCOALA GENERALA NR. 1 BORDEASCA VECHE","BORDEASCA VECHE",VN,870,6,1,0,7,20,3,0,23,36,4,0,40,54,8,0,62,105,20,0,125,146,34,0,180
178055,300,PRIMARIE,TÂMBOEŞTI,VN,1049,5,2,0,7,9,2,0,11,14,3,0,17,20,6,0,26,46,20,0,66,54,27,0,81
178091,301,"SCOALA SLIMNIC",SLIMNIC,VN,1191,1,0,0,1,15,3,0,18,47,3,0,50,61,3,0,64,134,15,0,149,194,22,0,216
178108,302,"SCOALA TRESTIENI",TRESTIENI,VN,141,0,0,0,0,2,3,0,5,7,3,0,10,10,3,0,13,11,5,0,16,17,5,0,22
178126,303,"CASA OBŞTII TULNICI",TULNICI,VN,1150,8,1,0,9,40,5,0,45,49,5,0,54,107,5,0,112,227,16,0,243,293,22,0,315
178126,304,"CASA OBŞTII TULNICI",TULNICI,VN,1204,7,0,0,7,33,1,0,34,43,1,0,44,101,1,0,102,228,7,0,235,296,9,0,305
178135,305,"ŞCOALA COZA",COZA,VN,668,5,1,0,6,22,1,0,23,30,6,0,36,66,7,0,73,203,17,0,220,255,19,0,274
178162,306,"ŞCOALA LEPŞA",LEPŞA,VN,367,2,4,0,6,8,14,0,22,9,26,0,35,11,26,0,37,56,69,0,125,82,91,0,173
178199,307,"ȘCOALA GIMNAZIALĂ ȚIFEȘTI",ŢIFEŞTI,VN,857,0,0,0,0,5,0,0,5,7,0,0,7,20,2,0,22,62,12,0,74,88,19,0,107
178206,308,"ȘCOALA GIMNAZIALĂ BĂTINEȘTI",BĂTINEŞTI,VN,1302,8,2,0,10,20,5,0,25,35,8,0,43,46,8,0,54,134,20,0,154,233,30,0,263
178215,309,"ȘCOALA GIMNAZIALĂ CLIPICEȘTI",CLIPICEŞTI,VN,685,2,0,0,2,11,0,0,11,16,0,0,16,26,0,0,26,59,0,0,59,73,8,0,81
178233,310,"ȘCOALA CU CLASELE I-IV OLEȘEȘTI",OLEŞEŞTI,VN,740,9,1,0,10,11,1,0,12,18,2,0,20,28,2,0,30,56,12,0,68,85,20,0,105
178251,311,"GRĂDINIȚA CU PROGRAM NORNAL SÎRBI",SÎRBI,VN,638,4,0,0,4,18,5,0,23,22,6,0,28,39,10,0,49,87,20,0,107,116,26,0,142
178288,312,"CONSILIUL LOCAL URECHEŞTI",URECHEŞTI,VN,1825,8,3,0,11,24,12,0,36,38,15,0,53,61,16,0,77,195,43,0,238,247,47,0,294
178288,313,"ŞCOALA PRIMARĂ URECHEŞTI",URECHEŞTI,VN,463,0,0,0,0,7,1,0,8,10,2,0,12,21,4,0,25,37,12,0,49,52,13,0,65
178322,314,"SCOALA GIMNAZIALĂ ,, VASILE IFTIMESCU "" VALEA SARII","VALEA SĂRII",VN,651,3,1,0,4,15,2,0,17,19,3,0,22,43,3,0,46,137,13,0,150,203,14,0,217
178322,315,"CAMINUL CULTURAL COLACU","VALEA SĂRII",VN,616,3,0,0,3,16,0,0,16,29,1,0,30,43,1,0,44,120,5,0,125,177,7,0,184
178322,316,"SCOALA GENERALA PODURI","VALEA SĂRII",VN,240,1,0,0,1,9,0,0,9,12,0,0,12,17,2,0,19,61,6,0,67,83,8,0,91
178322,317,SCOALAPRISACA,"VALEA SĂRII",VN,157,8,0,0,8,13,0,0,13,17,3,0,20,24,4,0,28,48,4,0,52,77,7,0,84
178386,318,"SALA DE SPORT VIDRA",VIDRA,VN,1458,14,3,0,17,58,10,0,68,70,14,21,105,101,20,21,142,242,41,21,304,316,48,21,385
178466,319,"SCOALA GENERALA",VOLOŞCANI,VN,293,2,0,0,2,3,0,0,3,4,3,0,7,12,4,0,16,43,8,0,51,76,11,0,87
178402,320,"SCOALA GENERALA",IREŞTI,VN,755,2,0,0,2,9,5,0,14,16,7,0,23,43,8,0,51,143,25,0,168,185,34,0,219
178439,321,"SCOALA GENERALA",ŞERBEŞTI,VN,475,3,0,0,3,13,5,0,18,20,5,0,25,26,6,0,32,88,25,0,113,103,36,0,139
178395,322,"SCOALA GENERALA",BURCA,VN,645,3,5,0,8,6,8,0,14,12,8,0,20,19,8,0,27,74,12,0,86,113,18,0,131
178395,323,"SCOALA GENERALA",BURCA,VN,705,1,0,0,1,10,2,0,12,15,2,0,17,19,3,0,22,49,6,0,55,109,8,0,117
178420,324,"SCOALA GENERALA",SCAFARI,VN,363,3,3,0,6,9,4,0,13,16,4,0,20,21,5,0,26,89,16,0,105,143,22,0,165
178448,325,"ȘCOALA GENERALĂ TICHIRIȘ - ȘCOALA NOUĂ",TICHIRIŞ,VN,645,3,3,0,6,11,5,0,16,17,5,0,22,38,5,0,43,120,8,0,128,155,9,0,164
178457,326,"SCOALA GENERALA",VIIŞOARA,VN,575,3,1,0,4,10,1,0,11,14,2,0,16,22,2,0,24,136,5,0,141,185,9,0,194
178484,327,"SCOALA GIMNAZIALA „REGINA MARIA” VINTILEASCA",VINTILEASCA,VN,631,4,1,0,5,23,2,0,25,41,5,0,46,88,12,0,100,205,34,0,239,269,40,0,309
178518,328,"GRADINITA „VOINICELUL” NECULELE",NECULELE,VN,382,2,0,0,2,15,7,0,22,28,9,0,37,34,13,0,47,118,23,2,143,140,26,2,168
178493,329,"SCOALA GIMNAZIALA „ PICTOR MIHAIL BALASESCU” BAHNELE",BAHNELE,VN,466,3,0,0,3,12,3,0,15,19,3,0,22,38,9,0,47,159,12,0,171,204,14,0,218
178509,330,"SCOALA ION CREANGA DUPA MAGURA","DUPĂ MĂGURA",VN,75,1,0,0,1,3,0,0,3,6,0,0,6,6,0,0,6,20,4,0,24,25,5,0,30
178527,331,"STAȚIE DE AȘTEPTARE MICROBUZ","POIANA STOICHII",VN,56,0,0,0,0,3,2,0,5,4,2,0,6,6,6,0,12,23,7,0,30,29,8,0,37
178590,332,"SCOALA DIN VIZANTEA RAZASEASCA","VIZANTEA RĂZĂŞEASCĂ",VN,636,8,1,0,9,29,4,0,33,46,9,0,55,56,13,0,69,171,22,24,217,222,27,24,273
178581,333,"SCOALA DIN VIZANTEA MANASTIREASCA","VIZANTEA MĂNĂSTIREASCĂ",VN,1426,11,0,0,11,35,3,0,38,47,4,30,81,78,5,30,113,282,18,30,330,313,19,30,362
178572,334,"SOALA DIN PIISCU-RADULUI","PISCU RADULUI",VN,355,3,4,0,7,4,8,0,12,5,8,0,13,15,8,0,23,53,10,0,63,74,11,0,85
178563,335,"SCOALA DIN MESTEACANU",MESTEACĂNU,VN,304,5,0,0,5,7,1,0,8,7,1,0,8,13,4,0,17,62,7,0,69,102,7,0,109
178554,336,"SCOALA DIN LIVEZILE",LIVEZILE,VN,578,2,0,0,2,8,1,0,9,13,1,0,14,17,6,0,23,92,9,0,101,129,21,0,150
178616,337,"ŞCOALA GIMNAZIALĂ VÎNĂTORI",VÎNĂTORI,VN,1135,11,4,0,15,20,5,0,25,33,9,0,42,63,12,0,75,143,30,0,173,191,38,0,229
178634,338,"GRĂDINIŢA CU PROGRAM NORMAL JORĂŞTI",JORĂŞTI,VN,1288,4,1,0,5,25,1,0,26,35,2,0,37,52,2,0,54,173,17,0,190,273,26,0,299
178661,339,"GRĂDINIŢA CU PROGRAM PRELUNGIT PETREŞTI",PETREŞTI,VN,1205,2,4,0,6,23,4,0,27,35,4,0,39,47,4,0,51,159,17,0,176,218,37,0,255
178643,340,"ŞCOALA GIMNAZIALĂ MIRCEŞTII NOI","MIRCEŞTII NOI",VN,751,1,2,0,3,15,3,0,18,17,5,0,22,41,6,0,47,99,15,0,114,148,30,0,178
178652,341,"DISPENSARUL UMAN MIRCEŞTII VECHI","MIRCEŞTII VECHI",VN,252,2,1,0,3,12,1,0,13,14,2,0,16,23,5,0,28,45,12,0,57,80,19,0,99
178625,342,"ŞCOALA PRIMARĂ BALTA RAŢEI","BALTA RAŢEI",VN,239,2,0,0,2,3,1,0,4,4,3,0,7,5,5,0,10,22,10,0,32,34,13,0,47
178670,343,"GRĂDINIŢA CU PROGRAM NORMAL RĂDULEŞTI",RĂDULEŞTI,VN,746,3,2,0,5,12,3,0,15,21,6,0,27,32,8,0,40,83,15,0,98,117,22,0,139
178698,344,"CAMIN CULTURALVIRTESCOIU",VÎRTEŞCOIU,VN,1270,2,0,0,2,23,0,0,23,32,5,0,37,42,5,0,47,134,23,0,157,239,28,0,267
178714,345,"ȘCOALA GIMNAZIALĂFARAOANELE",FARAOANELE,VN,1024,4,0,0,4,10,5,0,15,31,9,0,40,54,10,0,64,186,17,0,203,250,28,0,278
178705,346,SCOALABECIU,BECIU,VN,346,1,3,0,4,8,4,0,12,11,5,0,16,17,7,0,24,55,26,0,81,83,30,0,113
178741,347,"SCOALA PRIMARA RIMNICEANCA",RÎMNICEANCA,VN,228,1,0,0,1,5,0,0,5,13,1,0,14,15,2,0,17,34,7,0,41,47,13,0,60
178769,348,"CAMIN CULTURAL VRINCIOAIA",VRÎNCIOAIA,VN,502,7,0,0,7,31,0,0,31,44,0,0,44,70,0,0,70,172,4,0,176,191,5,9,205
178803,349,"SCOALA PRIMARĂ POIANA - SALA GRADINIȚEI",POIANA,VN,573,0,1,0,1,8,3,0,11,13,4,0,17,42,11,0,53,141,19,0,160,175,22,19,216
178812,350,"CĂMIN CULTURAL SAT SPINEȘTI",SPINEŞTI,VN,626,0,0,0,0,5,1,0,6,10,1,0,11,17,1,0,18,114,9,0,123,151,10,24,185
178787,351,"SCOALA PRIMARA MUNCEI",MUNCEI,VN,582,3,0,0,3,8,2,0,10,12,3,0,15,22,3,0,25,141,12,23,176,183,14,23,220
178830,352,"SCOALA GENERALA VULTURU",VULTURU,VN,1245,7,0,0,7,21,4,0,25,34,6,0,40,42,7,0,49,116,18,0,134,182,25,0,207
178830,353,"SCOALA GENERALA VULTURU",VULTURU,VN,1275,4,0,0,4,14,1,0,15,26,2,0,28,38,3,0,41,111,11,0,122,158,14,0,172
178830,354,"GRADINITA NR 1",VULTURU,VN,1281,0,0,0,0,11,1,0,12,25,6,0,31,42,6,0,48,117,14,0,131,172,21,0,193
178849,355,"SCOALA BOTARLAU",BOŢÎRLĂU,VN,1224,8,0,0,8,20,0,0,20,34,3,0,37,42,7,0,49,131,18,0,149,175,25,0,200
178858,356,"SCOALA HANGULESTI",HÎNGULEŞTI,VN,973,4,1,0,5,47,5,0,52,74,13,0,87,100,19,0,119,234,36,0,270,305,45,0,350
178867,357,"SCOALA MALURI",MALURI,VN,468,3,2,0,5,10,6,0,16,11,7,0,18,18,10,0,28,50,25,0,75,60,31,0,91
178876,358,"SCOALA VADU ROSCA","VADU ROŞCA",VN,588,2,5,0,7,21,7,0,28,35,9,0,44,50,10,0,60,106,18,0,124,145,24,0,169
161954,1,"MUZEUL JUDEŢEAN ,,ŞTEFAN CEL MARE""",VASLUI,VS,1481,20,0,0,20,101,4,0,105,136,4,0,140,172,7,0,179,286,16,0,302,341,24,0,365
161954,2,"MUZEUL JUDEŢEAN ,,ŞTEFAN CEL MARE""",VASLUI,VS,1678,9,3,0,12,51,4,0,55,81,4,0,85,104,4,0,108,198,6,0,204,251,10,1,262
161954,3,"LICEUL TEORETIC ""MIHAIL KOGĂLNICEANU""",VASLUI,VS,1597,11,1,0,12,39,3,0,42,58,3,0,61,75,3,0,78,145,4,0,149,190,10,0,200
161954,4,"LICEUL TEORETIC ""MIHAIL KOGĂLNICEANU""",VASLUI,VS,3420,9,0,0,9,28,1,0,29,43,4,0,47,46,4,0,50,88,5,0,93,108,6,0,114
161954,5,"LICEUL TEORETIC ""MIHAIL KOGĂLNICEANU""",VASLUI,VS,2124,10,1,0,11,38,3,0,41,44,3,0,47,56,5,0,61,120,5,0,125,145,12,0,157
161954,6,"S.C. COREVAS S.R.L.",VASLUI,VS,1001,6,2,0,8,20,3,0,23,33,3,0,36,45,3,0,48,116,3,0,119,148,5,0,153
161954,7,"S.C. COREVAS S.R.L.",VASLUI,VS,1043,15,4,0,19,36,4,0,40,47,4,0,51,57,4,0,61,132,5,0,137,169,7,0,176
161954,8,"GRĂDINIȚA CU PROGRAM PRELUNGIT NR.15",VASLUI,VS,1543,22,1,14,37,67,3,14,84,86,3,14,103,111,4,14,129,237,10,14,261,282,15,14,311
161954,9,"ȘCOALA GIMNAZIALĂ ”CONSTANTIN PARFENE”",VASLUI,VS,2448,5,0,0,5,20,0,0,20,27,0,0,27,39,0,0,39,100,7,0,107,121,8,0,129
161954,10,"ȘCOALA GIMNAZIALĂ ”CONSTANTIN PARFENE”",VASLUI,VS,1854,4,0,0,4,13,1,0,14,16,3,0,19,20,5,0,25,39,6,0,45,46,9,0,55
161954,11,"ȘCOALA GIMNAZIALĂ ”CONSTANTIN PARFENE”",VASLUI,VS,3378,0,2,0,2,0,2,0,2,0,2,0,2,0,3,0,3,0,3,0,3,1,5,0,6
161954,12,"ȘCOALA GIMNAZIALĂ ”CONSTANTIN PARFENE”",VASLUI,VS,5673,1,0,0,1,10,0,1,11,18,1,1,20,23,2,1,26,72,11,1,84,97,11,1,109
161954,13,"ȘCOALA GIMNAZIALĂ ”CONSTANTIN PARFENE”",VASLUI,VS,722,0,0,0,0,3,0,0,3,3,0,0,3,4,3,0,7,11,3,0,14,13,3,0,16
161954,14,"GRĂDINIȚA CU PROGRAM PRELUNGIT NR.5",VASLUI,VS,3067,16,0,0,16,31,0,0,31,43,4,0,47,67,4,0,71,125,5,0,130,149,8,0,157
161954,15,"GRĂDINIȚA CU PROGRAM PRELUNGIT NR.5",VASLUI,VS,2755,5,0,0,5,12,0,0,12,16,0,0,16,28,6,0,34,56,6,0,62,71,6,0,77
161954,16,"ROMSILVA - RA - FILIALA VASLUI",VASLUI,VS,1741,9,2,0,11,50,2,0,52,76,5,0,81,107,6,0,113,234,9,0,243,291,13,0,304
161954,17,"CENTRUL ŞCOLAR DE EDUCAŢIE INCLUZIVĂ ,,ELISABETA POLIHRONIADE""",VASLUI,VS,1883,15,2,0,17,51,6,0,57,83,6,0,89,96,6,0,102,212,9,0,221,316,13,0,329
161954,18,"CENTRUL ŞCOLAR DE EDUCAŢIE INCLUZIVĂ ,,ELISABETA POLIHRONIADE""",VASLUI,VS,2512,5,4,0,9,15,4,0,19,31,4,0,35,37,4,0,41,75,5,0,80,100,6,0,106
161954,19,"ȘCOALA GIMNAZIALĂ ""MIHAIL SADOVEANU""",VASLUI,VS,1999,4,0,0,4,22,1,0,23,37,1,0,38,53,1,0,54,109,3,37,149,149,5,37,191
161954,20,"ȘCOALA GIMNAZIALĂ ""MIHAIL SADOVEANU""",VASLUI,VS,2170,14,0,0,14,43,0,0,43,69,0,0,69,79,0,0,79,182,5,47,234,228,6,48,282
161954,21,"ȘCOALA GIMNAZIALĂ ”DIMITRIE CANTEMIR”",VASLUI,VS,1736,1,2,0,3,22,2,0,24,46,3,0,49,73,3,0,76,197,7,0,204,245,9,0,254
161954,22,"ȘCOALA GIMNAZIALĂ ”DIMITRIE CANTEMIR”",VASLUI,VS,3264,5,0,0,5,23,7,0,30,30,7,0,37,38,9,0,47,82,10,0,92,89,11,0,100
161954,23,"LICEUL CU PROGRAM SPORTIV",VASLUI,VS,1841,11,0,0,11,43,2,0,45,77,3,0,80,113,4,0,117,243,12,0,255,303,16,0,319
161954,24,"GRADINITA CU PROGRAM PRELUNGIT NR. 6",VASLUI,VS,1682,6,5,0,11,20,5,0,25,27,5,0,32,30,6,0,36,68,8,0,76,83,10,0,93
161954,25,"GRADINITA CU PROGRAM PRELUNGIT NR.17",VASLUI,VS,1956,18,1,0,19,51,3,0,54,73,4,0,77,106,4,0,110,213,8,0,221,252,12,0,264
161954,26,"ŞCOALA GIMNAZIALĂ „STEFAN CEL MARE”,",VASLUI,VS,2305,23,0,0,23,53,1,0,54,64,1,0,65,97,28,0,125,177,34,0,211,197,36,0,233
161954,27,"ŞCOALA GIMNAZIALĂ „STEFAN CEL MARE”,",VASLUI,VS,1913,29,0,0,29,80,1,0,81,101,3,0,104,140,12,0,152,255,17,0,272,311,19,0,330
161954,28,"ȘCOALA GIMNAZIALĂ ”CONSTANTIN MOTAȘ”",VASLUI,VS,1037,4,0,0,4,20,0,0,20,42,1,0,43,53,2,0,55,123,12,0,135,154,16,0,170
161954,29,"ȘCOALA GIMNAZIALĂ ”CONSTANTIN MOTAȘ”",VASLUI,VS,1171,15,6,0,21,30,6,0,36,41,10,0,51,64,10,0,74,127,10,0,137,156,11,0,167
161954,30,"LICEUL TEORETIC „EMIL RACOVIŢĂ”",VASLUI,VS,1650,17,6,0,23,55,7,0,62,77,7,0,84,104,7,0,111,233,8,0,241,284,9,0,293
161954,31,"GRĂDINIȚA CU PROGRAM NORMAL NR.12",VASLUI,VS,1514,10,2,0,12,35,2,0,37,49,5,0,54,63,7,0,70,176,8,0,184,232,13,0,245
161954,32,"GRĂDINIȚA CU PROGRAM PRELUNGIT NR.3",VASLUI,VS,1200,27,1,0,28,52,3,0,55,63,5,0,68,90,6,0,96,160,8,0,168,205,11,0,216
161954,33,"SALA SPORTURILOR",VASLUI,VS,1558,5,5,0,10,47,6,0,53,65,6,0,71,90,7,0,97,188,9,0,197,225,9,0,234
161954,34,"SALA SPORTURILOR",VASLUI,VS,2952,2,1,0,3,11,5,0,16,14,5,0,19,14,5,0,19,53,7,0,60,71,13,0,84
161954,35,"SALA SPORTURILOR",VASLUI,VS,882,5,1,0,6,22,2,0,24,32,4,0,36,40,4,0,44,98,7,0,105,129,8,0,137
161954,36,"ȘCOALA GIMNAZIALĂ ""MIHAI EMINESCU""",VASLUI,VS,1851,14,4,0,18,44,8,0,52,57,9,0,66,85,10,0,95,182,18,0,200,243,25,0,268
161954,37,"ȘCOALA GIMNAZIALĂ ”VASILE ALECSANDRI”",VASLUI,VS,1056,10,5,0,15,28,6,0,34,41,6,0,47,52,8,0,60,104,25,0,129,126,31,0,157
161954,38,"ȘCOALA GIMNAZIALĂ ”VASILE ALECSANDRI”",VASLUI,VS,1585,7,3,0,10,24,4,0,28,36,5,0,41,48,5,0,53,91,7,0,98,115,8,0,123
161954,39,"ȘCOALA GIMNAZIALĂ ”VASILE ALECSANDRI”",VASLUI,VS,1212,7,0,0,7,33,1,0,34,46,2,0,48,60,3,0,63,108,3,0,111,132,5,0,137
161954,40,"ȘCOALA GIMNAZIALĂ ”VASILE ALECSANDRI”",VASLUI,VS,1655,9,3,0,12,42,3,0,45,52,3,0,55,69,3,0,72,170,4,0,174,212,10,0,222
161954,41,"ȘCOALA GIMNAZIALĂ ”ALEXANDRA NECHITA”",VASLUI,VS,1034,4,5,0,9,24,5,0,29,37,7,0,44,54,7,0,61,116,13,0,129,159,16,0,175
161954,42,"ȘCOALA GIMNAZIALĂ ”ALEXANDRA NECHITA”",VASLUI,VS,1333,12,3,0,15,34,4,0,38,57,5,0,62,85,5,0,90,168,8,0,176,202,12,0,214
161954,43,"ȘCOALA GIMNAZIALĂ ”ALEXANDRA NICHITA”",VASLUI,VS,2870,3,0,0,3,14,0,0,14,21,1,0,22,29,3,0,32,50,14,0,64,64,21,0,85
161954,44,"ȘCOALA GIMNAZIALĂ ”ALEXANDRA NICHITA”",VASLUI,VS,1421,11,1,0,12,35,7,0,42,48,13,0,61,62,13,0,75,153,13,0,166,188,13,0,201
161954,45,"COLEGIUL ECONOMIC”ANGHEL RUGINĂ”",VASLUI,VS,1849,12,5,0,17,38,5,0,43,57,6,0,63,85,6,0,91,166,6,0,172,218,8,0,226
161954,46,"COLEGIUL ECONOMIC”ANGHEL RUGINĂ”",VASLUI,VS,745,5,7,0,12,23,7,0,30,41,8,0,49,49,8,0,57,85,11,0,96,112,11,0,123
161954,47,"ŞCOALA GIMNAZIALĂ ”ELENA CUZA”",VASLUI,VS,1049,11,1,0,12,33,5,0,38,45,5,0,50,55,6,0,61,148,8,11,167,182,15,11,208
161954,48,"ŞCOALA GIMNAZIALĂ ”ELENA CUZA”",VASLUI,VS,1034,5,0,0,5,31,0,0,31,48,0,0,48,67,0,0,67,142,0,13,155,191,1,13,205
161954,49,"ŞCOALA GIMNAZIALĂ”ALEXANDRU IOAN CUZA”",VASLUI,VS,1201,4,0,0,4,18,0,0,18,31,0,0,31,50,3,0,53,114,7,0,121,135,7,0,142
161954,50,"ŞCOALA GIMNAZIALĂ”ALEXANDRU IOAN CUZA”",VASLUI,VS,1572,9,0,0,9,43,2,0,45,61,4,0,65,75,5,0,80,146,5,0,151,195,5,0,200
161954,51,"ŞCOALA PRIMARĂ",VASLUI,VS,351,2,2,0,4,3,2,0,5,7,2,0,9,8,2,0,10,24,3,0,27,36,3,0,39
161954,52,"ŞCOALA PRIMARĂ",VASLUI,VS,1227,4,4,0,8,6,4,0,10,8,4,0,12,16,4,0,20,57,5,0,62,90,5,0,95
161954,53,"ŞCOALA GIMNAZIALĂ",VASLUI,VS,1343,4,0,0,4,22,0,0,22,35,0,0,35,50,0,0,50,165,1,0,166,216,3,0,219
161954,54,"ŞCOALA GIMNAZIALĂ",VASLUI,VS,1039,1,3,0,4,12,3,0,15,16,3,0,19,26,5,0,31,93,8,1,102,123,11,1,135
161954,55,"GRĂDINIȚA CU PROGRAM NORMAL",VASLUI,VS,1716,13,0,0,13,29,4,0,33,63,4,0,67,95,6,0,101,221,9,0,230,312,10,0,322
161954,56,"LICEUL ”STEFAN PROCOPIU”",VASLUI,VS,3133,11,0,0,11,28,2,0,30,40,3,0,43,55,3,0,58,114,7,0,121,181,9,0,190
161954,57,"GRADINITA CU PROGRAM NORMAL NR. 22",VASLUI,VS,2444,2,0,0,2,10,0,0,10,16,0,0,16,19,0,0,19,53,0,0,53,73,0,0,73
161954,58,"SCOALA GIMNAZIALĂ""ALEXANDRU IOAN CUZA""",VASLUI,VS,2373,5,3,0,8,14,3,0,17,18,3,0,21,21,4,0,25,35,4,0,39,46,4,0,50
161954,59,"LICEUL ”ŞTEFAN PROCOPIU”",VASLUI,VS,387,3,0,0,3,8,4,0,12,18,7,0,25,22,7,0,29,57,9,0,66,79,11,0,90
161954,60,"GRĂDINIŢA CU PROGRAM NORMAL NR.22",VASLUI,VS,1111,4,0,0,4,12,6,0,18,17,6,0,23,18,6,0,24,37,12,0,49,50,13,0,63
161954,61,"SCOALA PRIMARĂ",VASLUI,VS,1026,1,0,0,1,9,3,0,12,14,3,0,17,20,5,0,25,49,7,0,56,60,10,0,70
161954,62,"GRĂDINIȚA CU PROGRAM PRELUNGIT NR. 5",VASLUI,VS,2286,1,0,0,1,7,3,0,10,9,3,0,12,11,4,0,15,17,5,0,22,18,7,0,25
161801,63,"ŞCOALA GIMNAZIALĂ NR. 10",BÎRLAD,VS,1612,14,2,0,16,47,2,0,49,74,2,0,76,100,3,0,103,229,9,0,238,278,17,0,295
161801,64,"ŞCOALA GIMNAZIALĂ NR. 10",BÎRLAD,VS,1914,19,0,0,19,44,0,0,44,62,0,0,62,98,0,0,98,202,0,0,202,306,0,0,306
161801,65,"ŞCOALA GIMNAZIALĂ NR. 10",BÎRLAD,VS,1703,24,3,0,27,62,6,0,68,90,7,28,125,118,8,28,154,242,10,28,280,283,12,28,323
161801,66,"ŞCOALA GENERALA NR. 7 ""CĂPITAN GRIGORE IGNAT""",BÎRLAD,VS,853,2,2,0,4,19,6,0,25,25,7,0,32,43,10,0,53,116,10,0,126,150,11,0,161
161801,67,"ŞCOALA GENERALA NR. 7 ""CĂPITAN GRIGORE IGNAT""",BÎRLAD,VS,924,7,0,0,7,31,0,0,31,48,0,0,48,66,4,0,70,177,5,0,182,247,7,0,254
161801,68,"COLEGIUL NAŢIONAL ""GHEORGHE ROŞCA CODREANU""",BÎRLAD,VS,992,13,0,0,13,43,3,0,46,55,4,1,60,80,5,1,86,140,8,1,149,179,10,1,190
161801,69,"COLEGIUL NAŢIONAL ""GHEORGHE ROŞCA CODREANU""",BÎRLAD,VS,1535,11,0,0,11,34,1,0,35,41,4,0,45,72,4,0,76,181,8,0,189,221,8,0,229
161801,70,"COLEGIUL NAŢIONAL ""GHEORGHE ROŞCA CODREANU""",BÎRLAD,VS,1004,13,5,0,18,35,7,0,42,58,7,0,65,76,7,0,83,143,10,0,153,177,15,0,192
161801,71,"ŞCOALA GIMNAZIALĂ DE ARTE ""N. N. TONITZA""",BÎRLAD,VS,1125,10,1,0,11,57,2,0,59,64,6,0,70,97,6,0,103,204,11,2,217,251,13,2,266
161801,72,"ŞCOALA GIMNAZIALĂ DE ARTE ""N. N. TONITZA""",BÎRLAD,VS,974,12,0,0,12,53,1,0,54,70,2,0,72,99,7,0,106,161,12,0,173,187,13,0,200
161801,73,"ŞCOALA GIMNAZIALĂ NR. 8",BÎRLAD,VS,618,9,0,0,9,33,0,0,33,45,1,0,46,45,9,0,54,86,12,0,98,111,15,0,126
161801,74,"ŞCOALA GIMNAZIALĂ NR. 8",BÎRLAD,VS,1303,27,0,0,27,59,1,0,60,86,1,0,87,110,1,0,111,219,3,1,223,275,7,1,283
161801,75,"ŞCOALA GIMNAZIALĂ NR. 8",BÎRLAD,VS,1257,10,0,0,10,50,0,0,50,62,0,0,62,73,4,0,77,152,4,0,156,184,5,0,189
161801,76,"ŞCOALA GIMNAZIALĂ NR. 8",BÎRLAD,VS,1543,21,0,0,21,83,1,0,84,114,2,47,163,205,2,47,254,255,2,47,304,286,7,48,341
161801,77,"ŞCOALA GIMNAZIALĂ ""MANOLACHE COSTACHE EPUREANU""",BÎRLAD,VS,1360,16,0,0,16,54,9,0,63,83,13,0,96,89,14,0,103,188,34,0,222,215,40,0,255
161801,78,"COLEGIUL ""ALEXANDRU IOAN CUZA""",BÎRLAD,VS,1573,8,0,0,8,39,3,0,42,53,5,0,58,68,6,0,74,134,10,0,144,171,11,0,182
161801,79,"COLEGIUL ""ALEXANDRU IOAN CUZA""",BÎRLAD,VS,1384,20,0,0,20,74,1,0,75,90,2,0,92,114,3,0,117,206,4,0,210,266,4,0,270
161801,80,"COLEGIUL ""ALEXANDRU IOAN CUZA""",BÎRLAD,VS,1397,17,0,0,17,68,1,0,69,103,7,0,110,118,7,0,125,212,10,0,222,247,12,0,259
161801,81,"COLEGIUL ""ALEXANDRU IOAN CUZA""",BÎRLAD,VS,1272,12,2,0,14,35,2,0,37,56,5,0,61,73,5,0,78,115,8,0,123,156,15,0,171
161801,82,"COLEGIUL ""ALEXANDRU IOAN CUZA""",BÎRLAD,VS,1312,4,4,0,8,34,4,0,38,45,4,0,49,56,4,0,60,125,4,0,129,170,5,0,175
161801,83,"COLEGIUL ""ALEXANDRU IOAN CUZA""",BÎRLAD,VS,1405,10,0,0,10,56,3,0,59,74,4,0,78,97,8,0,105,195,10,0,205,235,12,0,247
161801,84,"COLEGIUL ""ALEXANDRU IOAN CUZA""",BÎRLAD,VS,1428,6,6,0,12,51,8,0,59,68,10,0,78,77,10,0,87,167,14,0,181,210,18,0,228
161801,85,"LICEUL TEHNOLOGIC “PETRU RAREŞ”",BÎRLAD,VS,1078,12,0,0,12,28,0,0,28,37,3,0,40,52,3,0,55,116,5,0,121,146,6,0,152
161801,86,"LICEUL TEHNOLOGIC “PETRU RAREŞ”",BÎRLAD,VS,1375,16,0,0,16,43,0,0,43,49,0,0,49,78,0,0,78,155,4,0,159,200,4,0,204
161801,87,"LICEUL TEHNOLOGIC “PETRU RAREŞ”",BÎRLAD,VS,1568,5,5,0,10,26,8,0,34,34,8,0,42,58,8,0,66,125,9,0,134,178,11,0,189
161801,88,"ŞCOALA GIMNAZIALĂ“VICTOR IOAN POPA”",BÎRLAD,VS,1215,7,2,0,9,19,2,0,21,24,2,0,26,42,3,0,45,101,6,0,107,134,9,0,143
161801,89,"ŞCOALA GIMNAZIALĂ“VICTOR IOAN POPA”",BÎRLAD,VS,1418,9,0,0,9,31,1,0,32,39,1,0,40,69,1,0,70,167,1,0,168,205,6,0,211
161801,90,"ŞCOALA GIMNAZIALĂ “VICTOR IOAN POPA”",BÎRLAD,VS,1354,6,0,0,6,21,1,0,22,32,1,0,33,57,1,0,58,142,6,0,148,172,6,0,178
161801,91,"CASA DE CULTURĂ A SINDICATELOR “GEORGE TUTOVEANU”",BÎRLAD,VS,1394,6,0,0,6,63,3,0,66,83,6,0,89,107,6,0,113,210,15,0,225,261,15,0,276
161801,92,"CASA DE CULTURĂ A SINDICATELOR “GEORGE TUTOVEANU”",BÎRLAD,VS,1603,8,0,0,8,44,5,0,49,59,7,0,66,93,8,0,101,164,11,0,175,222,14,0,236
161801,93,"ŞCOALA GIMNAZIALĂ “PRINCIPESA ELENA BIBESCU”",BÎRLAD,VS,1480,31,0,0,31,73,0,0,73,103,0,0,103,129,5,0,134,223,11,0,234,253,17,0,270
161801,94,"ŞCOALA GIMNAZIALĂ “PRINCIPESA ELENA BIBESCU”",BÎRLAD,VS,1563,17,2,0,19,45,4,0,49,66,4,0,70,90,4,0,94,175,5,0,180,214,5,0,219
161801,95,"ŞCOALA GIMNAZIALĂ NR. 2",BÎRLAD,VS,1000,9,3,0,12,20,4,0,24,28,8,0,36,44,8,0,52,99,9,0,108,139,13,0,152
161801,96,"ŞCOALA GIMNAZIALĂ NR. 2",BÎRLAD,VS,680,6,0,0,6,16,3,0,19,18,5,0,23,29,5,0,34,76,6,0,82,103,6,0,109
161801,97,"ŞCOALA GIMNAZIALĂ NR. 2",BÎRLAD,VS,1038,14,3,0,17,41,3,0,44,63,4,0,67,75,5,0,80,152,8,0,160,190,10,0,200
161801,98,"ŞCOALA GIMNAZIALĂ NR. 2",BÎRLAD,VS,893,9,1,0,10,31,2,0,33,43,3,0,46,59,4,0,63,108,10,0,118,135,18,0,153
161801,99,"ŞCOALA GIMNAZIALĂ “GEORGE TUTOVEANU”",BÎRLAD,VS,1455,8,0,0,8,23,2,0,25,37,2,0,39,57,2,0,59,141,2,0,143,198,5,0,203
161801,100,"ŞCOALA GIMNAZIALĂ “GEORGE TUTOVEANU”",BÎRLAD,VS,1669,14,3,0,17,63,5,0,68,82,5,0,87,99,5,0,104,202,8,0,210,235,11,0,246
161801,101,"ŞCOALA GIMNAZIALĂ “GEORGE TUTOVEANU”",BÎRLAD,VS,1375,17,4,0,21,48,6,0,54,76,6,0,82,100,6,0,106,168,7,0,175,197,10,0,207
161801,102,"LICEUL PEDAGOGIC “IOAN POPESCU”",BÎRLAD,VS,1136,6,0,0,6,30,0,0,30,50,0,0,50,81,0,0,81,125,0,0,125,168,9,0,177
161801,103,"LICEUL PEDAGOGIC “IOAN POPESCU”",BÎRLAD,VS,1349,0,0,0,0,18,0,0,18,31,5,0,36,54,8,0,62,120,8,0,128,165,10,0,175
161801,104,"LICEUL PEDAGOGIC “IOAN POPESCU”",BÎRLAD,VS,1492,11,0,0,11,38,0,0,38,58,0,0,58,62,2,0,64,152,11,0,163,208,13,0,221
161801,105,"LICEUL PEDAGOGIC “IOAN POPESCU”",BÎRLAD,VS,1205,5,0,0,5,39,3,0,42,51,4,0,55,56,5,0,61,101,8,0,109,157,11,0,168
161801,106,"GRĂDINIȚA CU PROGRAM PRELUNGIT ”LICURICI”",BÎRLAD,VS,1258,15,1,0,16,31,2,0,33,56,5,0,61,73,5,0,78,135,12,0,147,174,13,0,187
161801,107,"GRĂDINIȚA CU PROGRAM PRELUNGIT ”LICURICI”",BÎRLAD,VS,1370,7,0,0,7,21,0,0,21,40,0,0,40,55,1,0,56,124,6,0,130,157,10,0,167
161801,108,"GRĂDINIȚA CU PROGRAM PRELUNGIT ”LICURICI”",BÎRLAD,VS,900,2,0,0,2,17,2,0,19,27,2,0,29,32,2,0,34,73,4,0,77,127,5,0,132
161838,109,"ASOCIATIA AGRICOLA ""CORNI""",HUŞI,VS,1127,3,6,0,9,17,6,0,23,29,6,0,35,60,7,0,67,114,9,0,123,157,9,0,166
161838,110,"SCOALA PROFESIONALA SPECIALĂ ""SF.ECATERINA""",HUŞI,VS,932,4,9,0,13,22,10,0,32,36,14,0,50,51,16,0,67,120,20,0,140,146,25,0,171
161838,111,"CENTRUL CONSULTATIV HUȘI",HUŞI,VS,1705,18,2,0,20,52,2,0,54,74,5,0,79,116,6,0,122,229,13,0,242,293,17,0,310
161838,112,"COLEGIUL NAȚIONAL ""CUZA VODA""",HUŞI,VS,1029,15,0,0,15,51,2,0,53,64,3,0,67,83,3,0,86,147,5,0,152,178,9,0,187
161838,113,"LICEUL TEHNOLOGIC ”IOAN CORIVAN”",HUŞI,VS,1063,6,4,0,10,25,6,0,31,46,7,0,53,75,7,0,82,165,11,0,176,199,12,0,211
161838,114,"COLEGIUL AGRICOL ,,DIMITRIE CANTEMIR”",HUŞI,VS,2331,9,8,0,17,33,9,0,42,55,18,0,73,69,18,0,87,127,25,0,152,166,29,0,195
161838,115,"SCOALA GIMNAZIALĂ ”ANASTASIE PANU”",HUŞI,VS,1023,10,0,0,10,22,2,0,24,32,5,0,37,40,6,0,46,122,7,0,129,163,9,0,172
161838,116,"SCOALA GIMNAZIALĂ ”ANASTASIE PANU”",HUŞI,VS,2222,4,1,0,5,18,4,0,22,33,6,0,39,45,9,0,54,104,12,0,116,132,17,0,149
161838,117,"SCOALA GIMNAZIALĂ ”ANASTASIE PANU”",HUŞI,VS,1635,24,2,0,26,46,3,0,49,54,7,0,61,95,10,0,105,173,16,0,189,211,19,0,230
161838,118,"CASA DE CULTURA”ALEXANDRU GIUGARU”",HUŞI,VS,1107,5,6,0,11,32,10,0,42,49,11,0,60,67,13,0,80,151,15,0,166,196,17,0,213
161838,119,"SCOALA GIMNAZIALĂ „MIHAIL SADOVEANU”",HUŞI,VS,1706,15,2,0,17,45,9,0,54,62,13,0,75,89,15,0,104,178,18,0,196,241,21,0,262
161838,120,"SCOALA GIMNAZIALĂ „MIHAIL SADOVEANU”",HUŞI,VS,1195,9,5,0,14,44,7,0,51,57,8,0,65,78,8,0,86,160,16,0,176,202,19,0,221
161838,121,"ŞCOALA GIMNAZIALĂ ''ION CREANGĂ''",HUŞI,VS,1488,9,1,0,10,39,6,0,45,64,7,0,71,78,8,0,86,162,17,0,179,219,20,0,239
161838,122,"SCOALA GIMNAZIALA,,ION CREANGA""",HUŞI,VS,1187,4,0,0,4,34,3,0,37,55,4,0,59,79,4,0,83,132,7,0,139,175,12,1,188
161838,123,"SCOALA GIMNAZIALĂ ,,ION CREANGA""",HUŞI,VS,1427,5,0,0,5,33,0,0,33,49,0,0,49,72,0,0,72,152,5,0,157,240,16,0,256
161838,124,"SCOALA GIMNAZIALĂ NR.5",HUŞI,VS,967,3,0,0,3,12,0,0,12,16,0,0,16,40,0,0,40,88,7,0,95,154,9,0,163
161838,125,"SCOALA GIMNAZIALĂ NR.5",HUŞI,VS,814,3,5,0,8,5,5,0,10,8,5,0,13,18,5,0,23,48,6,0,54,69,7,0,76
161838,126,"SCOALA GIMNAZIALĂ NR.4",HUŞI,VS,1256,9,2,0,11,38,5,0,43,43,7,0,50,58,9,0,67,168,11,0,179,214,11,0,225
161838,127,"SCOALA GIMNAZIALĂ NR.4",HUŞI,VS,1463,3,0,0,3,23,0,0,23,34,1,0,35,52,1,0,53,127,6,0,133,164,8,0,172
161838,128,"DIRECTIA AGRICOLA JUDETEANA VASLUI - UNITATEA FITOSANITARA HUSI",HUŞI,VS,1844,4,0,41,45,28,1,41,70,32,2,41,75,40,5,41,86,116,9,41,166,165,11,41,217
164990,129,"CASA DE CULTURA MURGENI",MURGENI,VS,1803,8,2,0,10,48,2,0,50,87,4,0,91,114,6,0,120,196,12,0,208,270,15,0,285
164990,130,"SCOALA PRIMARASAT NOU",MURGENI,VS,1050,1,4,0,5,40,5,0,45,61,6,0,67,71,6,0,77,131,14,0,145,168,17,0,185
165005,131,"ȘCOALA PRIMARĂ SAT CÂRJA",CÂRJA,VS,797,4,7,0,11,13,10,0,23,23,14,0,37,40,22,0,62,88,37,0,125,126,46,0,172
165050,132,"ȘCOALA GIMNAZIALĂ SAT FLORENI",FLORENI,VS,538,3,0,0,3,6,4,0,10,8,4,0,12,17,4,0,21,57,13,0,70,97,17,0,114
165014,133,"ȘCOALA PRIMARĂ SAT LĂȚEȘTI",LĂŢEŞTI,VS,258,4,2,0,6,9,3,0,12,10,3,0,13,14,3,0,17,47,7,0,54,50,10,0,60
165041,134,"ȘCOALA PRIMARĂ SAT RAIU",RAIU,VS,535,0,0,0,0,14,0,0,14,21,0,0,21,35,1,0,36,81,3,0,84,103,9,0,112
165023,135,"ȘCOALA GIMNAZIALĂ EMIL JUVARA SAT SĂRĂȚENI",SĂRĂŢENI,VS,297,2,2,0,4,3,5,0,8,8,5,0,13,12,5,0,17,22,5,0,27,31,6,0,37
165032,136,"ȘCOALA PRIMARĂ SAT SCHINENI",SCHINENI,VS,388,4,2,0,6,14,2,0,16,18,4,0,22,25,5,0,30,66,9,0,75,88,15,0,103
161865,137,"CASA DE CULTURĂ",NEGREŞTI,VS,1589,15,0,0,15,54,0,0,54,71,2,0,73,116,4,0,120,236,14,0,250,309,18,0,327
161865,138,"CASA DE CULTURĂ",NEGREŞTI,VS,1506,17,0,0,17,43,0,0,43,58,2,0,60,91,5,0,96,229,8,0,237,293,13,0,306
161865,139,"SERVICIUL PUBLIC DE ASISTENȚĂ SOCIALĂ NEGREȘTI",NEGREŞTI,VS,1907,15,0,0,15,44,3,0,47,56,5,0,61,135,5,0,140,320,8,0,328,393,11,0,404
161865,140,"GRĂDINIȚA CU PROGRAM NORMAL NR.2 NEGREȘTI",NEGREŞTI,VS,876,2,7,0,9,14,7,0,21,22,7,0,29,45,8,0,53,121,11,0,132,156,12,0,168
161927,141,"ŞCOALA GIMNAZIALĂ SAT VALEA MARE","VALEA MARE",VS,680,3,0,0,3,10,5,0,15,21,5,0,26,27,6,0,33,89,9,0,98,126,10,0,136
161918,142,"ȘCOALA PRIMARĂ SAT POIANA",POIANA,VS,218,5,0,0,5,10,6,0,16,10,6,0,16,14,9,0,23,41,15,0,56,50,17,0,67
161883,143,"ŞCOALA PRIMARĂ SAT CIOATELE",CIOATELE,VS,286,2,5,0,7,5,5,0,10,8,5,0,13,9,6,0,15,68,6,0,74,113,7,2,122
161909,144,"GRĂDINIȚA CU PROGRAM NORMAL SAT PARPANIȚA",PARPANIŢA,VS,471,6,1,0,7,24,2,0,26,48,6,0,54,66,7,0,73,134,16,0,150,190,30,0,220
161892,145,"SCOALA PRIMARĂ SAT GLODENI",GLODENI,VS,224,4,4,0,8,19,4,0,23,21,4,0,25,22,5,0,27,45,9,0,54,64,14,0,78
161874,146,"ŞCOALA PRIMARĂ SAT CĂZĂNEȘTI",CĂZĂNEŞTI,VS,356,2,0,0,2,9,1,0,10,11,1,0,12,19,5,0,24,60,5,0,65,94,10,0,104
162023,147,"ŞCOALA GIMNAZIALA NR. 1 ALBESTI",ALBEŞTI,VS,830,5,1,0,6,15,4,0,19,21,4,0,25,35,9,0,44,110,20,0,130,143,29,0,172
162032,148,"ŞCOALA GIMNAZIALACORNI-ALBESTI",CORNI-ALBEŞTI,VS,994,5,2,0,7,18,3,0,21,26,3,0,29,38,7,0,45,146,23,0,169,183,30,0,213
162041,149,"APELE ROMÂNE-CANTONUL CRASNA",CRASNA,VS,443,2,0,0,2,4,1,0,5,5,1,0,6,18,3,0,21,56,10,0,66,81,12,0,93
162050,150,"ŞCOALAPRIMARA - GURA ALBEŞTI","GURA ALBEŞTI",VS,116,3,0,0,3,5,0,0,5,11,2,0,13,13,2,0,15,19,3,0,22,25,11,0,36
162078,151,"ŞCOALA GIMNAZIALA, ALEXANDRU VLAHUŢĂ","ALEXANDRU VLAHUŢĂ",VS,645,3,0,0,3,21,29,0,50,26,30,0,56,31,30,0,61,66,84,0,150,86,84,0,170
162096,152,"ŞCOALA PRIMARA, GHICANI",GHICANI,VS,139,2,1,0,3,4,2,0,6,7,3,0,10,10,3,0,13,13,3,0,16,24,6,0,30
162087,153,"ŞCOALA PRIMARA, BUDA",BUDA,VS,219,3,0,0,3,4,0,0,4,7,0,0,7,8,0,0,8,18,3,0,21,30,5,0,35
162121,154,"ŞCOALA PRIMARA, MORĂRENI",MORĂRENI,VS,198,0,0,0,0,6,0,0,6,16,3,0,19,23,3,0,26,47,3,0,50,53,4,0,57
162158,155,"ŞCOALA PRIMARĂ ""NICOLAE GH. LUPU"" ARSURA",ARSURA,VS,528,2,0,0,2,7,1,0,8,9,3,0,12,28,9,0,37,57,15,0,72,81,17,0,98
162167,156,"ŞCOALA PRIMARĂ ""ÎNV. ION BUSUIOC"" FUNDĂTURA",FUNDĂTURA,VS,329,2,1,0,3,6,3,0,9,13,3,0,16,15,7,0,22,40,9,0,49,70,12,0,82
162185,157,"ŞCOALA PRIMARĂ PÎHNEŞTI",PÎHNEŞTI,VS,345,1,0,0,1,6,5,0,11,10,7,0,17,24,12,0,36,72,18,0,90,94,25,0,119
162176,158,"ŞCOALA PRIMARĂ MIHAIL KOGĂLNICEANU","MIHAIL KOGĂLNICEANU",VS,80,2,5,0,7,4,8,0,12,4,9,0,13,5,10,0,15,13,17,0,30,18,21,0,39
162201,159,"ŞCOALA GIMNAZIALĂ NR. 1 GARA BANCA","GARA BANCA",VS,1063,1,0,0,1,7,0,0,7,15,0,0,15,21,2,0,23,103,12,0,115,186,19,0,205
162210,160,"ŞCOALA GIMNAZIALĂ BANCA",BANCA,VS,839,5,0,0,5,17,2,0,19,23,2,0,25,31,2,0,33,108,12,0,120,159,19,0,178
162229,161,"ŞCOALA PRIMARĂ GHERMĂNEŞTI",GHERMĂNEŞTI,VS,383,1,1,0,2,6,2,0,8,10,2,0,12,18,3,0,21,57,7,0,64,97,15,0,112
162283,162,"ŞCOALA PRIMARĂ STOIŞEŞTI",STOIŞEŞTI,VS,482,1,1,0,2,13,2,0,15,21,4,0,25,35,4,0,39,96,7,0,103,139,20,0,159
162309,163,"ŞCOALA GIMNAZIALĂ ȚIFU",ŢIFU,VS,321,8,4,0,12,25,5,0,30,35,6,0,41,38,7,0,45,98,14,0,112,114,16,0,130
162318,164,"ŞCOALA PRIMARĂ 1 DECEMBRIE","1 DECEMBRIE",VS,347,4,2,0,6,11,4,0,15,20,7,0,27,35,15,0,50,113,39,0,152,158,47,0,205
162247,165,"ŞCOALA PRIMARĂ MITOC",MITOC,VS,297,2,0,0,2,13,0,0,13,22,0,0,22,30,0,0,30,70,5,0,75,87,8,0,95
162274,166,"CAMINUL CULTURAL",SÎRBI,VS,326,1,0,0,1,10,0,0,10,19,5,0,24,26,5,0,31,51,14,0,65,60,16,0,76
162292,167,"GRĂDINIŢA STRÎMTURA -MITOC",STRÎMTURA-MITOC,VS,165,2,0,0,2,8,0,0,8,12,0,0,12,14,0,0,14,27,2,0,29,43,3,0,46
162238,168,"ŞCOALA PRIMARA MICLEȘTI",MICLEŞTI,VS,194,1,1,0,2,14,5,0,19,26,7,0,33,28,9,0,37,51,11,0,62,65,13,0,78
162336,169,"ŞCOALA GIMNAZIALA NR. 1 SAT BĂCANI",BĂCANI,VS,1084,3,1,0,4,18,13,0,31,27,15,0,42,36,15,0,51,145,27,0,172,218,30,0,248
162345,170,"ŞCOALA PRIMARA SAT BĂLŢĂTENI",BĂLTĂŢENI,VS,362,3,4,0,7,8,4,0,12,21,4,0,25,23,4,0,27,85,12,0,97,107,17,0,124
162354,171,"ŞCOALA PRIMARA SAT DRUJEŞTI",DRUJEŞTI,VS,344,8,1,0,9,14,4,0,18,24,4,0,28,36,7,0,43,82,15,0,97,105,19,0,124
162363,172,"ŞCOALA PRIMARA SAT SUSENI",SUSENI,VS,336,0,0,0,0,3,0,0,3,6,0,0,6,17,1,0,18,55,6,0,61,79,10,0,89
162372,173,"FOSTA ŞCOALA CU CLASELE I-IV VULPĂȘENI",VULPĂŞENI,VS,153,6,3,0,9,7,3,0,10,8,3,0,11,12,5,0,17,29,8,0,37,45,11,0,56
162390,174,"ŞCOALA GIMNAZIALĂ NR.1 SAT BĂCEŞTI",BĂCEŞTI,VS,1707,2,0,0,2,15,5,24,44,29,7,24,60,82,9,24,115,193,19,24,236,245,20,24,289
162407,175,"ŞCOALA PRIMARĂ SAT ARMĂŞENI",ARMĂŞENI,VS,318,6,0,0,6,8,0,0,8,9,0,0,9,21,3,0,24,75,10,0,85,97,12,0,109
162416,176,"ŞCOALA PRIMARĂ SAT BĂBUŞA",BĂBUŞA,VS,340,4,4,0,8,5,6,0,11,6,6,0,12,17,6,0,23,56,12,0,68,86,13,0,99
162425,177,"ŞCOALA PRIMARĂ SAT PĂLTINIŞ",PĂLTINIŞ,VS,237,2,0,0,2,3,2,0,5,6,2,0,8,13,3,0,16,36,3,0,39,62,6,0,68
162434,178,"ŞCOALA PRIMARĂ SAT ŢIBĂNEŞTII BUHLII","ŢIBĂNEŞTII BUHLII",VS,171,3,2,0,5,4,5,0,9,5,5,0,10,7,5,0,12,27,12,0,39,35,12,0,47
162443,179,"ŞCOALA PRIMARĂ SAT VOVRIEŞTI",VOVRIEŞTI,VS,253,2,1,0,3,3,1,0,4,9,1,0,10,17,1,0,18,48,9,0,57,64,9,0,73
162461,180,"CENTRUL CULTURAL BĂLTENI",BĂLTENI,VS,784,7,0,0,7,17,0,0,17,26,3,0,29,49,7,0,56,149,25,0,174,178,30,0,208
162470,181,"IMOBIL PROPRIETATE PRIVATĂ ÎNTREPRINDERE INDIVIDUALĂCRAILIUC CĂTĂLINA-MIHAELA",BĂLTENI-DEAL,VS,381,5,0,0,5,13,5,0,18,16,6,0,22,30,6,0,36,56,14,0,70,78,17,0,95
162489,182,"ŞCOALAPRIMARA CHETREŞTI",CHETREŞTI,VS,103,2,7,0,9,2,7,0,9,7,7,0,14,8,7,0,15,44,14,0,58,53,16,0,69
162504,183,"ŞCOALA GIMNAZIALĂ ""ANASTASIE FĂTU"" BEREZENI- CORP 1",BEREZENI,VS,1148,12,0,0,12,22,5,0,27,28,7,0,35,88,12,0,100,165,20,0,185,192,24,0,216
162504,184,"ŞCOALA GIMNAZIALĂ ""ANASTASIE FĂTU"" BEREZENI- CORP 3",BEREZENI,VS,728,3,0,0,3,9,2,0,11,16,5,0,21,35,8,0,43,94,10,0,104,106,11,0,117
162513,185,"ŞCOALA PRIMARĂ MUŞATA",MUŞATA,VS,365,4,2,0,6,11,2,0,13,13,2,0,15,21,2,0,23,60,8,0,68,71,9,0,80
162522,186,"ŞCOALA GIMNAZIALĂ RÎNCENI",RÎNCENI,VS,446,2,0,0,2,3,1,0,4,10,2,0,12,26,9,0,35,89,14,0,103,112,15,0,127
162540,187,"ŞCOALA PRIMARĂ STUHULEŢ",STUHULEŢ,VS,182,2,1,0,3,5,4,0,9,10,4,0,14,11,5,0,16,38,12,0,50,47,12,0,59
162531,188,"ȘCOALA GIMNAZIALĂ ""ANASTASIE FĂTU"" BEREZENI-CORP 2 SATU NOU","SATU NOU",VS,1150,5,2,0,7,17,2,0,19,36,2,0,38,97,4,0,101,208,9,0,217,266,14,0,280
162568,189,"CĂMINUL CULTURAL BLĂGEŞTI",BLĂGEŞTI,VS,834,2,0,0,2,4,1,0,5,9,1,0,10,16,1,0,17,57,6,0,63,71,9,0,80
162577,190,"ŞCOALA PRIMARA IGEŞTI",IGEŞTI,VS,201,0,0,0,0,3,0,0,3,3,1,0,4,6,1,0,7,11,6,0,17,25,11,0,36
162586,191,"ŞCOALA PRIMARA SIPENI",SIPENI,VS,71,1,1,0,2,1,4,0,5,2,4,0,6,4,5,0,9,15,10,0,25,17,13,0,30
162602,192,"ŞCOALA GIMNAZIALĂ NR. 1 BOGDANA",BOGDANA,VS,454,5,0,0,5,18,1,0,19,25,1,0,26,31,2,0,33,66,10,0,76,88,11,0,99
162675,193,"ŞCOALA SUCEVENI",SUCEVENI,VS,158,1,0,0,1,3,0,0,3,5,0,0,5,6,0,0,6,12,3,0,15,14,6,0,20
162639,194,"ŞCOALA PRIMARĂ GĂVANU",GĂVANU,VS,94,2,0,0,2,6,0,0,6,8,5,0,13,10,5,0,15,21,9,0,30,33,12,0,45
162684,195,"ŞCOALA VERDEŞ",VERDEŞ,VS,155,2,0,0,2,10,4,0,14,12,4,0,16,20,4,0,24,30,9,0,39,41,14,0,55
162648,196,"ŞCOALAPRIMARĂ LACU BABEI","LACU BABEI",VS,334,4,0,0,4,9,0,0,9,14,0,0,14,17,0,0,17,76,5,0,81,96,6,0,102
162700,197,"CĂMINUL CULTURAL BOGDĂNEŞTI",BOGDĂNEŞTI,VS,790,0,0,0,0,13,5,0,18,19,7,0,26,27,8,0,35,122,20,0,142,185,27,0,212
162719,198,"ŞCOALA PRIMARA, SAT BUDA",BUDA,VS,283,2,6,0,8,6,6,0,12,24,7,0,31,29,7,0,36,82,10,0,92,157,16,0,173
162773,199,"ŞCOALA PRIMARĂ, SAT VIȘINARI",VIŞINARI,VS,157,3,0,0,3,11,2,0,13,12,2,0,14,13,3,0,16,44,10,0,54,72,14,0,86
162755,200,"ŞCOALA PRIMARĂ, SAT ULEA",ULEA,VS,269,0,0,0,0,4,4,0,8,9,7,0,16,11,7,0,18,40,11,0,51,61,14,0,75
162764,201,"ŞCOALA GIMNAZIALĂ, SAT UNȚEȘTI",UNŢEŞTI,VS,792,7,1,0,8,13,3,0,16,23,3,0,26,29,3,0,32,69,13,0,82,184,15,0,199
162728,202,"ŞCOALA PRIMARĂ, SAT HOROIATA",HOROIATA,VS,119,1,0,0,1,3,3,0,6,3,3,0,6,5,3,0,8,22,8,0,30,39,13,0,52
162808,203,"SEDIUL PRIMARIEI",BOGDĂNIŢA,VS,150,4,5,0,9,7,7,0,14,8,9,0,17,9,10,0,19,29,17,0,46,39,18,0,57
162835,204,"ŞCOALA PRIMARACOROIEŞTI",COROIEŞTI,VS,351,9,2,0,11,18,2,0,20,21,2,0,23,26,2,0,28,56,5,0,61,62,10,0,72
162862,205,"ŞCOALA PRIMARA TUNSEŞTI",TUNSEŞTI,VS,205,7,3,0,10,9,4,0,13,15,4,0,19,24,4,0,28,36,5,0,41,45,5,0,50
162817,206,"ŞCOALA GIMNAZIALA NR 1CEPEŞTI",CEPEŞTI,VS,437,10,0,0,10,25,2,0,27,30,3,0,33,35,3,0,38,110,18,0,128,142,30,5,177
162880,207,"ŞCOALA GIMNAZIALĂ NR.1 BOŢEŞTI",BOŢEŞTI,VS,808,4,3,0,7,18,4,0,22,19,4,0,23,40,5,0,45,111,17,0,128,141,20,0,161
162906,208,"ŞCOALA GIMNAZIALĂ”ALEXANDRUOBREJA” SATGUGEŞTI",GUGEŞTI,VS,799,14,2,0,16,27,3,0,30,35,6,0,41,48,7,0,55,116,18,0,134,212,27,0,239
162933,209,"ŞCOALA GIMNAZIALA NR. 1 SAT AVEREŞTI",AVEREŞTI,VS,232,4,2,0,6,19,2,0,21,25,2,0,27,27,2,0,29,50,6,0,56,65,7,0,72
162951,210,"ŞCOALA GIMNAZIALĂ I-IV BUNEŞTI",BUNEŞTI,VS,982,2,0,0,2,13,1,0,14,21,1,0,22,33,2,0,35,124,4,0,128,206,9,0,215
162960,211,"ŞCOALA PRIMARĂ PLOPI",PLOPI,VS,380,0,1,0,1,6,8,0,14,17,14,0,31,22,17,0,39,57,21,0,78,72,25,0,97
162942,212,"FOSTA ŞCOALA GENERALĂ ARMĂŞENI",ARMĂŞENI,VS,285,3,1,0,4,11,1,0,12,14,1,0,15,18,1,0,19,38,3,0,41,54,8,0,62
162979,213,"ŞCOALA PRIMARĂ PODU-OPRII","PODU OPRII",VS,196,1,0,0,1,3,0,0,3,8,2,0,10,11,7,0,18,27,12,0,39,39,17,0,56
165292,214,"CĂMINUL CULTURAL CIOCANI",CIOCANI,VS,904,2,0,0,2,11,0,0,11,17,1,0,18,25,2,0,27,88,13,0,101,108,18,0,126
165309,215,"IMOBIL PROPRIETATE PRIVATĂ GIUȘCĂ FILICA",CRÂNG,VS,358,1,0,0,1,4,1,0,5,6,5,0,11,8,5,0,13,30,6,0,36,43,10,0,53
163011,216,"ȘCOALA GIMNAZIALĂ CODĂEȘTI",CODĂEŞTI,VS,911,11,0,0,11,23,5,0,28,26,5,0,31,31,5,0,36,108,13,0,121,135,19,0,154
163011,217,"ȘCOALA GIMNAZIALĂ CODĂEȘTI",CODĂEŞTI,VS,798,17,0,0,17,26,3,0,29,26,3,0,29,34,4,0,38,75,5,0,80,99,5,0,104
163039,218,"ȘCOALA GIMNAZIALĂ PRIBEȘTI",PRIBEŞTI,VS,975,4,0,0,4,13,3,0,16,18,3,0,21,20,5,0,25,62,12,0,74,94,14,0,108
163048,219,"CĂMINUL CULTURAL REDIU-GALIAN","REDIU GALIAN",VS,454,1,0,0,1,4,3,0,7,6,4,0,10,18,6,0,24,64,8,0,72,87,10,0,97
163020,220,"ȘCOALA GENERALĂ GHERGHELEU",GHERGHELEU,VS,320,1,1,0,2,5,4,0,9,11,7,0,18,15,7,0,22,50,9,0,59,54,10,0,64
163066,221,"SCOALA GIMNAZIALA GEORGE C DRAGU SAT COROIESTI",COROIEŞTI,VS,729,3,0,0,3,24,0,0,24,37,0,0,37,51,1,0,52,134,8,0,142,263,13,0,276
163075,222,"DISPENSAR UMAN, SAT CHILIENI",CHILIENI,VS,211,3,3,0,6,15,6,0,21,19,6,0,25,25,8,0,33,44,11,0,55,66,14,0,80
163100,223,"SCOALA GIMNAZIALA SAT MIRENI",MIRENI,VS,382,1,0,0,1,23,2,0,25,65,2,0,67,71,4,0,75,153,10,0,163,200,20,0,220
163093,224,"SCOALA PRIMARA SAT HREASCA",HREASCA,VS,302,1,3,0,4,7,3,0,10,12,3,0,15,25,4,0,29,89,7,0,96,108,9,0,117
163146,225,"ŞCOALA GIMNAZIALĂ SFÂNTUL IERARH LUCA COSTEȘTI",COSTEŞTI,VS,1452,9,4,0,13,21,19,0,40,26,29,0,55,104,42,0,146,229,60,0,289,309,66,0,375
163182,226,"ŞCOALAGIMNAZIALĂ PUNTIŞENI",PUNTIŞENI,VS,234,1,0,0,1,12,1,0,13,17,3,0,20,23,5,0,28,40,11,0,51,48,13,0,61
163155,227,"ŞCOALA PRIMARĂ CHIŢCANI",CHIŢCANI,VS,256,0,0,0,0,3,0,0,3,3,0,0,3,7,2,0,9,19,7,0,26,27,7,0,34
163164,228,"ŞCOALAPRIMARĂ DINGA",DINGA,VS,107,0,0,0,0,1,1,0,2,4,6,0,10,5,10,0,15,19,14,0,33,29,17,0,46
163191,229,"ŞCOALA PRIMARĂ RĂDEŞTI",RĂDEŞTI,VS,117,1,0,0,1,4,2,0,6,4,2,0,6,12,4,0,16,22,8,0,30,28,10,0,38
163173,230,"ŞCOALA PRIMARĂ PÎRVEŞTI",PÎRVEŞTI,VS,78,0,0,0,0,1,0,0,1,7,1,0,8,8,1,0,9,16,4,0,20,19,5,0,24
163404,231,"ŞCOALA PRIMARÃBÃLEŞTI",BĂLEŞTI,VS,598,7,3,0,10,15,3,0,18,25,3,0,28,33,5,0,38,116,17,0,133,172,23,0,195
163422,232,"ŞCOALA GIMNAZIALÃ "" CEZAR BOTEZ "" FÂSTÂCI",FÂSTÂCI,VS,289,2,0,0,2,9,1,0,10,20,3,0,23,29,5,0,34,79,11,0,90,98,21,0,119
163413,233,"FOSTA ŞCOALÃ CU CLASELE I-IV COZMEŞTI",COZMEŞTI,VS,256,4,0,0,4,28,7,0,35,32,8,0,40,33,10,0,43,68,15,0,83,78,16,0,94
163422,234,ŞCOALAPRIMARÃFÂSTÂCI,FÂSTÂCI,VS,586,5,0,0,5,29,0,0,29,33,0,0,33,42,4,0,46,136,7,0,143,182,8,0,190
163217,235,"CĂMINUL CULTURAL"" VASILE FOLESCU"" CREŢEŞTI",CREŢEŞTI,VS,488,1,0,0,1,5,0,0,5,14,3,0,17,21,4,0,25,64,10,0,74,81,11,0,92
163235,236,"ŞCOALA GIMNAZIALA NR.1CRETESTII DE SUS","CREŢEŞTII DE SUS",VS,491,6,3,0,9,9,5,0,14,15,7,0,22,32,10,0,42,76,24,0,100,115,29,0,144
163244,237,"ŞCOALA NOUA SATU NOU","SATU NOU",VS,252,5,0,0,5,8,2,0,10,14,5,0,19,21,8,0,29,50,11,0,61,57,13,0,70
163226,238,"ŞCOALA DEZAFECTATA BUDEŞTI",BUDEŞTI,VS,162,5,3,0,8,11,3,0,14,17,3,0,20,26,3,0,29,35,6,0,41,41,7,0,48
163262,239,"CĂMINUL CULTURAL DĂNEŞTI",DĂNEŞTI,VS,443,6,0,0,6,18,2,0,20,24,4,0,28,30,4,0,34,64,12,0,76,88,13,0,101
163299,240,"ŞCOALA GIMNAZIALA EMIL RACOVIŢĂ","EMIL RACOVIŢĂ",VS,670,1,0,0,1,16,8,0,24,19,8,0,27,22,10,0,32,71,13,0,84,93,14,0,107
163271,241,"ŞCOALA PRIMARA BEREASA",BEREASA,VS,311,5,0,0,5,8,3,0,11,30,7,0,37,38,7,0,45,85,13,0,98,88,13,0,101
163315,242,"ŞCOALA PRIMARA TĂTĂRĂNI",TĂTĂRĂNI,VS,165,1,0,0,1,11,1,0,12,17,2,0,19,18,4,0,22,42,13,0,55,43,16,0,59
163333,243,"ŞCOALA GIMNAZIALA NR. 1DELENI",DELENI,VS,1392,8,1,0,9,27,9,0,36,38,12,0,50,57,17,0,74,193,64,4,261,236,71,4,311
163342,244,"GRADINITA CU PROGRAM NORMAL, SAT BULBOACA",BULBOACA,VS,515,8,3,0,11,13,7,0,20,26,8,0,34,34,8,0,42,82,17,0,99,102,18,0,120
163388,245,"ŞCOALA GIMNAZIALĂ NR. 1, DELEŞTI",DELEŞTI,VS,605,3,1,0,4,7,1,0,8,14,5,0,19,50,10,0,60,109,20,0,129,136,21,0,157
163397,246,"ŞCOALA PRIMARĂ, ALBEŞTI",ALBEŞTI,VS,157,5,4,0,9,8,4,0,12,14,4,0,18,22,4,0,26,48,7,0,55,59,9,0,68
163431,247,"ŞCOALA PRIMARĂ, FUNDĂTURA",FUNDĂTURA,VS,332,2,0,0,2,15,0,0,15,20,0,0,20,27,8,0,35,97,16,0,113,115,17,0,132
163440,248,"ŞCOALA GIMNAZIALĂ, HÎRȘOVA",HÎRSOVA,VS,392,6,2,0,8,16,6,0,22,25,7,0,32,37,9,0,46,105,16,0,121,137,22,0,159
163468,249,"ŞCOALA PRIMARĂ, MÎNĂSTIREA",MÎNĂSTIREA,VS,147,1,3,0,4,11,4,0,15,16,4,0,20,18,4,0,22,55,8,0,63,68,10,0,78
163477,250,"ŞCOALA PRIMARĂ, RĂDUIEȘTI",RĂDUIEŞTI,VS,172,0,0,0,0,2,0,0,2,7,0,0,7,10,0,0,10,27,4,0,31,35,6,0,41
164286,251,"ŞCOALAGIMNAZIALĂ NR.1 HURDUGI",HURDUGI,VS,513,4,0,0,4,32,6,0,38,46,8,0,54,63,9,0,72,129,14,0,143,159,19,0,178
164295,252,"ŞCOALA PRIMARĂ GRUMEZOAIA",GRUMEZOAIA,VS,325,0,1,0,1,18,4,0,22,23,9,0,32,33,9,0,42,77,24,0,101,99,30,0,129
164302,253,"ŞCOALA GIMNAZIALĂ GUȘIȚEI",GUŞIŢEI,VS,616,5,2,0,7,9,2,0,11,17,3,0,20,22,3,0,25,96,8,0,104,137,8,0,145
164311,254,"ŞCOALAPRIMARĂ PLOTONEŞTI",PLOTONEŞTI,VS,264,0,0,0,0,9,1,0,10,16,1,0,17,20,2,0,22,41,6,0,47,62,10,0,72
164320,255,"ŞCOALA PRIMARĂ URLAŢI",URLAŢI,VS,199,8,2,0,10,10,3,0,13,13,3,0,16,19,3,0,22,43,6,0,49,49,7,0,56
166725,256,"ŞCOALA GIMNAZIALĂ ""V.I. POPA""",DODEŞTI,VS,1155,3,6,0,9,10,7,0,17,19,7,0,26,41,10,0,51,198,29,0,227,393,39,47,479
166743,257,"ŞCOALA PRIMARĂ URDEŞTI",URDEŞTI,VS,197,0,0,0,0,2,0,0,2,10,1,0,11,12,6,0,18,26,14,0,40,49,16,4,69
163495,258,"CĂMINUL CULTURAL DRAGOMIREŞTI",DRAGOMIREŞTI,VS,450,5,0,0,5,9,0,0,9,15,0,0,15,20,2,0,22,66,40,0,106,75,43,0,118
163556,259,"ŞCOALA PRIMARĂ POIANA PIETREI","POIANA PIETREI",VS,235,1,0,0,1,9,1,0,10,9,2,0,11,19,3,0,22,40,4,0,44,52,5,0,57
163547,260,"ŞCOALA GIMNAZIALĂ DOAGELE",DOAGELE,VS,834,1,0,0,1,3,0,0,3,7,0,0,7,9,3,0,12,30,6,0,36,54,9,0,63
163609,261,"LICEUL TEHNOLOGIC VLADIA",VLADIA,VS,384,0,0,0,0,5,0,0,5,6,0,0,6,9,3,0,12,33,12,0,45,47,13,0,60
163510,262,"ŞCOALA PRIMARĂBELZENI",BELZENI,VS,204,4,0,0,4,8,2,0,10,8,2,0,10,8,3,0,11,51,12,0,63,60,13,0,73
163501,263,"ŞCOALA PRIMARĂ BĂBUŢA",BĂBUŢA,VS,129,0,0,0,0,5,0,0,5,7,0,0,7,13,3,0,16,37,6,0,43,47,6,0,53
163574,264,"ŞCOALA GIMNAZIALĂ NR. 1RĂDENI",RĂDENI,VS,927,9,3,0,12,14,6,0,20,16,7,0,23,28,9,0,37,137,24,0,161,205,28,0,233
163592,265,"ŞCOALA PRIMARĂ TULEŞTI",TULEŞTI,VS,144,0,0,0,0,6,2,0,8,8,2,0,10,13,5,0,18,31,13,0,44,36,18,0,54
163565,266,"ŞCOALA PRIMARĂ POPEŞTI",POPEŞTI,VS,309,0,0,0,0,8,0,0,8,12,0,0,12,15,0,0,15,41,1,0,42,55,3,0,58
163654,267,"SALA DE EDUCAŢIE FIZICĂ ŞCOLARĂ GHERMĂNEŞTI",GHERMĂNEŞTI,VS,1638,40,0,0,40,64,1,0,65,83,2,0,85,126,7,0,133,275,15,0,290,378,22,0,400
163627,268,"ŞCOALA PRIMARĂ, SAT DRÎNCENI",DRÎNCENI,VS,464,7,0,0,7,13,2,0,15,13,2,0,15,22,7,0,29,41,11,0,52,46,12,0,58
163663,269,"ŞCOALA GIMNAZIALĂ, SAT RÎŞEŞTI",RÎŞEŞTI,VS,1676,5,0,0,5,24,7,0,31,41,10,0,51,77,11,0,88,234,29,0,263,336,35,0,371
163690,270,"ŞCOALA GIMNAZIALA CONSTANTIN ASIMINEI",EPURENI,VS,1211,1,3,0,4,14,4,0,18,22,7,0,29,35,9,0,44,101,20,0,121,144,25,0,169
163716,271,"ŞCOALA GIMNAZIALA IOAN GHE. PRICOP",DUDA,VS,980,5,1,0,6,22,11,0,33,28,11,0,39,46,12,0,58,130,22,0,152,200,30,0,230
163725,272,"ŞCOALA GIMNAZIALA NICOLAE POPA","VALEA GRECULUI",VS,1306,4,0,0,4,7,0,0,7,8,0,0,8,15,1,0,16,86,4,0,90,141,4,0,145
163707,273,"FOSTA ŞCOALA CU CLASELE I-IV BOBEŞTI",BOBEŞTI,VS,110,1,0,0,1,1,0,0,1,4,0,0,4,4,2,0,6,17,5,0,22,24,10,0,34
163743,274,"ŞCOALA GIMNAZIALĂ ”MAREȘAL C-TIN PREZAN” DUMEŞTI",DUMEŞTI,VS,1043,2,5,0,7,5,6,0,11,14,9,0,23,20,9,0,29,81,21,0,102,124,25,0,149
163743,275,"GRĂDINIŢA NR. 1 DUMEŞTI",DUMEŞTI,VS,748,3,0,0,3,14,0,0,14,21,0,0,21,29,0,0,29,86,10,0,96,107,14,0,121
163752,276,"GRĂDINIȚA DUMEŞTII VECHI","DUMEŞTII VECHI",VS,348,3,0,0,3,10,0,0,10,15,3,0,18,23,4,0,27,67,8,0,75,82,10,0,92
163770,277,"ŞCOALA PRIMARĂ VALEA MARE","VALEA MARE",VS,700,2,1,0,3,11,1,0,12,13,2,0,15,24,2,0,26,88,2,0,90,131,8,0,139
163798,278,"SCOALA GIMNAZIALA ,, MANOLACHE COSTACHEEPUREANU"" SAT EPURENI",EPURENI,VS,777,4,0,0,4,11,2,0,13,19,7,0,26,31,13,0,44,89,19,0,108,126,23,0,149
163814,279,"ȘCOALA PRIMARĂ NR.2 BURSUCI",BURSUCI,VS,734,9,0,0,9,25,2,0,27,31,4,0,35,63,7,0,70,147,15,0,162,210,17,0,227
163805,280,"SCOALA PRIMARA .SAT BIRLALESTI",BÎRLĂLEŞTI,VS,573,4,0,0,4,10,0,0,10,11,1,0,12,28,3,0,31,110,8,0,118,153,15,0,168
163823,281,"SCOALA PRIMARA ,SATHORGA",HORGA,VS,319,4,8,0,12,20,12,0,32,30,14,0,44,40,15,0,55,106,17,4,127,123,18,4,145
163841,282,"LICEUL TEHNOLOGIC ""DIMITRIE CANTEMIR"" SAT FĂLCIU",FĂLCIU,VS,1054,1,2,0,3,13,6,0,19,17,7,0,24,36,11,0,47,104,17,0,121,129,18,0,147
163841,283,"CĂMINUL CULTURAL FĂLCIU",FĂLCIU,VS,1054,4,2,0,6,17,2,0,19,18,4,0,22,39,6,0,45,114,15,0,129,133,20,0,153
163850,284,"ŞCOALA PRIMARĂSAT BOGDĂNEŞTI",BOGDĂNEŞTI,VS,477,3,0,0,3,6,0,0,6,6,0,0,6,8,0,1,9,27,4,0,31,39,6,0,45
163896,285,"ŞCOALA GIMNAZIALĂ SAT RÂNZEŞTI",RÎNZEŞTI,VS,845,8,5,0,13,31,7,0,38,39,7,0,46,60,9,0,69,147,22,0,169,189,27,12,228
163869,286,"ŞCOALA PRIMARĂ SAT BOZIA",BOZIA,VS,331,4,1,0,5,7,2,0,9,11,2,0,13,30,3,0,33,49,8,0,57,55,14,0,69
163878,287,"ŞCOALA PRIMARĂ SAT COPĂCEANA",COPĂCEANA,VS,461,5,2,0,7,13,5,0,18,20,7,0,27,31,7,0,38,86,10,0,96,115,18,0,133
163887,288,"ŞCOALA PRIMARĂ SAT ODAIA BOGDANA","ODAIA BOGDANA",VS,258,1,1,0,2,6,7,0,13,6,9,0,15,8,13,0,21,30,14,0,44,43,14,0,57
166654,289,"CENTRUL CULTURAL ""SANDU TRIFAN"", FEREŞTI",FEREŞTI,VS,1653,10,0,0,10,28,1,0,29,40,1,0,41,78,3,0,81,272,20,2,294,340,27,2,369
164151,290,"ŞCOALA GIMNAZIALĂ ""GENERAL AVIATOR INGINER GHEORGHE NEGRESCU"" FRUNTIŞENI",FRUNTIŞENI,VS,760,4,3,0,7,27,4,0,31,36,4,0,40,50,4,0,54,165,7,0,172,230,11,0,241
164160,291,"ŞCOALA GIMNAZIALĂ GRĂJDENI",GRĂJDENI,VS,637,8,2,0,10,21,4,0,25,35,8,0,43,49,11,0,60,147,17,0,164,219,26,0,245
163912,292,"ŞCOALA GIMNAZIALA ”ION ARTENE” GĂGEŞTI",GĂGEŞTI,VS,380,7,1,0,8,17,1,0,18,18,4,0,22,24,5,0,29,55,9,0,64,70,10,0,80
163921,293,"GRĂDINIŢA CU PROGRAM NORMAL GIURCANI",GIURCANI,VS,463,5,5,0,10,13,16,0,29,22,19,0,41,24,21,0,45,56,26,17,99,77,33,17,127
163930,294,"ŞCOALA PRIMARA ”DUMITRU MARIN” PEICANI",PEICANI,VS,429,7,1,0,8,9,1,0,10,18,2,0,20,25,3,0,28,71,7,0,78,97,15,0,112
163958,295,"ŞCOALA PRIMARA TUPILATI",TUPILAŢI,VS,255,1,2,0,3,6,4,0,10,7,4,0,11,14,5,0,19,60,12,0,72,82,16,0,98
163976,296,"CĂMINUL CULTURAL, GHERGHEŞTI",GHERGHEŞTI,VS,935,4,2,0,6,9,3,0,12,13,3,0,16,21,4,0,25,115,16,0,131,219,24,0,243
164035,297,"CONTAINER MODULAR",LUNCA,VS,386,5,0,0,5,7,0,0,7,7,0,0,7,19,0,0,19,73,5,0,78,110,8,0,118
163994,298,"ŞCOALA PRIMARA SAT CORODESTI",CORODEŞTI,VS,177,2,4,0,6,5,5,0,10,7,6,0,13,10,8,0,18,24,14,0,38,40,16,0,56
163985,299,"ŞCOALA GIMNAZIALA SAT CHETROSU",CHETROSU,VS,405,0,3,0,3,5,3,0,8,7,3,0,10,9,3,0,12,46,8,0,54,79,11,0,90
164017,300,"ŞCOALA PRIMARA SAT DRAXENI",DRĂXENI,VS,121,1,5,0,6,3,5,0,8,5,5,0,10,6,5,0,11,23,5,0,28,38,8,0,46
164071,301,"CĂMINUL CULTURAL GÎRCENI",GÎRCENI,VS,729,7,4,0,11,24,7,0,31,34,13,0,47,55,15,0,70,160,33,0,193,202,42,0,244
164080,302,"ŞCOALA PRIMARĂ, DUMBRĂVENI",DUMBRĂVENI,VS,173,4,3,0,7,9,6,0,15,14,6,0,20,14,6,0,20,38,19,0,57,48,23,0,71
164124,303,"ŞCOALA PRIMARĂ, TROHAN",TROHAN,VS,182,2,0,0,2,6,0,0,6,13,0,0,13,15,3,0,18,45,13,0,58,58,16,0,74
164099,304,"ŞCOALA GIMNAZIALĂ, RACOVA",RACOVA,VS,155,3,0,0,3,9,1,0,10,9,1,0,10,13,1,0,14,30,2,0,32,40,4,0,44
164106,305,"ŞCOALA PRIMARĂ, RACOVIŢA",RACOVIŢA,VS,176,1,0,0,1,11,1,0,12,13,1,0,14,17,1,0,18,53,4,0,57,75,7,0,82
164115,306,"ŞCOALA PRIMARĂ, SLOBOZIA",SLOBOZIA,VS,346,2,0,0,2,9,1,0,10,9,3,0,12,15,3,0,18,64,6,0,70,144,9,0,153
164142,307,"GRĂDINIŢA CU PROGRAM NORMALGRIVIŢA",GRIVIŢA,VS,1310,6,1,0,7,14,7,0,21,23,8,0,31,48,13,0,61,180,30,0,210,224,36,0,260
164188,308,"ŞCOALAGIMNAZIALĂ TRESTIANA",TRESTIANA,VS,1131,5,0,0,5,10,0,0,10,19,0,0,19,36,1,0,37,136,14,0,150,170,22,0,192
164179,309,"ŞCOALA PRIMARĂ ODAIA BURSUCANI","ODAIA BURSUCANI",VS,437,4,2,0,6,9,2,0,11,16,3,0,19,19,3,0,22,72,19,0,91,151,29,0,180
164204,310,"CĂMINUL CULTURAL HOCENI",HOCENI,VS,425,5,1,0,6,13,2,0,15,16,3,0,19,25,3,0,28,66,9,0,75,81,11,0,92
164213,311,"GRĂDINIŢA CU PROGRAM NORMAL BARBOŞI",BARBOŞI,VS,556,11,0,0,11,26,1,0,27,29,1,0,30,51,1,0,52,108,7,0,115,137,13,0,150
164222,312,"ŞCOALA PRIMARĂ DELENI",DELENI,VS,358,2,1,0,3,13,4,0,17,15,4,0,19,28,6,0,34,69,14,0,83,87,20,0,107
164231,313,"ŞCOALA PRIMARĂ OŢELENI",OŢELENI,VS,416,4,0,0,4,10,2,0,12,22,3,0,25,32,5,0,37,86,18,0,104,119,21,0,140
164268,314,"ŞCOALA PRIMARĂ TOMȘA",TOMŞA,VS,245,2,1,0,3,7,1,0,8,7,3,0,10,12,7,0,19,42,22,0,64,51,24,0,75
164268,315,"ŞCOALA PRIMARĂ TOMŞA",TOMŞA,VS,103,1,0,0,1,1,0,0,1,1,0,0,1,4,0,0,4,17,1,0,18,24,6,0,30
164348,316,"ŞCOALA GIMNAZIALA NR.1 IANA",IANA,VS,917,15,1,0,16,21,2,0,23,23,2,0,25,29,2,0,31,151,20,0,171,210,25,0,235
164357,317,"ŞCOALA PRIMARA HĂLĂREŞTI",HĂLĂREŞTI,VS,814,8,0,0,8,30,0,0,30,38,2,0,40,50,4,0,54,161,10,0,171,221,16,0,237
164375,318,"ŞCOALA PRIMARA SILIŞTEA",SILIŞTEA,VS,771,2,0,0,2,11,3,0,14,12,5,0,17,25,6,0,31,190,10,0,200,305,12,0,317
164366,319,"ŞCOALA GIMNAZIALA RECEA",RECEA,VS,378,5,3,0,8,11,3,0,14,13,4,0,17,20,4,0,24,75,6,0,81,96,6,0,102
164384,320,"GRĂDINIŢA VADURILE",VADURILE,VS,255,7,5,0,12,17,6,0,23,20,6,0,26,22,6,0,28,52,8,0,60,61,9,0,70
162103,321,"CĂMINUL CULTURAL IBĂNEŞTI",IBĂNEŞTI,VS,533,10,2,0,12,60,2,0,62,86,5,0,91,104,6,0,110,154,17,0,171,318,28,0,346
162112,322,"ŞCOALA PRIMARĂ SAT. MÎNZAŢI",MÎNZAŢI,VS,519,8,0,0,8,17,2,0,19,33,5,0,38,46,7,0,53,92,7,0,99,180,13,0,193
162130,323,"FOSTA ŞCOALA CU CLASELE I-IV, PUŢU OLARULUI","PUŢU OLARULUI",VS,110,0,0,0,0,0,3,0,3,4,3,0,7,4,3,0,7,17,4,0,21,32,7,0,39
164400,324,"ŞCOALA IVĂNEŞTI",IVĂNEŞTI,VS,994,5,1,0,6,20,2,0,22,33,4,0,37,59,14,0,73,153,29,0,182,197,45,0,242
164437,325,"ŞCOALA BROŞTENI",BROŞTENI,VS,463,6,0,0,6,19,0,0,19,25,7,0,32,32,7,0,39,75,12,0,87,101,16,0,117
164525,326,"ŞCOALA VALEA MARE","VALEA MARE",VS,409,0,0,0,0,1,1,0,2,4,2,0,6,13,4,0,17,44,8,0,52,56,9,0,65
164455,327,"ŞCOALA COȘCA",COŞCA,VS,267,3,1,0,4,7,2,0,9,7,3,0,10,10,3,0,13,33,13,0,46,47,15,0,62
164464,328,"ŞCOALA COŞEȘTI",COŞEŞTI,VS,294,5,0,0,5,13,1,0,14,15,2,0,17,18,3,0,21,50,10,0,60,58,14,0,72
164534,329,"ŞCOALA VALEA OANEI","VALEA OANEI",VS,228,2,0,0,2,6,3,0,9,7,3,0,10,11,3,0,14,30,10,0,40,49,14,0,63
164516,330,"ŞCOALA URSOAIA",URSOAIA,VS,361,1,1,0,2,9,5,0,14,12,5,0,17,20,5,0,25,61,12,0,73,72,17,0,89
164516,331,"GRADINITA CU PROGRAM NORMAL SAT.URSOAIA",URSOAIA,VS,381,4,1,0,5,5,1,0,6,8,4,0,12,10,7,0,17,50,18,0,68,72,21,0,93
164552,332,"ŞCOALA GIMNAZIALĂ NR. 1 IVEŞTI - CORP A",IVEŞTI,VS,1090,5,0,0,5,11,2,0,13,19,2,0,21,37,2,0,39,135,15,0,150,210,17,0,227
164552,333,"ŞCOALA GIMNAZIALĂ NR. 1 IVEŞTI - CORP B",IVEŞTI,VS,1098,6,0,0,6,20,3,0,23,20,4,0,24,34,5,0,39,151,14,0,165,235,21,0,256
164605,334,"ŞCOALAGIMNAZIALĂ ""MIHAI EMINESCU"" LAZA",LAZA,VS,1474,7,0,0,7,25,0,0,25,33,0,0,33,57,2,0,59,224,13,0,237,298,18,0,316
164650,335,"ŞCOALA PRIMARA ,SAUCA",SAUCA,VS,867,2,0,0,2,10,0,0,10,15,2,0,17,25,2,0,27,115,7,0,122,161,16,0,177
164641,336,"ŞCOALA PRIMARĂ, RÂŞNIŢA",RÎŞNIŢA,VS,239,1,3,0,4,3,3,0,6,4,5,0,9,6,7,0,13,39,13,0,52,53,14,0,67
164696,337,"CENTRUL CULTURAL ""ȘTEFAN CIOBOTĂRAȘU""SAT LIPOVAȚ",LIPOVĂŢ,VS,1271,11,1,0,12,30,6,0,36,37,7,0,44,77,11,0,88,252,25,1,278,360,37,1,398
164721,338,"ŞCOALA PRIMARĂ SAT CORBU",CORBU,VS,450,8,1,0,9,20,1,0,21,26,3,0,29,32,5,0,37,85,12,1,98,113,14,1,128
164712,339,"ŞCOALA GIMNAZIALĂ ""SPĂTAR ŞTEFAN ANGHELUȚĂ"" SAT CHIŢOC",CHIŢOC,VS,827,4,0,0,4,29,5,0,34,43,6,0,49,65,11,0,76,155,28,0,183,217,32,0,249
164703,340,"ŞCOALA PRIMARĂ SAT CĂPUŞNENI",CĂPUŞNENI,VS,202,5,3,0,8,8,5,0,13,12,7,0,19,21,7,0,28,56,10,0,66,73,11,0,84
164730,341,"ŞCOALA GIMNAZIALĂ SAT FUNDU - VĂII","FUNDU VĂII",VS,456,5,4,0,9,9,5,0,14,15,5,0,20,16,5,0,21,98,6,0,104,146,8,0,154
164758,342,"ŞCOALA GIMNAZIALĂ NR. 1 LUNCA BANULUI","LUNCA BANULUI",VS,1655,4,1,0,5,31,2,0,33,39,2,0,41,82,4,0,86,274,21,0,295,350,24,0,374
164801,343,"ŞCOALA PRIMARĂ SAT OŢETOAIA",OŢETOAIA,VS,682,7,1,0,8,26,4,0,30,30,4,0,34,37,6,0,43,126,9,0,135,172,14,0,186
164794,344,"ŞCOALA PRIMARĂ SAT LUNCA VECHE","LUNCA VECHE",VS,76,2,1,0,3,4,1,0,5,6,4,0,10,14,5,0,19,20,5,0,25,23,5,0,28
164785,345,"ŞCOALA PRIMARĂ SAT FOCŞA",FOCŞA,VS,154,3,1,0,4,7,3,0,10,7,6,0,13,7,7,0,14,28,8,0,36,35,8,0,43
164767,346,"ŞCOALA PRIMARĂ SAT BROSCOŞEŞTI",BROSCOŞEŞTI,VS,400,2,1,0,3,7,3,0,10,9,3,0,12,9,5,0,14,47,6,0,53,78,12,0,90
164838,347,"ŞCOALA GIMNAZIALĂ NR.1,SAT MĂLUȘTENI",MĂLUŞTENI,VS,504,4,0,0,4,7,2,0,9,9,3,0,12,19,3,0,22,61,10,0,71,98,12,0,110
164883,348,"ŞCOALA CENTRU ȚUȚCANI",ŢUŢCANI,VS,437,7,0,0,7,8,2,0,10,12,3,0,15,19,3,0,22,40,11,0,51,84,14,0,98
164865,349,"ŞCOALA MÎNĂSTIREA",MÎNĂSTIREA,VS,83,0,0,0,0,4,2,0,6,4,2,0,6,9,3,0,12,16,6,0,22,21,9,0,30
164847,350,"ŞCOALA GHIREASCA",GHIREASCA,VS,155,0,0,0,0,0,0,0,0,0,0,0,0,2,1,0,3,15,9,0,24,32,13,0,45
164856,351,"SALA FESTIVITĂȚI LUPEȘTI",LUPEŞTI,VS,345,1,1,0,2,2,1,0,3,4,1,0,5,5,2,0,7,16,4,0,20,23,5,0,28
164874,352,"ŞCOALA PRIMARĂ MÎNZĂTEȘTI",MÎNZĂTEŞTI,VS,278,2,2,0,4,7,2,0,9,9,2,0,11,14,2,0,16,36,9,0,45,51,10,0,61
164909,353,"CĂMINUL CULTURAL MICLEŞTI",MICLEŞTI,VS,786,24,3,0,27,41,6,0,47,50,6,0,56,64,11,0,75,139,28,0,167,168,36,0,204
164918,354,"ŞCOALA GIMNAZIALĂ CHIRCEŞTI-DEAL",CHIRCEŞTI,VS,571,5,2,0,7,16,6,0,22,21,6,0,27,34,6,0,40,99,14,0,113,133,25,0,158
164918,355,"ŞCOALA DEZAFECTATĂ CHIRCEŞTI -VALE",CHIRCEŞTI,VS,369,6,2,0,8,13,4,0,17,25,4,0,29,30,7,0,37,80,12,0,92,102,16,0,118
164927,356,"ŞCOALA PRIMARĂ POPEŞTI",POPEŞTI,VS,366,6,0,0,6,15,2,0,17,32,3,0,35,40,3,0,43,77,8,0,85,104,16,0,120
164945,357,"SALA DE EDUCAŢIE FIZICĂ ŞCOLARĂ MUNTENII DE JOS","MUNTENII DE JOS",VS,1830,9,0,0,9,36,1,130,167,52,1,130,183,80,1,130,211,191,4,155,350,257,13,155,425
164963,358,"ŞCOALA PRIMARĂ SATMÎNJEŞTI",MÎNJEŞTI,VS,649,7,3,0,10,18,4,126,148,24,6,126,156,36,7,126,169,116,27,126,269,149,33,126,308
164954,359,"ŞCOALA PRIMARĂ SATBĂCĂOANI",BĂCĂOANI,VS,1048,6,5,0,11,9,11,169,189,14,11,169,194,22,12,169,203,91,21,212,324,164,29,212,405
166217,360,"ŞCOALA GIMNAZIALĂ ""ION AGARICI"", MUNTENII DE SUS","MUNTENII DE SUS",VS,1210,2,0,0,2,10,0,0,10,18,0,0,18,66,4,0,70,184,13,0,197,253,14,0,267
166226,361,"ŞCOALA PRIMARĂ, SATU-NOU","SATU NOU",VS,1152,6,1,0,7,18,2,0,20,22,3,0,25,37,5,0,42,179,7,1,187,240,12,1,253
166226,362,"SCOALA PRIMARA, SATU NOU","SATU NOU",VS,994,2,0,0,2,11,0,0,11,17,0,0,17,22,0,0,22,146,0,0,146,211,0,0,211
165078,363,"ŞCOALA PRIMARĂ OLTENEŞTI",OLTENEŞTI,VS,394,5,1,0,6,11,6,0,17,16,7,0,23,34,10,0,44,74,19,0,93,86,21,0,107
165121,364,"ŞCOALA PRIMARĂ ZGURA",ZGURA,VS,69,2,4,0,6,4,4,0,8,9,4,0,13,12,5,0,17,22,7,0,29,26,8,0,34
165087,365,"ŞCOALA PRIMARĂ CURTENI",CURTENI,VS,165,2,0,0,2,6,1,0,7,15,5,0,20,19,6,0,25,23,8,0,31,31,9,0,40
165112,366,"ŞCOALA GIMNAZIALA GRIGORE ŞT. RĂILEANU VINEŢEŞTI",VINEŢEŞTI,VS,528,4,2,0,6,13,4,0,17,24,4,0,28,34,5,0,39,92,14,0,106,116,18,0,134
165103,367,"ŞCOALA GIMNAZIALĂ CONSTANTIN ROTARU TÎRZII",TÎRZII,VS,868,11,3,0,14,37,4,0,41,59,4,0,63,83,11,0,94,231,32,0,263,293,41,0,334
165096,368,"ŞCOALA PRIMARĂ PÎHNA",PÎHNA,VS,121,7,0,0,7,24,3,0,27,29,7,0,36,33,7,0,40,48,11,0,59,58,11,0,69
165149,369,"ŞCOALA GIMNAZIALĂ ''MIHAI EMINESCU'' SAT OŞEŞTI",OŞEŞTI,VS,1016,3,1,0,4,18,2,0,20,26,3,0,29,40,6,0,46,154,16,0,170,181,20,0,201
165158,370,"ŞCOALA GIMNAZIALĂ ”LUIZA ZAVLOSCHI” SAT BUDA",BUDA,VS,1092,4,0,0,4,12,1,0,13,15,1,0,16,37,4,0,41,222,18,5,245,289,20,5,314
165167,371,"ŞCOALA PRIMARĂ SAT PĂDURENI",PĂDURENI,VS,251,0,0,0,0,3,0,0,3,7,0,0,7,14,3,0,17,44,3,0,47,65,3,0,68
165194,372,"ŞCOALA GIMNAZIALA NR.1 PĂDURENI",PĂDURENI,VS,1014,9,0,0,9,18,0,0,18,28,0,0,28,45,8,0,53,147,15,0,162,199,21,0,220
165247,373,"ŞCOALA PRIMARA RUSCA",RUSCA,VS,535,2,4,0,6,8,6,0,14,11,6,0,17,14,8,0,22,42,9,0,51,59,14,0,73
165210,374,"ŞCOALA PRIMARA DAVIDEŞTI",DAVIDEŞTI,VS,414,6,0,0,6,15,2,0,17,16,4,0,20,22,5,0,27,74,13,0,87,103,16,0,119
165229,375,"ŞCOALA PRIMARA IVĂNEŞTI",IVĂNEŞTI,VS,346,2,3,0,5,5,5,0,10,11,5,0,16,20,7,0,27,77,20,0,97,109,24,0,133
165265,376,"ŞCOALA PRIMARA VĂLENI",VĂLENI,VS,871,12,4,0,16,32,9,0,41,37,9,0,46,61,11,0,72,166,23,0,189,198,27,0,225
165283,377,"ŞCOALA GIMNAZIALĂ PERIENI - CENTRU",PERIENI,VS,1264,7,1,0,8,15,3,0,18,18,3,0,21,36,4,0,40,124,17,0,141,152,20,0,172
165283,378,"ŞCOALA PRIMARĂ PERIENI - SATUL NOU",PERIENI,VS,1193,7,2,0,9,12,2,0,14,20,2,0,22,31,2,0,33,115,10,0,125,158,13,0,171
165283,379,"ŞCOALA PRIMARĂ PERIENI - VALE",PERIENI,VS,462,4,6,0,10,5,7,0,12,8,7,0,15,13,9,0,22,40,11,0,51,49,13,0,62
166556,380,"P.A.P.I. - ACCES INTERNET, BORODEŞTI",BORODEŞTI,VS,216,6,4,0,10,10,7,0,17,10,7,0,17,14,7,0,21,68,15,0,83,88,19,0,107
166592,381,"ȘCOALAPRIMARĂ POCHIDIA",POCHIDIA,VS,367,3,0,0,3,14,13,0,27,18,19,0,37,41,20,0,61,78,22,0,100,109,25,0,134
166618,382,"ŞCOALA GIMNAZIALĂ NR.1 , SĂLCENI",SĂLCENI,VS,784,5,0,0,5,22,1,0,23,35,2,0,37,56,3,0,59,148,6,0,154,250,12,0,262
165425,383,"ŞCOALA GIMNAZIALA NR. 1 POGANA",POGANA,VS,641,2,0,0,2,14,10,0,24,30,17,0,47,35,19,0,54,78,33,0,111,125,36,2,163
165461,384,"ŞCOALAGIMNAZIALA SAT TOMEŞTI",TOMEŞTI,VS,728,2,0,0,2,7,0,0,7,9,0,0,9,18,2,0,20,90,5,0,95,123,8,0,131
165434,385,"ŞCOALAGIMNAZIALA SATBOGEŞTI",BOGEŞTI,VS,565,1,1,0,2,8,1,27,36,10,4,27,41,17,6,27,50,55,11,27,93,90,19,27,136
165452,386,"ŞCOALAGIMNAZIALA SATMĂSCUREI",MĂSCUREI,VS,551,3,0,0,3,12,0,0,12,23,0,0,23,30,0,0,30,78,5,0,83,107,6,0,113
164570,387,"SCOALA GIMNAZIALA ""DIMITRIE NEGRUTIU""",POGONEŞTI,VS,1232,6,0,0,6,24,1,0,25,32,1,0,33,48,3,0,51,210,22,0,232,277,27,0,304
164589,388,"SALA TINERETULUI",POLOCIN,VS,160,1,0,0,1,6,2,0,8,7,4,0,11,10,6,0,16,20,17,0,37,40,21,0,61
165363,389,"ŞCOALA GIMNAZIALA, FLOREŞTI",FLOREŞTI,VS,424,1,0,0,1,5,0,0,5,15,5,0,20,16,9,0,25,50,10,0,60,70,16,0,86
165345,390,"CĂMIN CULTURAL POIENEŞTI",POIENEŞTI,VS,716,2,1,0,3,7,2,0,9,11,2,0,13,19,2,0,21,57,8,0,65,114,13,0,127
165390,391,"ŞCOALA OPRIŞIŢA",OPRIŞIŢA,VS,691,5,0,0,5,21,0,0,21,27,0,0,27,32,0,0,32,107,0,0,107,146,0,0,146
165372,392,"ŞCOALA FRASINU",FRASINU,VS,293,0,0,0,0,4,1,0,5,4,5,0,9,7,5,0,12,36,6,0,42,46,7,0,53
165407,393,"ŞCOALA POIENEŞTI DEAL",POIENEŞTI-DEAL,VS,93,0,0,0,0,0,3,0,3,3,7,0,10,3,7,0,10,9,8,0,17,20,9,0,29
165381,394,"ŞCOALA FUNDU VĂII","FUNDU VĂII",VS,67,1,4,0,5,5,5,0,10,6,5,0,11,7,5,0,12,21,15,0,36,23,18,0,41
165489,395,"LICEUL TEHNOLOGIC, SAT PUIEŞTI",PUIEŞTI,VS,1151,17,1,0,18,23,2,0,25,28,2,0,30,76,7,0,83,180,15,0,195,198,22,0,220
165577,396,"ŞCOALA PRIMARĂ,SAT IEZER",IEZER,VS,231,0,1,0,1,0,1,0,1,2,4,0,6,4,4,0,8,32,8,0,40,41,9,0,50
165568,397,"ŞCOALA PRIMARĂ,SAT GÎLŢEŞTI",GÎLŢEŞTI,VS,114,0,0,0,0,0,0,0,0,6,0,0,6,9,1,0,10,29,1,0,30,41,6,0,47
165602,398,"ŞCOALA PRIMARĂ,SAT RUŞI",RUŞI,VS,301,4,0,0,4,6,2,0,8,8,2,0,10,16,3,0,19,40,11,0,51,60,18,0,78
165540,399,"ŞCOALA PRIMARĂ, SAT FÎNTÎNELE",FÎNTÎNELE,VS,90,1,0,0,1,3,5,0,8,11,12,0,23,13,12,0,25,35,19,0,54,47,21,0,68
165513,400,"ŞCOALA PRIMARĂ, SAT CĂLIMĂNEŞTI",CĂLIMĂNEŞTI,VS,278,7,0,0,7,16,2,0,18,18,3,0,21,26,4,0,30,73,8,0,81,94,11,0,105
165559,401,"ŞCOALA PRIMARĂ, SAT FULGU",FULGU,VS,120,0,0,0,0,7,4,0,11,12,11,0,23,14,11,0,25,26,11,0,37,39,11,0,50
165586,402,"ŞCOALA GIMNAZIALĂ, SAT LĂLEŞTI",LĂLEŞTI,VS,377,5,0,0,5,10,0,0,10,23,0,0,23,24,1,0,25,95,9,0,104,125,11,0,136
165531,403,"ŞCOALA PRIMARĂ, SAT CRISTEŞTI",CRISTEŞTI,VS,361,1,0,0,1,5,3,0,8,7,3,0,10,12,3,0,15,52,7,0,59,86,10,0,96
165522,404,"ŞCOALA PRIMARĂ, SAT CETĂŢUIA",CETĂŢUIA,VS,309,0,0,0,0,3,0,0,3,11,2,0,13,11,2,0,13,37,6,0,43,45,8,0,53
165595,405,"ŞCOALA PRIMARĂ, SAT ROTARI",ROTARI,VS,83,3,1,0,4,7,2,0,9,9,2,0,11,10,2,0,12,18,7,0,25,29,8,0,37
165498,406,"ŞCOALA PRIMARĂ, SAT BĂRTĂLUŞ -MOCANI",BĂRTĂLUŞ-MOCANI,VS,209,0,0,0,0,2,1,0,3,5,5,0,10,7,6,0,13,34,12,0,46,44,14,0,58
165620,407,"ŞCOALA GIMNAZIALA NR. 1 , SATPUNGEŞTI",PUNGEŞTI,VS,765,4,1,0,5,13,1,0,14,24,3,0,27,42,6,0,48,113,17,0,130,170,19,0,189
165693,408,"ŞCOALA PRIMARA,SAT STEJARU",STEJARU,VS,190,1,0,0,1,5,0,0,5,10,1,0,11,12,1,0,13,31,1,0,32,52,3,0,55
165684,409,"ŞCOALA PRIMARA,SATSILIŞTEA",SILIŞTEA,VS,203,0,0,0,0,2,0,0,2,5,0,0,5,11,1,0,12,45,3,0,48,56,3,0,59
165639,410,"ŞCOALA PRIMARA, SAT ARMÃŞOAIA",ARMĂŞOAIA,VS,446,3,0,0,3,12,2,0,14,17,2,0,19,26,4,0,30,77,9,0,86,96,13,0,109
165700,411,"ŞCOALAPRIMARA,SATTOPORĂŞTI",TOPORĂŞTI,VS,521,7,0,0,7,16,2,0,18,25,3,0,28,40,5,0,45,100,12,0,112,133,19,0,152
165648,412,"ŞCOALA PRIMARA,SAT CURSEŞTI DEAL",CURSEŞTI-DEAL,VS,173,1,0,0,1,4,0,0,4,7,2,0,9,14,3,0,17,45,5,0,50,53,6,0,59
165657,413,"ŞCOALA PRIMARA, SAT CURSEŞTI VALE",CURSEŞTI-VALE,VS,207,1,0,0,1,2,1,0,3,4,2,0,6,6,3,0,9,36,13,0,49,41,17,0,58
164632,414,"ŞCOALA GIMNAZIALA NR. 1 PUŞCAŞI",PUŞCAŞI,VS,1170,9,2,0,11,25,2,0,27,34,4,0,38,45,4,0,49,154,5,0,159,202,9,0,211
164623,415,"ŞCOALA PRIMARA POIANA LUI ALEXA","POIANA LUI ALEXA",VS,263,1,0,0,1,14,2,0,16,18,4,0,22,20,8,0,28,52,24,0,76,109,28,0,137
164669,416,"SCOALA PRIMARA TEIŞORU",TEIŞORU,VS,415,6,4,0,10,16,4,0,20,29,4,0,33,35,4,0,39,79,9,0,88,97,9,0,106
164678,417,"ŞCOALA PRIMARA VALEA TÂRGULUI","VALEA TÂRGULUI",VS,131,1,0,0,1,5,0,0,5,9,0,0,9,9,7,0,16,25,13,0,38,47,25,0,72
164632,418,"SCOALA GIMNAZIALA NR. 1 PUSCASI",PUŞCAŞI,VS,946,6,3,0,9,16,3,0,19,25,5,0,30,30,6,0,36,134,7,0,141,173,10,0,183
166477,419,"GRĂDINIŢA CU PROGRAM NORMAL, RAFAILA",RAFAILA,VS,1476,3,0,0,3,12,0,0,12,19,0,0,19,37,0,0,37,161,9,0,170,247,13,0,260
165728,420,"ŞCOALA GIMNAZIALĂ REBRICEA",REBRICEA,VS,448,3,0,0,3,4,3,0,7,5,3,0,8,9,5,0,14,54,9,0,63,79,14,0,93
165755,421,"CĂMINUL CULTURAL, DRAXENI",DRAXENI,VS,659,31,0,0,31,74,2,0,76,97,7,0,104,120,9,0,129,232,28,0,260,322,37,0,359
165782,422,"ŞCOALA PRIMARĂ SASOVA",SASOVA,VS,240,5,0,0,5,12,7,0,19,18,8,0,26,21,8,0,29,51,9,0,60,83,13,0,96
165808,423,"ŞCOALA PRIMARĂ TUFEŞTII DE JOS","TUFEŞTII DE JOS",VS,315,4,4,0,8,16,9,0,25,31,9,0,40,47,9,0,56,108,12,0,120,137,13,0,150
165737,424,"ŞCOALA PRIMARĂ BOLAŢI",BOLAŢI,VS,154,15,2,0,17,47,17,0,64,56,20,0,76,62,23,0,85,82,28,0,110,89,29,0,118
165746,425,"ŞCOALA PRIMARĂ CRĂCIUNEŞTI",CRĂCIUNEŞTI,VS,239,5,0,0,5,8,1,0,9,16,3,0,19,24,4,0,28,60,12,0,72,75,16,0,91
165791,426,"ŞCOALA PRIMARĂ TATOMIREŞTI",TATOMIREŞTI,VS,252,4,2,0,6,9,2,0,11,10,4,0,14,12,4,0,16,31,6,0,37,45,6,0,51
165773,427,"ŞCOALA PRIMARĂ RATEŞU-CUZEI","RATEŞU CUZEI",VS,440,2,0,0,2,11,2,0,13,18,2,0,20,22,3,0,25,43,9,0,52,74,12,0,86
165826,428,"ŞCOALA GIMNAZIALĂ ""VENIAMIN COSTACHI"" , ROŞIEŞTI",ROŞIEŞTI,VS,951,10,1,0,11,17,1,0,18,30,7,0,37,66,10,0,76,190,34,0,224,235,39,0,274
165880,429,"ŞCOALA PRIMARĂ VALEA LUI DARIE","VALEA LUI DARIE",VS,477,12,3,0,15,28,4,0,32,37,5,0,42,48,11,0,59,108,17,0,125,138,18,0,156
165862,430,"ŞCOALA PRIMARĂ IDRICI",IDRICI,VS,329,2,3,0,5,11,7,0,18,13,7,0,20,16,7,0,23,50,20,0,70,62,29,0,91
165853,431,"ŞCOALA PRIMARĂ GURA IDRICI","GURA IDRICI",VS,362,2,1,0,3,5,2,0,7,10,5,0,15,11,6,0,17,37,8,0,45,55,12,0,67
165844,432,"GRĂDINIȚA CU PROGRAM NORMAL GARA ROŞIEŞTI","GARA ROŞIEŞTI",VS,317,4,0,0,4,12,1,0,13,15,1,0,16,19,1,0,20,55,12,0,67,66,14,0,80
165871,433,"ŞCOALA PRIMARĂ REDIU",REDIU,VS,142,0,0,0,0,3,4,0,7,5,6,0,11,8,8,0,16,22,8,0,30,31,11,0,42
165906,435,"BIBLIOTECA ”ELENA CUZA” DIN LOCALITATEA SOLEȘTI",SOLEŞTI,VS,928,10,0,0,10,17,13,0,30,30,13,0,43,51,14,0,65,153,22,0,175,202,25,0,227
165915,436,"FOSTA ŞCOALACU CLASELE I-IV BOUȘORI",BOUŞORI,VS,212,0,1,0,1,4,2,0,6,11,3,0,14,14,3,0,17,35,11,0,46,65,19,0,84
165924,437,"GRĂDINIȚA CU PROGRAM NORMAL IAZ",IAZ,VS,284,2,2,0,4,6,2,0,8,13,2,0,15,19,2,0,21,85,2,0,87,117,3,0,120
165933,438,"GRĂDINIȚA CU PROGRAM NORMAL SATUNOU","SATU NOU",VS,308,5,2,0,7,11,2,0,13,19,2,0,21,36,3,0,39,83,6,0,89,122,11,0,133
165942,439,"ŞCOALA GIMNAZIALĂ ȘERBOTEȘTI",ŞERBOTEŞTI,VS,615,4,0,0,4,13,0,0,13,16,0,0,16,28,0,0,28,101,13,0,114,133,16,0,149
165951,440,"GRĂDINIȚA CU PROGRAM NORMAL ȘTIOBORĂNI",ŞTIOBORĂNI,VS,292,1,0,0,1,8,3,0,11,15,3,0,18,18,4,0,22,42,13,0,55,49,13,0,62
165960,441,"FOSTA ŞCOALA CU CLASELE I-IVVALEA SILIȘTEI","VALEA SILIŞTEI",VS,238,5,1,0,6,11,5,0,16,17,6,0,23,22,7,0,29,57,15,0,72,73,18,0,91
165988,442,"ŞCOALA GIMNAZIALĂ NR. 1, CORP B",STĂNILEŞTI,VS,1417,10,0,0,10,24,1,0,25,28,2,0,30,52,5,0,57,162,18,0,180,195,21,0,216
165988,443,"ŞCOALA GIMNAZIALĂ NR. 1, CORP B",STĂNILEŞTI,VS,875,7,0,0,7,12,0,0,12,19,0,0,19,33,0,0,33,102,0,0,102,136,11,0,147
165997,444,"ŞCOALA PRIMARĂ, BOGDANA - VOLOSENI",BOGDANA-VOLOSENI,VS,126,3,3,0,6,5,5,0,10,5,6,0,11,5,6,0,11,14,10,0,24,20,10,0,30
166002,445,"ŞCOALA PRIMARĂ, BUDU - CANTEMIR","BUDU CANTEMIR",VS,225,0,0,0,0,2,0,0,2,6,0,0,6,13,0,0,13,36,0,0,36,48,0,0,48
166011,446,"ŞCOALA PRIMARĂ, CHERSĂCOSU",CHERSĂCOSU,VS,415,1,3,0,4,4,3,0,7,9,4,0,13,11,4,0,15,44,6,0,50,63,7,0,70
166020,447,"GRĂDINIŢA CU PROGRAM NORMAL, GURA VĂII","GURA VĂII",VS,377,2,0,0,2,16,4,0,20,22,4,0,26,26,4,0,30,52,6,0,58,62,7,0,69
166039,448,"ŞCOALA GIMNAZIALĂ, POGĂNEŞTI",POGĂNEŞTI,VS,886,3,4,0,7,23,10,0,33,49,13,0,62,70,14,0,84,168,20,0,188,264,32,0,296
166066,449,"CĂMINUL CULTURAL, ŞTEFAN CEL MARE","ŞTEFAN CEL MARE",VS,602,1,3,0,4,10,3,0,13,28,4,0,32,31,9,0,40,140,34,0,174,204,43,0,247
166075,450,"CĂMINUL CULTURAL BÎRZEŞTI",BÎRZEŞTI,VS,1003,8,0,0,8,25,0,0,25,32,1,0,33,42,4,0,46,191,11,0,202,253,16,0,269
166119,451,"ŞCOALA PRIMARA ""CONSTANTIN MANOILESCU"" MARASENI",MĂRĂŞENI,VS,731,3,5,0,8,12,5,0,17,15,6,0,21,21,7,0,28,141,26,0,167,223,41,0,264
166084,452,"ŞCOALA PRIMARA, BRĂHĂŞOAIA",BRĂHĂŞOAIA,VS,429,7,3,0,10,16,3,0,19,19,3,0,22,28,7,0,35,89,27,0,116,153,37,0,190
166146,453,"CĂMINUL CULTURAL ""VIRGIL CARAIVAN"" ŞULETEA",ŞULETEA,VS,930,8,0,0,8,18,0,0,18,29,0,0,29,44,0,0,44,127,6,0,133,185,15,0,200
166155,454,"ŞCOALA PRIMARĂ ""NATALIA ŞI DUMITRU CIOBANU""",FEDEŞTI,VS,484,3,0,0,3,6,0,0,6,13,0,0,13,23,6,0,29,72,12,0,84,108,21,0,129
166164,455,"ŞCOALA PRIMARĂ ""DUMITRU BAHRIM""",JIGĂLIA,VS,187,3,1,0,4,10,1,0,11,13,1,0,14,16,1,0,17,24,9,0,33,34,12,0,46
166173,456,"ŞCOALA PRIMARĂ RĂŞCANI",RĂŞCANI,VS,201,1,4,0,5,3,5,0,8,3,5,0,8,4,5,0,9,38,10,0,48,74,19,0,93
166191,457,"ŞCOALA GIMNAZIALĂ NR. 1 SAT. TANACU",TANACU,VS,1306,11,1,0,12,39,8,0,47,49,16,0,65,64,16,0,80,231,59,0,290,288,70,0,358
166208,458,"ŞCOALA PRIMARĂ SAT. BENEŞTI",BENEŞTI,VS,283,2,0,0,2,10,4,0,14,14,10,0,24,25,11,0,36,87,22,0,109,102,24,0,126
166244,459,"CĂMINUL CULTURAL TĂCUTA",TĂCUTA,VS,670,7,0,0,7,26,4,0,30,32,4,0,36,40,4,0,44,92,12,0,104,137,17,0,154
166262,460,"ŞCOALA PRIMARĂ DUMASCA",DUMASCA,VS,243,3,5,0,8,3,5,0,8,4,6,0,10,5,6,0,11,22,8,0,30,31,12,0,43
166280,461,"ŞCOALA PRIMARĂ MIRCEŞTI",MIRCEŞTI,VS,211,0,1,0,1,0,2,0,2,2,4,0,6,7,6,0,13,23,8,0,31,38,13,0,51
166271,462,"ŞCOALA GIMNAZIALĂ FOCŞEAŞCA",FOCŞEAŞCA,VS,624,1,0,0,1,4,0,0,4,11,0,0,11,15,5,0,20,54,14,0,68,78,17,0,95
166299,463,"ŞCOALA GIMNAZIALĂ PROTOPOPEŞTI",PROTOPOPEŞTI,VS,685,9,3,0,12,16,3,0,19,17,3,0,20,23,5,0,28,71,9,0,80,97,10,0,107
166360,464,"SCOALA PRIMARA - SAT.LEOSTI",LEOŞTI,VS,261,1,0,0,1,4,2,0,6,16,2,0,18,25,3,0,28,50,12,0,62,57,15,0,72
166324,465,"CĂMINUL CULTURAL TĂTĂRĂNI",TĂTĂRĂNI,VS,614,2,2,0,4,6,4,0,10,14,6,0,20,19,11,0,30,65,18,0,83,89,22,0,111
166333,466,"ŞCOALA GIMNAZIALA ,,ION ANGHELUTA'' - SAT BALTATI",BĂLŢAŢI,VS,469,7,2,0,9,18,4,0,22,22,4,0,26,28,4,0,32,55,13,0,68,63,13,0,76
166388,467,"SCOALA PRIMARA - SAT STROIESTI",STROIEŞTI,VS,287,4,0,0,4,10,5,0,15,12,7,0,19,19,9,0,28,26,13,0,39,31,19,0,50
166486,468,"ŞCOALA PRIMARA SATSILIŞTEA",SILIŞTEA,VS,291,5,0,0,5,6,0,0,6,11,7,0,18,14,7,0,21,50,13,0,63,77,21,0,98
166422,469,"ŞCOALA GIMNAZIALA ”GH.CIOATĂ” TODIREŞTI",TODIREŞTI,VS,764,5,0,0,5,16,4,0,20,17,4,0,21,30,4,0,34,100,12,0,112,118,14,0,132
166431,470,"ANEXA BISERICII SF.,, MIHAIL ȘI GAVRIL""",COTIC,VS,244,6,3,0,9,9,4,0,13,11,4,0,15,22,4,0,26,80,13,0,93,93,19,0,112
166440,471,"ŞCOALA PRIMARA SAT DRĂGEŞTI",DRĂGEŞTI,VS,299,1,0,0,1,10,0,0,10,11,0,0,11,25,0,0,25,96,8,0,104,107,11,0,118
166459,472,"ŞCOALA PRIMARA SATHUC",HUC,VS,472,2,3,0,5,10,4,0,14,14,4,0,18,24,5,0,29,92,10,0,102,150,18,0,168
166468,473,"ŞCOALA PRIMARA SATPLOPOASA",PLOPOASA,VS,190,2,0,0,2,12,0,0,12,14,4,0,18,19,4,0,23,61,11,0,72,76,14,0,90
166495,474,"ŞCOALA PRIMARA SAT SOFRONEŞTI",SOFRONEŞTI,VS,121,1,0,0,1,4,1,0,5,7,1,0,8,9,1,0,10,35,3,0,38,44,4,0,48
166501,475,"ŞCOALA PRIMARA SAT VALEA -POPII","VALEA POPII",VS,94,3,3,0,6,15,4,0,19,16,5,0,21,20,5,0,25,38,8,0,46,41,12,0,53
166510,476,"ŞCOALA PRIMARA SAT VIIŞOARA",VIIŞOARA,VS,95,1,0,0,1,2,0,0,2,2,0,0,2,4,0,0,4,11,2,0,13,21,6,0,27
166538,477,"CĂMINUL CULTURAL TUTOVA",TUTOVA,VS,1104,7,3,0,10,39,8,0,47,54,10,0,64,93,15,0,108,196,34,0,230,254,43,0,297
166547,478,"ŞCOALA GIMNAZIALA BADEANA",BĂDEANA,VS,1144,4,0,0,4,16,2,0,18,29,5,0,34,44,8,0,52,147,16,0,163,181,17,0,198
166583,479,"CĂMINUL CULTURAL CRIVESTI",CRIVEŞTI,VS,369,4,3,0,7,11,7,0,18,16,9,0,25,19,9,0,28,47,16,0,63,59,17,0,76
166565,480,"ŞCOALA CIORTOLOM",CIORTOLOM,VS,143,5,5,0,10,5,5,0,10,7,5,0,12,11,6,0,17,30,8,0,38,47,9,0,56
166574,481,"ŞCOALA COROIU",COROIU,VS,160,4,7,0,11,11,11,0,22,14,12,0,26,17,12,0,29,36,14,0,50,40,14,0,54
166627,482,"ŞCOALA VIZURENI",VIZURENI,VS,141,0,0,0,0,3,4,0,7,4,6,0,10,10,8,0,18,23,11,0,34,28,12,0,40
166645,483,"ŞCOALA GIMNAZIALĂ NR. 1 SAT VĂLENI COM VĂLENI",VĂLENI,VS,1366,11,0,0,11,25,0,0,25,28,0,0,28,34,0,0,34,110,4,0,114,141,6,0,147
166645,484,"ŞCOALA GIMNAZIALĂ NR. 1 SAT VĂLENI COM. VĂLENI",VĂLENI,VS,1370,5,0,0,5,18,0,0,18,18,0,0,18,23,0,0,23,77,2,0,79,123,3,0,126
166663,485,"ŞCOALA PRIMARĂ SAT MOARA DOMNEASCĂ","MOARA DOMNEASCĂ",VS,1313,6,0,0,6,18,0,0,18,23,0,0,23,30,2,0,32,163,10,0,173,219,12,0,231
166681,486,"CĂMIN CULTURAL VETRIȘOAIA",VETRIŞOAIA,VS,1559,4,1,0,5,28,2,0,30,29,2,0,31,44,6,0,50,200,16,0,216,232,15,0,247
166681,487,"LICEUL TEHNOLOGIC ”PETRU RAREȘ” VETRIȘOAIA",VETRIŞOAIA,VS,850,5,0,0,5,10,1,0,11,12,2,0,14,26,4,0,30,97,14,0,111,130,21,0,151
166690,488,"ȘCOALA BUMBĂTA",BUMBĂTA,VS,100,1,0,0,1,15,2,0,17,18,3,0,21,25,5,0,30,42,12,0,54,48,17,0,65
166716,489,"CAMIN CULTURAL, SAT VIIȘOARA",VIIŞOARA,VS,963,10,1,0,11,22,3,0,25,35,10,0,45,56,14,0,70,120,28,33,181,175,38,33,246
166734,490,"ȘCOALA PRIMARĂ HALTA DODEȘTI","HALTA DODEŞTI",VS,166,3,5,0,8,5,6,0,11,9,8,0,17,18,11,0,29,37,21,4,62,43,24,4,71
166752,491,"ȘCOALA PRIMARĂ VĂLENI",VĂLENI,VS,108,3,0,0,3,9,1,0,10,15,5,0,20,22,6,0,28,33,12,0,45,53,22,0,75
166761,492,"ȘCOALA PRIMARĂ VILTOTEȘTI",VILTOTEŞTI,VS,163,4,0,0,4,9,0,0,9,13,4,0,17,16,5,0,21,36,17,16,69,52,17,16,85
166789,493,"ŞCOALA GIMNAZIALA NR.1, VINDEREI",VINDEREI,VS,770,7,0,0,7,29,0,0,29,37,4,0,41,51,7,0,58,163,38,0,201,185,44,0,229
166798,494,"ŞCOALA PRIMARA, BRADESTI",BRĂDEŞTI,VS,454,5,1,0,6,10,4,0,14,15,4,0,19,28,4,0,32,75,13,0,88,101,14,0,115
166805,495,"ŞCOALA GIMNAZIALA, DOCANI",DOCANI,VS,495,0,1,0,1,4,2,0,6,10,3,0,13,20,3,0,23,81,14,0,95,102,21,0,123
166814,496,"ŞCOALA PRIMARA DOCANEASA",DOCĂNEASA,VS,390,6,1,0,7,6,1,0,7,8,1,0,9,9,1,0,10,23,2,0,25,44,9,0,53
166841,497,"ŞCOALA GIMNAZIALA OBIRSENI",OBÎRŞENI,VS,739,5,0,0,5,18,2,0,20,28,5,0,33,39,5,0,44,141,23,0,164,216,35,0,251
166850,498,"ŞCOALA PRIMARA VALEA LUNGĂ","VALEA LUNGĂ",VS,394,8,0,0,8,19,3,0,22,20,5,0,25,33,8,0,41,84,17,0,101,116,22,0,138
166878,499,"ȘCOALA GIMNAZIALĂ NR.1 VOINEȘTI",VOINEŞTI,VS,310,1,0,0,1,2,0,0,2,3,0,0,3,5,0,0,5,26,5,0,31,51,5,0,56
166887,500,"ȘCOALA PRIMARĂ SAT AVRĂMEȘTI",AVRĂMEŞTI,VS,526,0,0,0,0,2,0,0,2,6,0,0,6,11,0,0,11,52,10,0,62,70,15,0,85
166921,501,"ȘCOALA PRIMARĂ MĂRĂȘEȘTI",MĂRĂŞEŞTI,VS,172,2,0,0,2,7,2,0,9,11,4,0,15,12,4,0,16,20,10,0,30,42,14,0,56
166896,502,"ȘCOALA PRIMARĂ BĂNCEȘTI",BĂNCEŞTI,VS,151,0,0,0,0,3,0,0,3,5,0,0,5,8,5,0,13,23,13,0,36,47,16,0,63
166967,503,"ȘCOALA PRIMARĂ STÎNCĂȘENI",STÎNCĂŞENI,VS,161,2,0,0,2,4,2,0,6,5,2,0,7,9,6,0,15,44,12,0,56,66,12,0,78
166912,504,"ȘCOALA GIMNAZIALĂ GÎRDEȘTI",GÎRDEŞTI,VS,483,0,0,0,0,13,0,0,13,42,0,0,42,56,0,0,56,115,1,0,116,148,6,0,154
166930,505,"ȘCOALA PRIMARĂ OBÎRȘENI",OBÎRŞENI,VS,283,2,0,0,2,5,0,0,5,6,0,0,6,9,0,0,9,30,1,0,31,49,5,0,54
166949,506,"ȘCOALA GIMNAZIALĂ OBÎRȘENII LINGURARI","OBÎRŞENII LINGURARI",VS,656,2,0,0,2,2,0,0,2,2,0,0,2,5,1,0,6,71,4,0,75,111,6,0,117
166994,507,"SCOALA GIMNAZIALA ""NICOLAIE CIUBOTARU"" VULTUREŞTI",VULTUREŞTI,VS,833,10,2,0,12,22,2,0,24,31,5,0,36,46,5,0,51,142,24,0,166,186,31,0,217
167008,508,"CĂMINUL CULTURAL BUHĂIEŞTI",BUHĂIEŞTI,VS,638,7,2,0,9,17,6,0,23,26,6,0,32,36,7,0,43,87,18,0,105,122,24,0,146
167026,509,"GRADINITA CU PROGRAM NORMAL VOINEŞTI",VOINEŞTI,VS,291,5,3,0,8,9,3,0,12,13,4,0,17,17,6,0,23,44,14,0,58,81,16,0,97
167044,510,"ŞCOALA GIMNAZIALĂ NR.1, VUTCANI",VUTCANI,VS,1124,3,0,0,3,19,3,0,22,34,7,0,41,114,26,0,140,213,41,0,254,257,42,24,323
167053,511,"ŞCOALA PRIMARĂ MĂLĂIEŞTI",MĂLĂIEŞTI,VS,255,6,3,0,9,14,4,0,18,16,4,0,20,24,6,0,30,43,9,0,52,66,10,36,112
167062,512,"ŞCOALA PRIMARĂ POŞTA-ELAN","POŞTA ELAN",VS,128,0,0,0,0,8,0,0,8,11,0,0,11,14,6,0,20,46,12,4,62,53,12,4,69
167080,513,"CĂMINUL CULTURAL ZĂPODENI",ZĂPODENI,VS,1190,11,0,0,11,30,6,0,36,40,7,0,47,65,11,0,76,275,46,10,331,357,56,13,426
167106,514,"ȘCOALA PRIMARĂ,SAT CIOFENI",CIOFENI,VS,114,3,0,0,3,14,4,0,18,17,4,0,21,18,4,0,22,30,7,0,37,38,8,3,49
167142,515,"ȘCOALA PRIMARĂ, SAT PORTARI",PORTARI,VS,503,8,2,0,10,16,2,0,18,20,2,0,22,26,3,0,29,89,14,0,103,123,18,0,141
167115,516,"ȘCOALA PRIMARĂ, SAT DELEA",DELEA,VS,167,3,1,0,4,7,2,0,9,9,3,0,12,9,4,0,13,20,7,0,27,27,7,0,34
167151,517,"ȘCOALA PRIMARĂ, SAT TELEJNA",TELEJNA,VS,304,7,1,0,8,8,2,0,10,13,2,0,15,21,4,0,25,43,10,0,53,68,12,0,80
167099,518,"ȘCOALA GIMNAZIALĂ, SAT BUTUCĂRIA",BUTUCĂRIA,VS,122,3,4,0,7,5,5,0,10,8,6,0,14,16,6,0,22,30,11,0,41,35,12,0,47
167124,519,"ȘCOALA PRIMARĂ, SAT DOBROSLOVEȘTI",DOBROSLOVEŞTI,VS,305,5,6,0,11,17,6,0,23,27,8,0,35,36,8,0,44,78,11,0,89,97,13,0,110
167160,520,"ȘCOALA PRIMARĂ, SAT UNCEȘTI",UNCEŞTI,VS,289,6,3,0,9,10,3,0,13,13,4,0,17,24,5,0,29,85,8,0,93,141,13,0,154
167188,521,"ŞCOALAGIMNAZIALĂ NR. 1 ZORLENI",ZORLENI,VS,1386,10,2,0,12,15,6,0,21,26,9,0,35,44,11,0,55,103,18,0,121,160,22,0,182
167188,522,"ŞCOALA GIMNAZIALĂ NR.1 ZORLENI",ZORLENI,VS,1359,10,0,0,10,41,2,0,43,44,2,0,46,54,2,0,56,111,10,0,121,154,16,0,170
167188,523,"ŞCOALA GIMNAZIALĂNR. 2 ZORLENI",ZORLENI,VS,1470,5,0,0,5,12,3,0,15,17,4,0,21,35,4,0,39,114,9,0,123,184,15,0,199
167197,524,"IMOBIL PROPRIETATE MUNTIANU VASILE-VIRGILIU","DEALU MARE",VS,207,1,0,0,1,6,5,0,11,8,6,0,14,14,7,0,21,26,9,0,35,37,10,0,47
167213,525,"ŞCOALAPRIMARĂ SATSIMILA",SIMILA,VS,1051,4,1,0,5,18,6,0,24,40,9,0,49,55,12,0,67,113,18,0,131,162,44,0,206
167204,526,"ŞCOALA GIMNAZIALĂ NR. 3 POPENI",POPENI,VS,1152,9,2,0,11,30,8,0,38,39,11,0,50,65,12,0,77,168,14,0,182,221,16,0,237
167204,527,"ŞCOALA GIMNAZIALĂ NR. 3 POPENI",POPENI,VS,1044,10,3,0,13,19,9,0,28,27,15,0,42,41,15,0,56,123,23,0,146,163,34,0,197
